1700919875.210496 66 1
1700919875.211071 66 1
1700919875.211521 66 1
1700919875.212579 66 1
1700919875.212596 66 -1
1700919875.212697 54 1
1700919875.213109 66 -1
1700919875.213177 54 1
1700919875.213299 66 1
1700919875.213916 66 1
1700919875.214000 66 -1
1700919875.216846 54 1
1700919875.216934 66 -1
1700919875.217037 54 1
1700919875.223200 66 -1
1700919875.223485 54 1
1700919875.225783 66 -1
1700919875.225919 54 1
1700919875.237692 572 1
1700919875.238181 572 1
1700919875.238953 663 1
1700919875.239048 60 -1
1700919875.239182 60 -1
1700919875.239464 631 1
1700919875.240136 60 -1
1700919875.240758 60 -1
1700919875.241220 572 1
1700919875.242003 572 1
1700919875.243327 60 -1
1700919875.243476 60 -1
1700919875.247018 1514 -1
1700919875.247018 1318 -1
1700919875.247090 54 1
1700919875.247836 2778 -1
1700919875.247891 54 1
1700919875.248283 2778 -1
1700919875.248434 54 1
1700919875.249164 2778 -1
1700919875.249220 54 1
1700919875.250805 2778 -1
1700919875.250844 54 1
1700919875.251643 2778 -1
1700919875.251676 54 1
1700919875.258040 134 1
1700919875.258873 134 1
1700919875.259548 134 1
1700919875.259812 60 -1
1700919875.259812 341 -1
1700919875.259812 341 -1
1700919875.259863 54 1
1700919875.260523 134 1
1700919875.261326 134 1
1700919875.262435 60 -1
1700919875.262927 341 -1
1700919875.262927 341 -1
1700919875.262961 54 1
1700919875.264509 134 1
1700919875.264678 60 -1
1700919875.264678 341 -1
1700919875.265150 341 -1
1700919875.265227 54 1
1700919875.266510 60 -1
1700919875.266510 341 -1
1700919875.266510 341 -1
1700919875.266700 54 1
1700919875.283065 60 -1
1700919875.283065 341 -1
1700919875.283065 341 -1
1700919875.283065 60 -1
1700919875.283178 54 1
1700919875.287957 54 1
1700919875.288922 54 1
1700919875.289950 54 1
1700919875.290255 54 1
1700919875.292476 54 1
1700919875.292543 54 1
1700919875.294991 146 1
1700919875.295233 341 -1
1700919875.295233 341 -1
1700919875.295290 54 1
1700919875.296725 586 1
1700919875.296822 234 1
1700919875.296885 232 1
1700919875.296944 231 1
1700919875.297011 230 1
1700919875.297110 230 1
1700919875.299421 93 -1
1700919875.299421 60 -1
1700919875.299480 54 1
1700919875.299480 93 -1
1700919875.299480 78 -1
1700919875.299480 60 -1
1700919875.299531 54 1
1700919875.299891 60 -1
1700919875.299891 115 -1
1700919875.299891 85 -1
1700919875.299963 54 1
1700919875.300709 60 -1
1700919875.300709 60 -1
1700919875.300709 60 -1
1700919875.300709 60 -1
1700919875.300709 60 -1
1700919875.300709 60 -1
1700919875.301281 85 1
1700919875.301827 60 -1
1700919875.301872 93 -1
1700919875.301872 78 -1
1700919875.301872 60 -1
1700919875.301937 54 1
1700919875.302046 1048 -1
1700919875.302046 734 -1
1700919875.302079 54 1
1700919875.302111 2747 -1
1700919875.302111 978 -1
1700919875.302145 54 1
1700919875.302530 1757 -1
1700919875.302554 54 1
1700919875.304948 7354 -1
1700919875.304948 5981 -1
1700919875.304948 703 -1
1700919875.304948 5252 -1
1700919875.304948 7354 -1
1700919875.305086 66 1
1700919875.305151 54 1
1700919875.305195 54 1
1700919875.305273 1514 -1
1700919875.305302 54 1
1700919875.305463 6290 -1
1700919875.305518 54 1
1700919875.310554 5981 -1
1700919875.310644 66 1
1700919875.321722 341 -1
1700919875.529072 209 1
1700919875.536560 910 -1
1700919875.536560 2403 -1
1700919875.536668 54 1
1700919875.553778 628 -1
1700919875.554692 229 1
1700919875.559595 975 -1
1700919875.559595 812 -1
1700919875.559595 5881 -1
1700919875.559737 54 1
1700919876.009745 628 -1
1700919876.945702 628 -1
1700919878.802801 628 -1
1700919880.877732 231 1
1700919880.880043 231 1
1700919880.882344 238 1
1700919880.885222 231 1
1700919880.889403 979 -1
1700919880.889403 810 -1
1700919880.889403 1587 -1
1700919880.889486 54 1
1700919880.896579 60 -1
1700919880.896579 978 -1
1700919880.896579 813 -1
1700919880.896579 981 -1
1700919880.896579 1732 -1
1700919880.896579 5894 -1
1700919880.896579 3126 -1
1700919880.896579 807 -1
1700919880.896579 14654 -1
1700919880.896579 1514 -1
1700919880.896579 2974 -1
1700919880.896756 54 1
1700919880.899575 230 1
1700919880.899648 231 1
1700919880.900822 89 1
1700919880.901328 4434 -1
1700919880.901328 5420 -1
1700919880.901407 54 1
1700919880.912670 60 -1
1700919880.912670 986 -1
1700919880.912670 798 -1
1700919880.912670 14369 -1
1700919880.912670 1082 -1
1700919880.912670 2974 -1
1700919880.912670 7354 -1
1700919880.912670 2364 -1
1700919880.912848 54 1
1700919881.892346 54 1
1700919881.912693 78 -1
1700919881.912693 60 -1
1700919881.912912 54 1
1700919882.449880 628 -1
1700919882.554470 66 1
1700919882.555533 66 -1
1700919882.555585 54 1
1700919882.587460 966 1
1700919882.597509 60 -1
1700919882.597909 318 -1
1700919882.599663 134 1
1700919882.600485 146 1
1700919882.601487 587 1
1700919882.601573 231 1
1700919882.601655 231 1
1700919882.601740 231 1
1700919882.601819 230 1
1700919882.606684 60 -1
1700919882.606684 60 -1
1700919882.606684 60 -1
1700919882.606684 60 -1
1700919882.606684 60 -1
1700919882.606684 341 -1
1700919882.606684 60 -1
1700919882.606684 60 -1
1700919882.608559 115 -1
1700919882.608559 85 -1
1700919882.608642 54 1
1700919882.613499 85 1
1700919882.618494 1049 -1
1700919882.618494 732 -1
1700919882.618494 978 -1
1700919882.618494 810 -1
1700919882.618572 54 1
1700919882.619734 4434 -1
1700919882.619783 54 1
1700919882.620006 4434 -1
1700919882.620053 54 1
1700919882.620910 1864 -1
1700919882.620955 54 1
1700919882.625889 1049 -1
1700919882.625889 732 -1
1700919882.625961 54 1
1700919882.627538 4451 -1
1700919882.627584 54 1
1700919882.627750 1055 -1
1700919882.627886 156 -1
1700919882.627886 854 -1
1700919882.627923 66 1
1700919882.627975 66 1
1700919882.628529 4434 -1
1700919882.628557 66 1
1700919882.628678 1514 -1
1700919882.628710 66 1
1700919882.628790 1514 -1
1700919882.628821 74 1
1700919882.628918 5307 -1
1700919882.628944 74 1
1700919882.636119 1514 -1
1700919882.636119 1514 -1
1700919882.636229 66 1
1700919882.636321 54 1
1700919883.042649 85 1
1700919883.043618 60 -1
1700919885.281252 117 -1
1700919888.005842 229 1
1700919888.006839 60 -1
1700919888.020742 1058 -1
1700919888.020742 721 -1
1700919888.020843 54 1
1700919888.020907 10631 -1
1700919888.020965 54 1
1700919888.022880 232 1
1700919888.022977 232 1
1700919888.023364 231 1
1700919888.024811 60 -1
1700919888.024811 60 -1
1700919888.024811 60 -1
1700919888.028038 89 1
1700919888.029284 60 -1
1700919888.029679 653 -1
1700919888.029720 66 1
1700919888.029767 1105 -1
1700919888.029815 54 1
1700919888.029859 5894 -1
1700919888.029883 54 1
1700919888.031024 981 -1
1700919888.031024 807 -1
1700919888.031067 66 1
1700919888.031112 66 1
1700919888.031465 7354 -1
1700919888.031520 66 1
1700919888.031779 6554 -1
1700919888.031831 66 1
1700919888.032273 1050 -1
1700919888.032312 66 1
1700919888.032675 731 -1
1700919888.032675 5662 -1
1700919888.032710 66 1
1700919888.032753 66 1
1700919888.032946 229 -1
1700919888.032999 54 1
1700919888.039754 231 1
1700919888.044807 1033 -1
1700919888.044807 737 -1
1700919888.044850 54 1
1700919888.045335 7354 -1
1700919888.045376 54 1
1700919888.045810 236 -1
1700919888.045843 54 1
1700919890.197829 691 -1
1700919890.545678 231 1
1700919890.545791 236 1
1700919890.545871 234 1
1700919890.545927 229 1
1700919890.545986 231 1
1700919890.557891 980 -1
1700919890.557891 814 -1
1700919890.557990 54 1
1700919890.560771 3778 -1
1700919890.560771 984 -1
1700919890.560771 1806 -1
1700919890.560771 730 -1
1700919890.560771 2974 -1
1700919890.560771 2294 -1
1700919890.560925 54 1
1700919890.562044 5359 -1
1700919890.562044 981 -1
1700919890.562044 811 -1
1700919890.562044 3129 -1
1700919890.562110 54 1
1700919890.570943 1050 -1
1700919890.570943 731 -1
1700919890.570943 8359 -1
1700919890.571089 54 1
1700919891.903231 54 1
1700919891.905835 78 -1
1700919891.905835 60 -1
1700919891.905878 54 1
1700919892.108248 66 1
1700919892.109580 66 -1
1700919892.109760 54 1
1700919892.110210 966 1
1700919892.111361 60 -1
1700919892.112232 318 -1
1700919892.113098 134 1
1700919892.113435 146 1
1700919892.114497 60 -1
1700919892.114812 585 1
1700919892.114898 231 1
1700919892.114999 230 1
1700919892.115028 341 -1
1700919892.115028 60 -1
1700919892.115028 115 -1
1700919892.115068 54 1
1700919892.115095 230 1
1700919892.115168 85 -1
1700919892.115714 85 1
1700919892.116072 60 -1
1700919892.116072 60 -1
1700919892.116072 60 -1
1700919892.116718 60 -1
1700919892.119844 979 -1
1700919892.119844 812 -1
1700919892.119844 1029 -1
1700919892.119906 54 1
1700919892.120273 4626 -1
1700919892.120273 763 -1
1700919892.120273 976 -1
1700919892.120303 54 1
1700919892.120478 814 -1
1700919892.120478 1991 -1
1700919892.120498 54 1
1700919892.120603 7135 -1
1700919892.120641 54 1
1700919892.123154 976 -1
1700919892.123154 813 -1
1700919892.123204 54 1
1700919892.123279 3995 -1
1700919892.123307 54 1
1700919893.708892 231 1
1700919893.710069 60 -1
1700919893.711372 229 1
1700919893.711498 229 1
1700919893.713061 60 -1
1700919893.713061 60 -1
1700919893.717304 979 -1
1700919893.717304 814 -1
1700919893.717304 1055 -1
1700919893.717559 54 1
1700919893.717638 723 -1
1700919893.717662 54 1
1700919893.717890 1514 -1
1700919893.717890 1514 -1
1700919893.717922 54 1
1700919893.718492 1940 -1
1700919893.718492 4732 -1
1700919893.718547 54 1
1700919893.718674 1053 -1
1700919893.718674 731 -1
1700919893.718722 54 1
1700919893.718855 5538 -1
1700919893.718897 54 1
1700919895.740937 229 1
1700919895.746225 1109 -1
1700919895.746225 655 -1
1700919895.746225 4336 -1
1700919895.746298 54 1
1700919895.751973 231 1
1700919895.753763 230 1
1700919895.754842 60 -1
1700919895.756741 1054 -1
1700919895.756741 730 -1
1700919895.756782 54 1
1700919895.756825 6388 -1
1700919895.756853 54 1
1700919895.759619 1050 -1
1700919895.759619 730 -1
1700919895.759662 54 1
1700919895.759870 7062 -1
1700919895.759907 54 1
1700919898.890225 234 1
1700919898.896119 1074 -1
1700919898.896119 736 -1
1700919898.896119 1514 -1
1700919898.896119 824 -1
1700919898.896261 66 1
1700919898.899716 230 1
1700919898.899816 231 1
1700919898.899901 231 1
1700919898.902102 1514 -1
1700919898.902186 54 1
1700919898.902322 230 1
1700919898.902394 232 1
1700919898.902454 230 1
1700919898.902542 230 1
1700919898.903211 60 -1
1700919898.903934 89 1
1700919898.904890 60 -1
1700919898.910769 978 -1
1700919898.910769 808 -1
1700919898.910769 1080 -1
1700919898.910769 1772 -1
1700919898.910973 54 1
1700919898.913783 618 -1
1700919898.913783 7354 -1
1700919898.913783 388 -1
1700919898.913783 5894 -1
1700919898.913783 1936 -1
1700919898.913783 1739 -1
1700919898.913783 1514 -1
1700919898.913783 3175 -1
1700919898.913783 7354 -1
1700919898.913783 5728 -1
1700919898.913783 2974 -1
1700919898.913783 2312 -1
1700919898.913783 5170 -1
1700919898.913783 1049 -1
1700919898.913783 733 -1
1700919898.913783 6469 -1
1700919898.914305 54 1
1700919900.513992 229 1
1700919900.514111 231 1
1700919900.514202 222 1
1700919900.514543 231 1
1700919900.515210 238 1
1700919900.517483 222 1
1700919900.518239 223 1
1700919900.523112 60 -1
1700919900.523112 979 -1
1700919900.523112 814 -1
1700919900.523112 2974 -1
1700919900.523112 1636 -1
1700919900.523112 981 -1
1700919900.523112 1112 -1
1700919900.523112 4434 -1
1700919900.523112 12080 -1
1700919900.523112 85 -1
1700919900.523112 12008 -1
1700919900.523664 66 1
1700919900.523728 74 1
1700919900.523817 74 1
1700919900.523841 74 1
1700919900.523939 74 1
1700919900.524022 4849 -1
1700919900.524064 74 1
1700919900.524738 60 -1
1700919900.525875 808 -1
1700919900.525875 653 -1
1700919900.525931 66 1
1700919900.526039 54 1
1700919900.529784 1003 -1
1700919900.529784 776 -1
1700919900.529784 1081 -1
1700919900.529784 1057 -1
1700919900.529784 3317 -1
1700919900.529784 722 -1
1700919900.529784 695 -1
1700919900.529784 5673 -1
1700919900.529784 7354 -1
1700919900.529784 600 -1
1700919900.530166 54 1
1700919900.530803 1085 -1
1700919900.530803 7246 -1
1700919900.530867 66 1
1700919900.537118 684 -1
1700919900.537258 54 1
1700919901.920455 54 1
1700919901.924579 78 -1
1700919901.924579 60 -1
1700919901.924708 54 1
1700919902.565061 66 1
1700919902.580089 66 -1
1700919902.580253 54 1
1700919902.581091 934 1
1700919902.584324 60 -1
1700919902.584743 318 -1
1700919902.589374 134 1
1700919902.590158 146 1
1700919902.590573 578 1
1700919902.590672 231 1
1700919902.590740 60 -1
1700919902.590837 231 1
1700919902.592028 60 -1
1700919902.592028 60 -1
1700919902.592028 341 -1
1700919902.592028 60 -1
1700919902.592131 60 -1
1700919902.593473 115 -1
1700919902.593473 85 -1
1700919902.593530 54 1
1700919902.594660 85 1
1700919902.596672 1086 -1
1700919902.596672 682 -1
1700919902.596672 5674 -1
1700919902.596766 54 1
1700919902.597661 1057 -1
1700919902.597661 1714 -1
1700919902.597706 54 1
1700919902.599355 5894 -1
1700919902.599355 60 -1
1700919902.599355 5894 -1
1700919902.599355 3630 -1
1700919902.599601 54 1
1700919902.622796 232 1
1700919902.622923 222 1
1700919902.623012 224 1
1700919902.624368 223 1
1700919902.630015 60 -1
1700919902.630015 1053 -1
1700919902.630015 729 -1
1700919902.630015 11132 -1
1700919902.630015 1033 -1
1700919902.630015 738 -1
1700919902.630015 7354 -1
1700919902.630166 54 1
1700919902.630469 1327 -1
1700919902.630469 982 -1
1700919902.630469 814 -1
1700919902.630508 54 1
1700919902.632877 2974 -1
1700919902.632877 1868 -1
1700919902.632969 66 1
1700919902.641846 981 -1
1700919902.641846 810 -1
1700919902.641846 7181 -1
1700919902.641846 2974 -1
1700919902.641997 66 1
1700919902.642058 66 1
1700919902.642088 66 1
1700919902.642138 54 1
1700919905.838074 225 1
1700919905.839472 222 1
1700919905.839580 223 1
1700919905.840844 231 1
1700919905.841642 228 1
1700919905.842038 60 -1
1700919905.842579 221 1
1700919905.843731 60 -1
1700919905.843905 221 1
1700919905.845976 1072 -1
1700919905.845976 735 -1
1700919905.845976 1081 -1
1700919905.845976 693 -1
1700919905.846058 54 1
1700919905.847595 2064 -1
1700919905.847637 54 1
1700919905.847704 6562 -1
1700919905.847821 54 1
1700919905.848179 1726 -1
1700919905.848229 54 1
1700919905.848792 7354 -1
1700919905.848846 54 1
1700919905.849471 2211 -1
1700919905.849496 54 1
1700919905.849725 1050 -1
1700919905.849725 730 -1
1700919905.849791 54 1
1700919905.850139 4434 -1
1700919905.850182 54 1
1700919905.850760 1085 -1
1700919905.850760 687 -1
1700919905.850799 66 1
1700919905.850828 66 1
1700919905.850920 7354 -1
1700919905.851174 66 1
1700919905.851337 2839 -1
1700919905.851364 66 1
1700919905.851899 947 -1
1700919905.851899 855 -1
1700919905.851899 7132 -1
1700919905.851979 66 1
1700919905.852039 66 1
1700919905.852103 66 1
1700919905.852377 2955 -1
1700919905.852653 54 1
1700919905.861409 983 -1
1700919905.861409 808 -1
1700919905.861892 54 1
1700919905.861968 7354 -1
1700919905.862019 54 1
1700919905.862065 7354 -1
1700919905.862118 54 1
1700919905.871724 1860 -1
1700919905.871724 1143 -1
1700919905.871724 1143 -1
1700919905.871828 66 1
1700919907.912761 223 1
1700919907.919097 1053 -1
1700919907.919205 732 -1
1700919907.919205 4434 -1
1700919907.919278 223 1
1700919907.919431 2948 -1
1700919907.919474 54 1
1700919907.921712 222 1
1700919907.924358 222 1
1700919907.926371 224 1
1700919907.929116 89 1
1700919907.929228 224 1
1700919907.934299 60 -1
1700919907.934299 983 -1
1700919907.934299 806 -1
1700919907.934299 5165 -1
1700919907.934299 1025 -1
1700919907.934299 773 -1
1700919907.934299 4434 -1
1700919907.934299 3766 -1
1700919907.936571 54 1
1700919907.937633 60 -1
1700919907.937633 846 -1
1700919907.937744 66 1
1700919907.939164 1050 -1
1700919907.939164 735 -1
1700919907.939164 1680 -1
1700919907.939211 54 1
1700919907.940243 1051 -1
1700919907.940243 732 -1
1700919907.940243 3405 -1
1700919907.940308 54 1
1700919907.962728 1086 -1
1700919907.962728 686 -1
1700919907.962728 7354 -1
1700919907.962728 5349 -1
1700919907.964017 54 1
1700919907.972606 969 -1
1700919907.972690 66 1
1700919911.931384 54 1
1700919911.933181 78 -1
1700919911.933181 60 -1
1700919911.933314 54 1
1700919911.943833 60 -1
1700919912.030425 66 1
1700919912.031764 66 -1
1700919912.031848 54 1
1700919912.033370 902 1
1700919912.036429 60 -1
1700919912.036429 318 -1
1700919912.037515 134 1
1700919912.038396 146 1
1700919912.038571 60 -1
1700919912.039133 577 1
1700919912.039238 223 1
1700919912.039317 223 1
1700919912.039429 223 1
1700919912.039567 223 1
1700919912.039676 215 1
1700919912.040683 341 -1
1700919912.040683 60 -1
1700919912.040683 115 -1
1700919912.040683 85 -1
1700919912.040739 54 1
1700919912.040987 85 1
1700919912.041518 60 -1
1700919912.041518 60 -1
1700919912.041518 60 -1
1700919912.041518 60 -1
1700919912.041838 60 -1
1700919912.041838 60 -1
1700919912.042630 60 -1
1700919912.050918 1021 -1
1700919912.050918 772 -1
1700919912.050918 1002 -1
1700919912.050918 780 -1
1700919912.050918 6990 -1
1700919912.050918 1054 -1
1700919912.050918 1514 -1
1700919912.050918 4434 -1
1700919912.050918 1070 -1
1700919912.050918 2387 -1
1700919912.050918 7354 -1
1700919912.050918 4828 -1
1700919912.050918 1718 -1
1700919912.050918 7354 -1
1700919912.050918 1502 -1
1700919912.050918 4434 -1
1700919912.050918 2367 -1
1700919912.050918 1514 -1
1700919912.050918 5894 -1
1700919912.051193 66 1
1700919912.051261 74 1
1700919912.051300 74 1
1700919912.051352 74 1
1700919912.051396 74 1
1700919912.051430 74 1
1700919912.051450 74 1
1700919912.051486 74 1
1700919912.051547 74 1
1700919912.051575 74 1
1700919912.051599 74 1
1700919912.051629 74 1
1700919912.052653 1514 -1
1700919912.052653 2974 -1
1700919912.053144 66 1
1700919912.053185 66 1
1700919912.053235 5894 -1
1700919912.053277 74 1
1700919912.053310 7354 -1
1700919912.053368 74 1
1700919912.053719 1514 -1
1700919912.053830 66 1
1700919912.054027 2974 -1
1700919912.054058 66 1
1700919912.054104 7354 -1
1700919912.054137 66 1
1700919912.054912 5894 -1
1700919912.054968 66 1
1700919912.055407 2974 -1
1700919912.055440 66 1
1700919912.055509 7354 -1
1700919912.055548 66 1
1700919912.056013 1514 -1
1700919912.056044 66 1
1700919912.056158 2974 -1
1700919912.056187 66 1
1700919912.056358 1514 -1
1700919912.056393 66 1
1700919912.056497 2974 -1
1700919912.056530 66 1
1700919912.056721 1514 -1
1700919912.056754 66 1
1700919912.056914 1514 -1
1700919912.056944 66 1
1700919912.057182 4434 -1
1700919912.057222 66 1
1700919912.057395 1514 -1
1700919912.057425 74 1
1700919912.057499 5894 -1
1700919912.057564 74 1
1700919912.057933 2974 -1
1700919912.058056 66 1
1700919912.058180 8814 -1
1700919912.058237 66 1
1700919912.058907 7354 -1
1700919912.058948 66 1
1700919912.059740 7354 -1
1700919912.059783 66 1
1700919912.060094 2974 -1
1700919912.060117 66 1
1700919912.060712 5894 -1
1700919912.060765 66 1
1700919912.061079 1514 -1
1700919912.061079 2974 -1
1700919912.061114 66 1
1700919912.061159 66 1
1700919912.061249 1514 -1
1700919912.061279 74 1
1700919912.061444 7354 -1
1700919912.062672 74 1
1700919912.062761 7354 -1
1700919912.062761 4434 -1
1700919912.062882 74 1
1700919912.062949 74 1
1700919912.063103 1514 -1
1700919912.063103 4434 -1
1700919912.063181 74 1
1700919912.063245 74 1
1700919912.063431 4434 -1
1700919912.063489 74 1
1700919912.063868 1514 -1
1700919912.063898 82 1
1700919912.063966 5894 -1
1700919912.064019 90 1
1700919912.064671 2974 -1
1700919912.064671 2974 -1
1700919912.064711 90 1
1700919912.064754 90 1
1700919912.064942 2974 -1
1700919912.064978 90 1
1700919912.065148 2974 -1
1700919912.065184 90 1
1700919912.065696 5894 -1
1700919912.065767 90 1
1700919912.065896 2974 -1
1700919912.065954 90 1
1700919912.066250 2974 -1
1700919912.066300 90 1
1700919912.066410 7354 -1
1700919912.066467 90 1
1700919912.067020 1514 -1
1700919912.067055 90 1
1700919912.067193 1514 -1
1700919912.067193 1514 -1
1700919912.067316 82 1
1700919912.067368 82 1
1700919912.067489 1514 -1
1700919912.067516 82 1
1700919912.067864 1514 -1
1700919912.067864 4434 -1
1700919912.067929 82 1
1700919912.067975 82 1
1700919912.068242 2974 -1
1700919912.068242 1514 -1
1700919912.068288 82 1
1700919912.068360 82 1
1700919912.068423 5894 -1
1700919912.068495 82 1
1700919912.070382 6448 -1
1700919912.070382 1514 -1
1700919912.070382 1514 -1
1700919912.070382 1514 -1
1700919912.070469 82 1
1700919912.070752 74 1
1700919912.070787 66 1
1700919912.070919 54 1
1700919912.153942 78 -1
1700919912.572634 78 -1
1700919913.426396 78 -1
1700919913.671801 223 1
1700919913.674373 234 1
1700919913.675293 60 -1
1700919913.675695 60 -1
1700919913.678835 231 1
1700919913.678943 1084 -1
1700919913.678943 689 -1
1700919913.678943 2974 -1
1700919913.679019 54 1
1700919913.679182 232 1
1700919913.679280 223 1
1700919913.679370 222 1
1700919913.679429 228 1
1700919913.680172 1053 -1
1700919913.680172 729 -1
1700919913.680172 6365 -1
1700919913.680239 66 1
1700919913.680277 66 1
1700919913.680315 66 1
1700919913.680744 66 -1
1700919913.681248 66 -1
1700919913.681248 66 -1
1700919913.681248 66 -1
1700919913.681287 920 1
1700919913.684460 262 -1
1700919913.684575 54 1
1700919913.686947 66 -1
1700919913.689997 1053 -1
1700919913.689997 733 -1
1700919913.689997 2138 -1
1700919913.689997 1086 -1
1700919913.689997 688 -1
1700919913.689997 1054 -1
1700919913.689997 5598 -1
1700919913.689997 1053 -1
1700919913.689997 2974 -1
1700919913.689997 5751 -1
1700919913.690197 54 1
1700919913.696227 730 -1
1700919913.696227 7240 -1
1700919913.696227 980 -1
1700919913.696227 810 -1
1700919913.696227 4243 -1
1700919913.696365 54 1
1700919913.716233 1323 -1
1700919913.716313 66 1
1700919915.091283 78 -1
1700919915.938668 231 1
1700919915.945867 230 1
1700919915.946776 1054 -1
1700919915.946776 724 -1
1700919915.946843 54 1
1700919915.946895 1514 -1
1700919915.946895 5995 -1
1700919915.946945 54 1
1700919915.947917 222 1
1700919915.948992 60 -1
1700919915.951936 1082 -1
1700919915.951936 691 -1
1700919915.951936 5070 -1
1700919915.951992 54 1
1700919915.952147 1085 -1
1700919915.952204 682 -1
1700919915.952223 54 1
1700919915.952656 4992 -1
1700919915.952697 54 1
1700919915.954726 229 1
1700919915.955104 232 1
1700919915.955471 221 1
1700919915.957111 60 -1
1700919915.963938 983 -1
1700919915.963938 810 -1
1700919915.963938 1054 -1
1700919915.963938 726 -1
1700919915.963938 1055 -1
1700919915.963938 724 -1
1700919915.964049 54 1
1700919915.964113 4101 -1
1700919915.964139 54 1
1700919915.964268 2974 -1
1700919915.964293 54 1
1700919915.965428 11008 -1
1700919915.965498 54 1
1700919915.966207 6624 -1
1700919915.966251 54 1
1700919918.418065 78 -1
1700919920.233369 232 1
1700919920.233480 223 1
1700919920.234908 60 -1
1700919920.235081 223 1
1700919920.235200 223 1
1700919920.235316 229 1
1700919920.235433 221 1
1700919920.240724 60 -1
1700919920.240724 721 -1
1700919920.240724 2974 -1
1700919920.240724 5894 -1
1700919920.240724 6240 -1
1700919920.240724 2044 -1
1700919920.240724 1022 -1
1700919920.240876 66 1
1700919920.240942 66 1
1700919920.240980 66 1
1700919920.241023 74 1
1700919920.241055 74 1
1700919920.241089 74 1
1700919920.241144 773 -1
1700919920.241144 7354 -1
1700919920.241194 74 1
1700919920.241250 74 1
1700919920.242883 128 -1
1700919920.242883 1031 -1
1700919920.242883 755 -1
1700919920.242883 979 -1
1700919920.242883 7354 -1
1700919920.242883 729 -1
1700919920.242883 809 -1
1700919920.243016 74 1
1700919920.243071 74 1
1700919920.243119 74 1
1700919920.243227 74 1
1700919920.243283 74 1
1700919920.243329 74 1
1700919920.243380 74 1
1700919920.243485 1082 -1
1700919920.243485 8814 -1
1700919920.243555 74 1
1700919920.243625 74 1
1700919920.243777 7354 -1
1700919920.243807 74 1
1700919920.244305 1039 -1
1700919920.244331 74 1
1700919920.244419 7354 -1
1700919920.244462 74 1
1700919920.245062 3668 -1
1700919920.245111 74 1
1700919920.245425 1081 -1
1700919920.245425 693 -1
1700919920.245457 74 1
1700919920.245517 74 1
1700919920.245561 6533 -1
1700919920.245622 74 1
1700919920.246495 1054 -1
1700919920.246495 1514 -1
1700919920.246566 66 1
1700919920.246866 54 1
1700919920.262454 89 1
1700919920.320999 60 -1
1700919921.943175 54 1
1700919921.944366 78 -1
1700919921.944366 60 -1
1700919921.944451 54 1
1700919924.747305 66 1
1700919924.753862 66 -1
1700919924.753942 54 1
1700919924.754439 902 1
1700919924.759203 60 -1
1700919924.777831 318 -1
1700919924.778753 134 1
1700919924.779302 146 1
1700919924.779994 586 1
1700919924.780092 221 1
1700919924.780156 234 1
1700919924.780218 223 1
1700919924.780306 224 1
1700919924.780385 224 1
1700919924.780441 230 1
1700919924.780713 60 -1
1700919924.780985 60 -1
1700919924.780985 115 -1
1700919924.780985 85 -1
1700919924.781020 66 1
1700919924.781037 66 1
1700919924.782493 60 -1
1700919924.782493 60 -1
1700919924.782493 60 -1
1700919924.782493 60 -1
1700919924.782493 60 -1
1700919924.782493 60 -1
1700919924.782493 60 -1
1700919924.797806 724 -1
1700919924.797806 730 -1
1700919924.797806 341 -1
1700919924.797806 2974 -1
1700919924.797806 1514 -1
1700919924.797806 3768 -1
1700919924.797806 7354 -1
1700919924.797806 4097 -1
1700919924.797806 7354 -1
1700919924.797806 4928 -1
1700919924.797806 7335 -1
1700919924.797806 1081 -1
1700919924.797806 689 -1
1700919924.797806 6527 -1
1700919924.797806 1055 -1
1700919924.797806 724 -1
1700919924.797806 2974 -1
1700919924.797994 74 1
1700919924.798050 82 1
1700919924.798087 74 1
1700919924.798167 74 1
1700919924.798188 82 1
1700919924.798211 90 1
1700919924.798233 90 1
1700919924.798336 90 1
1700919924.798380 90 1
1700919924.798429 90 1
1700919924.798477 90 1
1700919924.799004 90 1
1700919924.799094 90 1
1700919924.799183 90 1
1700919924.799203 90 1
1700919924.799228 90 1
1700919924.799250 90 1
1700919924.800244 1053 -1
1700919924.800244 1054 -1
1700919924.800244 1864 -1
1700919924.800244 1514 -1
1700919924.800244 833 -1
1700919924.800457 82 1
1700919924.800494 74 1
1700919924.800527 74 1
1700919924.800560 66 1
1700919924.800685 54 1
1700919924.802997 85 1
1700919924.845190 60 -1
1700919925.010144 78 -1
1700919926.384754 231 1
1700919926.386036 60 -1
1700919926.399107 234 1
1700919926.399215 222 1
1700919926.399280 230 1
1700919926.400559 1050 -1
1700919926.400559 731 -1
1700919926.400559 4494 -1
1700919926.400666 54 1
1700919926.401634 229 1
1700919926.401706 232 1
1700919926.404654 60 -1
1700919926.404654 60 -1
1700919926.404654 60 -1
1700919926.404654 1083 -1
1700919926.404654 691 -1
1700919926.404654 985 -1
1700919926.404654 4434 -1
1700919926.405032 54 1
1700919926.409125 1673 -1
1700919926.409125 6410 -1
1700919926.409125 1083 -1
1700919926.409125 686 -1
1700919926.409125 5980 -1
1700919926.409125 60 -1
1700919926.409125 1029 -1
1700919926.409125 764 -1
1700919926.409125 7354 -1
1700919926.409125 505 -1
1700919926.409125 1083 -1
1700919926.409125 689 -1
1700919926.409125 2974 -1
1700919926.409125 1823 -1
1700919926.409403 66 1
1700919926.424065 1514 -1
1700919926.424161 54 1
1700919928.710168 229 1
1700919928.711318 60 -1
1700919928.715671 230 1
1700919928.716895 226 1
1700919928.718261 229 1
1700919928.720023 60 -1
1700919928.720023 60 -1
1700919928.724930 1053 -1
1700919928.724930 730 -1
1700919928.724930 1080 -1
1700919928.724930 690 -1
1700919928.725036 54 1
1700919928.725165 1514 -1
1700919928.725165 2597 -1
1700919928.725212 66 1
1700919928.728057 1056 -1
1700919928.728057 7028 -1
1700919928.728057 1514 -1
1700919928.728057 2481 -1
1700919928.728057 1053 -1
1700919928.728057 730 -1
1700919928.728057 3937 -1
1700919928.728165 66 1
1700919928.728246 66 1
1700919928.728295 66 1
1700919928.728339 74 1
1700919928.728511 74 1
1700919928.728571 74 1
1700919928.728617 74 1
1700919928.732845 1514 -1
1700919928.732845 2974 -1
1700919928.732949 66 1
1700919928.733034 54 1
1700919928.734893 229 1
1700919928.734987 234 1
1700919928.735088 231 1
1700919928.737549 60 -1
1700919928.741374 731 -1
1700919928.741374 981 -1
1700919928.741374 806 -1
1700919928.741460 66 1
1700919928.741516 66 1
1700919928.741557 66 1
1700919928.741614 1514 -1
1700919928.741614 3997 -1
1700919928.741651 66 1
1700919928.741681 66 1
1700919928.741950 2296 -1
1700919928.741986 66 1
1700919928.742115 1053 -1
1700919928.742136 66 1
1700919928.742914 1051 -1
1700919928.742968 54 1
1700919928.743823 5894 -1
1700919928.743894 66 1
1700919928.743962 1982 -1
1700919928.743996 66 1
1700919928.744075 730 -1
1700919928.744100 54 1
1700919931.972992 54 1
1700919931.984981 78 -1
1700919931.984981 60 -1
1700919931.985211 54 1
1700919933.275084 66 1
1700919933.282344 66 -1
1700919933.283001 54 1
1700919933.292496 934 1
1700919933.298720 60 -1
1700919933.298720 318 -1
1700919933.300748 134 1
1700919933.301213 146 1
1700919933.301699 578 1
1700919933.301785 230 1
1700919933.301860 222 1
1700919933.302090 60 -1
1700919933.302210 341 -1
1700919933.303011 60 -1
1700919933.303055 60 -1
1700919933.303055 60 -1
1700919933.303055 60 -1
1700919933.304505 115 -1
1700919933.304505 85 -1
1700919933.304567 54 1
1700919933.304862 85 1
1700919933.306028 60 -1
1700919933.306195 1050 -1
1700919933.306195 732 -1
1700919933.306245 54 1
1700919933.309647 1051 -1
1700919933.309647 732 -1
1700919933.309647 6035 -1
1700919933.309647 5536 -1
1700919933.309647 949 -1
1700919933.309647 854 -1
1700919933.309647 7354 -1
1700919933.309647 1362 -1
1700919933.310253 54 1
1700919934.924034 223 1
1700919934.929955 229 1
1700919934.930070 226 1
1700919934.930605 222 1
1700919934.930719 224 1
1700919934.930818 230 1
1700919934.931375 60 -1
1700919934.934531 1104 -1
1700919934.934531 650 -1
1700919934.934582 54 1
1700919934.936826 3928 -1
1700919934.936826 1050 -1
1700919934.936826 729 -1
1700919934.936892 54 1
1700919934.937081 1514 -1
1700919934.937081 1514 -1
1700919934.937081 4434 -1
1700919934.937142 54 1
1700919934.937486 1810 -1
1700919934.937519 66 1
1700919934.937555 1084 -1
1700919934.937583 66 1
1700919934.937906 690 -1
1700919934.937906 1035 -1
1700919934.937949 66 1
1700919934.937999 66 1
1700919934.938286 735 -1
1700919934.938286 3704 -1
1700919934.938286 1514 -1
1700919934.938286 2974 -1
1700919934.938324 66 1
1700919934.938372 66 1
1700919934.938399 66 1
1700919934.938421 74 1
1700919934.938500 1514 -1
1700919934.938530 82 1
1700919934.938929 1050 -1
1700919934.938929 5962 -1
1700919934.938958 90 1
1700919934.939008 90 1
1700919934.939150 4927 -1
1700919934.939199 90 1
1700919934.939606 1514 -1
1700919934.939671 82 1
1700919934.939968 255 -1
1700919934.939968 1514 -1
1700919934.939968 1373 -1
1700919934.940009 74 1
1700919934.940057 66 1
1700919934.940091 54 1
1700919937.676196 223 1
1700919937.677168 232 1
1700919937.677248 231 1
1700919937.677319 221 1
1700919937.677757 223 1
1700919937.685088 60 -1
1700919937.686946 981 -1
1700919937.686946 806 -1
1700919937.686946 980 -1
1700919937.686946 812 -1
1700919937.686946 1052 -1
1700919937.686946 2397 -1
1700919937.686946 730 -1
1700919937.686946 4609 -1
1700919937.686946 2417 -1
1700919937.687156 54 1
1700919937.696999 982 -1
1700919937.696999 807 -1
1700919937.696999 4954 -1
1700919937.696999 1052 -1
1700919937.696999 731 -1
1700919937.696999 6182 -1
1700919937.697251 54 1
1700919941.983566 54 1
1700919941.985172 78 -1
1700919941.985172 60 -1
1700919941.985226 54 1
1700919942.568874 66 1
1700919942.827892 66 1
1700919942.829223 66 -1
1700919942.829331 54 1
1700919942.829990 934 1
1700919942.830965 60 -1
1700919942.831509 318 -1
1700919942.832088 134 1
1700919942.832367 146 1
1700919942.833066 584 1
1700919942.833157 232 1
1700919942.833252 222 1
1700919942.833307 341 -1
1700919942.833307 60 -1
1700919942.833356 222 1
1700919942.833432 224 1
1700919942.833523 222 1
1700919942.833744 115 -1
1700919942.833744 85 -1
1700919942.833789 54 1
1700919942.833913 85 1
1700919942.834063 60 -1
1700919942.834063 60 -1
1700919942.834180 60 -1
1700919942.834262 60 -1
1700919942.834262 60 -1
1700919942.834474 60 -1
1700919942.835075 60 -1
1700919942.839089 981 -1
1700919942.839089 809 -1
1700919942.839089 1057 -1
1700919942.839089 724 -1
1700919942.839176 54 1
1700919942.840736 5894 -1
1700919942.840939 54 1
1700919942.841024 1514 -1
1700919942.841075 66 1
1700919942.841171 4434 -1
1700919942.841242 66 1
1700919942.841515 2725 -1
1700919942.841559 66 1
1700919942.842443 2460 -1
1700919942.842443 979 -1
1700919942.842443 809 -1
1700919942.842443 1514 -1
1700919942.842496 66 1
1700919942.842541 66 1
1700919942.842564 66 1
1700919942.842607 54 1
1700919942.845273 1514 -1
1700919942.845273 7354 -1
1700919942.845273 821 -1
1700919942.845273 1035 -1
1700919942.845273 756 -1
1700919942.845513 54 1
1700919942.846387 1514 -1
1700919942.846387 4511 -1
1700919942.846427 54 1
1700919942.847586 1082 -1
1700919942.847586 691 -1
1700919942.847586 4434 -1
1700919942.847586 364 -1
1700919942.847586 1058 -1
1700919942.847671 66 1
1700919942.847738 66 1
1700919942.847763 66 1
1700919942.847800 721 -1
1700919942.847828 66 1
1700919942.848082 5894 -1
1700919942.848131 66 1
1700919942.848749 7284 -1
1700919942.848815 66 1
1700919942.849123 1514 -1
1700919942.849183 54 1
1700919943.571560 66 1
1700919945.523714 230 1
1700919945.526701 234 1
1700919945.530291 60 -1
1700919945.532734 1053 -1
1700919945.532734 730 -1
1700919945.532814 54 1
1700919945.534002 2322 -1
1700919945.534002 1109 -1
1700919945.534002 653 -1
1700919945.534002 7354 -1
1700919945.534085 54 1
1700919945.537893 6726 -1
1700919945.538014 54 1
1700919945.587475 66 1
1700919945.605061 66 -1
1700919945.605209 54 1
1700919945.605901 870 1
1700919945.608117 60 -1
1700919945.608117 318 -1
1700919945.609527 134 1
1700919945.610701 60 -1
1700919945.610948 341 -1
1700919945.653870 54 1
1700919950.680293 230 1
1700919950.687776 230 1
1700919950.687808 1052 -1
1700919950.687808 728 -1
1700919950.687808 6944 -1
1700919950.687911 54 1
1700919950.688023 228 1
1700919950.688127 230 1
1700919950.689491 231 1
1700919950.695304 60 -1
1700919950.697583 1133 -1
1700919950.697583 618 -1
1700919950.697583 1032 -1
1700919950.697583 760 -1
1700919950.697691 54 1
1700919950.709998 2974 -1
1700919950.709998 4651 -1
1700919950.709998 9819 -1
1700919950.709998 1728 -1
1700919950.709998 7354 -1
1700919950.709998 4017 -1
1700919950.709998 978 -1
1700919950.709998 811 -1
1700919950.709998 4775 -1
1700919950.710206 66 1
1700919950.710295 66 1
1700919950.710326 66 1
1700919950.710380 66 1
1700919950.710449 66 1
1700919950.710485 66 1
1700919950.710505 66 1
1700919950.710549 66 1
1700919950.715085 231 1
1700919950.717319 89 1
1700919950.719676 60 -1
1700919950.719676 1081 -1
1700919950.719676 694 -1
1700919950.719676 2736 -1
1700919950.719788 66 1
1700919950.719832 66 1
1700919950.719863 66 1
1700919950.723437 1514 -1
1700919950.723602 54 1
1700919950.936384 1514 -1
1700919950.936435 66 1
1700919951.995365 54 1
1700919951.997947 54 1
1700919952.000207 78 -1
1700919952.000207 60 -1
1700919952.000252 54 1
1700919952.000515 93 -1
1700919952.000515 78 -1
1700919952.000560 54 1
1700919952.371531 66 1
1700919952.378697 66 -1
1700919952.378832 54 1
1700919952.379896 934 1
1700919952.398364 60 -1
1700919952.398441 318 -1
1700919952.401758 134 1
1700919952.402261 146 1
1700919952.402853 585 1
1700919952.402947 231 1
1700919952.403032 231 1
1700919952.403124 222 1
1700919952.408429 60 -1
1700919952.408429 60 -1
1700919952.408429 60 -1
1700919952.408429 60 -1
1700919952.408429 60 -1
1700919952.408429 60 -1
1700919952.408673 341 -1
1700919952.411021 115 -1
1700919952.411021 85 -1
1700919952.411118 54 1
1700919952.412087 85 1
1700919952.413152 60 -1
1700919952.414068 1050 -1
1700919952.414179 731 -1
1700919952.414211 54 1
1700919952.418932 4894 -1
1700919952.418932 988 -1
1700919952.418932 802 -1
1700919952.418932 2974 -1
1700919952.418932 3173 -1
1700919952.418932 1050 -1
1700919952.418932 731 -1
1700919952.418932 1514 -1
1700919952.418932 7354 -1
1700919952.419106 54 1
1700919952.419183 380 -1
1700919952.419206 54 1
1700919952.419404 1082 -1
1700919952.419404 691 -1
1700919952.419451 54 1
1700919952.419653 7322 -1
1700919952.419679 54 1
1700919954.830679 223 1
1700919954.831974 60 -1
1700919954.833496 222 1
1700919954.834502 60 -1
1700919954.840214 231 1
1700919954.841038 1051 -1
1700919954.841038 731 -1
1700919954.841083 54 1
1700919954.841272 1595 -1
1700919954.841298 54 1
1700919954.841371 979 -1
1700919954.841371 813 -1
1700919954.841395 54 1
1700919954.841552 232 1
1700919954.841637 223 1
1700919954.841982 225 1
1700919954.843411 2496 -1
1700919954.843462 54 1
1700919954.850431 1055 -1
1700919954.850431 730 -1
1700919954.850505 54 1
1700919954.854109 4434 -1
1700919954.854109 2035 -1
1700919954.854211 54 1
1700919954.854265 1080 -1
1700919954.854292 54 1
1700919954.854502 689 -1
1700919954.854502 7354 -1
1700919954.854584 54 1
1700919954.855045 3111 -1
1700919954.855073 54 1
1700919954.857472 1051 -1
1700919954.857472 732 -1
1700919954.857524 54 1
1700919954.859762 5278 -1
1700919954.859844 54 1
1700919954.860483 730 -1
1700919954.860525 66 1
1700919954.860576 1055 -1
1700919954.860615 54 1
1700919954.861704 7939 -1
1700919954.861763 54 1
1700919957.921581 54 1
1700919957.922741 78 -1
1700919957.922741 60 -1
1700919957.922779 54 1
1700919959.718201 66 1
1700919959.726884 66 -1
1700919959.726940 54 1
1700919959.727624 870 1
1700919959.732297 60 -1
1700919959.732767 318 -1
1700919959.741310 134 1
1700919959.742310 60 -1
1700919959.742310 341 -1
1700919959.742993 146 1
1700919959.743900 577 1
1700919959.744008 232 1
1700919959.744051 229 1
1700919959.744111 228 1
1700919959.744181 231 1
1700919959.744355 60 -1
1700919959.744355 115 -1
1700919959.744355 85 -1
1700919959.744404 54 1
1700919959.745279 60 -1
1700919959.745279 60 -1
1700919959.745279 60 -1
1700919959.745279 60 -1
1700919959.746710 85 1
1700919959.747769 66 -1
1700919959.748604 1066 -1
1700919959.748604 744 -1
1700919959.748663 54 1
1700919959.749108 1514 -1
1700919959.749168 66 1
1700919959.749241 3688 -1
1700919959.749269 66 1
1700919959.749354 1065 -1
1700919959.749398 66 1
1700919959.749764 5351 -1
1700919959.749963 66 1
1700919959.750042 744 -1
1700919959.750042 2962 -1
1700919959.750081 66 1
1700919959.750154 66 1
1700919959.750196 1480 -1
1700919959.750224 66 1
1700919959.750301 1064 -1
1700919959.750366 54 1
1700919959.750426 1749 -1
1700919959.750457 54 1
1700919959.750609 1514 -1
1700919959.750983 2568 -1
1700919959.751012 54 1
1700919960.111310 262 1
1700919960.129220 981 -1
1700919960.129220 809 -1
1700919960.129220 8814 -1
1700919960.129220 6240 -1
1700919960.129220 1436 -1
1700919960.129527 66 1
1700919960.129629 66 1
1700919960.130968 1514 -1
1700919960.131034 54 1
1700919961.405394 229 1
1700919961.407911 229 1
1700919961.408000 223 1
1700919961.409015 223 1
1700919961.409206 60 -1
1700919961.409959 222 1
1700919961.411798 60 -1
1700919961.412974 230 1
1700919961.414128 1083 -1
1700919961.414128 690 -1
1700919961.414128 1081 -1
1700919961.414128 691 -1
1700919961.414128 1514 -1
1700919961.414128 2056 -1
1700919961.414128 4206 -1
1700919961.414266 66 1
1700919961.414351 66 1
1700919961.415944 223 1
1700919961.420256 1720 -1
1700919961.420256 5515 -1
1700919961.420256 1052 -1
1700919961.420256 730 -1
1700919961.420256 4434 -1
1700919961.420256 4663 -1
1700919961.420256 1052 -1
1700919961.420256 732 -1
1700919961.420256 6063 -1
1700919961.420438 66 1
1700919961.420521 66 1
1700919961.420548 66 1
1700919961.420570 66 1
1700919961.420606 66 1
1700919961.420646 66 1
1700919961.420672 66 1
1700919961.420728 66 1
1700919961.420784 66 1
1700919961.425609 2974 -1
1700919961.425609 66 -1
1700919961.425729 54 1
1700919961.719599 399 1
1700919961.720689 66 -1
1700919961.723708 1051 -1
1700919961.723708 730 -1
1700919961.723956 54 1
1700919961.724014 5894 -1
1700919961.724126 54 1
1700919961.724396 4459 -1
1700919961.724440 54 1
1700919961.732705 1054 -1
1700919961.732705 732 -1
1700919961.732795 54 1
1700919961.733054 3190 -1
1700919961.733093 54 1
1700919962.011613 54 1
1700919962.012756 78 -1
1700919962.012756 60 -1
1700919962.012827 54 1
