1700920372.106316 66 1
1700920372.108556 66 1
1700920372.117653 66 -1
1700920372.117715 54 1
1700920372.120157 663 1
1700920372.120634 66 -1
1700920372.120732 54 1
1700920372.121202 631 1
1700920372.121442 60 -1
1700920372.122185 60 -1
1700920372.129187 2777 -1
1700920372.129234 54 1
1700920372.131103 2779 -1
1700920372.131150 54 1
1700920372.136773 134 1
1700920372.137775 60 -1
1700920372.138079 341 -1
1700920372.138151 341 -1
1700920372.138185 54 1
1700920372.138563 134 1
1700920372.139166 54 1
1700920372.139396 146 1
1700920372.139755 586 1
1700920372.139852 229 1
1700920372.140258 60 -1
1700920372.140420 341 -1
1700920372.140630 54 1
1700920372.140734 341 -1
1700920372.140734 93 -1
1700920372.140734 78 -1
1700920372.140734 60 -1
1700920372.146297 60 -1
1700920372.146297 60 -1
1700920372.146297 60 -1
1700920372.148169 115 -1
1700920372.148169 85 -1
1700920372.148224 54 1
1700920372.150036 1073 -1
1700920372.150036 701 -1
1700920372.150036 976 -1
1700920372.150036 5521 -1
1700920372.150118 54 1
1700920372.150399 85 1
1700920372.150417 813 -1
1700920372.150952 4486 -1
1700920372.151003 54 1
1700920372.151802 60 -1
1700920375.071819 229 1
1700920375.071950 232 1
1700920375.073224 232 1
1700920375.073347 231 1
1700920375.074062 231 1
1700920375.074558 60 -1
1700920375.074558 60 -1
1700920375.087812 60 -1
1700920375.087812 60 -1
1700920375.087812 857 -1
1700920375.087812 5894 -1
1700920375.087812 7354 -1
1700920375.087812 1436 -1
1700920375.087812 929 -1
1700920375.087812 11267 -1
1700920375.087812 926 -1
1700920375.087812 6308 -1
1700920375.087812 981 -1
1700920375.087812 6637 -1
1700920375.087812 797 -1
1700920375.088041 66 1
1700920375.104261 909 -1
1700920375.104261 5894 -1
1700920375.104261 888 -1
1700920375.104460 66 1
1700920375.115509 888 -1
1700920375.115579 74 1
1700920375.121344 1514 -1
1700920375.121426 54 1
1700920375.699829 231 1
1700920375.730187 925 -1
1700920375.730187 7545 -1
1700920375.730342 66 1
1700920375.735255 1514 -1
1700920375.735343 54 1
1700920375.736979 236 1
1700920375.737095 234 1
1700920375.738728 231 1
1700920375.740422 856 -1
1700920375.740422 2974 -1
1700920375.740422 127 -1
1700920375.740557 66 1
1700920375.741291 231 1
1700920375.741430 229 1
1700920375.741468 60 -1
1700920375.741604 231 1
1700920375.741701 230 1
1700920375.743051 60 -1
1700920375.743650 856 -1
1700920375.743694 66 1
1700920375.743980 5894 -1
1700920375.744047 66 1
1700920375.751744 1514 -1
1700920375.751878 54 1
1700920375.752813 4434 -1
1700920375.752868 66 1
1700920375.779443 1514 -1
1700920375.779443 94 -1
1700920375.779443 1514 -1
1700920375.779588 66 1
1700920375.779714 54 1
1700920375.789661 5894 -1
1700920375.789661 2974 -1
1700920375.789831 54 1
1700920375.799304 2974 -1
1700920375.799304 7354 -1
1700920375.799304 1514 -1
1700920375.799304 3271 -1
1700920375.799513 54 1
1700920377.724909 54 1
1700920377.727196 78 -1
1700920377.727196 60 -1
1700920377.727260 54 1
1700920378.844944 66 1
1700920378.845993 66 -1
1700920378.846050 54 1
1700920378.846519 870 1
1700920378.847737 60 -1
1700920378.847964 318 -1
1700920378.848980 134 1
1700920378.849219 146 1
1700920378.849727 585 1
1700920378.849825 230 1
1700920378.849917 230 1
1700920378.849990 231 1
1700920378.850477 60 -1
1700920378.850477 60 -1
1700920378.850808 60 -1
1700920378.851854 341 -1
1700920378.851854 60 -1
1700920378.851854 60 -1
1700920378.851854 60 -1
1700920378.853062 115 -1
1700920378.853062 85 -1
1700920378.853102 54 1
1700920378.854360 909 -1
1700920378.854360 1514 -1
1700920378.854394 54 1
1700920378.855820 85 1
1700920378.856754 60 -1
1700920378.857374 1107 -1
1700920378.857374 654 -1
1700920378.857416 66 1
1700920378.857460 66 1
1700920378.858027 1514 -1
1700920378.858027 2974 -1
1700920378.858027 2591 -1
1700920378.858059 66 1
1700920378.858091 66 1
1700920378.858120 66 1
1700920378.858158 980 -1
1700920378.858190 66 1
1700920378.858306 808 -1
1700920378.858339 66 1
1700920378.858628 3208 -1
1700920378.858677 66 1
1700920378.858733 852 -1
1700920378.858733 7354 -1
1700920378.858778 66 1
1700920378.858834 66 1
1700920378.859233 564 -1
1700920378.859261 66 1
1700920378.859302 1209 -1
1700920378.859375 54 1
1700920380.450372 230 1
1700920380.450780 230 1
1700920380.451756 60 -1
1700920380.451806 60 -1
1700920380.453017 231 1
1700920380.457966 974 -1
1700920380.457966 816 -1
1700920380.457966 6968 -1
1700920380.457966 1057 -1
1700920380.457966 705 -1
1700920380.457966 5629 -1
1700920380.458319 54 1
1700920380.461957 855 -1
1700920380.461957 5589 -1
1700920380.462046 54 1
1700920380.463580 229 1
1700920380.463842 229 1
1700920380.466353 231 1
1700920380.484583 60 -1
1700920380.484583 1051 -1
1700920380.484583 732 -1
1700920380.484583 927 -1
1700920380.484583 5370 -1
1700920380.484583 1268 -1
1700920380.484583 1047 -1
1700920380.484583 736 -1
1700920380.484583 4427 -1
1700920380.484852 54 1
1700920380.502131 1507 -1
1700920380.502200 66 1
1700920382.450131 230 1
1700920382.450259 231 1
1700920382.451194 230 1
1700920382.451281 229 1
1700920382.451366 229 1
1700920382.452906 60 -1
1700920382.456669 1055 -1
1700920382.456669 728 -1
1700920382.456796 54 1
1700920382.458816 4449 -1
1700920382.458816 930 -1
1700920382.458873 54 1
1700920382.458963 7033 -1
1700920382.458996 54 1
1700920382.462801 7354 -1
1700920382.463034 66 1
1700920382.463110 407 -1
1700920382.463136 66 1
1700920382.464016 926 -1
1700920382.464084 54 1
1700920382.467046 1050 -1
1700920382.467046 732 -1
1700920382.467046 948 -1
1700920382.467046 854 -1
1700920382.467128 54 1
1700920382.468288 4294 -1
1700920382.468288 4636 -1
1700920382.468339 54 1
1700920386.150385 234 1
1700920386.150478 230 1
1700920386.152753 60 -1
1700920386.154065 950 -1
1700920386.154065 4395 -1
1700920386.154115 54 1
1700920386.154148 850 -1
1700920386.154197 5358 -1
1700920386.154226 54 1
1700920386.154742 230 1
1700920386.157247 926 -1
1700920386.157247 1514 -1
1700920386.157247 1497 -1
1700920386.157347 66 1
1700920386.162151 2974 -1
1700920386.162254 54 1
1700920386.163599 230 1
1700920386.163702 230 1
1700920386.165146 89 1
1700920386.167115 60 -1
1700920386.171119 925 -1
1700920386.171119 4434 -1
1700920386.171119 859 -1
1700920386.171119 7354 -1
1700920386.171119 4787 -1
1700920386.171314 66 1
1700920386.171394 66 1
1700920386.171424 66 1
1700920386.175107 2737 -1
1700920386.175232 54 1
1700920387.743182 54 1
1700920387.744879 78 -1
1700920387.745233 54 1
1700920387.753694 66 1
1700920387.754845 66 -1
1700920387.754928 54 1
1700920387.757000 966 1
1700920387.757996 60 -1
1700920387.758895 318 -1
1700920387.759601 134 1
1700920387.760218 146 1
1700920387.760821 60 -1
1700920387.760821 341 -1
1700920387.761252 584 1
1700920387.761328 238 1
1700920387.761424 229 1
1700920387.761475 60 -1
1700920387.761475 115 -1
1700920387.761475 85 -1
1700920387.761529 54 1
1700920387.761724 231 1
1700920387.761803 231 1
1700920387.762126 85 1
1700920387.763400 60 -1
1700920387.763400 60 -1
1700920387.763400 60 -1
1700920387.763979 66 -1
1700920387.763979 66 -1
1700920387.764212 969 -1
1700920387.764212 4961 -1
1700920387.764314 66 1
1700920387.764774 863 -1
1700920387.764774 1514 -1
1700920387.764901 66 1
1700920387.764947 66 1
1700920387.764981 2401 -1
1700920387.765033 74 1
1700920387.766062 1065 -1
1700920387.766062 741 -1
1700920387.766062 2962 -1
1700920387.766107 74 1
1700920387.766154 74 1
1700920387.766199 66 1
1700920387.766281 1514 -1
1700920387.766325 54 1
1700920387.767133 1514 -1
1700920387.767166 66 1
1700920387.767335 1514 -1
1700920387.767335 5858 -1
1700920387.767404 66 1
1700920387.767455 66 1
1700920387.767922 841 -1
1700920387.767957 66 1
1700920387.768168 1514 -1
1700920387.768257 54 1
1700920388.070052 439 1
1700920388.071343 66 -1
1700920388.074134 857 -1
1700920388.074134 7354 -1
1700920388.074134 7354 -1
1700920388.074134 1860 -1
1700920388.074134 7354 -1
1700920388.074312 54 1
1700920388.074916 5462 -1
1700920388.074946 54 1
1700920388.075416 879 -1
1700920388.075416 4008 -1
1700920388.075447 54 1
1700920388.084910 1088 -1
1700920388.084975 66 1
1700920388.295105 879 -1
1700920388.295179 66 1
1700920389.853553 223 1
1700920389.854010 231 1
1700920389.855114 231 1
1700920389.855314 60 -1
1700920389.855998 222 1
1700920389.856093 224 1
1700920389.856302 223 1
1700920389.856465 958 -1
1700920389.856560 6271 -1
1700920389.856723 54 1
1700920389.857221 914 -1
1700920389.857266 7354 -1
1700920389.857291 54 1
1700920389.858246 2813 -1
1700920389.858279 54 1
1700920389.859098 60 -1
1700920389.860555 933 -1
1700920389.860555 5866 -1
1700920389.860555 929 -1
1700920389.860555 7354 -1
1700920389.860659 54 1
1700920389.860705 4476 -1
1700920389.860738 54 1
1700920389.872576 909 -1
1700920389.872576 2974 -1
1700920389.872576 6360 -1
1700920389.872576 857 -1
1700920389.872576 7906 -1
1700920389.872576 606 -1
1700920389.872837 66 1
1700920393.672501 222 1
1700920393.679231 231 1
1700920393.679471 228 1
1700920393.679957 221 1
1700920393.681876 957 -1
1700920393.681876 7170 -1
1700920393.681964 54 1
1700920393.682968 60 -1
1700920393.683464 89 1
1700920393.684939 926 -1
1700920393.684939 2974 -1
1700920393.684976 54 1
1700920393.691478 5060 -1
1700920393.691478 961 -1
1700920393.691478 2974 -1
1700920393.691478 5894 -1
1700920393.691478 1981 -1
1700920393.691478 956 -1
1700920393.691478 845 -1
1700920393.691478 5894 -1
1700920393.691846 54 1
1700920393.908349 563 -1
1700920393.950405 54 1
1700920395.846436 223 1
1700920395.847003 223 1
1700920395.848836 60 -1
1700920395.849670 222 1
1700920395.850059 929 -1
1700920395.850059 7975 -1
1700920395.850117 54 1
1700920395.850707 855 -1
1700920395.850731 54 1
1700920395.850847 224 1
1700920395.850872 1514 -1
1700920395.850894 54 1
1700920395.850930 4426 -1
1700920395.850942 224 1
1700920395.850983 54 1
1700920395.851079 222 1
1700920395.853094 60 -1
1700920395.854677 927 -1
1700920395.854820 4052 -1
1700920395.854861 54 1
1700920395.855078 961 -1
1700920395.855078 7354 -1
1700920395.855123 54 1
1700920395.855650 5950 -1
1700920395.855682 54 1
1700920395.856134 926 -1
1700920395.856134 2330 -1
1700920395.856166 54 1
1700920395.858830 1051 -1
1700920395.858830 731 -1
1700920395.858887 54 1
1700920395.859114 2970 -1
1700920395.859141 54 1
1700920397.748815 54 1
1700920397.752411 78 -1
1700920397.752411 60 -1
1700920397.752463 54 1
1700920400.374164 66 1
1700920400.386336 66 -1
1700920400.386503 54 1
1700920400.387311 902 1
1700920400.388548 60 -1
1700920400.390368 318 -1
1700920400.391539 134 1
1700920400.391986 146 1
1700920400.392650 60 -1
1700920400.392769 577 1
1700920400.392891 223 1
1700920400.392968 215 1
1700920400.393041 223 1
1700920400.393137 223 1
1700920400.393261 222 1
1700920400.393534 341 -1
1700920400.393534 60 -1
1700920400.393534 115 -1
1700920400.393534 85 -1
1700920400.393598 54 1
1700920400.394140 85 1
1700920400.394546 60 -1
1700920400.394546 60 -1
1700920400.394546 60 -1
1700920400.394546 60 -1
1700920400.394546 60 -1
1700920400.394546 60 -1
1700920400.395190 60 -1
1700920400.396172 960 -1
1700920400.396319 7354 -1
1700920400.396376 54 1
1700920400.396801 2098 -1
1700920400.396850 54 1
1700920400.398265 897 -1
1700920400.398501 2974 -1
1700920400.398528 54 1
1700920400.399165 4757 -1
1700920400.399165 859 -1
1700920400.399165 7354 -1
1700920400.399238 54 1
1700920400.401089 9160 -1
1700920400.401089 7354 -1
1700920400.401196 54 1
1700920400.402035 7354 -1
1700920400.402035 7354 -1
1700920400.402123 54 1
1700920400.402434 7354 -1
1700920400.402505 54 1
1700920400.403112 3728 -1
1700920400.403157 54 1
1700920400.415754 7354 -1
1700920400.415754 7354 -1
1700920400.415754 1514 -1
1700920400.415754 8814 -1
1700920400.415754 7354 -1
1700920400.415754 7354 -1
1700920400.415754 7354 -1
1700920400.415754 5894 -1
1700920400.415754 1514 -1
1700920400.415754 5894 -1
1700920400.415754 4434 -1
1700920400.415754 4434 -1
1700920400.415754 7354 -1
1700920400.415754 1514 -1
1700920400.415754 1514 -1
1700920400.415754 7354 -1
1700920400.415754 7354 -1
1700920400.415754 2974 -1
1700920400.415754 7354 -1
1700920400.415754 7354 -1
1700920400.415754 1514 -1
1700920400.416293 66 1
1700920400.416375 74 1
1700920400.416412 74 1
1700920400.416465 74 1
1700920400.416536 82 1
1700920400.416582 82 1
1700920400.416606 82 1
1700920400.416631 82 1
1700920400.416700 82 1
1700920400.416735 82 1
1700920400.416786 82 1
1700920400.416861 82 1
1700920400.416929 82 1
1700920400.417189 2974 -1
1700920400.417189 13194 -1
1700920400.417270 82 1
1700920400.417345 82 1
1700920400.423297 8814 -1
1700920400.423297 7354 -1
1700920400.423297 5894 -1
1700920400.423297 7354 -1
1700920400.423297 5894 -1
1700920400.423297 7354 -1
1700920400.423297 1514 -1
1700920400.423297 1514 -1
1700920400.423297 1514 -1
1700920400.423297 251 -1
1700920400.423297 5894 -1
1700920400.423297 4434 -1
1700920400.423577 82 1
1700920400.423725 82 1
1700920400.423777 82 1
1700920400.423811 90 1
1700920400.423839 90 1
1700920400.423867 90 1
1700920400.423896 90 1
1700920400.423949 82 1
1700920400.423992 74 1
1700920400.424025 74 1
1700920400.424069 74 1
1700920400.424133 74 1
1700920400.425266 1514 -1
1700920400.425266 1278 -1
1700920400.425420 66 1
1700920400.425518 66 1
1700920400.429075 1514 -1
1700920400.429254 54 1
1700920401.963254 234 1
1700920401.966302 929 -1
1700920401.966376 7009 -1
1700920401.966422 54 1
1700920401.972234 231 1
1700920401.976950 929 -1
1700920401.976950 2786 -1
1700920401.977072 54 1
1700920401.980209 232 1
1700920401.980318 223 1
1700920401.980441 222 1
1700920401.981508 222 1
1700920401.981632 228 1
1700920401.981684 60 -1
1700920401.982649 60 -1
1700920401.983644 962 -1
1700920401.983816 5525 -1
1700920401.983848 54 1
1700920401.984055 930 -1
1700920401.984083 54 1
1700920401.984166 4434 -1
1700920401.984199 54 1
1700920401.984515 3476 -1
1700920401.984582 66 1
1700920401.985174 856 -1
1700920401.985174 4968 -1
1700920401.985223 66 1
1700920401.985275 66 1
1700920401.985306 929 -1
1700920401.985351 66 1
1700920401.985390 7354 -1
1700920401.985440 66 1
1700920401.986113 585 -1
1700920401.986113 1514 -1
1700920401.986151 66 1
1700920401.986229 54 1
1700920401.987015 1050 -1
1700920401.987015 730 -1
1700920401.987061 54 1
1700920401.987210 7354 -1
1700920401.987241 54 1
1700920401.987828 566 -1
1700920402.040239 54 1
1700920404.226332 230 1
1700920404.228397 222 1
1700920404.228590 231 1
1700920404.228745 229 1
1700920404.229302 232 1
1700920404.230831 60 -1
1700920404.232975 958 -1
1700920404.233027 4434 -1
1700920404.233057 54 1
1700920404.233896 957 -1
1700920404.233896 5589 -1
1700920404.233955 66 1
1700920404.234022 66 1
1700920404.244941 1054 -1
1700920404.244941 733 -1
1700920404.244941 855 -1
1700920404.244941 1514 -1
1700920404.244941 1514 -1
1700920404.244941 1514 -1
1700920404.244941 853 -1
1700920404.244941 4826 -1
1700920404.244941 7354 -1
1700920404.244941 7354 -1
1700920404.244941 845 -1
1700920404.244941 1296 -1
1700920404.245106 66 1
1700920404.245209 66 1
1700920404.245243 66 1
1700920404.245279 66 1
1700920404.245322 66 1
1700920404.245356 66 1
1700920404.245384 66 1
1700920404.245451 66 1
1700920404.245509 66 1
1700920404.245556 66 1
1700920404.245590 66 1
1700920404.245770 54 1
1700920407.766788 54 1
1700920407.768172 78 -1
1700920407.768172 60 -1
1700920407.768201 54 1
1700920408.602922 66 1
1700920408.603922 66 -1
1700920408.604037 54 1
1700920408.606279 902 1
1700920408.609370 60 -1
1700920408.610337 318 -1
1700920408.611273 134 1
1700920408.611652 146 1
1700920408.612284 60 -1
1700920408.612504 341 -1
1700920408.612673 584 1
1700920408.612821 229 1
1700920408.612930 221 1
1700920408.613045 221 1
1700920408.613127 223 1
1700920408.613209 223 1
1700920408.613300 223 1
1700920408.614230 60 -1
1700920408.614230 115 -1
1700920408.614230 85 -1
1700920408.614230 60 -1
1700920408.614230 60 -1
1700920408.614230 60 -1
1700920408.614230 60 -1
1700920408.614230 60 -1
1700920408.614321 54 1
1700920408.614794 85 1
1700920408.615054 60 -1
1700920408.615091 60 -1
1700920408.615698 60 -1
1700920408.618565 957 -1
1700920408.618645 7141 -1
1700920408.618693 54 1
1700920408.619131 855 -1
1700920408.619214 7354 -1
1700920408.619254 54 1
1700920408.619859 9160 -1
1700920408.619918 54 1
1700920408.620556 6044 -1
1700920408.620609 54 1
1700920408.621148 7354 -1
1700920408.621198 54 1
1700920408.621625 816 -1
1700920408.621664 54 1
1700920408.621702 7354 -1
1700920408.621760 54 1
1700920408.622430 2248 -1
1700920408.622478 54 1
1700920408.622829 1082 -1
1700920408.622829 692 -1
1700920408.622829 980 -1
1700920408.622829 808 -1
1700920408.622829 958 -1
1700920408.622886 54 1
1700920408.622936 7154 -1
1700920408.622997 54 1
1700920408.624652 4434 -1
1700920408.624652 1514 -1
1700920408.624652 2974 -1
1700920408.624652 2339 -1
1700920408.624780 66 1
1700920408.624939 74 1
1700920408.624979 82 1
1700920408.626267 929 -1
1700920408.626267 1514 -1
1700920408.626328 74 1
1700920408.626371 66 1
1700920408.626523 1514 -1
1700920408.626553 54 1
1700920412.803280 223 1
1700920412.803766 221 1
1700920412.804319 234 1
1700920412.804354 60 -1
1700920412.805072 230 1
1700920412.805083 60 -1
1700920412.807025 60 -1
1700920412.808479 230 1
1700920412.808574 224 1
1700920412.808638 224 1
1700920412.811621 60 -1
1700920412.811621 930 -1
1700920412.811621 2953 -1
1700920412.811621 927 -1
1700920412.811621 5423 -1
1700920412.811621 7354 -1
1700920412.811621 883 -1
1700920412.811621 1082 -1
1700920412.811621 691 -1
1700920412.811621 4229 -1
1700920412.811930 66 1
1700920412.812007 66 1
1700920412.812054 66 1
1700920412.812083 66 1
1700920412.812151 66 1
1700920412.812202 66 1
1700920412.812268 66 1
1700920412.812309 66 1
1700920412.813382 1514 -1
1700920412.813436 54 1
1700920412.816420 962 -1
1700920412.816488 54 1
1700920412.816616 2974 -1
1700920412.816616 2974 -1
1700920412.816660 54 1
1700920412.817081 6983 -1
1700920412.817135 54 1
1700920412.817516 957 -1
1700920412.817516 5894 -1
1700920412.817566 54 1
1700920412.818088 9580 -1
1700920412.818158 66 1
1700920412.819252 1291 -1
1700920412.819295 54 1
1700920414.418438 231 1
1700920414.423249 230 1
1700920414.423532 926 -1
1700920414.423532 5140 -1
1700920414.423635 54 1
1700920414.425948 234 1
1700920414.426044 222 1
1700920414.426097 230 1
1700920414.426144 222 1
1700920414.426728 89 1
1700920414.426834 232 1
1700920414.427285 1023 -1
1700920414.427285 766 -1
1700920414.427353 54 1
1700920414.427411 5010 -1
1700920414.427453 54 1
1700920414.429610 60 -1
1700920414.429610 959 -1
1700920414.429610 6581 -1
1700920414.429678 54 1
1700920414.429791 959 -1
1700920414.429975 4434 -1
1700920414.430011 54 1
1700920414.431276 2427 -1
1700920414.431276 959 -1
1700920414.431276 5910 -1
1700920414.431276 857 -1
1700920414.431276 7128 -1
1700920414.431378 54 1
1700920414.431635 1082 -1
1700920414.431718 692 -1
1700920414.431741 54 1
1700920414.432099 7354 -1
1700920414.432139 54 1
1700920414.432586 1609 -1
1700920414.432610 54 1
1700920416.934306 229 1
1700920416.936667 929 -1
1700920416.936667 6162 -1
1700920416.936756 54 1
1700920416.943588 230 1
1700920416.943706 229 1
1700920416.943816 229 1
1700920416.943901 234 1
1700920416.944092 231 1
1700920416.945198 60 -1
1700920416.947151 928 -1
1700920416.947237 7354 -1
1700920416.947288 54 1
1700920416.948103 198 -1
1700920416.948103 929 -1
1700920416.948103 4582 -1
1700920416.948147 54 1
1700920416.948394 929 -1
1700920416.948438 7354 -1
1700920416.948472 54 1
1700920416.949069 1167 -1
1700920416.949401 853 -1
1700920416.949401 3017 -1
1700920416.949428 54 1
1700920416.949482 927 -1
1700920416.949506 54 1
1700920416.949575 1514 -1
1700920416.949650 4643 -1
1700920416.949692 54 1
1700920417.789191 54 1
1700920417.812432 78 -1
1700920417.812432 60 -1
1700920417.812432 60 -1
1700920417.812546 54 1
1700920423.084090 66 1
1700920423.094932 66 -1
1700920423.095085 54 1
1700920423.097331 934 1
1700920423.114013 60 -1
1700920423.114013 318 -1
1700920423.114936 134 1
1700920423.115403 146 1
1700920423.116114 60 -1
1700920423.116409 585 1
1700920423.116522 224 1
1700920423.116613 230 1
1700920423.116696 222 1
1700920423.116812 221 1
1700920423.116935 232 1
1700920423.117062 60 -1
1700920423.117062 341 -1
1700920423.117467 115 -1
1700920423.117467 85 -1
1700920423.117505 54 1
1700920423.117743 60 -1
1700920423.117743 60 -1
1700920423.117743 60 -1
1700920423.118178 85 1
1700920423.145658 60 -1
1700920423.145658 60 -1
1700920423.145658 893 -1
1700920423.145658 5894 -1
1700920423.145658 1049 -1
1700920423.145658 729 -1
1700920423.145658 926 -1
1700920423.145658 6682 -1
1700920423.145658 1737 -1
1700920423.145658 1051 -1
1700920423.145658 732 -1
1700920423.145658 5536 -1
1700920423.145658 930 -1
1700920423.145658 5595 -1
1700920423.145658 1056 -1
1700920423.145658 724 -1
1700920423.145658 2676 -1
1700920423.145797 66 1
1700920423.145852 66 1
1700920423.145876 66 1
1700920423.145920 66 1
1700920423.145971 66 1
1700920423.145999 66 1
1700920423.150244 66 1
1700920423.150305 66 1
1700920423.150355 66 1
1700920423.150434 74 1
1700920423.150480 74 1
1700920423.150512 74 1
1700920423.150776 74 1
1700920423.150881 551 -1
1700920423.150941 66 1
1700920423.151431 1514 -1
1700920423.151466 54 1
1700920423.691773 223 1
1700920423.691946 229 1
1700920423.692020 226 1
1700920423.692622 222 1
1700920423.692722 222 1
1700920423.692817 224 1
1700920423.697269 230 1
1700920423.698566 60 -1
1700920423.698566 976 -1
1700920423.698566 4493 -1
1700920423.698651 54 1
1700920423.701080 4434 -1
1700920423.701080 926 -1
1700920423.701080 5374 -1
1700920423.701398 66 1
1700920423.701455 54 1
1700920423.701497 66 1
1700920423.703267 911 -1
1700920423.703267 7354 -1
1700920423.703267 563 -1
1700920423.703267 731 -1
1700920423.703334 66 1
1700920423.703418 66 1
1700920423.703446 66 1
1700920423.703460 74 1
1700920423.704627 926 -1
1700920423.704627 1514 -1
1700920423.704662 82 1
1700920423.704723 66 1
1700920423.705563 6262 -1
1700920423.705620 66 1
1700920423.706135 732 -1
1700920423.706192 74 1
1700920423.707970 4927 -1
1700920423.707970 960 -1
1700920423.707970 4309 -1
1700920423.707970 1052 -1
1700920423.708038 74 1
1700920423.708079 74 1
1700920423.708107 74 1
1700920423.708146 66 1
1700920423.708265 959 -1
1700920423.708265 5881 -1
1700920423.708313 66 1
1700920423.708348 66 1
1700920423.709129 1050 -1
1700920423.709196 54 1
1700920426.129008 232 1
1700920426.129117 231 1
1700920426.129858 232 1
1700920426.129953 221 1
1700920426.136216 60 -1
1700920426.141206 856 -1
1700920426.141206 3124 -1
1700920426.141206 854 -1
1700920426.141206 5676 -1
1700920426.141206 928 -1
1700920426.141206 3062 -1
1700920426.141206 1082 -1
1700920426.141206 690 -1
1700920426.141206 6302 -1
1700920426.141352 54 1
1700920427.807362 54 1
1700920427.809039 78 -1
1700920427.809039 60 -1
1700920427.809114 54 1
1700920431.632809 66 1
1700920431.633959 66 -1
1700920431.634051 54 1
1700920431.636190 934 1
1700920431.637328 60 -1
1700920431.637828 318 -1
1700920431.638292 134 1
1700920431.638616 146 1
1700920431.639230 584 1
1700920431.639382 60 -1
1700920431.639569 222 1
1700920431.639644 60 -1
1700920431.639709 232 1
1700920431.639815 223 1
1700920431.640297 341 -1
1700920431.640297 60 -1
1700920431.640621 60 -1
1700920431.640772 60 -1
1700920431.640772 60 -1
1700920431.641728 85 -1
1700920431.641760 66 1
1700920431.645537 857 -1
1700920431.645537 7354 -1
1700920431.645774 66 1
1700920431.646011 66 1
1700920431.646099 7354 -1
1700920431.646157 66 1
1700920431.646553 1860 -1
1700920431.646596 66 1
1700920431.646758 1112 -1
1700920431.646783 66 1
1700920431.646833 2974 -1
1700920431.646853 66 1
1700920431.647033 5894 -1
1700920431.647062 66 1
1700920431.647670 5000 -1
1700920431.647741 66 1
1700920431.647928 3974 -1
1700920431.647950 66 1
1700920431.648312 115 -1
1700920431.648312 1051 -1
1700920431.648397 54 1
1700920431.648422 54 1
1700920431.648530 732 -1
1700920431.648530 7354 -1
1700920431.648575 54 1
1700920431.649352 255 -1
1700920431.649969 85 1
1700920431.651473 60 -1
1700920434.564276 234 1
1700920434.564858 230 1
1700920434.565461 234 1
1700920434.589679 60 -1
1700920434.589679 60 -1
1700920434.589679 60 -1
1700920434.589679 929 -1
1700920434.589679 2967 -1
1700920434.589679 860 -1
1700920434.589679 4957 -1
1700920434.589679 1071 -1
1700920434.589679 699 -1
1700920434.589679 7354 -1
1700920434.589679 1947 -1
1700920434.589679 487 -1
1700920434.589870 66 1
1700920437.812447 54 1
1700920437.819160 78 -1
1700920437.819160 60 -1
1700920437.819322 54 1
1700920440.449339 66 1
1700920440.456346 66 -1
1700920440.456462 54 1
1700920440.457271 902 1
1700920440.458329 60 -1
1700920440.459265 318 -1
1700920440.459763 134 1
1700920440.460141 146 1
1700920440.460739 585 1
1700920440.460837 230 1
1700920440.460940 231 1
1700920440.461002 60 -1
1700920440.461071 231 1
1700920440.461151 230 1
1700920440.461780 341 -1
1700920440.461780 60 -1
1700920440.461780 115 -1
1700920440.461780 85 -1
1700920440.461900 54 1
1700920440.462171 85 1
1700920440.465128 66 -1
1700920440.465128 66 -1
1700920440.465128 66 -1
1700920440.465128 66 -1
1700920440.465186 1322 1
1700920440.768724 1322 1
1700920440.783286 66 -1
1700920440.783286 1009 -1
1700920440.783286 7354 -1
1700920440.783286 804 -1
1700920440.783286 930 -1
1700920440.783286 7354 -1
1700920440.783286 2974 -1
1700920440.783286 1740 -1
1700920440.783286 6301 -1
1700920440.783286 957 -1
1700920440.783286 3345 -1
1700920440.783286 978 -1
1700920440.783286 813 -1
1700920440.783286 6057 -1
1700920440.783656 66 1
1700920440.783738 66 1
1700920440.783786 66 1
1700920440.783839 66 1
1700920440.783909 66 1
1700920440.783990 66 1
1700920440.784056 66 1
1700920440.784115 66 1
1700920440.784175 66 1
1700920440.784233 66 1
1700920440.784280 66 1
1700920440.784347 66 1
1700920440.793961 217 -1
1700920440.794057 74 1
1700920440.795547 1514 -1
1700920440.795755 54 1
1700920442.119590 230 1
1700920442.119702 231 1
1700920442.120844 60 -1
1700920442.120844 60 -1
1700920442.122084 231 1
1700920442.123274 229 1
1700920442.123360 231 1
1700920442.123388 60 -1
1700920442.123470 230 1
1700920442.123704 222 1
1700920442.123794 230 1
1700920442.124282 60 -1
1700920442.124597 860 -1
1700920442.124597 5894 -1
1700920442.124659 54 1
1700920442.125300 926 -1
1700920442.125341 66 1
1700920442.125625 5540 -1
1700920442.125694 66 1
1700920442.126638 970 -1
1700920442.126682 54 1
1700920442.127106 927 -1
1700920442.127106 1514 -1
1700920442.127131 54 1
1700920442.127197 1514 -1
1700920442.127197 1514 -1
1700920442.127227 54 1
1700920442.127692 1514 -1
1700920442.127713 54 1
1700920442.127819 7354 -1
1700920442.127848 54 1
1700920442.128291 3244 -1
1700920442.128337 54 1
1700920442.129167 1085 -1
1700920442.129167 688 -1
1700920442.129167 1049 -1
1700920442.129198 54 1
1700920442.129318 7354 -1
1700920442.129357 54 1
1700920442.129864 5406 -1
1700920442.129905 54 1
1700920442.130342 730 -1
1700920442.130685 1050 -1
1700920442.130685 731 -1
1700920442.130685 6401 -1
1700920442.130748 54 1
1700920442.131019 7354 -1
1700920442.131059 54 1
1700920442.131522 1840 -1
1700920442.131564 54 1
1700920442.131682 1082 -1
1700920442.131706 54 1
1700920442.131800 691 -1
1700920442.131847 7322 -1
1700920442.131885 54 1
1700920444.742736 223 1
1700920444.747039 927 -1
1700920444.747039 1514 -1
1700920444.747039 781 -1
1700920444.747145 54 1
1700920444.770943 231 1
1700920444.779567 935 -1
1700920444.779567 1514 -1
1700920444.779567 2974 -1
1700920444.779684 66 1
1700920444.781478 231 1
1700920444.781575 223 1
1700920444.781654 225 1
1700920444.787955 1220 -1
1700920444.788014 66 1
1700920444.793755 60 -1
1700920444.793755 856 -1
1700920444.793755 4862 -1
1700920444.793755 927 -1
1700920444.793755 5925 -1
1700920444.793755 1514 -1
1700920444.793887 66 1
1700920444.793970 66 1
1700920444.794031 66 1
1700920444.794068 66 1
1700920444.794128 54 1
1700920444.825616 1054 -1
1700920444.825616 730 -1
1700920444.825616 7354 -1
1700920444.825616 639 -1
1700920444.825728 54 1
1700920447.826238 54 1
1700920447.827654 78 -1
1700920447.827654 60 -1
1700920447.827699 54 1
