1700928840.738132 66 1
1700928840.739883 66 -1
1700928840.739979 54 1
1700928840.740684 663 1
1700928840.741661 60 -1
1700928840.752372 2778 -1
1700928840.752447 54 1
1700928840.760098 134 1
1700928840.761131 60 -1
1700928840.761419 341 -1
1700928840.761419 341 -1
1700928840.761461 54 1
1700928840.776818 146 1
1700928840.788722 585 1
1700928840.791864 60 -1
1700928840.791864 115 -1
1700928840.791864 85 -1
1700928840.791864 85 -1
1700928840.791864 60 -1
1700928840.791972 66 1
1700928840.800530 950 -1
1700928840.800530 2974 -1
1700928840.800530 3217 -1
1700928840.800757 54 1
1700928840.856855 85 1
1700928840.857020 180 1
1700928840.858414 60 -1
1700928840.859583 1035 -1
1700928840.859641 403 -1
1700928840.859718 54 1
1700928840.893800 232 1
1700928840.908715 894 -1
1700928840.908715 6579 -1
1700928840.909479 54 1
1700928840.909558 739 -1
1700928840.909774 66 1
1700928841.060045 234 1
1700928841.060120 230 1
1700928841.060228 230 1
1700928841.060408 230 1
1700928841.060707 229 1
1700928841.060776 230 1
1700928841.060912 230 1
1700928841.061001 229 1
1700928841.061101 230 1
1700928841.061340 231 1
1700928841.061410 150 1
1700928841.061958 66 -1
1700928841.061958 66 -1
1700928841.061958 66 -1
1700928841.062035 1381 1
1700928841.067277 66 -1
1700928841.067277 66 -1
1700928841.067277 66 -1
1700928841.067277 968 -1
1700928841.067277 13055 -1
1700928841.067277 940 -1
1700928841.067277 1514 -1
1700928841.067277 4892 -1
1700928841.067277 866 -1
1700928841.067277 5982 -1
1700928841.067954 54 1
1700928841.068371 66 -1
1700928841.070771 852 -1
1700928841.070771 3671 -1
1700928841.070849 66 1
1700928841.071235 858 -1
1700928841.071235 8814 -1
1700928841.071287 66 1
1700928841.071335 66 1
1700928841.083530 5331 -1
1700928841.083530 854 -1
1700928841.083530 5008 -1
1700928841.083530 6324 -1
1700928841.083530 1514 -1
1700928841.083530 1514 -1
1700928841.083530 903 -1
1700928841.083530 852 -1
1700928841.083530 8885 -1
1700928841.083530 876 -1
1700928841.083530 1148 -1
1700928841.083530 1514 -1
1700928841.084712 66 1
1700928841.084875 66 1
1700928841.084923 66 1
1700928841.084955 66 1
1700928841.084989 66 1
1700928841.085021 74 1
1700928841.085061 82 1
1700928841.085098 82 1
1700928841.085155 82 1
1700928841.085287 82 1
1700928841.085339 82 1
1700928841.085419 74 1
1700928841.086321 1514 -1
1700928841.086321 1514 -1
1700928841.086463 66 1
1700928841.086514 54 1
1700928841.587354 209 1
1700928841.603847 910 -1
1700928841.603847 1514 -1
1700928841.603956 54 1
1700928841.818257 943 -1
1700928841.888907 54 1
1700928845.834318 230 1
1700928845.835751 230 1
1700928845.836357 855 -1
1700928845.836402 54 1
1700928845.836478 2312 -1
1700928845.836512 54 1
1700928845.836837 235 1
1700928845.837662 230 1
1700928845.837767 231 1
1700928845.838394 60 -1
1700928845.839105 60 -1
1700928845.841333 857 -1
1700928845.841465 7354 -1
1700928845.841528 54 1
1700928845.842065 7354 -1
1700928845.842115 54 1
1700928845.842913 1860 -1
1700928845.842992 54 1
1700928845.843033 2974 -1
1700928845.843063 54 1
1700928845.843232 1082 -1
1700928845.843256 54 1
1700928845.843314 5894 -1
1700928845.843351 54 1
1700928845.844186 7354 -1
1700928845.844281 54 1
1700928845.844510 2746 -1
1700928845.844540 54 1
1700928845.844698 978 -1
1700928845.844725 54 1
1700928845.844765 966 -1
1700928845.844799 66 1
1700928845.844915 8966 -1
1700928845.845002 66 1
1700928845.846561 1611 -1
1700928845.846614 54 1
1700928845.852146 89 1
1700928845.904897 60 -1
1700928847.212479 231 1
1700928847.212540 229 1
1700928847.212601 229 1
1700928847.212777 230 1
1700928847.212860 229 1
1700928847.212927 230 1
1700928847.234176 60 -1
1700928847.234176 60 -1
1700928847.234176 60 -1
1700928847.234176 824 -1
1700928847.234176 3132 -1
1700928847.234176 925 -1
1700928847.234176 5098 -1
1700928847.234176 1049 -1
1700928847.234176 732 -1
1700928847.234176 5830 -1
1700928847.234176 1450 -1
1700928847.234370 66 1
1700928847.235164 60 -1
1700928847.236724 985 -1
1700928847.236724 13194 -1
1700928847.236810 54 1
1700928847.237684 3320 -1
1700928847.237727 54 1
1700928847.237921 3245 -1
1700928847.237970 54 1
1700928847.238182 927 -1
1700928847.238217 54 1
1700928847.238342 12395 -1
1700928847.238390 54 1
1700928847.239291 854 -1
1700928847.239328 54 1
1700928847.239368 5573 -1
1700928847.239396 54 1
1700928847.902605 54 1
1700928847.907452 78 -1
1700928847.907452 60 -1
1700928847.907579 54 1
1700928851.717902 66 1
1700928851.719951 66 -1
1700928851.720054 54 1
1700928851.721255 934 1
1700928851.724132 60 -1
1700928851.724611 318 -1
1700928851.725429 134 1
1700928851.727180 146 1
1700928851.727837 586 1
1700928851.727954 231 1
1700928851.728046 231 1
1700928851.729127 60 -1
1700928851.729127 341 -1
1700928851.729127 60 -1
1700928851.729127 115 -1
1700928851.729127 85 -1
1700928851.729127 60 -1
1700928851.729127 60 -1
1700928851.729127 60 -1
1700928851.729189 54 1
1700928851.730430 85 1
1700928851.731428 60 -1
1700928851.732000 924 -1
1700928851.732000 3396 -1
1700928851.732048 54 1
1700928851.732083 855 -1
1700928851.732139 6201 -1
1700928851.732182 54 1
1700928851.734119 852 -1
1700928851.734160 7354 -1
1700928851.734191 54 1
1700928851.735013 2569 -1
1700928851.735043 54 1
1700928854.241569 231 1
1700928854.245254 230 1
1700928854.247227 929 -1
1700928854.247227 7354 -1
1700928854.247227 2507 -1
1700928854.247343 66 1
1700928854.248298 230 1
1700928854.249180 857 -1
1700928854.249228 66 1
1700928854.249375 7354 -1
1700928854.249411 66 1
1700928854.249896 7276 -1
1700928854.249948 66 1
1700928854.250288 1514 -1
1700928854.250330 54 1
1700928854.251037 926 -1
1700928854.251037 4434 -1
1700928854.251037 468 -1
1700928854.251102 66 1
1700928854.251155 66 1
1700928854.251838 231 1
1700928854.251992 231 1
1700928854.252061 1514 -1
1700928854.252118 54 1
1700928854.252159 231 1
1700928854.254122 60 -1
1700928854.254861 928 -1
1700928854.254861 6114 -1
1700928854.254922 54 1
1700928854.255259 909 -1
1700928854.255322 7354 -1
1700928854.255348 54 1
1700928854.256067 888 -1
1700928854.256067 858 -1
1700928854.256126 54 1
1700928854.256208 5894 -1
1700928854.256254 54 1
1700928854.256576 1514 -1
1700928854.256925 3854 -1
1700928854.256958 54 1
1700928855.248014 229 1
1700928855.249452 234 1
1700928855.249557 229 1
1700928855.250445 925 -1
1700928855.250537 7354 -1
1700928855.250569 54 1
1700928855.250605 229 1
1700928855.250701 231 1
1700928855.250818 234 1
1700928855.251363 1705 -1
1700928855.251386 54 1
1700928855.251629 231 1
1700928855.252382 60 -1
1700928855.253154 856 -1
1700928855.253154 4507 -1
1700928855.253191 54 1
1700928855.254431 928 -1
1700928855.254431 1514 -1
1700928855.254431 5813 -1
1700928855.254539 54 1
1700928855.255157 854 -1
1700928855.255157 1472 -1
1700928855.255157 856 -1
1700928855.255157 5934 -1
1700928855.255198 54 1
1700928855.256002 931 -1
1700928855.256002 6004 -1
1700928855.256032 54 1
1700928855.256500 857 -1
1700928855.256523 54 1
1700928855.256600 7354 -1
1700928855.256697 54 1
1700928855.257232 688 -1
1700928855.257250 54 1
1700928857.750108 232 1
1700928857.752189 230 1
1700928857.752536 956 -1
1700928857.752536 2587 -1
1700928857.752580 54 1
1700928857.753923 229 1
1700928857.754462 231 1
1700928857.754927 66 -1
1700928857.755474 66 -1
1700928857.756123 89 1
1700928857.757165 66 -1
1700928857.757193 617 1
1700928857.758251 66 -1
1700928857.760339 232 1
1700928857.760590 855 -1
1700928857.760590 5353 -1
1700928857.760691 54 1
1700928857.760963 905 -1
1700928857.760963 2669 -1
1700928857.760996 54 1
1700928857.761343 852 -1
1700928857.761343 4723 -1
1700928857.761390 54 1
1700928857.775515 980 -1
1700928857.775515 2974 -1
1700928857.775515 1080 -1
1700928857.775515 1080 -1
1700928857.775670 66 1
1700928857.775866 74 1
1700928857.986594 1514 -1
1700928857.986769 54 1
1700928859.351346 228 1
1700928859.354018 850 -1
1700928859.354018 7354 -1
1700928859.354109 54 1
1700928859.354402 399 -1
1700928859.359538 231 1
1700928859.360622 229 1
1700928859.367517 60 -1
1700928859.367517 801 -1
1700928859.367517 6065 -1
1700928859.367517 929 -1
1700928859.367517 6184 -1
1700928859.367633 54 1
1700928861.278514 230 1
1700928861.281847 232 1
1700928861.281919 229 1
1700928861.288707 60 -1
1700928861.288707 824 -1
1700928861.288707 894 -1
1700928861.288707 1514 -1
1700928861.288707 4873 -1
1700928861.288707 5405 -1
1700928861.288707 926 -1
1700928861.288707 7354 -1
1700928861.288707 407 -1
1700928861.289941 54 1
1700928863.834614 232 1
1700928863.835461 230 1
1700928863.836802 60 -1
1700928863.838655 950 -1
1700928863.838655 4395 -1
1700928863.838655 850 -1
1700928863.838655 5358 -1
1700928863.838793 54 1
1700928863.840596 234 1
1700928863.840714 230 1
1700928863.840806 229 1
1700928863.840867 229 1
1700928863.840970 229 1
1700928863.842428 60 -1
1700928863.842428 60 -1
1700928863.843450 89 1
1700928863.843980 926 -1
1700928863.843980 5877 -1
1700928863.844055 54 1
1700928863.845027 925 -1
1700928863.845027 7117 -1
1700928863.845069 54 1
1700928863.845248 962 -1
1700928863.845274 54 1
1700928863.845322 5773 -1
1700928863.845359 54 1
1700928863.846904 1133 -1
1700928863.846904 618 -1
1700928863.846904 6104 -1
1700928863.846904 956 -1
1700928863.846904 7354 -1
1700928863.847000 54 1
1700928863.847184 996 -1
1700928863.847556 54 1
1700928865.399764 230 1
1700928865.399873 238 1
1700928865.399940 226 1
1700928865.400354 229 1
1700928865.400423 231 1
1700928865.400489 225 1
1700928865.400582 222 1
1700928865.407598 60 -1
1700928865.409504 857 -1
1700928865.409504 7354 -1
1700928865.409597 54 1
1700928865.410307 7354 -1
1700928865.410365 54 1
1700928865.410576 1860 -1
1700928865.410637 54 1
1700928865.411141 7354 -1
1700928865.411224 54 1
1700928865.411463 1514 -1
1700928865.411463 4002 -1
1700928865.411499 54 1
1700928865.412170 13482 -1
1700928865.412214 54 1
1700928865.413104 1081 -1
1700928865.413104 691 -1
1700928865.413104 1081 -1
1700928865.413104 7239 -1
1700928865.413144 54 1
1700928865.413677 694 -1
1700928865.413718 4434 -1
1700928865.413748 54 1
1700928865.414119 3521 -1
1700928865.414157 54 1
1700928865.415135 975 -1
1700928865.415135 821 -1
1700928865.415135 4549 -1
1700928865.415135 879 -1
1700928865.415135 4008 -1
1700928865.415180 54 1
1700928867.392041 232 1
1700928867.392212 231 1
1700928867.392296 223 1
1700928867.392375 221 1
1700928867.392946 222 1
1700928867.395315 223 1
1700928867.396108 60 -1
1700928867.396108 910 -1
1700928867.396108 8814 -1
1700928867.396229 54 1
1700928867.399132 1353 -1
1700928867.399132 933 -1
1700928867.399132 5866 -1
1700928867.399132 7694 -1
1700928867.399132 929 -1
1700928867.399132 11776 -1
1700928867.399132 60 -1
1700928867.399132 909 -1
1700928867.399132 9280 -1
1700928867.399326 54 1
1700928867.400617 857 -1
1700928867.400617 7354 -1
1700928867.400667 54 1
1700928867.402488 606 -1
1700928867.402632 54 1
1700928867.900342 54 1
1700928867.901701 78 -1
1700928867.901701 60 -1
1700928867.901739 54 1
1700928870.707255 66 1
1700928870.708523 66 -1
1700928870.713323 54 1
1700928870.716124 934 1
1700928870.718786 60 -1
1700928870.718786 318 -1
1700928870.721756 134 1
1700928870.722214 146 1
1700928870.723567 577 1
1700928870.723672 221 1
1700928870.723767 223 1
1700928870.723856 230 1
1700928870.723944 229 1
1700928870.724028 221 1
1700928870.725148 60 -1
1700928870.725148 341 -1
1700928870.725395 60 -1
1700928870.725395 115 -1
1700928870.725395 85 -1
1700928870.725430 54 1
1700928870.726438 85 1
1700928870.727516 60 -1
1700928870.727516 60 -1
1700928870.727516 60 -1
1700928870.727516 60 -1
1700928870.727516 60 -1
1700928870.727516 60 -1
1700928870.727618 60 -1
1700928870.729988 1072 -1
1700928870.729988 735 -1
1700928870.729988 925 -1
1700928870.730073 54 1
1700928870.730219 10157 -1
1700928870.730336 54 1
1700928870.731052 7354 -1
1700928870.731098 54 1
1700928870.731481 4348 -1
1700928870.731511 54 1
1700928870.732130 4434 -1
1700928870.732191 54 1
1700928870.735406 12178 -1
1700928870.735406 7354 -1
1700928870.735406 2974 -1
1700928870.735406 642 -1
1700928870.735537 54 1
1700928872.659292 223 1
1700928872.660333 60 -1
1700928872.661971 5886 -1
1700928872.662076 66 1
1700928872.662696 223 1
1700928872.678188 855 -1
1700928872.678188 1025 -1
1700928872.678188 773 -1
1700928872.678188 1514 -1
1700928872.678323 54 1
1700928872.678396 54 1
1700928872.682717 6686 -1
1700928872.682962 54 1
1700928872.695304 223 1
1700928872.695901 224 1
1700928872.696021 222 1
1700928872.699226 60 -1
1700928872.703551 926 -1
1700928872.703551 2330 -1
1700928872.703647 54 1
1700928872.706591 961 -1
1700928872.706591 13250 -1
1700928872.706706 54 1
1700928872.707527 927 -1
1700928872.707594 3616 -1
1700928872.707618 54 1
1700928876.205046 222 1
1700928876.207023 223 1
1700928876.207170 218 1
1700928876.207261 223 1
1700928876.208655 225 1
1700928876.210404 897 -1
1700928876.210404 7677 -1
1700928876.210516 54 1
1700928876.210812 60 -1
1700928876.210812 905 -1
1700928876.210812 3140 -1
1700928876.211115 66 1
1700928876.211780 874 -1
1700928876.211823 66 1
1700928876.212030 10525 -1
1700928876.212181 66 1
1700928876.213301 859 -1
1700928876.213342 66 1
1700928876.216294 7354 -1
1700928876.216294 2974 -1
1700928876.216294 6240 -1
1700928876.216294 7354 -1
1700928876.216294 7354 -1
1700928876.216405 66 1
1700928876.216601 66 1
1700928876.216657 66 1
1700928876.216716 66 1
1700928876.216760 66 1
1700928876.216828 1891 -1
1700928876.216828 7354 -1
1700928876.216876 66 1
1700928876.216913 66 1
1700928876.217116 89 1
1700928876.217166 7354 -1
1700928876.217231 66 1
1700928876.217237 223 1
1700928876.217751 1922 -1
1700928876.217794 66 1
1700928876.217842 7354 -1
1700928876.218042 66 1
1700928876.218421 2974 -1
1700928876.218472 66 1
1700928876.218726 1514 -1
1700928876.218827 74 1
1700928876.218907 2974 -1
1700928876.218942 82 1
1700928876.219064 7354 -1
1700928876.219129 90 1
1700928876.219634 4434 -1
1700928876.219695 90 1
1700928876.220641 2974 -1
1700928876.220641 7354 -1
1700928876.220692 90 1
1700928876.220731 90 1
1700928876.221075 2974 -1
1700928876.221110 90 1
1700928876.221212 2974 -1
1700928876.221256 90 1
1700928876.221336 4434 -1
1700928876.221395 90 1
1700928876.221767 2974 -1
1700928876.221795 90 1
1700928876.222075 7354 -1
1700928876.222356 90 1
1700928876.222520 1514 -1
1700928876.222645 90 1
1700928876.222770 5894 -1
1700928876.222808 90 1
1700928876.223137 5894 -1
1700928876.223177 90 1
1700928876.223659 1514 -1
1700928876.223687 90 1
1700928876.223732 7354 -1
1700928876.223764 90 1
1700928876.224355 2974 -1
1700928876.224386 90 1
1700928876.224698 1514 -1
1700928876.224698 4434 -1
1700928876.224730 90 1
1700928876.224765 90 1
1700928876.225082 4434 -1
1700928876.225141 90 1
1700928876.225420 1514 -1
1700928876.225455 90 1
1700928876.225614 4434 -1
1700928876.225679 90 1
1700928876.226124 2974 -1
1700928876.226157 90 1
1700928876.226227 2974 -1
1700928876.226262 90 1
1700928876.226425 1514 -1
1700928876.226446 90 1
1700928876.226500 4434 -1
1700928876.226523 90 1
1700928876.227300 1514 -1
1700928876.227300 7354 -1
1700928876.227351 90 1
1700928876.227391 90 1
1700928876.227613 2974 -1
1700928876.227646 90 1
1700928876.227889 1514 -1
1700928876.227920 90 1
1700928876.228202 5894 -1
1700928876.228346 90 1
1700928876.228452 2974 -1
1700928876.228476 90 1
1700928876.229312 1514 -1
1700928876.229312 1514 -1
1700928876.229312 1514 -1
1700928876.229312 1514 -1
1700928876.229312 4434 -1
1700928876.229377 90 1
1700928876.229414 90 1
1700928876.229517 90 1
1700928876.229595 82 1
1700928876.229656 90 1
1700928876.230023 4434 -1
1700928876.230023 2974 -1
1700928876.230056 90 1
1700928876.230255 90 1
1700928876.230298 7354 -1
1700928876.230349 90 1
1700928876.230849 1514 -1
1700928876.231001 90 1
1700928876.231040 1514 -1
1700928876.231040 2974 -1
1700928876.231070 90 1
1700928876.231118 90 1
1700928876.231279 1514 -1
1700928876.231327 90 1
1700928876.236231 1514 -1
1700928876.236231 2974 -1
1700928876.236231 1688 -1
1700928876.236231 949 -1
1700928876.236231 854 -1
1700928876.236231 2974 -1
1700928876.236330 90 1
1700928876.236377 90 1
1700928876.236420 90 1
1700928876.236490 90 1
1700928876.236518 90 1
1700928876.236539 90 1
1700928876.236581 3202 -1
1700928876.236581 1514 -1
1700928876.236798 90 1
1700928876.236831 90 1
1700928876.236847 1514 -1
1700928876.236985 82 1
1700928876.237077 1514 -1
1700928876.237077 1514 -1
1700928876.237111 74 1
1700928876.237352 66 1
1700928876.237524 1514 -1
1700928876.237588 54 1
1700928876.237996 54 1
1700928877.816302 222 1
1700928877.820735 1084 -1
1700928877.820735 689 -1
1700928877.820735 3170 -1
1700928877.820847 54 1
1700928877.821706 231 1
1700928877.821814 230 1
1700928877.823604 60 -1
1700928877.824755 929 -1
1700928877.824755 2786 -1
1700928877.824842 54 1
1700928877.825117 962 -1
1700928877.825117 5525 -1
1700928877.825176 54 1
1700928877.832008 226 1
1700928877.832293 224 1
1700928877.834301 60 -1
1700928877.835357 7354 -1
1700928877.835357 930 -1
1700928877.835357 1514 -1
1700928877.835482 66 1
1700928877.835565 66 1
1700928877.836269 54 1
1700928877.836378 556 -1
1700928877.836378 856 -1
1700928877.836378 4968 -1
1700928877.836453 54 1
1700928877.837328 930 -1
1700928877.837328 1514 -1
1700928877.837375 66 1
1700928877.837413 66 1
1700928877.841311 231 1
1700928877.843962 7885 -1
1700928877.843962 929 -1
1700928877.844102 66 1
1700928877.844194 54 1
1700928877.845298 929 -1
1700928877.845324 66 1
1700928877.909026 54 1
1700928877.910242 78 -1
1700928877.910242 60 -1
1700928877.910317 54 1
1700928879.919483 66 1
1700928879.920591 66 -1
1700928879.920680 54 1
1700928879.921746 870 1
1700928879.922733 60 -1
1700928879.923586 318 -1
1700928879.924265 134 1
1700928879.924997 146 1
1700928879.925909 60 -1
1700928879.926016 585 1
1700928879.926203 230 1
1700928879.926308 232 1
1700928879.926386 231 1
1700928879.926511 221 1
1700928879.926594 224 1
1700928879.926726 60 -1
1700928879.926726 341 -1
1700928879.926726 115 -1
1700928879.926726 85 -1
1700928879.926781 54 1
1700928879.927027 85 1
1700928879.928180 60 -1
1700928879.928180 60 -1
1700928879.928180 60 -1
1700928879.928180 60 -1
1700928879.928180 66 -1
1700928879.929554 66 -1
1700928879.929622 938 -1
1700928879.929622 8106 -1
1700928879.929655 54 1
1700928879.931228 942 -1
1700928879.931228 5893 -1
1700928879.931228 867 -1
1700928879.931228 1514 -1
1700928879.931228 3390 -1
1700928879.931228 942 -1
1700928879.931228 10202 -1
1700928879.931333 54 1
1700928879.931907 4445 -1
1700928879.931951 54 1
1700928880.243858 422 1
1700928880.245150 66 -1
1700928880.246410 957 -1
1700928880.246410 5589 -1
1700928880.246501 54 1
1700928880.246761 909 -1
1700928880.246787 54 1
1700928880.246831 5894 -1
1700928880.246874 54 1
1700928880.247360 5810 -1
1700928880.247404 54 1
1700928883.928591 232 1
1700928883.930316 223 1
1700928883.930909 856 -1
1700928883.930909 4434 -1
1700928883.930974 54 1
1700928883.931249 5982 -1
1700928883.931285 54 1
1700928883.932614 898 -1
1700928883.932669 54 1
1700928883.932701 7354 -1
1700928883.932735 54 1
1700928883.933708 816 -1
1700928883.933848 54 1
1700928883.937521 221 1
1700928883.937763 230 1
1700928883.938902 224 1
1700928883.939328 60 -1
1700928883.941562 855 -1
1700928883.941745 4434 -1
1700928883.941791 54 1
1700928883.941986 7354 -1
1700928883.942040 54 1
1700928883.942626 4780 -1
1700928883.942646 54 1
1700928883.942989 5200 -1
1700928883.943020 54 1
1700928883.943495 958 -1
1700928883.943495 7154 -1
1700928883.943534 54 1
1700928883.944081 958 -1
1700928883.944098 54 1
1700928883.944174 5916 -1
1700928883.944194 54 1
1700928887.921280 222 1
1700928887.923713 930 -1
1700928887.923713 2974 -1
1700928887.923758 54 1
1700928887.923860 1493 -1
1700928887.923889 54 1
1700928887.926160 221 1
1700928887.927574 230 1
1700928887.927649 224 1
1700928887.928599 89 1
1700928887.929353 927 -1
1700928887.929386 54 1
1700928887.929410 5423 -1
1700928887.929432 54 1
1700928887.930585 60 -1
1700928887.930585 962 -1
1700928887.930631 54 1
1700928887.930672 7354 -1
1700928887.930701 54 1
1700928887.931354 5523 -1
1700928887.931395 54 1
1700928887.931799 957 -1
1700928887.931828 54 1
1700928887.931874 7131 -1
1700928887.931901 54 1
1700928889.563596 232 1
1700928889.568831 224 1
1700928889.570492 230 1
1700928889.571116 959 -1
1700928889.571116 5910 -1
1700928889.571196 54 1
1700928889.571498 232 1
1700928889.572308 955 -1
1700928889.572308 6581 -1
1700928889.572385 54 1
1700928889.573166 60 -1
1700928889.577052 857 -1
1700928889.577052 7128 -1
1700928889.577052 7354 -1
1700928889.577052 2035 -1
1700928889.577145 54 1
1700928891.726729 230 1
1700928891.726891 232 1
1700928891.727041 221 1
1700928891.727133 230 1
1700928891.727225 231 1
1700928891.727856 229 1
1700928891.728382 60 -1
1700928891.730737 853 -1
1700928891.730802 928 -1
1700928891.730802 7498 -1
1700928891.730882 54 1
1700928891.731434 929 -1
1700928891.731498 2974 -1
1700928891.731524 54 1
1700928891.731742 1662 -1
1700928891.731768 54 1
1700928891.731873 3017 -1
1700928891.731899 54 1
1700928891.732151 928 -1
1700928891.732187 7538 -1
1700928891.732217 54 1
1700928891.732836 956 -1
1700928891.732864 54 1
1700928891.732919 6965 -1
1700928891.732990 54 1
1700928891.752145 1055 -1
1700928891.752145 730 -1
1700928891.752237 54 1
1700928891.752297 4434 -1
1700928891.752327 54 1
1700928891.752417 1137 -1
1700928891.798348 54 1
1700928895.653238 226 1
1700928895.653953 222 1
1700928895.655412 60 -1
1700928895.656524 927 -1
1700928895.656683 6144 -1
1700928895.656716 54 1
1700928895.657302 825 -1
1700928895.657302 9431 -1
1700928895.657353 54 1
1700928895.657850 231 1
1700928895.658943 221 1
1700928895.659620 230 1
1700928895.660068 893 -1
1700928895.660068 6391 -1
1700928895.660152 54 1
1700928895.660761 60 -1
1700928895.661855 930 -1
1700928895.661982 7055 -1
1700928895.662051 54 1
1700928895.663149 926 -1
1700928895.663149 6682 -1
1700928895.663212 54 1
1700928895.663695 223 1
1700928895.664208 232 1
1700928895.665516 89 1
1700928895.671032 60 -1
1700928895.672963 925 -1
1700928895.672963 2381 -1
1700928895.672963 928 -1
1700928895.672963 3315 -1
1700928895.673141 54 1
1700928897.343627 230 1
1700928897.344897 222 1
1700928897.345028 221 1
1700928897.347106 222 1
1700928897.348135 926 -1
1700928897.348135 11214 -1
1700928897.348188 54 1
1700928897.348742 911 -1
1700928897.348763 54 1
1700928897.348824 1514 -1
1700928897.348824 1514 -1
1700928897.348847 54 1
1700928897.348963 1514 -1
1700928897.348980 54 1
1700928897.349228 3483 -1
1700928897.349268 54 1
1700928897.349452 60 -1
1700928897.350570 232 1
1700928897.350682 930 -1
1700928897.350682 5574 -1
1700928897.350730 54 1
1700928897.351042 960 -1
1700928897.351065 54 1
1700928897.351104 4309 -1
1700928897.351142 54 1
1700928897.352751 959 -1
1700928897.352781 54 1
1700928897.352852 4434 -1
1700928897.352904 54 1
1700928897.353439 1501 -1
1700928897.353465 54 1
1700928897.939566 54 1
1700928897.940795 78 -1
1700928897.940795 60 -1
1700928897.940846 54 1
1700928899.616986 66 1
1700928899.620250 66 -1
1700928899.620385 54 1
1700928899.621010 902 1
1700928899.623127 60 -1
1700928899.623127 318 -1
1700928899.623739 134 1
1700928899.624858 60 -1
1700928899.624937 146 1
1700928899.625488 341 -1
1700928899.626060 580 1
1700928899.626184 231 1
1700928899.626316 230 1
1700928899.626433 228 1
1700928899.626598 231 1
1700928899.626723 230 1
1700928899.628296 222 1
1700928899.628907 222 1
1700928899.633416 60 -1
1700928899.633416 115 -1
1700928899.633416 85 -1
1700928899.633416 60 -1
1700928899.633416 853 -1
1700928899.633416 5330 -1
1700928899.633570 54 1
1700928899.634443 60 -1
1700928899.634443 60 -1
1700928899.634443 60 -1
1700928899.634443 60 -1
1700928899.635342 85 1
1700928899.635416 928 -1
1700928899.635725 927 -1
1700928899.635725 854 -1
1700928899.635754 54 1
1700928899.635798 5676 -1
1700928899.635835 54 1
1700928899.635891 928 -1
1700928899.635915 54 1
1700928899.635951 5629 -1
1700928899.635988 54 1
1700928899.636430 1514 -1
1700928899.636459 54 1
1700928899.636545 4433 -1
1700928899.636586 54 1
1700928899.636931 4434 -1
1700928899.636968 54 1
1700928899.637283 511 -1
1700928899.637322 66 1
1700928899.637393 10709 -1
1700928899.637474 66 1
1700928899.638837 2974 -1
1700928899.638837 980 -1
1700928899.638837 811 -1
1700928899.638880 54 1
1700928899.638923 54 1
1700928899.638996 2398 -1
1700928899.639042 54 1
1700928904.526150 231 1
1700928904.526257 222 1
1700928904.527656 223 1
1700928904.527777 221 1
1700928904.527882 223 1
1700928904.534403 60 -1
1700928904.534403 60 -1
1700928904.534403 929 -1
1700928904.534403 3099 -1
1700928904.534403 930 -1
1700928904.534403 7354 -1
1700928904.534403 6460 -1
1700928904.534403 855 -1
1700928904.534403 7354 -1
1700928904.534403 1514 -1
1700928904.534403 1545 -1
1700928904.534403 907 -1
1700928904.534403 6642 -1
1700928904.534785 54 1
1700928904.535495 1082 -1
1700928904.535495 691 -1
1700928904.535495 6204 -1
1700928904.535580 54 1
1700928907.362786 234 1
1700928907.363756 225 1
1700928907.364345 235 1
1700928907.366007 60 -1
1700928907.368732 1023 -1
1700928907.368732 771 -1
1700928907.368732 7354 -1
1700928907.368732 7354 -1
1700928907.368892 54 1
1700928907.369034 1860 -1
1700928907.369061 54 1
1700928907.374633 229 1
1700928907.374704 230 1
1700928907.375404 89 1
1700928907.375483 231 1
1700928907.375576 230 1
1700928907.376722 5690 -1
1700928907.376722 1514 -1
1700928907.376722 2974 -1
1700928907.376722 2725 -1
1700928907.376841 66 1
1700928907.377742 66 -1
1700928907.377742 66 -1
1700928907.377742 66 -1
1700928907.377742 66 -1
1700928907.377815 974 1
1700928907.379101 66 -1
1700928907.380225 856 -1
1700928907.380267 66 1
1700928907.387956 4957 -1
1700928907.387956 947 -1
1700928907.387956 7354 -1
1700928907.387956 2561 -1
1700928907.387956 858 -1
1700928907.387956 7354 -1
1700928907.387956 7354 -1
1700928907.387956 716 -1
1700928907.387956 1078 -1
1700928907.387956 694 -1
1700928907.387956 4434 -1
1700928907.387956 1900 -1
1700928907.387956 1514 -1
1700928907.387956 1708 -1
1700928907.387956 2974 -1
1700928907.387956 7354 -1
1700928907.387956 3806 -1
1700928907.388208 66 1
1700928907.388308 66 1
1700928907.388373 66 1
1700928907.388401 66 1
1700928907.388432 66 1
1700928907.388485 66 1
1700928907.388543 66 1
1700928907.388584 66 1
1700928907.388652 66 1
1700928907.388726 66 1
1700928907.388797 66 1
1700928907.388875 66 1
1700928907.389116 54 1
1700928907.389188 54 1
1700928907.951461 54 1
1700928908.267890 54 1
1700928908.271042 78 -1
1700928908.271042 60 -1
1700928908.271186 54 1
1700928912.231048 66 1
1700928912.234248 66 -1
1700928912.234391 54 1
1700928912.235310 934 1
1700928912.237622 60 -1
1700928912.237622 318 -1
1700928912.238691 134 1
1700928912.239625 60 -1
1700928912.239722 341 -1
1700928912.240396 146 1
1700928912.241337 585 1
1700928912.241429 231 1
1700928912.241489 230 1
1700928912.241542 229 1
1700928912.241619 231 1
1700928912.241704 231 1
1700928912.241790 229 1
1700928912.242059 60 -1
1700928912.242059 115 -1
1700928912.242059 85 -1
1700928912.242112 54 1
1700928912.242484 85 1
1700928912.242964 60 -1
1700928912.242964 60 -1
1700928912.242964 60 -1
1700928912.242964 60 -1
1700928912.242964 60 -1
1700928912.242964 60 -1
1700928912.242964 60 -1
1700928912.243455 60 -1
1700928912.244064 1009 -1
1700928912.244319 7354 -1
1700928912.244361 54 1
1700928912.244688 2264 -1
1700928912.244748 54 1
1700928912.244823 854 -1
1700928912.244908 908 -1
1700928912.244932 54 1
1700928912.245071 7354 -1
1700928912.245110 54 1
1700928912.246281 3194 -1
1700928912.246320 54 1
1700928912.246539 7354 -1
1700928912.246569 54 1
1700928912.247142 7354 -1
1700928912.247189 54 1
1700928912.247757 579 -1
1700928912.247757 2974 -1
1700928912.247791 54 1
1700928912.251388 1514 -1
1700928912.251388 7354 -1
1700928912.251388 6439 -1
1700928912.251388 1514 -1
1700928912.251388 1885 -1
1700928912.251581 66 1
1700928912.251649 66 1
1700928912.251685 66 1
1700928912.251740 66 1
1700928912.258019 1121 -1
1700928912.258096 54 1
1700928913.923822 232 1
1700928913.924287 231 1
1700928913.925106 232 1
1700928913.925771 230 1
1700928913.925773 60 -1
1700928913.926535 224 1
1700928913.927070 232 1
1700928913.927591 60 -1
1700928913.928515 926 -1
1700928913.928583 5540 -1
1700928913.928615 54 1
1700928913.929631 961 -1
1700928913.929663 54 1
1700928913.929698 7354 -1
1700928913.929748 54 1
1700928913.930274 6009 -1
1700928913.930307 54 1
1700928913.930694 926 -1
1700928913.930783 7354 -1
1700928913.930818 54 1
1700928913.931407 2486 -1
1700928913.931442 54 1
1700928913.931564 925 -1
1700928913.931644 7046 -1
1700928913.931676 54 1
1700928914.237841 402 1
1700928914.240044 926 -1
1700928914.240292 7320 -1
1700928914.240353 66 1
1700928914.240593 958 -1
1700928914.240620 66 1
1700928914.240660 7928 -1
1700928914.240721 66 1
1700928914.241608 1514 -1
1700928914.241651 54 1
1700928914.972086 54 1
1700928914.974566 78 -1
1700928914.974566 60 -1
1700928914.974608 54 1
1700928916.279010 66 1
1700928916.280119 66 -1
1700928916.280252 54 1
1700928916.281823 870 1
1700928916.286563 60 -1
1700928916.286563 318 -1
1700928916.295687 134 1
1700928916.296215 146 1
1700928916.296896 577 1
1700928916.297043 229 1
1700928916.297172 230 1
1700928916.297307 232 1
1700928916.297432 223 1
1700928916.297563 230 1
1700928916.299762 60 -1
1700928916.299762 60 -1
1700928916.299762 60 -1
1700928916.299762 60 -1
1700928916.299762 60 -1
1700928916.299762 60 -1
1700928916.299762 60 -1
1700928916.299762 341 -1
1700928916.301552 115 -1
1700928916.301552 85 -1
1700928916.301552 855 -1
1700928916.301552 5881 -1
1700928916.301638 54 1
1700928916.301909 935 -1
1700928916.301909 7060 -1
1700928916.301947 54 1
1700928916.302704 7354 -1
1700928916.302725 85 1
1700928916.302875 54 1
1700928916.303112 7354 -1
1700928916.303186 54 1
1700928916.303832 470 -1
1700928916.303832 927 -1
1700928916.303832 2241 -1
1700928916.303879 54 1
1700928916.304022 7354 -1
1700928916.304057 54 1
1700928916.304957 4617 -1
1700928916.304997 54 1
1700928916.305664 60 -1
1700928917.968600 54 1
1700928917.970496 78 -1
1700928917.970496 60 -1
1700928917.970540 54 1
1700928920.900637 66 1
1700928920.909028 66 -1
1700928920.909109 54 1
1700928920.914649 966 1
1700928920.915915 60 -1
1700928920.916456 318 -1
1700928920.916973 134 1
1700928920.919973 146 1
1700928920.920884 579 1
1700928920.920977 240 1
1700928920.921051 229 1
1700928920.921157 238 1
1700928920.921270 232 1
1700928920.921353 234 1
1700928920.923616 60 -1
1700928920.923616 60 -1
1700928920.924032 60 -1
1700928920.924032 60 -1
1700928920.924032 60 -1
1700928920.924032 60 -1
1700928920.924032 60 -1
1700928920.924032 60 -1
1700928920.924032 341 -1
1700928920.925524 115 -1
1700928920.925524 85 -1
1700928920.925524 928 -1
1700928920.925575 54 1
1700928920.925646 5985 -1
1700928920.925683 54 1
1700928920.926107 929 -1
1700928920.926135 54 1
1700928920.926208 1514 -1
1700928920.926453 3551 -1
1700928920.926480 54 1
1700928920.926519 85 1
1700928920.926595 7354 -1
1700928920.926633 54 1
1700928920.927159 8814 -1
1700928920.927336 54 1
1700928920.927933 7354 -1
1700928920.927978 54 1
1700928920.928480 1385 -1
1700928920.928580 6886 -1
1700928920.928609 54 1
1700928920.929151 60 -1
1700928920.933364 5094 -1
1700928920.933476 66 1
1700928920.934541 930 -1
1700928920.934603 54 1
1700928922.596513 234 1
1700928922.596663 228 1
1700928922.596741 222 1
1700928922.597428 223 1
1700928922.597538 230 1
1700928922.597633 222 1
1700928922.599558 60 -1
1700928922.599558 60 -1
1700928922.599558 60 -1
1700928922.599558 60 -1
1700928922.599558 60 -1
1700928922.599558 60 -1
1700928922.601090 959 -1
1700928922.601090 7041 -1
1700928922.601167 54 1
1700928922.608397 928 -1
1700928922.608397 7354 -1
1700928922.608397 2388 -1
1700928922.608397 7354 -1
1700928922.608397 284 -1
1700928922.608397 7354 -1
1700928922.608397 7354 -1
1700928922.608397 2540 -1
1700928922.608397 957 -1
1700928922.608397 4812 -1
1700928922.608641 54 1
1700928924.955524 221 1
1700928924.961442 928 -1
1700928924.961442 6653 -1
1700928924.961734 54 1
1700928924.975821 224 1
1700928924.978318 228 1
1700928924.978432 221 1
1700928924.993633 60 -1
1700928925.004083 925 -1
1700928925.004083 2836 -1
1700928925.004083 926 -1
1700928925.004083 5502 -1
1700928925.004083 928 -1
1700928925.004083 8059 -1
1700928925.004351 54 1
1700928927.981991 54 1
1700928927.985576 78 -1
1700928927.985576 60 -1
1700928927.985647 54 1
