1700932802.829056 66 1
1700932802.830130 66 -1
1700932802.830246 54 1
1700932802.834218 663 1
1700932802.835182 60 -1
1700932802.843292 2974 -1
1700932802.843348 54 1
1700932802.843387 957 -1
1700932802.852182 134 1
1700932802.853063 60 -1
1700932802.853373 146 1
1700932802.853649 581 1
1700932802.853957 341 -1
1700932802.853957 341 -1
1700932802.853993 54 1
1700932802.854537 60 -1
1700932802.854704 115 -1
1700932802.854704 85 -1
1700932802.854704 60 -1
1700932802.854756 54 1
1700932802.854915 85 1
1700932802.855976 60 -1
1700932802.876123 1204 -1
1700932802.876123 559 -1
1700932802.876123 2974 -1
1700932802.876123 3574 -1
1700932802.876263 54 1
1700932802.879641 654 -1
1700932802.879702 66 1
1700932803.008604 226 1
1700932803.011025 60 -1
1700932803.015019 1229 -1
1700932803.015108 526 -1
1700932803.015135 54 1
1700932803.015182 6717 -1
1700932803.015224 54 1
1700932803.101320 225 1
1700932803.111205 1199 -1
1700932803.111205 563 -1
1700932803.111205 7354 -1
1700932803.111205 476 -1
1700932803.111321 54 1
1700932803.138670 230 1
1700932803.138788 227 1
1700932803.139006 226 1
1700932803.139084 227 1
1700932803.139165 229 1
1700932803.139257 230 1
1700932803.140087 60 -1
1700932803.142995 60 -1
1700932803.148024 1228 -1
1700932803.148024 526 -1
1700932803.148064 54 1
1700932803.151113 1211 -1
1700932803.151373 541 -1
1700932803.151373 1262 -1
1700932803.151373 474 -1
1700932803.151419 54 1
1700932803.151579 7354 -1
1700932803.151614 54 1
1700932803.151972 7354 -1
1700932803.152008 54 1
1700932803.152594 1443 -1
1700932803.152696 4158 -1
1700932803.152743 54 1
1700932803.153031 1697 -1
1700932803.153058 54 1
1700932803.153516 5275 -1
1700932803.153584 54 1
1700932803.153911 1514 -1
1700932803.154301 240 -1
1700932803.154301 1730 -1
1700932803.154338 54 1
1700932803.154570 7354 -1
1700932803.154648 54 1
1700932803.155685 387 -1
1700932803.155685 2974 -1
1700932803.155723 54 1
1700932803.155878 7354 -1
1700932803.155944 54 1
1700932803.156753 813 -1
1700932803.156753 4384 -1
1700932803.156790 54 1
1700932803.169380 228 1
1700932803.169513 228 1
1700932803.169575 227 1
1700932803.169676 226 1
1700932803.169736 228 1
1700932803.169794 228 1
1700932803.170017 226 1
1700932803.197919 60 -1
1700932803.197919 1226 -1
1700932803.197919 525 -1
1700932803.197919 5182 -1
1700932803.197919 1173 -1
1700932803.197919 602 -1
1700932803.197919 4420 -1
1700932803.197919 60 -1
1700932803.197919 1500 -1
1700932803.197919 1197 -1
1700932803.197919 566 -1
1700932803.197919 1229 -1
1700932803.197919 523 -1
1700932803.198140 66 1
1700932803.198260 54 1
1700932803.199619 3030 -1
1700932803.199619 7354 -1
1700932803.199619 3654 -1
1700932803.199676 54 1
1700932803.200727 1165 -1
1700932803.200727 605 -1
1700932803.200727 1167 -1
1700932803.200727 611 -1
1700932803.200727 1217 -1
1700932803.200727 542 -1
1700932803.200727 4434 -1
1700932803.200786 54 1
1700932803.200982 6506 -1
1700932803.201009 54 1
1700932803.202634 7354 -1
1700932803.202634 5609 -1
1700932803.202700 54 1
1700932803.203686 3736 -1
1700932803.203711 54 1
1700932803.511233 208 1
1700932803.518203 942 -1
1700932803.518300 7707 -1
1700932803.518362 54 1
1700932805.722812 54 1
1700932805.723954 78 -1
1700932805.723986 54 1
1700932805.724034 60 -1
1700932808.124314 66 1
1700932808.132406 66 -1
1700932808.132512 54 1
1700932808.136332 902 1
1700932808.137419 60 -1
1700932808.138110 318 -1
1700932808.140464 134 1
1700932808.141689 60 -1
1700932808.141689 341 -1
1700932808.149252 146 1
1700932808.150167 60 -1
1700932808.150273 115 -1
1700932808.150341 85 -1
1700932808.150378 54 1
1700932808.154056 584 1
1700932808.154342 228 1
1700932808.154464 226 1
1700932808.154586 228 1
1700932808.154716 230 1
1700932808.154807 228 1
1700932808.154883 226 1
1700932808.154942 227 1
1700932808.154982 60 -1
1700932808.155789 60 -1
1700932808.155789 60 -1
1700932808.155789 60 -1
1700932808.155980 60 -1
1700932808.155980 60 -1
1700932808.155980 60 -1
1700932808.155980 60 -1
1700932808.162703 1232 -1
1700932808.163133 523 -1
1700932808.163133 1228 -1
1700932808.163191 54 1
1700932808.163385 525 -1
1700932808.163385 1204 -1
1700932808.163424 54 1
1700932808.163577 4869 -1
1700932808.163637 54 1
1700932808.164184 561 -1
1700932808.164206 54 1
1700932808.166110 2974 -1
1700932808.166148 54 1
1700932808.166191 1831 -1
1700932808.166223 54 1
1700932808.167756 3655 -1
1700932808.167756 1230 -1
1700932808.167756 522 -1
1700932808.167756 1211 -1
1700932808.167756 542 -1
1700932808.168016 54 1
1700932808.169228 1234 -1
1700932808.169228 520 -1
1700932808.169261 54 1
1700932808.169508 1230 -1
1700932808.169537 54 1
1700932808.169719 526 -1
1700932808.169719 5558 -1
1700932808.169783 54 1
1700932808.169911 9900 -1
1700932808.170000 54 1
1700932808.171382 7354 -1
1700932808.171429 54 1
1700932808.172299 5799 -1
1700932808.172340 54 1
1700932808.178529 11301 -1
1700932808.178529 1191 -1
1700932808.178529 314 -1
1700932808.178529 6181 -1
1700932808.178643 54 1
1700932808.195020 85 1
1700932808.197740 54 1
1700932808.239290 60 -1
1700932810.492078 225 1
1700932810.495850 234 1
1700932810.498827 60 -1
1700932810.500715 229 1
1700932810.500841 227 1
1700932810.500920 227 1
1700932810.500998 226 1
1700932810.501096 60 -1
1700932810.502676 60 -1
1700932810.502676 60 -1
1700932810.502676 60 -1
1700932810.502676 60 -1
1700932810.505615 227 1
1700932810.508025 229 1
1700932810.511995 1144 -1
1700932810.511995 642 -1
1700932810.511995 4434 -1
1700932810.511995 1159 -1
1700932810.511995 1170 -1
1700932810.511995 603 -1
1700932810.511995 4466 -1
1700932810.511995 1197 -1
1700932810.511995 568 -1
1700932810.511995 1514 -1
1700932810.511995 2751 -1
1700932810.512129 54 1
1700932810.521359 1229 -1
1700932810.521359 522 -1
1700932810.521359 1233 -1
1700932810.521359 517 -1
1700932810.521359 6822 -1
1700932810.521359 60 -1
1700932810.521359 1514 -1
1700932810.521359 5499 -1
1700932810.521359 1233 -1
1700932810.521359 518 -1
1700932810.521359 1178 -1
1700932810.521359 589 -1
1700932810.521359 7354 -1
1700932810.521359 4298 -1
1700932810.521359 4362 -1
1700932810.521359 1194 -1
1700932810.521359 571 -1
1700932810.521359 6765 -1
1700932810.521762 54 1
1700932812.764169 229 1
1700932812.764702 228 1
1700932812.764977 231 1
1700932812.767377 60 -1
1700932812.767377 60 -1
1700932812.767377 60 -1
1700932812.773581 1198 -1
1700932812.773581 565 -1
1700932812.773728 54 1
1700932812.774150 5894 -1
1700932812.774182 54 1
1700932812.774719 4658 -1
1700932812.774747 54 1
1700932812.776472 1218 -1
1700932812.776472 541 -1
1700932812.776472 7354 -1
1700932812.776472 2138 -1
1700932812.776535 54 1
1700932812.782865 1190 -1
1700932812.782865 575 -1
1700932812.782865 7354 -1
1700932812.782984 54 1
1700932812.783243 1217 -1
1700932812.827230 54 1
1700932815.732923 54 1
1700932815.734151 78 -1
1700932815.734187 54 1
1700932815.734345 60 -1
1700932816.656325 66 1
1700932816.657366 66 -1
1700932816.657478 54 1
1700932816.658151 870 1
1700932816.659131 60 -1
1700932816.659987 318 -1
1700932816.660550 134 1
1700932816.660866 146 1
1700932816.661364 581 1
1700932816.661504 60 -1
1700932816.661508 228 1
1700932816.661660 228 1
1700932816.661732 226 1
1700932816.661821 228 1
1700932816.662038 341 -1
1700932816.662417 60 -1
1700932816.662457 60 -1
1700932816.662609 60 -1
1700932816.662609 60 -1
1700932816.673849 60 -1
1700932816.673849 60 -1
1700932816.674478 115 -1
1700932816.674478 85 -1
1700932816.674478 1196 -1
1700932816.674478 1712 -1
1700932816.674478 568 -1
1700932816.674478 1207 -1
1700932816.674478 553 -1
1700932816.674478 1214 -1
1700932816.674478 5010 -1
1700932816.674478 548 -1
1700932816.674478 1220 -1
1700932816.674478 534 -1
1700932816.674478 2974 -1
1700932816.674478 4958 -1
1700932816.674478 7354 -1
1700932816.674478 1319 -1
1700932816.674478 7034 -1
1700932816.674689 54 1
1700932816.678958 85 1
1700932816.693633 3063 -1
1700932816.693633 60 -1
1700932816.693736 54 1
1700932817.044817 227 1
1700932817.045897 60 -1
1700932817.047418 230 1
1700932817.047673 227 1
1700932817.048610 60 -1
1700932817.048659 60 -1
1700932817.048693 225 1
1700932817.049722 60 -1
1700932817.052761 229 1
1700932817.052878 227 1
1700932817.053907 227 1
1700932817.053967 229 1
1700932817.055151 1177 -1
1700932817.055151 569 -1
1700932817.055242 54 1
1700932817.055389 60 -1
1700932817.055389 60 -1
1700932817.055389 60 -1
1700932817.055389 60 -1
1700932817.058100 4434 -1
1700932817.058172 54 1
1700932817.058274 3849 -1
1700932817.058306 54 1
1700932817.058619 1215 -1
1700932817.058675 543 -1
1700932817.058675 1229 -1
1700932817.058705 54 1
1700932817.058788 522 -1
1700932817.058815 54 1
1700932817.060708 2974 -1
1700932817.060708 3711 -1
1700932817.060771 66 1
1700932817.060817 54 1
1700932817.060854 5360 -1
1700932817.060877 54 1
1700932817.061340 1144 -1
1700932817.061410 643 -1
1700932817.061410 1177 -1
1700932817.061454 54 1
1700932817.062469 591 -1
1700932817.062469 1201 -1
1700932817.062469 445 -1
1700932817.062469 4159 -1
1700932817.062469 7354 -1
1700932817.062557 54 1
1700932817.067623 1157 -1
1700932817.067623 2974 -1
1700932817.067623 3261 -1
1700932817.067623 1231 -1
1700932817.067623 519 -1
1700932817.067623 1230 -1
1700932817.067623 518 -1
1700932817.067623 3095 -1
1700932817.067623 4434 -1
1700932817.067623 6796 -1
1700932817.067783 54 1
1700932820.001564 228 1
1700932820.001671 227 1
1700932820.001777 228 1
1700932820.001833 228 1
1700932820.002200 226 1
1700932820.002289 228 1
1700932820.002375 230 1
1700932820.002584 227 1
1700932820.003860 60 -1
1700932820.003860 60 -1
1700932820.003860 60 -1
1700932820.003860 60 -1
1700932820.003860 60 -1
1700932820.003860 60 -1
1700932820.003860 60 -1
1700932820.004658 60 -1
1700932820.010141 1229 -1
1700932820.010141 522 -1
1700932820.010240 54 1
1700932820.010795 1267 -1
1700932820.010795 473 -1
1700932820.010795 1193 -1
1700932820.010795 570 -1
1700932820.010795 5894 -1
1700932820.010853 54 1
1700932820.011071 8496 -1
1700932820.011123 54 1
1700932820.011804 5834 -1
1700932820.011847 54 1
1700932820.012246 1514 -1
1700932820.012365 1354 -1
1700932820.012401 54 1
1700932820.012563 1230 -1
1700932820.012563 525 -1
1700932820.012592 54 1
1700932820.012638 1205 -1
1700932820.012713 553 -1
1700932820.012734 54 1
1700932820.012777 1260 -1
1700932820.012841 199 -1
1700932820.012863 54 1
1700932820.012903 1206 -1
1700932820.012950 6181 -1
1700932820.012975 54 1
1700932820.013491 556 -1
1700932820.013523 5605 -1
1700932820.013548 54 1
1700932820.013987 1514 -1
1700932820.014011 54 1
1700932820.014145 4774 -1
1700932820.014173 54 1
1700932820.014512 2417 -1
1700932820.014539 54 1
1700932820.015838 1143 -1
1700932820.015838 643 -1
1700932820.015877 54 1
1700932820.017825 4608 -1
1700932820.017882 54 1
1700932821.613851 229 1
1700932821.619753 227 1
1700932821.621248 60 -1
1700932821.621668 230 1
1700932821.621763 225 1
1700932821.622020 226 1
1700932821.622106 229 1
1700932821.622748 226 1
1700932821.622849 226 1
1700932821.623863 60 -1
1700932821.624312 1202 -1
1700932821.624312 564 -1
1700932821.624373 54 1
1700932821.625823 6496 -1
1700932821.625853 54 1
1700932821.627682 1230 -1
1700932821.627682 525 -1
1700932821.627682 5131 -1
1700932821.627756 54 1
1700932821.628214 1178 -1
1700932821.628214 467 -1
1700932821.628242 54 1
1700932821.628326 4157 -1
1700932821.628343 54 1
1700932821.628978 1171 -1
1700932821.628978 1194 -1
1700932821.628978 566 -1
1700932821.628978 4556 -1
1700932821.628978 600 -1
1700932821.629024 66 1
1700932821.629166 66 1
1700932821.629276 66 1
1700932821.629309 54 1
1700932821.629356 5436 -1
1700932821.629407 54 1
1700932821.629621 1264 -1
1700932821.629640 54 1
1700932821.629707 475 -1
1700932821.629802 2974 -1
1700932821.629830 54 1
1700932821.630024 4152 -1
1700932821.630049 54 1
1700932821.632247 1225 -1
1700932821.632247 527 -1
1700932821.632292 54 1
1700932821.632865 2894 -1
1700932821.632892 54 1
1700932821.633693 1283 -1
1700932821.633732 451 -1
1700932821.633753 54 1
1700932821.635361 5326 -1
1700932821.635404 54 1
1700932823.166180 226 1
1700932823.168425 227 1
1700932823.168570 228 1
1700932823.169258 227 1
1700932823.169376 226 1
1700932823.169436 229 1
1700932823.169521 230 1
1700932823.169935 231 1
1700932823.179676 60 -1
1700932823.179676 60 -1
1700932823.188252 1228 -1
1700932823.188252 523 -1
1700932823.188252 1179 -1
1700932823.188252 601 -1
1700932823.188252 1196 -1
1700932823.188252 565 -1
1700932823.188385 54 1
1700932823.188463 6785 -1
1700932823.188463 1198 -1
1700932823.188463 565 -1
1700932823.188710 66 1
1700932823.188735 66 1
1700932823.188768 54 1
1700932823.191324 89 1
1700932823.193680 1188 -1
1700932823.193680 422 -1
1700932823.193680 3046 -1
1700932823.193680 9501 -1
1700932823.193680 1197 -1
1700932823.193680 564 -1
1700932823.193680 7354 -1
1700932823.193827 54 1
1700932823.193930 5106 -1
1700932823.193973 54 1
1700932823.196913 1195 -1
1700932823.196913 572 -1
1700932823.196913 7354 -1
1700932823.196913 929 -1
1700932823.196913 1198 -1
1700932823.196913 567 -1
1700932823.196913 7354 -1
1700932823.197060 54 1
1700932823.197297 1198 -1
1700932823.197368 5665 -1
1700932823.197397 54 1
1700932823.199115 7354 -1
1700932823.199199 54 1
1700932823.199758 2468 -1
1700932823.199810 54 1
1700932825.068759 226 1
1700932825.072824 226 1
1700932825.080722 227 1
1700932825.081478 227 1
1700932825.082511 226 1
1700932825.083197 229 1
1700932825.083498 1168 -1
1700932825.083498 606 -1
1700932825.083498 2334 -1
1700932825.083582 54 1
1700932825.084659 226 1
1700932825.085127 228 1
1700932825.087313 60 -1
1700932825.087313 874 -1
1700932825.087375 66 1
1700932825.096096 60 -1
1700932825.096096 1228 -1
1700932825.096096 529 -1
1700932825.096096 1230 -1
1700932825.096096 5810 -1
1700932825.096096 520 -1
1700932825.096096 1228 -1
1700932825.096096 529 -1
1700932825.096096 1199 -1
1700932825.096096 5023 -1
1700932825.096096 5308 -1
1700932825.096096 6522 -1
1700932825.096279 54 1
1700932825.098225 615 -1
1700932825.098271 66 1
1700932825.098523 1197 -1
1700932825.098523 564 -1
1700932825.098523 1165 -1
1700932825.098714 66 1
1700932825.098758 66 1
1700932825.098790 54 1
1700932825.103672 1514 -1
1700932825.103672 3322 -1
1700932825.103672 3290 -1
1700932825.103672 1256 -1
1700932825.103672 487 -1
1700932825.103777 54 1
1700932825.110797 1197 -1
1700932825.110797 564 -1
1700932825.110797 1165 -1
1700932825.110797 4434 -1
1700932825.110887 66 1
1700932825.110931 66 1
1700932825.110952 66 1
1700932825.111014 54 1
1700932825.112331 2789 -1
1700932825.112378 54 1
1700932825.740193 54 1
1700932825.743728 78 -1
1700932825.743771 54 1
1700932825.743842 60 -1
1700932828.557401 66 1
1700932828.558470 66 -1
1700932828.558592 54 1
1700932828.559105 934 1
1700932828.560167 60 -1
1700932828.560762 318 -1
1700932828.561417 134 1
1700932828.561751 146 1
1700932828.562074 582 1
1700932828.562349 60 -1
1700932828.562469 341 -1
1700932828.562650 60 -1
1700932828.562779 115 -1
1700932828.562779 85 -1
1700932828.562816 54 1
1700932828.562956 85 1
1700932828.562992 60 -1
1700932828.563950 60 -1
1700932828.564594 227 1
1700932828.565974 60 -1
1700932828.566738 228 1
1700932828.566863 229 1
1700932828.566961 228 1
1700932828.567369 231 1
1700932828.567465 228 1
1700932828.567574 229 1
1700932828.567968 60 -1
1700932828.567968 60 -1
1700932828.567968 60 -1
1700932828.568226 60 -1
1700932828.568282 60 -1
1700932828.568483 60 -1
1700932828.580716 1245 -1
1700932828.580716 451 -1
1700932828.580716 1205 -1
1700932828.580716 2221 -1
1700932828.580837 54 1
1700932828.580902 7354 -1
1700932828.580978 54 1
1700932828.581460 1015 -1
1700932828.588260 1226 -1
1700932828.588260 532 -1
1700932828.588260 4157 -1
1700932828.588260 2974 -1
1700932828.588260 4434 -1
1700932828.588391 54 1
1700932828.591019 1514 -1
1700932828.591019 1612 -1
1700932828.591019 1201 -1
1700932828.591019 561 -1
1700932828.591019 7258 -1
1700932828.591149 54 1
1700932828.593958 5338 -1
1700932828.593958 1258 -1
1700932828.593958 5717 -1
1700932828.594099 54 1
1700932828.594162 1257 -1
1700932828.594219 476 -1
1700932828.594243 54 1
1700932828.598316 3384 -1
1700932828.598390 54 1
1700932828.598456 7354 -1
1700932828.598504 54 1
1700932828.598958 7354 -1
1700932828.598998 54 1
1700932828.599641 1860 -1
1700932828.599683 54 1
1700932828.599722 1726 -1
1700932828.599772 54 1
1700932830.157426 227 1
1700932830.158407 60 -1
1700932830.158575 226 1
1700932830.159071 226 1
1700932830.159472 227 1
1700932830.159770 60 -1
1700932830.159990 60 -1
1700932830.160693 60 -1
1700932830.161510 226 1
1700932830.162702 60 -1
1700932830.163117 230 1
1700932830.164378 228 1
1700932830.164674 60 -1
1700932830.165050 228 1
1700932830.165663 60 -1
1700932830.165892 60 -1
1700932830.169309 1260 -1
1700932830.169309 479 -1
1700932830.169309 1199 -1
1700932830.169309 564 -1
1700932830.169422 54 1
1700932830.174764 1224 -1
1700932830.174764 525 -1
1700932830.174764 7354 -1
1700932830.174764 370 -1
1700932830.174764 3561 -1
1700932830.175167 54 1
1700932830.175231 1234 -1
1700932830.175256 54 1
1700932830.175303 513 -1
1700932830.175303 1173 -1
1700932830.175303 603 -1
1700932830.175338 54 1
1700932830.175391 4717 -1
1700932830.175436 54 1
1700932830.178640 3453 -1
1700932830.178640 1189 -1
1700932830.178640 574 -1
1700932830.178739 54 1
1700932830.179256 6365 -1
1700932830.179316 54 1
1700932830.180296 1208 -1
1700932830.180296 554 -1
1700932830.180296 1255 -1
1700932830.180358 54 1
1700932830.180500 490 -1
1700932830.180845 5666 -1
1700932830.180845 3371 -1
1700932830.180882 54 1
1700932830.181034 2723 -1
1700932830.181062 54 1
1700932832.302380 228 1
1700932832.302531 226 1
1700932832.302797 226 1
1700932832.302892 230 1
1700932832.302973 227 1
1700932832.303057 228 1
1700932832.306820 60 -1
1700932832.310012 60 -1
1700932832.313642 1259 -1
1700932832.313642 479 -1
1700932832.313737 54 1
1700932832.313744 230 1
1700932832.313857 227 1
1700932832.317892 6340 -1
1700932832.318011 54 1
1700932832.324119 1271 -1
1700932832.324119 471 -1
1700932832.324119 1195 -1
1700932832.324119 570 -1
1700932832.324119 1265 -1
1700932832.324119 1651 -1
1700932832.324119 4434 -1
1700932832.324119 2323 -1
1700932832.324119 527 -1
1700932832.324119 7354 -1
1700932832.324119 3281 -1
1700932832.324119 4772 -1
1700932832.324119 4826 -1
1700932832.324353 54 1
1700932832.326562 1223 -1
1700932832.326562 533 -1
1700932832.326633 54 1
1700932832.328767 4434 -1
1700932832.328767 2974 -1
1700932832.328825 54 1
1700932832.328861 7354 -1
1700932832.328905 54 1
1700932832.329481 1860 -1
1700932832.329505 54 1
1700932832.330058 5062 -1
1700932832.330058 1702 -1
1700932832.330112 54 1
1700932832.330192 1514 -1
1700932832.330341 5174 -1
1700932832.330376 54 1
1700932832.338362 1203 -1
1700932832.338362 561 -1
1700932832.338362 3498 -1
1700932832.338477 54 1
1700932834.357115 226 1
1700932834.357677 229 1
1700932834.360312 60 -1
1700932834.362677 1216 -1
1700932834.362677 546 -1
1700932834.362752 54 1
1700932834.362807 3369 -1
1700932834.362829 54 1
1700932834.364204 1229 -1
1700932834.364204 517 -1
1700932834.364204 6822 -1
1700932834.364286 54 1
1700932834.367956 227 1
1700932834.368094 226 1
1700932834.368229 229 1
1700932834.368295 225 1
1700932834.368380 230 1
1700932834.368459 226 1
1700932834.369716 89 1
1700932834.370998 60 -1
1700932834.377185 1218 -1
1700932834.377185 536 -1
1700932834.377297 54 1
1700932834.377360 2974 -1
1700932834.377386 54 1
1700932834.377449 2831 -1
1700932834.377477 54 1
1700932834.377855 1231 -1
1700932834.377855 528 -1
1700932834.377886 54 1
1700932834.377933 1233 -1
1700932834.377933 2288 -1
1700932834.377966 54 1
1700932834.378207 455 -1
1700932834.378207 6181 -1
1700932834.378267 54 1
1700932834.379834 1232 -1
1700932834.379834 279 -1
1700932834.379906 54 1
1700932834.380088 7354 -1
1700932834.380116 54 1
1700932834.380339 2953 -1
1700932834.380379 54 1
1700932834.380710 1197 -1
1700932834.380710 562 -1
1700932834.380742 54 1
1700932834.383696 4587 -1
1700932834.383827 54 1
1700932834.384167 1231 -1
1700932834.384167 521 -1
1700932834.384198 54 1
1700932834.384714 5391 -1
1700932834.384750 54 1
1700932835.747899 54 1
1700932835.756592 78 -1
1700932835.756592 60 -1
1700932835.756695 54 1
1700932838.039958 66 1
1700932838.041054 66 -1
1700932838.041137 54 1
1700932838.043804 870 1
1700932838.044801 60 -1
1700932838.045419 318 -1
1700932838.046056 134 1
1700932838.046874 146 1
1700932838.046996 60 -1
1700932838.047140 341 -1
1700932838.047854 60 -1
1700932838.047972 115 -1
1700932838.047972 85 -1
1700932838.048025 54 1
1700932838.048232 583 1
1700932838.048348 229 1
1700932838.048462 226 1
1700932838.048524 229 1
1700932838.048759 228 1
1700932838.048831 227 1
1700932838.048926 225 1
1700932838.048999 226 1
1700932838.049135 85 1
1700932838.049253 60 -1
1700932838.049414 60 -1
1700932838.049414 60 -1
1700932838.049414 60 -1
1700932838.049754 60 -1
1700932838.049839 60 -1
1700932838.050058 60 -1
1700932838.050097 60 -1
1700932838.050173 60 -1
1700932838.055228 1176 -1
1700932838.055228 346 -1
1700932838.055313 54 1
1700932838.055876 6181 -1
1700932838.055928 54 1
1700932838.056503 1262 -1
1700932838.056503 476 -1
1700932838.056503 6814 -1
1700932838.056548 54 1
1700932838.057119 1223 -1
1700932838.057119 531 -1
1700932838.057119 1234 -1
1700932838.057156 54 1
1700932838.057332 442 -1
1700932838.057332 7354 -1
1700932838.057372 54 1
1700932838.059079 3756 -1
1700932838.059079 4157 -1
1700932838.059079 1195 -1
1700932838.059079 1191 -1
1700932838.059079 575 -1
1700932838.059079 575 -1
1700932838.059079 1218 -1
1700932838.059079 5272 -1
1700932838.059221 66 1
1700932838.059328 66 1
1700932838.059381 54 1
1700932838.059425 54 1
1700932838.059490 389 -1
1700932838.059490 7354 -1
1700932838.059545 54 1
1700932838.059947 929 -1
1700932838.060009 54 1
1700932838.060045 4668 -1
1700932838.060087 54 1
1700932838.060410 1226 -1
1700932838.060506 526 -1
1700932838.060534 54 1
1700932838.060999 7354 -1
1700932838.061030 54 1
1700932838.061452 181 -1
1700932838.061470 54 1
1700932839.649190 228 1
1700932839.651344 229 1
1700932839.651444 227 1
1700932839.652348 60 -1
1700932839.653623 60 -1
1700932839.653623 60 -1
1700932839.655204 231 1
1700932839.655327 227 1
1700932839.655762 227 1
1700932839.655822 227 1
1700932839.655892 229 1
1700932839.656217 60 -1
1700932839.657041 60 -1
1700932839.657041 60 -1
1700932839.657041 60 -1
1700932839.657041 60 -1
1700932839.665242 1251 -1
1700932839.665242 347 -1
1700932839.665242 1230 -1
1700932839.665344 54 1
1700932839.665402 524 -1
1700932839.665402 1226 -1
1700932839.665402 431 -1
1700932839.665428 54 1
1700932839.667997 4157 -1
1700932839.668063 54 1
1700932839.668172 7354 -1
1700932839.668231 54 1
1700932839.668859 6657 -1
1700932839.668903 54 1
1700932839.669280 6181 -1
1700932839.669321 54 1
1700932839.669873 6701 -1
1700932839.669924 54 1
1700932839.670767 481 -1
1700932839.670807 54 1
1700932839.672828 1180 -1
1700932839.672884 416 -1
1700932839.672884 4434 -1
1700932839.672917 54 1
1700932839.673046 1931 -1
1700932839.673071 54 1
1700932839.678488 7354 -1
1700932839.678488 5001 -1
1700932839.678488 1195 -1
1700932839.678488 1775 -1
1700932839.678488 274 -1
1700932839.678488 963 -1
1700932839.678488 6181 -1
1700932839.678711 54 1
1700932841.296178 227 1
1700932841.297808 231 1
1700932841.297912 230 1
1700932841.300034 227 1
1700932841.300974 60 -1
1700932841.304302 230 1
1700932841.304562 226 1
1700932841.306550 227 1
1700932841.307499 225 1
1700932841.309049 60 -1
1700932841.309432 1207 -1
1700932841.309432 544 -1
1700932841.309432 1313 -1
1700932841.309432 408 -1
1700932841.309511 54 1
1700932841.312107 14325 -1
1700932841.312220 54 1
1700932841.312998 4293 -1
1700932841.313051 54 1
1700932841.313328 1716 -1
1700932841.313346 54 1
1700932841.313467 7354 -1
1700932841.313496 54 1
1700932841.314081 3986 -1
1700932841.314124 54 1
1700932841.316255 1227 -1
1700932841.316255 311 -1
1700932841.316255 1232 -1
1700932841.316305 54 1
1700932841.316349 515 -1
1700932841.316349 2974 -1
1700932841.316369 54 1
1700932841.316529 5309 -1
1700932841.316562 54 1
1700932841.317511 4745 -1
1700932841.317561 54 1
1700932841.317857 1175 -1
1700932841.317857 601 -1
1700932841.317889 54 1
1700932841.318842 1229 -1
1700932841.318842 523 -1
1700932841.318842 1236 -1
1700932841.318882 54 1
1700932841.324198 510 -1
1700932841.324198 7354 -1
1700932841.324198 73 -1
1700932841.324198 4582 -1
1700932841.324198 1514 -1
1700932841.324198 4187 -1
1700932841.324346 54 1
1700932845.756257 54 1
1700932845.758363 78 -1
1700932845.758363 60 -1
1700932845.758398 54 1
1700932846.609417 66 1
1700932846.612971 66 -1
1700932846.613110 54 1
1700932846.613891 934 1
1700932846.617082 60 -1
1700932846.622912 318 -1
1700932846.627315 134 1
1700932846.628167 146 1
1700932846.628367 60 -1
1700932846.629074 60 -1
1700932846.629258 341 -1
1700932846.629262 587 1
1700932846.629366 228 1
1700932846.629474 228 1
1700932846.629543 228 1
1700932846.629617 232 1
1700932846.629945 229 1
1700932846.630066 228 1
1700932846.630147 115 -1
1700932846.630147 85 -1
1700932846.630172 226 1
1700932846.630238 54 1
1700932846.630481 60 -1
1700932846.630564 85 1
1700932846.630625 60 -1
1700932846.630685 60 -1
1700932846.630772 60 -1
1700932846.631087 60 -1
1700932846.631310 60 -1
1700932846.631345 60 -1
1700932846.631345 60 -1
1700932846.631499 60 -1
1700932846.637420 1162 -1
1700932846.637420 616 -1
1700932846.637519 54 1
1700932846.637575 1200 -1
1700932846.637575 558 -1
1700932846.637575 1192 -1
1700932846.637575 578 -1
1700932846.637575 1231 -1
1700932846.637631 54 1
1700932846.637797 430 -1
1700932846.637797 5528 -1
1700932846.637826 54 1
1700932846.638139 1514 -1
1700932846.638222 2917 -1
1700932846.638250 54 1
1700932846.638482 1685 -1
1700932846.638501 54 1
1700932846.639858 2974 -1
1700932846.639858 1505 -1
1700932846.639858 1190 -1
1700932846.639858 575 -1
1700932846.639918 54 1
1700932846.639964 1514 -1
1700932846.640054 7354 -1
1700932846.640082 54 1
1700932846.640609 3541 -1
1700932846.640634 54 1
1700932846.641021 1170 -1
1700932846.641021 7354 -1
1700932846.641051 54 1
1700932846.641599 2974 -1
1700932846.641616 54 1
1700932846.641835 1514 -1
1700932846.641867 54 1
1700932846.641954 3439 -1
1700932846.641970 54 1
1700932846.642262 7354 -1
1700932846.642287 54 1
1700932846.642855 2606 -1
1700932846.642885 54 1
1700932846.643070 5616 -1
1700932846.643105 54 1
1700932846.644258 1172 -1
1700932846.644258 604 -1
1700932846.644299 54 1
1700932846.647269 5017 -1
1700932846.647335 54 1
1700932848.262230 228 1
1700932848.262356 228 1
1700932848.262457 226 1
1700932848.262946 227 1
1700932848.263025 231 1
1700932848.263105 225 1
1700932848.263180 228 1
1700932848.263266 227 1
1700932848.269703 60 -1
1700932848.269703 60 -1
1700932848.269703 60 -1
1700932848.269703 60 -1
1700932848.269703 60 -1
1700932848.269703 60 -1
1700932848.269703 60 -1
1700932848.269703 60 -1
1700932848.278962 1217 -1
1700932848.278962 547 -1
1700932848.278962 1295 -1
1700932848.278962 434 -1
1700932848.278962 6913 -1
1700932848.279092 54 1
1700932848.282736 1166 -1
1700932848.282736 611 -1
1700932848.282736 1222 -1
1700932848.282736 534 -1
1700932848.282736 6934 -1
1700932848.282834 54 1
1700932848.282894 1269 -1
1700932848.283031 3536 -1
1700932848.283056 54 1
1700932848.285753 466 -1
1700932848.287559 1198 -1
1700932848.287559 569 -1
1700932848.287559 3523 -1
1700932848.287559 11903 -1
1700932848.287559 5894 -1
1700932848.287690 54 1
1700932848.290529 3684 -1
1700932848.290529 1249 -1
1700932848.290529 301 -1
1700932848.290529 7354 -1
1700932848.290529 2953 -1
1700932848.290670 54 1
1700932848.630945 1299 -1
1700932848.630945 153 -1
1700932848.631036 54 1
1700932848.631388 445 -1
1700932848.683229 54 1
1700932848.736357 4157 -1
1700932848.736451 54 1
1700932848.736571 2205 -1
1700932848.736613 54 1
1700932849.917836 227 1
1700932849.921059 226 1
1700932849.921189 229 1
1700932849.922532 226 1
1700932849.924082 227 1
1700932849.924214 228 1
1700932849.924536 227 1
1700932849.924631 226 1
1700932849.924707 60 -1
1700932849.927078 60 -1
1700932849.929275 1208 -1
1700932849.929275 551 -1
1700932849.929364 54 1
1700932849.929416 7075 -1
1700932849.929448 54 1
1700932849.930047 1199 -1
1700932849.930047 566 -1
1700932849.930069 54 1
1700932849.931268 4947 -1
1700932849.931358 54 1
1700932849.931841 1225 -1
1700932849.931841 356 -1
1700932849.931872 54 1
1700932849.932653 4157 -1
1700932849.932653 1204 -1
1700932849.932843 54 1
1700932849.932892 543 -1
1700932849.932923 54 1
1700932849.933111 4157 -1
1700932849.933136 54 1
1700932849.933646 1182 -1
1700932849.933820 54 1
1700932849.933858 588 -1
1700932849.935379 1207 -1
1700932849.935379 550 -1
1700932849.935379 1221 -1
1700932849.935379 534 -1
1700932849.935460 54 1
1700932849.936108 4350 -1
1700932849.936139 54 1
1700932849.936297 8294 -1
1700932849.936339 54 1
1700932849.938408 4826 -1
1700932849.938408 1264 -1
1700932849.938408 483 -1
1700932849.938408 1514 -1
1700932849.938408 4925 -1
1700932849.938499 54 1
1700932851.596754 227 1
1700932851.599497 228 1
1700932851.600263 226 1
1700932851.600388 225 1
1700932851.600465 229 1
1700932851.600560 227 1
1700932851.600805 230 1
1700932851.600909 227 1
1700932851.601560 60 -1
1700932851.603574 60 -1
1700932851.615175 1194 -1
1700932851.615278 1662 -1
1700932851.615278 6746 -1
1700932851.615322 54 1
1700932851.616167 4519 -1
1700932851.616225 54 1
1700932851.616326 7354 -1
1700932851.616362 54 1
1700932851.617387 395 -1
1700932851.617387 7354 -1
1700932851.617423 54 1
1700932851.617504 7354 -1
1700932851.617531 54 1
1700932851.618118 2950 -1
1700932851.618171 54 1
1700932851.618387 7111 -1
1700932851.618414 54 1
1700932851.618964 1431 -1
1700932851.618986 54 1
1700932851.619040 7354 -1
1700932851.619074 54 1
1700932851.619699 3466 -1
1700932851.619721 54 1
1700932851.620132 4157 -1
1700932851.620163 54 1
1700932851.620330 1293 -1
1700932851.620372 54 1
1700932851.620413 437 -1
1700932851.620413 5780 -1
1700932851.620448 54 1
1700932851.630984 89 1
1700932851.675145 60 -1
1700932855.786281 54 1
1700932855.789371 78 -1
1700932855.789371 60 -1
1700932855.789415 54 1
1700932856.783485 66 1
1700932856.784566 66 -1
1700932856.784679 54 1
1700932856.785460 870 1
1700932856.786488 60 -1
1700932856.787452 318 -1
1700932856.788169 134 1
1700932856.789189 60 -1
1700932856.789414 341 -1
1700932856.790322 146 1
1700932856.791661 582 1
1700932856.791747 60 -1
1700932856.791747 115 -1
1700932856.791747 85 -1
1700932856.791763 226 1
1700932856.791801 54 1
1700932856.791829 226 1
1700932856.791913 225 1
1700932856.792938 60 -1
1700932856.792938 60 -1
1700932856.792938 60 -1
1700932856.792990 60 -1
1700932856.793281 85 1
1700932856.793407 226 1
1700932856.793631 226 1
1700932856.793704 229 1
1700932856.794358 60 -1
1700932856.794358 60 -1
1700932856.794428 229 1
1700932856.794845 60 -1
1700932856.794845 60 -1
1700932856.795430 60 -1
1700932856.801316 1227 -1
1700932856.801316 527 -1
1700932856.801316 1232 -1
1700932856.801316 404 -1
1700932856.801316 1261 -1
1700932856.801316 480 -1
1700932856.801439 54 1
1700932856.802106 4157 -1
1700932856.802151 54 1
1700932856.802237 1706 -1
1700932856.802258 54 1
1700932856.802335 4954 -1
1700932856.802376 54 1
1700932856.802847 4482 -1
1700932856.802871 54 1
1700932856.803117 6375 -1
1700932856.803150 54 1
1700932856.803900 1231 -1
1700932856.804003 516 -1
1700932856.804003 7354 -1
1700932856.804047 54 1
1700932856.804488 2000 -1
1700932856.804511 54 1
1700932856.807930 1294 -1
1700932856.807930 429 -1
1700932856.807930 5448 -1
1700932856.808000 54 1
1700932856.808932 1268 -1
1700932856.808932 475 -1
1700932856.808932 1249 -1
1700932856.808932 497 -1
1700932856.808976 54 1
1700932856.809422 7354 -1
1700932856.809462 54 1
1700932856.810256 4160 -1
1700932856.810256 3640 -1
1700932856.810320 54 1
1700932858.339688 226 1
1700932858.345965 1289 -1
1700932858.345965 442 -1
1700932858.346095 54 1
1700932858.349954 4463 -1
1700932858.350032 54 1
1700932858.350622 228 1
1700932858.351099 230 1
1700932858.351795 227 1
1700932858.352234 227 1
1700932858.352773 227 1
1700932858.353295 228 1
1700932858.353797 227 1
1700932858.356868 60 -1
1700932858.357501 1259 -1
1700932858.357501 215 -1
1700932858.357501 1248 -1
1700932858.357501 500 -1
1700932858.357555 54 1
1700932858.357716 7354 -1
1700932858.357969 54 1
1700932858.358197 929 -1
1700932858.358197 7354 -1
1700932858.358229 54 1
1700932858.358969 1687 -1
1700932858.358969 60 -1
1700932858.359018 54 1
1700932858.366041 1292 -1
1700932858.366041 439 -1
1700932858.366130 54 1
1700932858.366402 1223 -1
1700932858.366402 531 -1
1700932858.366402 6377 -1
1700932858.366464 54 1
1700932858.366574 5894 -1
1700932858.366604 54 1
1700932858.377159 7354 -1
1700932858.377159 3320 -1
1700932858.377159 1514 -1
1700932858.377159 1514 -1
1700932858.377159 1514 -1
1700932858.377159 902 -1
1700932858.377159 1258 -1
1700932858.377159 485 -1
1700932858.377159 1261 -1
1700932858.377159 2974 -1
1700932858.377159 2699 -1
1700932858.377159 4434 -1
1700932858.377159 7354 -1
1700932858.377159 621 -1
1700932858.377159 1218 -1
1700932858.377159 541 -1
1700932858.377159 7354 -1
1700932858.377159 4267 -1
1700932858.377159 1347 -1
1700932858.377413 66 1
1700932860.024701 227 1
1700932860.029225 228 1
1700932860.029373 228 1
1700932860.029955 228 1
1700932860.030058 227 1
1700932860.030159 227 1
1700932860.035450 1170 -1
1700932860.035450 603 -1
1700932860.035450 4506 -1
1700932860.035581 54 1
1700932860.039503 1203 -1
1700932860.039503 559 -1
1700932860.039580 54 1
1700932860.040559 1514 -1
1700932860.040559 3547 -1
1700932860.040613 54 1
1700932860.040729 1292 -1
1700932860.041164 435 -1
1700932860.041164 1260 -1
1700932860.041164 478 -1
1700932860.041201 54 1
1700932860.041408 229 1
1700932860.042207 229 1
1700932860.042612 2621 -1
1700932860.042612 1202 -1
1700932860.042612 562 -1
1700932860.042612 5642 -1
1700932860.042671 54 1
1700932860.050084 578 -1
1700932860.050084 1192 -1
1700932860.050084 3349 -1
1700932860.050084 7354 -1
1700932860.050084 1005 -1
1700932860.050084 1232 -1
1700932860.050084 519 -1
1700932860.050084 7354 -1
1700932860.050084 595 -1
1700932860.050084 1253 -1
1700932860.050084 490 -1
1700932860.050084 4911 -1
1700932860.050240 66 1
1700932860.050328 54 1
1700932860.050402 54 1
1700932861.706161 228 1
1700932861.714284 227 1
1700932861.714409 230 1
1700932861.715207 230 1
1700932861.716088 226 1
1700932861.716201 60 -1
1700932861.716975 226 1
1700932861.717487 231 1
1700932861.718718 60 -1
1700932861.719306 227 1
1700932861.722318 1258 -1
1700932861.722318 481 -1
1700932861.722433 54 1
1700932861.724652 7354 -1
1700932861.724713 54 1
1700932861.725117 5221 -1
1700932861.725154 54 1
1700932861.725552 1279 -1
1700932861.725552 454 -1
1700932861.725587 54 1
1700932861.725635 1250 -1
1700932861.725653 54 1
1700932861.725710 8679 -1
1700932861.725762 54 1
1700932861.726421 492 -1
1700932861.726457 5127 -1
1700932861.726484 54 1
1700932861.726980 1218 -1
1700932861.726980 538 -1
1700932861.727030 54 1
1700932861.727074 1514 -1
1700932861.727103 54 1
1700932861.727191 3218 -1
1700932861.727220 54 1
1700932861.728120 1228 -1
1700932861.728120 520 -1
1700932861.728120 1227 -1
1700932861.728120 531 -1
1700932861.728120 1274 -1
1700932861.728120 455 -1
1700932861.728120 10604 -1
1700932861.728196 54 1
1700932861.728885 7354 -1
1700932861.728920 54 1
1700932861.729485 2112 -1
1700932861.729510 54 1
1700932861.729949 4434 -1
1700932861.729980 54 1
1700932861.730061 1142 -1
1700932861.730087 54 1
1700932861.733558 1209 -1
1700932861.733558 556 -1
1700932861.733606 54 1
1700932861.736166 7354 -1
1700932861.736219 54 1
1700932861.736529 1529 -1
1700932861.736549 54 1
1700932864.173844 229 1
1700932864.173985 228 1
1700932864.174240 227 1
1700932864.174348 227 1
1700932864.175178 60 -1
1700932864.175413 227 1
1700932864.175572 226 1
1700932864.175664 227 1
1700932864.175759 229 1
1700932864.182060 60 -1
1700932864.182060 1315 -1
1700932864.182060 408 -1
1700932864.182060 6738 -1
1700932864.182060 1256 -1
1700932864.182060 462 -1
1700932864.182060 2974 -1
1700932864.182060 3261 -1
1700932864.182699 54 1
1700932864.187092 89 1
1700932864.194083 60 -1
1700932864.194083 1166 -1
1700932864.194083 607 -1
1700932864.194083 1211 -1
1700932864.194083 552 -1
1700932864.194083 2974 -1
1700932864.194083 7354 -1
1700932864.194083 2974 -1
1700932864.194083 3320 -1
1700932864.194083 2659 -1
1700932864.194083 4424 -1
1700932864.194083 2178 -1
1700932864.194083 7354 -1
1700932864.194083 961 -1
1700932864.194083 1226 -1
1700932864.194083 530 -1
1700932864.194083 10274 -1
1700932864.194507 54 1
1700932864.194609 4276 -1
1700932864.194654 54 1
1700932864.200039 5718 -1
1700932864.200039 1192 -1
1700932864.200039 575 -1
1700932864.200039 6705 -1
1700932864.200166 54 1
1700932864.235218 60 -1
1700932865.795129 54 1
1700932865.801174 78 -1
1700932865.801174 60 -1
1700932865.801235 54 1
1700932869.001175 66 1
1700932869.010374 66 -1
1700932869.010585 54 1
1700932869.019103 934 1
1700932869.019784 66 1
1700932869.020067 60 -1
1700932869.021070 318 -1
1700932869.021602 134 1
1700932869.021940 146 1
1700932869.022049 66 -1
1700932869.022157 54 1
1700932869.022645 581 1
1700932869.022721 225 1
1700932869.022796 227 1
1700932869.022894 228 1
1700932869.022991 228 1
1700932869.023101 231 1
1700932869.023196 228 1
1700932869.023627 637 1
1700932869.024626 60 -1
1700932869.027566 2974 -1
1700932869.027566 957 -1
1700932869.027665 54 1
1700932869.027773 60 -1
1700932869.027773 341 -1
1700932869.028728 60 -1
1700932869.028728 60 -1
1700932869.028728 60 -1
1700932869.028728 60 -1
1700932869.028728 60 -1
1700932869.028728 60 -1
1700932869.028728 60 -1
1700932869.030749 115 -1
1700932869.030815 54 1
1700932869.031023 85 -1
1700932869.031225 85 1
1700932869.032114 60 -1
1700932869.033463 134 1
1700932869.033785 146 1
1700932869.034250 593 1
1700932869.034282 1209 -1
1700932869.034282 554 -1
1700932869.034282 5744 -1
1700932869.034352 54 1
1700932869.034621 60 -1
1700932869.034754 1205 -1
1700932869.034815 554 -1
1700932869.034838 54 1
1700932869.034979 6451 -1
1700932869.035027 54 1
1700932869.035303 60 -1
1700932869.035303 60 -1
1700932869.035303 341 -1
1700932869.035303 341 -1
1700932869.035357 54 1
1700932869.037613 115 -1
1700932869.037613 85 -1
1700932869.037660 54 1
1700932869.038184 85 1
1700932869.042153 60 -1
1700932869.043152 1308 -1
1700932869.043152 420 -1
1700932869.043152 1141 -1
1700932869.043232 54 1
1700932869.043363 651 -1
1700932869.043363 1281 -1
1700932869.043397 54 1
1700932869.043569 5060 -1
1700932869.043616 54 1
1700932869.043734 458 -1
1700932869.043734 1214 -1
1700932869.043765 54 1
1700932869.044051 545 -1
1700932869.044051 1514 -1
1700932869.044081 54 1
1700932869.044129 1514 -1
1700932869.044177 3482 -1
1700932869.044198 54 1
1700932869.044685 1244 -1
1700932869.044685 5008 -1
1700932869.044717 54 1
1700932869.045061 6931 -1
1700932869.045117 54 1
1700932869.045526 7354 -1
1700932869.045569 54 1
1700932869.046124 2953 -1
1700932869.046150 54 1
1700932869.059073 383 -1
1700932869.059073 1240 -1
1700932869.059073 7829 -1
1700932869.059163 66 1
1700932869.059248 54 1
1700932869.059277 54 1
1700932870.621483 227 1
1700932870.623032 228 1
1700932870.624467 226 1
1700932870.627379 60 -1
1700932870.630547 227 1
1700932870.633013 227 1
1700932870.633569 227 1
1700932870.633675 228 1
1700932870.633893 226 1
1700932870.634161 60 -1
1700932870.636342 1277 -1
1700932870.636342 461 -1
1700932870.636342 1210 -1
1700932870.636398 54 1
1700932870.636442 552 -1
1700932870.636466 54 1
1700932870.637565 7354 -1
1700932870.637607 54 1
1700932870.638005 1419 -1
1700932870.638033 54 1
1700932870.638126 6437 -1
1700932870.638170 54 1
1700932870.640729 1199 -1
1700932870.640758 54 1
1700932870.640977 564 -1
1700932870.644349 5894 -1
1700932870.644395 54 1
1700932870.644666 7354 -1
1700932870.644720 54 1
1700932870.645191 2732 -1
1700932870.645228 54 1
1700932870.645430 1231 -1
1700932870.645505 1666 -1
1700932870.645523 54 1
1700932870.645649 5894 -1
1700932870.645676 54 1
1700932870.646157 60 -1
1700932870.646157 7354 -1
1700932870.646196 54 1
1700932870.646767 1514 -1
1700932870.646788 54 1
1700932870.646881 5894 -1
1700932870.646919 54 1
1700932870.647427 1860 -1
1700932870.647455 54 1
1700932870.647533 7354 -1
1700932870.647576 54 1
1700932870.648119 864 -1
1700932870.648149 54 1
1700932870.648188 1710 -1
1700932870.648215 54 1
1700932870.648325 1260 -1
1700932870.648424 480 -1
1700932870.648445 54 1
1700932870.648483 2974 -1
1700932870.648510 54 1
1700932870.648710 1478 -1
1700932870.648830 1183 -1
1700932870.648848 54 1
1700932870.648906 585 -1
1700932870.648990 3554 -1
1700932870.649015 54 1
1700932870.649300 4944 -1
1700932870.649322 54 1
1700932872.314771 226 1
1700932872.317535 226 1
1700932872.317648 226 1
1700932872.317719 226 1
1700932872.318061 226 1
1700932872.318721 226 1
1700932872.318788 227 1
1700932872.319339 227 1
1700932872.319668 60 -1
1700932872.325208 1197 -1
1700932872.325208 568 -1
1700932872.325281 54 1
1700932872.325385 1228 -1
1700932872.325385 7159 -1
1700932872.325425 54 1
1700932872.326239 525 -1
1700932872.326239 1204 -1
1700932872.326239 556 -1
1700932872.326279 54 1
1700932872.331866 1262 -1
1700932872.331866 228 -1
1700932872.331866 1195 -1
1700932872.331866 576 -1
1700932872.331866 1200 -1
1700932872.331866 462 -1
1700932872.331981 54 1
1700932872.332055 7294 -1
1700932872.332083 54 1
1700932872.341150 2708 -1
1700932872.341150 3539 -1
1700932872.341150 1708 -1
1700932872.341150 7354 -1
1700932872.341150 929 -1
1700932872.341150 4157 -1
1700932872.341150 7354 -1
1700932872.341150 5873 -1
1700932872.341150 1287 -1
1700932872.341150 445 -1
1700932872.341359 54 1
1700932872.342271 4434 -1
1700932872.342306 54 1
1700932872.342445 5304 -1
1700932872.342464 54 1
1700932874.826034 226 1
1700932874.834169 1289 -1
1700932874.834169 437 -1
1700932874.834251 54 1
1700932874.834314 7354 -1
1700932874.834353 54 1
1700932874.834718 2024 -1
1700932874.834747 54 1
1700932874.840074 232 1
1700932874.840785 227 1
1700932874.842533 227 1
1700932874.842628 230 1
1700932874.842717 227 1
1700932874.842980 227 1
1700932874.843145 228 1
1700932874.843619 89 1
1700932874.843788 60 -1
1700932874.845074 60 -1
1700932874.849388 1227 -1
1700932874.849388 527 -1
1700932874.849490 54 1
1700932874.849749 7354 -1
1700932874.849796 54 1
1700932874.850124 1428 -1
1700932874.850151 54 1
1700932874.850223 1217 -1
1700932874.850317 545 -1
1700932874.850335 54 1
1700932874.850510 6946 -1
1700932874.850558 54 1
1700932874.852699 1281 -1
1700932874.852699 451 -1
1700932874.852768 54 1
1700932874.852977 1199 -1
1700932874.852977 559 -1
1700932874.853005 54 1
1700932874.853067 6300 -1
1700932874.853112 54 1
1700932874.853567 1225 -1
1700932874.853567 532 -1
1700932874.853589 54 1
1700932874.853651 6961 -1
1700932874.853692 54 1
1700932874.854231 5487 -1
1700932874.854267 54 1
1700932874.856191 1217 -1
1700932874.856191 541 -1
1700932874.856246 54 1
1700932874.861011 7354 -1
1700932874.861011 1159 -1
1700932874.861011 1179 -1
1700932874.861011 330 -1
1700932874.861011 7354 -1
1700932874.861126 54 1
1700932874.861205 2953 -1
1700932874.861228 54 1
1700932875.815876 54 1
1700932875.816707 54 1
1700932875.817844 78 -1
1700932875.817844 60 -1
1700932875.818054 54 1
1700932875.818145 78 -1
1700932875.818145 60 -1
1700932875.818184 54 1
1700932880.250492 66 1
1700932880.251562 66 -1
1700932880.251640 54 1
1700932880.252854 966 1
1700932880.254311 60 -1
1700932880.254699 318 -1
1700932880.255308 134 1
1700932880.255571 146 1
1700932880.256191 585 1
1700932880.256278 228 1
1700932880.256359 60 -1
1700932880.256369 228 1
1700932880.256439 227 1
1700932880.256490 226 1
1700932880.256538 226 1
1700932880.256562 60 -1
1700932880.256588 227 1
1700932880.256695 228 1
1700932880.256771 341 -1
1700932880.257025 115 -1
1700932880.257025 85 -1
1700932880.257065 54 1
1700932880.257303 85 1
1700932880.257324 60 -1
1700932880.257373 60 -1
1700932880.257373 60 -1
1700932880.257373 60 -1
1700932880.257486 60 -1
1700932880.257486 60 -1
1700932880.257486 60 -1
1700932880.257523 60 -1
1700932880.258334 60 -1
1700932880.262744 1196 -1
1700932880.262809 1201 -1
1700932880.262831 54 1
1700932880.262914 558 -1
1700932880.262914 570 -1
1700932880.262914 1177 -1
1700932880.262951 54 1
1700932880.263067 1514 -1
1700932880.263083 54 1
1700932880.263112 1514 -1
1700932880.264276 4652 -1
1700932880.264276 4782 -1
1700932880.264276 593 -1
1700932880.264276 5049 -1
1700932880.264373 54 1
1700932880.264452 1226 -1
1700932880.264604 527 -1
1700932880.264604 2974 -1
1700932880.264636 54 1
1700932880.264868 2905 -1
1700932880.265100 54 1
1700932880.269351 1284 -1
1700932880.269351 450 -1
1700932880.269351 1167 -1
1700932880.269351 9452 -1
1700932880.269445 54 1
1700932880.270061 619 -1
1700932880.271120 1209 -1
1700932880.271120 558 -1
1700932880.271153 54 1
1700932880.271713 4531 -1
1700932880.271745 54 1
1700932880.272576 4466 -1
1700932880.272618 54 1
1700932880.275410 1202 -1
1700932880.275410 304 -1
1700932880.275475 54 1
1700932880.275646 7354 -1
1700932880.275679 54 1
1700932880.280051 5001 -1
1700932880.280169 54 1
1700932881.862742 54 1
1700932881.864211 78 -1
1700932881.864211 60 -1
1700932881.864244 54 1
1700932881.913680 66 1
1700932881.914850 66 -1
1700932881.915084 54 1
1700932881.915801 966 1
1700932881.923309 60 -1
1700932881.923856 318 -1
1700932881.928440 134 1
1700932881.929521 60 -1
1700932881.929815 341 -1
1700932881.930669 146 1
1700932881.931504 582 1
1700932881.931611 231 1
1700932881.931671 228 1
1700932881.931774 229 1
1700932881.931870 226 1
1700932881.931977 226 1
1700932881.932084 229 1
1700932881.932193 229 1
1700932881.932408 60 -1
1700932881.932408 115 -1
1700932881.932408 85 -1
1700932881.932471 54 1
1700932881.932625 60 -1
1700932881.932678 85 1
1700932881.932811 60 -1
1700932881.932811 60 -1
1700932881.932811 60 -1
1700932881.933794 60 -1
1700932881.933794 60 -1
1700932881.933794 60 -1
1700932881.933794 60 -1
1700932881.933794 60 -1
1700932881.942155 1174 -1
1700932881.942155 601 -1
1700932881.942244 54 1
1700932881.942576 1233 -1
1700932881.942576 516 -1
1700932881.942576 1168 -1
1700932881.942576 605 -1
1700932881.942576 1234 -1
1700932881.942576 516 -1
1700932881.942649 54 1
1700932881.944136 2974 -1
1700932881.944136 1514 -1
1700932881.944136 3104 -1
1700932881.944187 54 1
1700932881.944425 4511 -1
1700932881.944449 54 1
1700932881.944769 2869 -1
1700932881.944809 54 1
1700932881.945159 5868 -1
1700932881.945202 54 1
1700932881.945458 7354 -1
1700932881.945489 54 1
1700932881.946145 2974 -1
1700932881.946320 54 1
1700932881.946378 6240 -1
1700932881.946414 54 1
1700932881.946831 6684 -1
1700932881.947082 54 1
1700932881.947389 1190 -1
1700932881.947413 54 1
1700932881.947500 577 -1
1700932881.947549 3643 -1
1700932881.947565 54 1
1700932881.947801 7354 -1
1700932881.947834 54 1
1700932881.948516 1514 -1
1700932881.948540 54 1
1700932881.948601 2974 -1
1700932881.948626 54 1
1700932881.948803 2974 -1
1700932881.948820 54 1
1700932881.949093 1860 -1
1700932881.949118 54 1
1700932881.949252 7354 -1
1700932881.949284 54 1
1700932881.949776 2974 -1
1700932881.949795 54 1
1700932881.950074 5480 -1
1700932881.950100 54 1
1700932881.950642 3188 -1
1700932881.950663 54 1
1700932881.950815 1680 -1
1700932881.950845 54 1
1700932881.951010 1514 -1
1700932881.951134 4434 -1
1700932881.951156 54 1
1700932881.951656 5624 -1
1700932881.951706 54 1
1700932883.564103 227 1
1700932883.564898 228 1
1700932883.565038 226 1
1700932883.567731 230 1
1700932883.567925 227 1
1700932883.569242 60 -1
1700932883.569836 228 1
1700932883.571917 227 1
1700932883.572405 229 1
1700932883.573537 60 -1
1700932883.574280 60 -1
1700932883.577582 1173 -1
1700932883.577582 600 -1
1700932883.577582 1229 -1
1700932883.577582 520 -1
1700932883.577582 1224 -1
1700932883.577582 529 -1
1700932883.577582 5018 -1
1700932883.577744 54 1
1700932883.580382 2229 -1
1700932883.580465 54 1
1700932883.580546 6863 -1
1700932883.580607 54 1
1700932883.581430 1166 -1
1700932883.581430 335 -1
1700932883.581460 54 1
1700932883.584512 5894 -1
1700932883.584607 54 1
1700932883.584670 2389 -1
1700932883.584689 54 1
1700932883.585251 1235 -1
1700932883.585251 1683 -1
1700932883.585251 263 -1
1700932883.585251 1230 -1
1700932883.585251 521 -1
1700932883.585251 5894 -1
1700932883.585341 54 1
1700932883.585759 3315 -1
1700932883.585785 54 1
1700932883.586310 7218 -1
1700932883.586347 54 1
1700932883.587669 6181 -1
1700932883.587754 54 1
1700932883.588825 1176 -1
1700932883.588825 601 -1
1700932883.588878 54 1
1700932883.588945 5521 -1
1700932883.588985 54 1
1700932885.817330 54 1
1700932885.818755 78 -1
1700932885.818755 60 -1
1700932885.818845 54 1
1700932891.258873 66 1
1700932891.259830 66 -1
1700932891.259914 54 1
1700932891.268047 966 1
1700932891.271895 60 -1
1700932891.272582 318 -1
1700932891.275109 134 1
1700932891.276300 60 -1
1700932891.276300 341 -1
1700932891.276647 146 1
1700932891.277560 581 1
1700932891.277562 60 -1
1700932891.277660 227 1
1700932891.277693 115 -1
1700932891.277693 85 -1
1700932891.277746 54 1
1700932891.277752 227 1
1700932891.277856 229 1
1700932891.277979 226 1
1700932891.278107 229 1
1700932891.278230 227 1
1700932891.278353 228 1
1700932891.278574 85 1
1700932891.278951 60 -1
1700932891.279724 60 -1
1700932891.279724 60 -1
1700932891.279852 60 -1
1700932891.279852 60 -1
1700932891.279852 60 -1
1700932891.279852 60 -1
1700932891.279852 60 -1
1700932891.279852 60 -1
1700932891.283296 1200 -1
1700932891.283414 559 -1
1700932891.283447 54 1
1700932891.283644 7857 -1
1700932891.283703 54 1
1700932891.285275 1324 -1
1700932891.285275 239 -1
1700932891.285275 1222 -1
1700932891.285275 531 -1
1700932891.285335 54 1
1700932891.285528 4157 -1
1700932891.285561 54 1
1700932891.285726 7354 -1
1700932891.285764 54 1
1700932891.286232 7354 -1
1700932891.286285 54 1
1700932891.286839 1860 -1
1700932891.286868 54 1
1700932891.286986 450 -1
1700932891.287011 54 1
1700932891.287065 1258 -1
1700932891.287117 6129 -1
1700932891.287181 54 1
1700932891.291020 7354 -1
1700932891.291020 1351 -1
1700932891.291020 1694 -1
1700932891.291020 1237 -1
1700932891.291020 520 -1
1700932891.291020 2589 -1
1700932891.291020 7354 -1
1700932891.291020 329 -1
1700932891.291173 54 1
1700932891.298651 1250 -1
1700932891.298651 497 -1
1700932891.298733 54 1
1700932891.305359 7354 -1
1700932891.305455 54 1
1700932891.305777 4321 -1
1700932891.305826 54 1
1700932891.804183 54 1
