1700934963.252739 66 1
1700934963.253595 66 1
1700934963.254629 66 -1
1700934963.254881 54 1
1700934963.255515 66 -1
1700934963.255578 54 1
1700934963.258547 599 1
1700934963.259489 663 1
1700934963.259540 60 -1
1700934963.260491 60 -1
1700934963.269278 2974 -1
1700934963.269278 958 -1
1700934963.269334 54 1
1700934963.272568 2974 -1
1700934963.272568 957 -1
1700934963.272653 54 1
1700934963.285818 134 1
1700934963.286560 134 1
1700934963.291250 60 -1
1700934963.291250 341 -1
1700934963.291250 341 -1
1700934963.291298 54 1
1700934963.292024 54 1
1700934963.293719 93 -1
1700934963.293719 78 -1
1700934963.293719 60 -1
1700934963.293860 54 1
1700934963.296531 60 -1
1700934963.299158 341 -1
1700934963.299158 341 -1
1700934963.299227 54 1
1700934963.311883 146 1
1700934963.313340 581 1
1700934963.313424 226 1
1700934963.316207 60 -1
1700934963.316207 60 -1
1700934963.316207 60 -1
1700934963.319653 115 -1
1700934963.319653 85 -1
1700934963.319912 54 1
1700934963.320305 85 1
1700934963.321577 60 -1
1700934963.326070 1229 -1
1700934963.326138 526 -1
1700934963.326155 54 1
1700934963.326208 1204 -1
1700934963.326280 559 -1
1700934963.326301 54 1
1700934963.329044 4434 -1
1700934963.329044 2337 -1
1700934963.329113 54 1
1700934963.329225 6494 -1
1700934963.329257 54 1
1700934963.429024 225 1
1700934963.437107 1196 -1
1700934963.437107 571 -1
1700934963.437107 7354 -1
1700934963.437223 54 1
1700934963.438229 468 -1
1700934963.438258 54 1
1700934963.447126 230 1
1700934963.447236 227 1
1700934963.447340 226 1
1700934963.447434 227 1
1700934963.447506 229 1
1700934963.447602 230 1
1700934963.447757 228 1
1700934963.447857 228 1
1700934963.447939 227 1
1700934963.448040 226 1
1700934963.448137 228 1
1700934963.448419 228 1
1700934963.448565 226 1
1700934963.450003 60 -1
1700934963.450003 60 -1
1700934963.450367 60 -1
1700934963.457496 1208 -1
1700934963.457964 549 -1
1700934963.457964 1258 -1
1700934963.457964 482 -1
1700934963.457964 1232 -1
1700934963.457964 518 -1
1700934963.457964 1152 -1
1700934963.458010 54 1
1700934963.458094 632 -1
1700934963.458094 1178 -1
1700934963.458138 54 1
1700934963.458191 4166 -1
1700934963.458215 54 1
1700934963.458546 4384 -1
1700934963.458579 54 1
1700934963.459466 6979 -1
1700934963.459509 54 1
1700934963.460268 7354 -1
1700934963.460300 54 1
1700934963.470850 1148 -1
1700934963.470899 54 1
1700934963.471493 4248 -1
1700934963.471493 1514 -1
1700934963.471493 7354 -1
1700934963.471493 7275 -1
1700934963.471493 7354 -1
1700934963.471493 104 -1
1700934963.471493 1230 -1
1700934963.471493 524 -1
1700934963.471493 1226 -1
1700934963.471493 529 -1
1700934963.471493 1229 -1
1700934963.471493 523 -1
1700934963.471493 7354 -1
1700934963.471493 3733 -1
1700934963.471493 7354 -1
1700934963.471493 379 -1
1700934963.471493 7354 -1
1700934963.471831 54 1
1700934963.472814 3654 -1
1700934963.472814 1724 -1
1700934963.472814 7354 -1
1700934963.472917 54 1
1700934963.476941 5609 -1
1700934963.476941 1166 -1
1700934963.476941 605 -1
1700934963.476941 7354 -1
1700934963.476941 3586 -1
1700934963.476941 666 -1
1700934963.477060 66 1
1700934963.493072 54 1
1700934963.858541 208 1
1700934963.869854 942 -1
1700934963.869854 7707 -1
1700934963.869976 54 1
1700934966.057455 54 1
1700934966.058607 78 -1
1700934966.058607 60 -1
1700934966.058654 54 1
1700934968.567655 66 1
1700934968.568892 66 -1
1700934968.568992 54 1
1700934968.575445 934 1
1700934968.577395 60 -1
1700934968.577608 318 -1
1700934968.579379 134 1
1700934968.581037 146 1
1700934968.582521 584 1
1700934968.582609 228 1
1700934968.582677 228 1
1700934968.582761 226 1
1700934968.582866 227 1
1700934968.582962 230 1
1700934968.583106 226 1
1700934968.583437 228 1
1700934968.591950 60 -1
1700934968.591950 341 -1
1700934968.593026 60 -1
1700934968.593102 60 -1
1700934968.593102 60 -1
1700934968.593102 60 -1
1700934968.593102 60 -1
1700934968.593102 60 -1
1700934968.593102 60 -1
1700934968.593102 60 -1
1700934968.593102 60 -1
1700934968.599326 115 -1
1700934968.599326 85 -1
1700934968.599375 54 1
1700934968.605613 1234 -1
1700934968.605650 54 1
1700934968.605704 520 -1
1700934968.605704 1227 -1
1700934968.605704 525 -1
1700934968.605704 5894 -1
1700934968.605789 54 1
1700934968.606034 7259 -1
1700934968.606160 54 1
1700934968.606650 1701 -1
1700934968.606699 54 1
1700934968.606912 8814 -1
1700934968.606972 54 1
1700934968.607464 3938 -1
1700934968.607488 54 1
1700934968.607932 7354 -1
1700934968.607996 54 1
1700934968.608626 3827 -1
1700934968.608663 54 1
1700934968.608748 4751 -1
1700934968.608780 54 1
1700934968.609123 7354 -1
1700934968.609174 54 1
1700934968.609741 2592 -1
1700934968.609786 54 1
1700934968.609968 1514 -1
1700934968.610883 1514 -1
1700934968.610883 4434 -1
1700934968.610883 1867 -1
1700934968.610956 54 1
1700934968.612372 1228 -1
1700934968.612372 531 -1
1700934968.612408 54 1
1700934968.612484 85 1
1700934968.617164 4861 -1
1700934968.617240 54 1
1700934971.834563 225 1
1700934971.834670 234 1
1700934971.834770 229 1
1700934971.835645 227 1
1700934971.835727 227 1
1700934971.836075 226 1
1700934971.836149 227 1
1700934971.836207 229 1
1700934971.837068 60 -1
1700934971.837531 60 -1
1700934971.843184 1144 -1
1700934971.843184 642 -1
1700934971.843184 1193 -1
1700934971.843184 576 -1
1700934971.843266 54 1
1700934971.843313 1237 -1
1700934971.843361 5539 -1
1700934971.843405 54 1
1700934971.843894 509 -1
1700934971.843894 1178 -1
1700934971.843916 54 1
1700934971.843943 6830 -1
1700934971.843971 54 1
1700934971.844556 589 -1
1700934971.845626 4203 -1
1700934971.845675 54 1
1700934971.846007 7354 -1
1700934971.846037 54 1
1700934971.846448 4298 -1
1700934971.846475 54 1
1700934971.848059 1232 -1
1700934971.848059 518 -1
1700934971.848094 54 1
1700934971.849450 1170 -1
1700934971.849450 603 -1
1700934971.849450 4362 -1
1700934971.849503 54 1
1700934971.850123 1194 -1
1700934971.850123 4466 -1
1700934971.850188 54 1
1700934971.850359 571 -1
1700934971.850484 6765 -1
1700934971.850513 54 1
1700934971.858596 1226 -1
1700934971.858596 530 -1
1700934971.858663 54 1
1700934971.859935 6951 -1
1700934971.859995 54 1
1700934975.591924 229 1
1700934975.600333 1188 -1
1700934975.600333 575 -1
1700934975.600333 1514 -1
1700934975.600451 54 1
1700934975.600527 7057 -1
1700934975.600581 54 1
1700934975.606283 228 1
1700934975.613258 89 1
1700934975.613408 231 1
1700934975.613490 226 1
1700934975.613589 226 1
1700934975.613930 228 1
1700934975.614018 228 1
1700934975.614126 228 1
1700934975.616300 60 -1
1700934975.618323 60 -1
1700934975.624336 1199 -1
1700934975.624447 565 -1
1700934975.624447 1222 -1
1700934975.624447 533 -1
1700934975.624447 1196 -1
1700934975.624512 54 1
1700934975.624570 9446 -1
1700934975.624630 54 1
1700934975.625670 568 -1
1700934975.625670 1215 -1
1700934975.625670 7354 -1
1700934975.625738 54 1
1700934975.628421 1319 -1
1700934975.628421 542 -1
1700934975.628421 10498 -1
1700934975.628421 1195 -1
1700934975.628421 1725 -1
1700934975.628421 3557 -1
1700934975.628421 7878 -1
1700934975.628542 54 1
1700934975.628667 7026 -1
1700934975.628692 54 1
1700934975.629249 1706 -1
1700934975.629278 54 1
1700934975.631299 5010 -1
1700934975.631343 54 1
1700934976.059953 54 1
1700934976.061154 78 -1
1700934976.061154 60 -1
1700934976.061255 54 1
1700934977.455411 66 1
1700934977.456431 66 -1
1700934977.456508 54 1
1700934977.456988 902 1
1700934977.458020 60 -1
1700934977.458595 318 -1
1700934977.459499 134 1
1700934977.459779 146 1
1700934977.460203 582 1
1700934977.460461 60 -1
1700934977.460537 341 -1
1700934977.460741 60 -1
1700934977.463080 85 -1
1700934977.463080 115 -1
1700934977.463080 60 -1
1700934977.463185 66 1
1700934977.463249 54 1
1700934977.463545 85 1
1700934977.464330 230 1
1700934977.464651 60 -1
1700934977.465323 60 -1
1700934977.465810 227 1
1700934977.466761 60 -1
1700934977.470397 1174 -1
1700934977.470397 569 -1
1700934977.470494 54 1
1700934977.471338 8229 -1
1700934977.471406 54 1
1700934977.471759 1215 -1
1700934977.472411 543 -1
1700934977.472411 3711 -1
1700934977.472455 54 1
1700934977.479120 225 1
1700934977.480052 229 1
1700934977.480421 227 1
1700934977.480493 227 1
1700934977.480567 229 1
1700934977.482021 1225 -1
1700934977.482021 530 -1
1700934977.482021 7354 -1
1700934977.482021 972 -1
1700934977.482021 972 -1
1700934977.482137 66 1
1700934977.494593 60 -1
1700934977.494593 1140 -1
1700934977.494593 645 -1
1700934977.494593 1173 -1
1700934977.494593 4157 -1
1700934977.494593 599 -1
1700934977.494593 4434 -1
1700934977.494593 4069 -1
1700934977.494593 1197 -1
1700934977.494593 445 -1
1700934977.494593 1231 -1
1700934977.494593 519 -1
1700934977.494593 1514 -1
1700934977.494593 2974 -1
1700934977.494593 1801 -1
1700934977.494593 3095 -1
1700934977.494894 54 1
1700934977.499193 1227 -1
1700934977.499193 526 -1
1700934977.499193 1514 -1
1700934977.499193 7354 -1
1700934977.499193 2408 -1
1700934977.499302 54 1
1700934980.122628 228 1
1700934980.123991 227 1
1700934980.125603 228 1
1700934980.127233 228 1
1700934980.127328 226 1
1700934980.127522 228 1
1700934980.129952 230 1
1700934980.130062 227 1
1700934980.132216 60 -1
1700934980.133308 60 -1
1700934980.138298 1263 -1
1700934980.138298 481 -1
1700934980.138298 1196 -1
1700934980.138401 54 1
1700934980.138464 562 -1
1700934980.138464 2974 -1
1700934980.138494 54 1
1700934980.138545 7354 -1
1700934980.138608 54 1
1700934980.139093 4108 -1
1700934980.139127 54 1
1700934980.139429 5842 -1
1700934980.139466 54 1
1700934980.140622 1230 -1
1700934980.140622 525 -1
1700934980.140672 54 1
1700934980.141304 1204 -1
1700934980.141304 5605 -1
1700934980.141304 553 -1
1700934980.141304 1260 -1
1700934980.141304 6234 -1
1700934980.141384 54 1
1700934980.143268 199 -1
1700934980.143268 1202 -1
1700934980.143268 564 -1
1700934980.143268 6181 -1
1700934980.143268 1229 -1
1700934980.143268 522 -1
1700934980.143268 2409 -1
1700934980.143268 2814 -1
1700934980.143360 54 1
1700934980.149792 1140 -1
1700934980.149792 651 -1
1700934980.150119 54 1
1700934980.151403 4600 -1
1700934980.151450 54 1
1700934981.708512 229 1
1700934981.709625 227 1
1700934981.712650 60 -1
1700934981.713836 230 1
1700934981.714784 225 1
1700934981.715595 226 1
1700934981.715883 229 1
1700934981.717278 226 1
1700934981.718201 226 1
1700934981.719549 60 -1
1700934981.722868 60 -1
1700934981.725526 1225 -1
1700934981.725526 533 -1
1700934981.725618 54 1
1700934981.726279 1203 -1
1700934981.726279 564 -1
1700934981.726279 5123 -1
1700934981.726322 54 1
1700934981.726668 1167 -1
1700934981.726697 608 -1
1700934981.726715 54 1
1700934981.729519 6496 -1
1700934981.729519 1514 -1
1700934981.729519 3088 -1
1700934981.729519 1279 -1
1700934981.729629 54 1
1700934981.729685 459 -1
1700934981.729685 1174 -1
1700934981.729721 54 1
1700934981.729772 5318 -1
1700934981.729794 54 1
1700934981.730246 467 -1
1700934981.732181 1192 -1
1700934981.732181 574 -1
1700934981.732181 4157 -1
1700934981.732181 1260 -1
1700934981.732266 54 1
1700934981.732319 483 -1
1700934981.732337 54 1
1700934981.736039 5428 -1
1700934981.736141 54 1
1700934981.736193 7064 -1
1700934981.736252 54 1
1700934981.739045 1226 -1
1700934981.739045 527 -1
1700934981.739110 54 1
1700934981.741407 2894 -1
1700934981.741450 54 1
1700934983.290083 226 1
1700934983.292655 227 1
1700934983.293750 60 -1
1700934983.295354 228 1
1700934983.298885 227 1
1700934983.299287 226 1
1700934983.299337 229 1
1700934983.299999 230 1
1700934983.300176 231 1
1700934983.302159 60 -1
1700934983.304511 1188 -1
1700934983.304511 422 -1
1700934983.304620 54 1
1700934983.306087 89 1
1700934983.309683 7354 -1
1700934983.309777 54 1
1700934983.309983 929 -1
1700934983.310006 54 1
1700934983.310205 1224 -1
1700934983.310205 531 -1
1700934983.310205 1197 -1
1700934983.310240 54 1
1700934983.310277 567 -1
1700934983.310295 54 1
1700934983.313491 6777 -1
1700934983.313721 54 1
1700934983.313863 2974 -1
1700934983.313893 54 1
1700934983.314094 2974 -1
1700934983.314141 54 1
1700934983.314347 3928 -1
1700934983.314374 54 1
1700934983.314814 1179 -1
1700934983.314814 1742 -1
1700934983.315039 54 1
1700934983.315088 565 -1
1700934983.315088 1200 -1
1700934983.315088 556 -1
1700934983.315088 1198 -1
1700934983.315158 54 1
1700934983.315429 9501 -1
1700934983.315480 54 1
1700934983.316050 1514 -1
1700934983.316083 1514 -1
1700934983.316101 54 1
1700934983.316198 1514 -1
1700934983.316313 1514 -1
1700934983.316329 54 1
1700934983.316427 3177 -1
1700934983.316450 54 1
1700934983.319877 3046 -1
1700934983.319982 54 1
1700934983.320042 7354 -1
1700934983.320095 54 1
1700934983.320593 5106 -1
1700934983.320620 54 1
1700934983.334580 1196 -1
1700934983.334580 572 -1
1700934983.334687 54 1
1700934983.342965 5665 -1
1700934983.343050 54 1
1700934985.257665 226 1
1700934985.257773 226 1
1700934985.258118 227 1
1700934985.258569 227 1
1700934985.262731 226 1
1700934985.262947 229 1
1700934985.263042 226 1
1700934985.263126 228 1
1700934985.264147 60 -1
1700934985.270233 60 -1
1700934985.284033 1228 -1
1700934985.284033 529 -1
1700934985.284033 1229 -1
1700934985.284033 520 -1
1700934985.284033 5810 -1
1700934985.284033 1231 -1
1700934985.284033 521 -1
1700934985.284033 2974 -1
1700934985.284033 2388 -1
1700934985.284033 4521 -1
1700934985.284033 1197 -1
1700934985.284033 564 -1
1700934985.284033 4782 -1
1700934985.284033 1169 -1
1700934985.284033 1172 -1
1700934985.284033 598 -1
1700934985.284033 607 -1
1700934985.284033 3298 -1
1700934985.284033 1256 -1
1700934985.284033 487 -1
1700934985.284033 2342 -1
1700934985.284033 7169 -1
1700934985.284033 1196 -1
1700934985.284033 572 -1
1700934985.284033 6514 -1
1700934985.284352 54 1
1700934986.063157 54 1
1700934986.064802 78 -1
1700934986.064802 60 -1
1700934986.064841 54 1
1700934988.517239 66 1
1700934988.518317 66 -1
1700934988.518407 54 1
1700934988.518967 934 1
1700934988.519929 60 -1
1700934988.520791 318 -1
1700934988.521645 134 1
1700934988.522345 146 1
1700934988.522890 582 1
1700934988.522984 231 1
1700934988.523073 227 1
1700934988.523148 228 1
1700934988.523174 60 -1
1700934988.523174 341 -1
1700934988.523191 228 1
1700934988.523259 229 1
1700934988.523589 60 -1
1700934988.523589 115 -1
1700934988.523589 85 -1
1700934988.523628 54 1
1700934988.523864 60 -1
1700934988.523864 60 -1
1700934988.523985 85 1
1700934988.524580 60 -1
1700934988.524580 60 -1
1700934988.524580 60 -1
1700934988.524580 60 -1
1700934988.525087 60 -1
1700934988.525887 228 1
1700934988.526792 60 -1
1700934988.527444 229 1
1700934988.528430 60 -1
1700934988.531514 1225 -1
1700934988.531760 532 -1
1700934988.531760 1257 -1
1700934988.531760 488 -1
1700934988.531760 1245 -1
1700934988.531811 54 1
1700934988.532128 451 -1
1700934988.532128 2974 -1
1700934988.532128 2418 -1
1700934988.532182 54 1
1700934988.532256 3384 -1
1700934988.532284 54 1
1700934988.533063 1185 -1
1700934988.533063 586 -1
1700934988.533063 4157 -1
1700934988.533094 54 1
1700934988.533250 1201 -1
1700934988.533250 566 -1
1700934988.533279 54 1
1700934988.533588 1196 -1
1700934988.533588 569 -1
1700934988.533588 8814 -1
1700934988.533652 54 1
1700934988.534357 1604 -1
1700934988.534357 2974 -1
1700934988.534395 54 1
1700934988.534531 3766 -1
1700934988.534557 54 1
1700934988.534838 1256 -1
1700934988.534865 54 1
1700934988.535239 476 -1
1700934988.535239 16460 -1
1700934988.535312 54 1
1700934988.536358 1726 -1
1700934988.536388 54 1
1700934988.536506 5275 -1
1700934988.536536 54 1
1700934988.536934 1257 -1
1700934988.536957 54 1
1700934988.537166 480 -1
1700934988.537166 7258 -1
1700934988.537205 54 1
1700934990.139474 227 1
1700934990.140260 226 1
1700934990.141561 226 1
1700934990.142571 227 1
1700934990.143194 60 -1
1700934990.144092 226 1
1700934990.145102 230 1
1700934990.148039 60 -1
1700934990.148161 228 1
1700934990.148382 228 1
1700934990.153259 1224 -1
1700934990.153259 525 -1
1700934990.153259 1260 -1
1700934990.153259 479 -1
1700934990.153385 54 1
1700934990.157314 6365 -1
1700934990.157400 54 1
1700934990.157585 1514 -1
1700934990.157612 54 1
1700934990.157692 2974 -1
1700934990.157748 54 1
1700934990.158048 3290 -1
1700934990.158087 54 1
1700934990.158219 1196 -1
1700934990.158242 54 1
1700934990.158414 572 -1
1700934990.158414 1173 -1
1700934990.158445 54 1
1700934990.158494 603 -1
1700934990.159190 3553 -1
1700934990.159212 54 1
1700934990.159307 1514 -1
1700934990.159424 1993 -1
1700934990.159448 54 1
1700934990.162757 1231 -1
1700934990.162757 521 -1
1700934990.162757 1207 -1
1700934990.162757 5209 -1
1700934990.162899 54 1
1700934990.167282 2974 -1
1700934990.167282 451 -1
1700934990.167282 1190 -1
1700934990.167282 574 -1
1700934990.167282 5666 -1
1700934990.167411 54 1
1700934990.196243 1256 -1
1700934990.196243 490 -1
1700934990.196334 54 1
1700934990.205569 2723 -1
1700934990.205675 54 1
1700934992.293430 228 1
1700934992.296917 226 1
1700934992.300849 1255 -1
1700934992.300849 487 -1
1700934992.300984 54 1
1700934992.304679 4434 -1
1700934992.304800 54 1
1700934992.304889 1952 -1
1700934992.304931 54 1
1700934992.305944 226 1
1700934992.306062 230 1
1700934992.306149 227 1
1700934992.307421 228 1
1700934992.307520 230 1
1700934992.308570 227 1
1700934992.310241 1275 -1
1700934992.310241 463 -1
1700934992.310241 4434 -1
1700934992.310241 6209 -1
1700934992.310357 54 1
1700934992.317015 60 -1
1700934992.327144 1199 -1
1700934992.327144 562 -1
1700934992.327246 54 1
1700934992.327349 1222 -1
1700934992.327349 6711 -1
1700934992.327387 54 1
1700934992.327510 533 -1
1700934992.327545 1230 -1
1700934992.327562 54 1
1700934992.327653 522 -1
1700934992.328521 1229 -1
1700934992.328521 527 -1
1700934992.328552 54 1
1700934992.328602 7354 -1
1700934992.328645 54 1
1700934992.329073 7354 -1
1700934992.329098 54 1
1700934992.329726 1860 -1
1700934992.329755 54 1
1700934992.329854 85 -1
1700934992.329854 5031 -1
1700934992.329878 54 1
1700934992.330258 4434 -1
1700934992.330295 54 1
1700934992.330621 7034 -1
1700934992.330669 54 1
1700934992.331347 1202 -1
1700934992.331347 561 -1
1700934992.331347 1265 -1
1700934992.331374 54 1
1700934992.331409 476 -1
1700934992.331425 54 1
1700934992.331454 3498 -1
1700934992.331468 54 1
1700934992.332296 4772 -1
1700934992.332324 54 1
1700934996.073669 54 1
1700934996.078317 78 -1
1700934996.078317 60 -1
1700934996.078395 54 1
1700934996.644852 66 1
1700934996.646110 66 -1
1700934996.646292 54 1
1700934996.647805 902 1
1700934996.649118 60 -1
1700934996.649730 318 -1
1700934996.652364 134 1
1700934996.653528 60 -1
1700934996.653528 341 -1
1700934996.655246 146 1
1700934996.656300 581 1
1700934996.656429 230 1
1700934996.656487 60 -1
1700934996.656487 115 -1
1700934996.656487 85 -1
1700934996.656507 226 1
1700934996.656541 54 1
1700934996.656603 229 1
1700934996.656701 225 1
1700934996.656788 226 1
1700934996.656865 227 1
1700934996.656945 229 1
1700934996.657170 85 1
1700934996.657470 60 -1
1700934996.657470 60 -1
1700934996.657470 60 -1
1700934996.657662 60 -1
1700934996.657662 60 -1
1700934996.657734 60 -1
1700934996.657847 60 -1
1700934996.657885 60 -1
1700934996.658182 60 -1
1700934996.663750 1229 -1
1700934996.663750 279 -1
1700934996.663750 1233 -1
1700934996.663750 455 -1
1700934996.663750 6181 -1
1700934996.664098 54 1
1700934996.664654 7354 -1
1700934996.664654 2953 -1
1700934996.664729 54 1
1700934996.665762 1231 -1
1700934996.665762 521 -1
1700934996.665762 1197 -1
1700934996.665762 562 -1
1700934996.665762 1215 -1
1700934996.665762 544 -1
1700934996.665762 1229 -1
1700934996.665762 517 -1
1700934996.665762 5391 -1
1700934996.665875 54 1
1700934996.665984 7354 -1
1700934996.666066 54 1
1700934996.666424 2974 -1
1700934996.666460 54 1
1700934996.666688 60 -1
1700934996.666688 7354 -1
1700934996.666733 54 1
1700934996.667504 5894 -1
1700934996.667543 54 1
1700934996.667771 2532 -1
1700934996.667811 54 1
1700934998.232415 228 1
1700934998.234033 225 1
1700934998.235387 229 1
1700934998.236179 228 1
1700934998.237929 226 1
1700934998.237934 60 -1
1700934998.238185 226 1
1700934998.239364 229 1
1700934998.239963 227 1
1700934998.240323 60 -1
1700934998.242933 1196 -1
1700934998.242933 575 -1
1700934998.242933 1230 -1
1700934998.242933 518 -1
1700934998.243027 54 1
1700934998.245616 4668 -1
1700934998.245669 54 1
1700934998.245776 2974 -1
1700934998.245797 54 1
1700934998.246128 4569 -1
1700934998.246167 54 1
1700934998.246412 1234 -1
1700934998.246520 442 -1
1700934998.246703 54 1
1700934998.246876 4157 -1
1700934998.246905 54 1
1700934998.247064 1187 -1
1700934998.247089 54 1
1700934998.247212 583 -1
1700934998.247754 2974 -1
1700934998.247776 54 1
1700934998.247823 2344 -1
1700934998.247860 54 1
1700934998.248248 1261 -1
1700934998.248248 476 -1
1700934998.248269 54 1
1700934998.248334 1214 -1
1700934998.248334 6814 -1
1700934998.248382 54 1
1700934998.249134 389 -1
1700934998.249134 1176 -1
1700934998.249134 346 -1
1700934998.249167 54 1
1700934998.249350 7354 -1
1700934998.249510 54 1
1700934998.249837 929 -1
1700934998.249862 54 1
1700934998.249915 6181 -1
1700934998.250085 54 1
1700934998.250436 1223 -1
1700934998.250588 54 1
1700934998.250632 531 -1
1700934998.250632 4434 -1
1700934998.250660 54 1
1700934998.251031 6676 -1
1700934998.251125 54 1
1700934999.826377 228 1
1700934999.826509 229 1
1700934999.828241 60 -1
1700934999.828608 227 1
1700934999.833301 231 1
1700934999.833416 227 1
1700934999.833489 227 1
1700934999.833614 227 1
1700934999.833721 229 1
1700934999.835399 60 -1
1700934999.835399 1254 -1
1700934999.835399 347 -1
1700934999.835485 54 1
1700934999.842189 4157 -1
1700934999.842274 54 1
1700934999.842346 1228 -1
1700934999.842380 54 1
1700934999.842475 222 -1
1700934999.842475 1260 -1
1700934999.842475 4157 -1
1700934999.842507 54 1
1700934999.842936 481 -1
1700934999.842936 1194 -1
1700934999.843169 54 1
1700934999.843218 569 -1
1700934999.843234 54 1
1700934999.848526 1231 -1
1700934999.848526 524 -1
1700934999.848604 54 1
1700934999.848801 1227 -1
1700934999.848801 431 -1
1700934999.848801 1180 -1
1700934999.848838 54 1
1700934999.849111 1514 -1
1700934999.849111 5213 -1
1700934999.849145 54 1
1700934999.849210 963 -1
1700934999.850343 1257 -1
1700934999.850343 274 -1
1700934999.850380 54 1
1700934999.851176 13957 -1
1700934999.851423 54 1
1700934999.852232 6181 -1
1700934999.852282 54 1
1700934999.852459 12301 -1
1700934999.852504 54 1
1700934999.853451 6181 -1
1700934999.853478 54 1
1700935001.455072 227 1
1700935001.455200 231 1
1700935001.456502 230 1
1700935001.458543 60 -1
1700935001.458787 227 1
1700935001.459393 230 1
1700935001.459522 226 1
1700935001.459621 227 1
1700935001.463704 225 1
1700935001.475927 1313 -1
1700935001.475927 408 -1
1700935001.475927 4293 -1
1700935001.475927 1197 -1
1700935001.475927 573 -1
1700935001.475927 2974 -1
1700935001.475927 8366 -1
1700935001.475927 1230 -1
1700935001.475927 1485 -1
1700935001.475927 523 -1
1700935001.477276 54 1
1700935001.480188 1228 -1
1700935001.480188 523 -1
1700935001.480188 7354 -1
1700935001.480188 929 -1
1700935001.480188 4737 -1
1700935001.480188 1204 -1
1700935001.480188 544 -1
1700935001.480188 4582 -1
1700935001.480188 1236 -1
1700935001.480188 510 -1
1700935001.480614 54 1
1700935001.486526 7354 -1
1700935001.486526 7025 -1
1700935001.486526 5647 -1
1700935001.486526 1175 -1
1700935001.486526 601 -1
1700935001.486526 7354 -1
1700935001.486526 73 -1
1700935001.487244 54 1
1700935003.523895 232 1
1700935003.532662 1162 -1
1700935003.532662 616 -1
1700935003.532662 4425 -1
1700935003.532787 54 1
1700935003.536333 232 1
1700935003.537007 228 1
1700935003.537102 228 1
1700935003.537153 229 1
1700935003.538506 89 1
1700935003.538598 226 1
1700935003.539606 60 -1
1700935003.539638 228 1
1700935003.541095 228 1
1700935003.544788 60 -1
1700935003.547272 1234 -1
1700935003.547272 430 -1
1700935003.547272 1258 -1
1700935003.547351 54 1
1700935003.547639 481 -1
1700935003.547657 54 1
1700935003.548132 4434 -1
1700935003.548166 54 1
1700935003.548211 7921 -1
1700935003.548261 54 1
1700935003.548800 2974 -1
1700935003.548835 54 1
1700935003.549144 11646 -1
1700935003.549425 54 1
1700935003.550097 1704 -1
1700935003.550119 54 1
1700935003.550514 5528 -1
1700935003.550547 54 1
1700935003.550596 1170 -1
1700935003.550616 54 1
1700935003.550704 607 -1
1700935003.550704 1192 -1
1700935003.550723 54 1
1700935003.550806 578 -1
1700935003.550948 4377 -1
1700935003.550971 54 1
1700935003.551353 5616 -1
1700935003.551400 54 1
1700935003.551682 1186 -1
1700935003.552252 583 -1
1700935003.552252 7354 -1
1700935003.552308 54 1
1700935003.552477 2598 -1
1700935003.552505 54 1
1700935003.562601 1173 -1
1700935003.562601 602 -1
1700935003.562684 54 1
1700935003.563895 5019 -1
1700935003.564547 54 1
1700935006.104259 54 1
1700935006.111339 78 -1
1700935006.111339 60 -1
1700935006.111618 54 1
1700935007.900535 66 1
1700935007.904398 66 -1
1700935007.904519 54 1
1700935007.905115 870 1
1700935007.906278 60 -1
1700935007.906894 318 -1
1700935007.907443 134 1
1700935007.907789 146 1
1700935007.908342 60 -1
1700935007.908735 60 -1
1700935007.908910 583 1
1700935007.908996 226 1
1700935007.909086 227 1
1700935007.909161 228 1
1700935007.909232 227 1
1700935007.909304 228 1
1700935007.909390 226 1
1700935007.909470 227 1
1700935007.909815 60 -1
1700935007.909908 60 -1
1700935007.909972 60 -1
1700935007.910257 60 -1
1700935007.910485 60 -1
1700935007.910577 60 -1
1700935007.910577 60 -1
1700935007.910577 60 -1
1700935007.910577 341 -1
1700935007.913296 115 -1
1700935007.913296 85 -1
1700935007.913353 54 1
1700935007.913598 85 1
1700935007.914621 60 -1
1700935007.916855 1265 -1
1700935007.917036 1207 -1
1700935007.917036 550 -1
1700935007.917075 54 1
1700935007.917264 474 -1
1700935007.917289 54 1
1700935007.917758 4350 -1
1700935007.917794 54 1
1700935007.917844 1197 -1
1700935007.917863 54 1
1700935007.917935 569 -1
1700935007.917995 7354 -1
1700935007.918222 54 1
1700935007.918608 4595 -1
1700935007.918652 54 1
1700935007.920186 1222 -1
1700935007.920262 534 -1
1700935007.920287 54 1
1700935007.920363 1295 -1
1700935007.920363 434 -1
1700935007.920363 7354 -1
1700935007.920402 54 1
1700935007.920710 2224 -1
1700935007.920736 54 1
1700935007.926589 1163 -1
1700935007.926589 619 -1
1700935007.926589 3523 -1
1700935007.926659 54 1
1700935007.926751 6934 -1
1700935007.926799 54 1
1700935007.927305 1195 -1
1700935007.927332 54 1
1700935007.927465 574 -1
1700935007.930396 3528 -1
1700935007.930464 54 1
1700935007.930534 2974 -1
1700935007.930563 54 1
1700935007.930874 2019 -1
1700935007.930899 54 1
1700935007.943621 1218 -1
1700935007.943621 547 -1
1700935007.943720 54 1
1700935007.947375 6913 -1
1700935007.947459 54 1
1700935009.556731 229 1
1700935009.557901 60 -1
1700935009.560337 226 1
1700935009.561614 227 1
1700935009.561836 60 -1
1700935009.562666 228 1
1700935009.562893 60 -1
1700935009.563571 60 -1
1700935009.563832 227 1
1700935009.563952 226 1
1700935009.564268 227 1
1700935009.564495 228 1
1700935009.564978 60 -1
1700935009.564978 60 -1
1700935009.565429 60 -1
1700935009.565487 60 -1
1700935009.574308 1179 -1
1700935009.574308 596 -1
1700935009.574308 7354 -1
1700935009.574452 54 1
1700935009.574634 986 -1
1700935009.574634 1222 -1
1700935009.574634 534 -1
1700935009.574673 54 1
1700935009.574753 1194 -1
1700935009.574803 553 -1
1700935009.574829 54 1
1700935009.585921 4826 -1
1700935009.585921 1225 -1
1700935009.585921 356 -1
1700935009.585921 6181 -1
1700935009.585921 1260 -1
1700935009.585921 491 -1
1700935009.585921 4157 -1
1700935009.585921 1204 -1
1700935009.585921 543 -1
1700935009.585921 1163 -1
1700935009.585921 4157 -1
1700935009.585921 619 -1
1700935009.585921 1206 -1
1700935009.585921 559 -1
1700935009.585921 6377 -1
1700935009.585921 5154 -1
1700935009.586205 54 1
1700935009.588505 7067 -1
1700935009.588564 54 1
1700935011.242564 226 1
1700935011.242735 225 1
1700935011.245042 229 1
1700935011.245136 227 1
1700935011.245233 230 1
1700935011.245317 227 1
1700935011.245399 227 1
1700935011.245481 225 1
1700935011.246445 60 -1
1700935011.246863 60 -1
1700935011.253393 1222 -1
1700935011.253393 530 -1
1700935011.253393 1221 -1
1700935011.253393 534 -1
1700935011.253393 1195 -1
1700935011.253486 54 1
1700935011.253561 10845 -1
1700935011.253616 54 1
1700935011.254687 6811 -1
1700935011.254723 54 1
1700935011.260138 7354 -1
1700935011.260138 1735 -1
1700935011.260138 4157 -1
1700935011.260138 3640 -1
1700935011.260138 1289 -1
1700935011.260138 437 -1
1700935011.260138 1229 -1
1700935011.260138 534 -1
1700935011.260138 5440 -1
1700935011.260138 7354 -1
1700935011.260138 395 -1
1700935011.260346 54 1
1700935011.261659 1179 -1
1700935011.261659 590 -1
1700935011.261702 54 1
1700935011.262486 7354 -1
1700935011.262541 54 1
1700935011.262853 3466 -1
1700935011.262896 54 1
1700935013.355934 226 1
1700935013.361227 226 1
1700935013.363858 1223 -1
1700935013.363858 535 -1
1700935013.363858 4474 -1
1700935013.363983 54 1
1700935013.364980 226 1
1700935013.365104 226 1
1700935013.365212 229 1
1700935013.365957 60 -1
1700935013.366076 229 1
1700935013.366257 226 1
1700935013.366336 228 1
1700935013.367478 60 -1
1700935013.367525 89 1
1700935013.369845 1232 -1
1700935013.369845 404 -1
1700935013.369845 4157 -1
1700935013.369941 54 1
1700935013.371298 1248 -1
1700935013.371298 497 -1
1700935013.371298 7354 -1
1700935013.371380 54 1
1700935013.371722 4160 -1
1700935013.371752 54 1
1700935013.374485 1263 -1
1700935013.374485 215 -1
1700935013.374561 54 1
1700935013.378931 7354 -1
1700935013.378931 929 -1
1700935013.378931 1204 -1
1700935013.378931 560 -1
1700935013.378931 6367 -1
1700935013.378931 1285 -1
1700935013.378931 450 -1
1700935013.378931 1257 -1
1700935013.378931 488 -1
1700935013.378931 4455 -1
1700935013.378931 4946 -1
1700935013.379147 54 1
1700935013.384104 1228 -1
1700935013.384104 524 -1
1700935013.384179 54 1
1700935013.388415 4434 -1
1700935013.388415 4912 -1
1700935013.388520 54 1
1700935016.114589 54 1
1700935016.115681 78 -1
1700935016.115681 60 -1
1700935016.115706 54 1
1700935017.601836 66 1
1700935017.603019 66 -1
1700935017.603241 54 1
1700935017.604067 966 1
1700935017.605244 60 -1
1700935017.605736 318 -1
1700935017.607857 134 1
1700935017.608304 146 1
1700935017.608843 60 -1
1700935017.608938 341 -1
1700935017.609149 585 1
1700935017.609247 227 1
1700935017.609266 60 -1
1700935017.609346 228 1
1700935017.609435 227 1
1700935017.609512 227 1
1700935017.609600 228 1
1700935017.609704 227 1
1700935017.609785 227 1
1700935017.610552 60 -1
1700935017.610552 60 -1
1700935017.610552 60 -1
1700935017.610552 60 -1
1700935017.610552 60 -1
1700935017.610950 60 -1
1700935017.610950 60 -1
1700935017.610950 60 -1
1700935017.612386 115 -1
1700935017.612475 85 -1
1700935017.612502 54 1
1700935017.612738 85 1
1700935017.613685 60 -1
1700935017.616382 1219 -1
1700935017.616382 539 -1
1700935017.616382 1204 -1
1700935017.616382 559 -1
1700935017.616382 1222 -1
1700935017.616382 533 -1
1700935017.616507 54 1
1700935017.617509 7354 -1
1700935017.617583 54 1
1700935017.617618 5894 -1
1700935017.617657 54 1
1700935017.618174 3320 -1
1700935017.618210 54 1
1700935017.618425 5274 -1
1700935017.618454 54 1
1700935017.618927 8814 -1
1700935017.618972 54 1
1700935017.619528 7354 -1
1700935017.619560 54 1
1700935017.620268 468 -1
1700935017.620268 1647 -1
1700935017.620299 54 1
1700935017.620338 1249 -1
1700935017.620439 500 -1
1700935017.620461 54 1
1700935017.620499 1514 -1
1700935017.620589 7354 -1
1700935017.620643 54 1
1700935017.621314 3541 -1
1700935017.621358 54 1
1700935017.621467 1262 -1
1700935017.621495 54 1
1700935017.621562 1514 -1
1700935017.621710 7354 -1
1700935017.621738 54 1
1700935017.622305 650 -1
1700935017.622341 1296 -1
1700935017.622361 54 1
1700935017.625341 431 -1
1700935017.625341 5241 -1
1700935017.625341 1170 -1
1700935017.625341 1514 -1
1700935017.625341 5474 -1
1700935017.625341 4506 -1
1700935017.625522 54 1
1700935019.240369 228 1
1700935019.240600 228 1
1700935019.241959 60 -1
1700935019.242338 227 1
1700935019.247704 1292 -1
1700935019.247704 435 -1
1700935019.247712 227 1
1700935019.247704 1192 -1
1700935019.247704 578 -1
1700935019.247704 2621 -1
1700935019.247826 229 1
1700935019.247873 229 1
1700935019.248466 4434 -1
1700935019.248550 3925 -1
1700935019.248869 1198 -1
1700935019.248952 570 -1
1700935019.249276 60 -1
1700935019.249729 228 1
1700935019.249821 227 1
1700935019.251472 3341 -1
1700935019.254426 1228 -1
1700935019.254426 527 -1
1700935019.254426 7887 -1
1700935019.255723 1260 -1
1700935019.255723 478 -1
1700935019.255723 1280 -1
1700935019.255723 454 -1
1700935019.255723 8679 -1
1700935019.256798 5642 -1
1700935019.256798 1249 -1
1700935019.256860 498 -1
1700935019.256944 4903 -1
1700935019.260022 1259 -1
1700935019.260022 481 -1
1700935019.260595 1514 -1
1700935019.260633 7354 -1
1700935019.261046 3761 -1
1700935019.271505 841 -1
1700935019.271573 66 1
1700935020.918806 230 1
1700935020.918916 230 1
1700935020.919015 226 1
1700935020.919118 226 1
1700935020.919936 231 1
1700935020.920027 227 1
1700935020.920388 229 1
1700935020.920486 228 1
1700935020.920909 60 -1
1700935020.924552 60 -1
1700935020.928263 1231 -1
1700935020.928263 523 -1
1700935020.928263 5530 -1
1700935020.928335 54 1
1700935020.928406 1318 -1
1700935020.928406 400 -1
1700935020.928406 6746 -1
1700935020.928457 54 1
1700935020.931256 1214 -1
1700935020.931256 546 -1
1700935020.931256 1514 -1
1700935020.931256 3210 -1
1700935020.931256 1209 -1
1700935020.931256 556 -1
1700935020.931256 1270 -1
1700935020.931256 463 -1
1700935020.931256 4434 -1
1700935020.931372 54 1
1700935020.932090 6216 -1
1700935020.932142 54 1
1700935020.934404 1250 -1
1700935020.934404 492 -1
1700935020.934404 2974 -1
1700935020.934404 5909 -1
1700935020.934462 54 1
1700935020.934729 1256 -1
1700935020.934823 462 -1
1700935020.934843 54 1
1700935020.934921 6181 -1
1700935020.934957 54 1
1700935020.936824 5127 -1
1700935020.936877 54 1
1700935020.938412 1227 -1
1700935020.938452 54 1
1700935020.938544 527 -1
1700935020.938544 9405 -1
1700935020.938601 54 1
1700935023.113462 227 1
1700935023.113575 227 1
1700935023.113674 227 1
1700935023.113761 226 1
1700935023.113843 227 1
1700935023.113908 229 1
1700935023.114187 226 1
1700935023.114285 227 1
1700935023.114989 60 -1
1700935023.119477 60 -1
1700935023.121812 1220 -1
1700935023.121812 534 -1
1700935023.121812 1226 -1
1700935023.121812 530 -1
1700935023.121812 1237 -1
1700935023.121896 54 1
1700935023.121951 8269 -1
1700935023.121987 54 1
1700935023.122534 5718 -1
1700935023.122571 54 1
1700935023.123070 2166 -1
1700935023.123089 54 1
1700935023.123259 1211 -1
1700935023.123276 54 1
1700935023.123334 552 -1
1700935023.123334 7354 -1
1700935023.123354 54 1
1700935023.123922 7188 -1
1700935023.123962 54 1
1700935023.124501 6713 -1
1700935023.124531 54 1
1700935023.125080 3262 -1
1700935023.125099 54 1
1700935023.125403 89 1
1700935023.125441 1166 -1
1700935023.125538 607 -1
1700935023.125538 1312 -1
1700935023.125566 54 1
1700935023.125597 412 -1
1700935023.125613 54 1
1700935023.127034 7354 -1
1700935023.127091 54 1
1700935023.127508 7354 -1
1700935023.127554 54 1
1700935023.128243 1860 -1
1700935023.128263 54 1
1700935023.128291 4434 -1
1700935023.128312 54 1
1700935023.128633 3293 -1
1700935023.128657 54 1
1700935023.128902 1738 -1
1700935023.128920 54 1
1700935023.129047 6402 -1
1700935023.129075 54 1
1700935026.130859 54 1
1700935026.133879 78 -1
1700935026.133879 60 -1
1700935026.133934 54 1
1700935027.756104 66 1
1700935027.757075 66 -1
1700935027.757203 54 1
1700935027.757796 934 1
1700935027.758789 60 -1
1700935027.759139 66 1
1700935027.759642 318 -1
1700935027.760359 134 1
1700935027.760491 66 -1
1700935027.760570 54 1
1700935027.760700 146 1
1700935027.761103 605 1
1700935027.761660 60 -1
1700935027.761706 341 -1
1700935027.761706 60 -1
1700935027.761706 115 -1
1700935027.761706 85 -1
1700935027.761743 54 1
1700935027.762054 60 -1
1700935027.762144 583 1
1700935027.762355 227 1
1700935027.762436 231 1
1700935027.762521 228 1
1700935027.762621 228 1
1700935027.762736 228 1
1700935027.762838 225 1
1700935027.763188 85 1
1700935027.764044 60 -1
1700935027.764044 60 -1
1700935027.764044 60 -1
1700935027.764044 60 -1
1700935027.764044 60 -1
1700935027.764044 60 -1
1700935027.764044 60 -1
1700935027.764365 60 -1
1700935027.766543 1150 -1
1700935027.766543 5381 -1
1700935027.766614 54 1
1700935027.768113 1205 -1
1700935027.768113 1209 -1
1700935027.768113 1054 -1
1700935027.768113 6451 -1
1700935027.768340 54 1
1700935027.768624 5744 -1
1700935027.768668 54 1
1700935027.771680 1273 -1
1700935027.771680 469 -1
1700935027.771750 54 1
1700935027.773649 2974 -1
1700935027.773706 54 1
1700935027.773756 958 -1
1700935027.775222 7354 -1
1700935027.775222 1411 -1
1700935027.775222 1214 -1
1700935027.775222 545 -1
1700935027.775222 1239 -1
1700935027.775222 488 -1
1700935027.775222 6497 -1
1700935027.775222 2974 -1
1700935027.775222 7333 -1
1700935027.775222 1206 -1
1700935027.775222 560 -1
1700935027.775222 6429 -1
1700935027.775589 54 1
1700935027.780448 958 -1
1700935027.780514 66 1
1700935027.781202 134 1
1700935027.784936 146 1
1700935027.786050 60 -1
1700935027.786050 60 -1
1700935027.786425 593 1
1700935027.791261 341 -1
1700935027.791261 341 -1
1700935027.791261 115 -1
1700935027.791261 85 -1
1700935027.791261 60 -1
1700935027.791261 1109 -1
1700935027.791360 54 1
1700935027.792774 85 1
1700935027.795328 7354 -1
1700935027.795328 827 -1
1700935027.795430 54 1
1700935027.795678 60 -1
1700935029.479069 226 1
1700935029.482285 227 1
1700935029.482385 227 1
1700935029.482476 227 1
1700935029.482547 228 1
1700935029.482644 226 1
1700935029.482738 226 1
1700935029.482976 226 1
1700935029.484410 60 -1
1700935029.484939 60 -1
1700935029.492829 1196 -1
1700935029.492829 292 -1
1700935029.492829 1183 -1
1700935029.492829 585 -1
1700935029.492829 1262 -1
1700935029.492961 54 1
1700935029.495237 5894 -1
1700935029.495237 5894 -1
1700935029.495237 4780 -1
1700935029.495237 7354 -1
1700935029.495237 864 -1
1700935029.495237 228 -1
1700935029.495431 54 1
1700935029.500384 1194 -1
1700935029.500384 572 -1
1700935029.500384 1231 -1
1700935029.500384 524 -1
1700935029.500384 1258 -1
1700935029.500384 488 -1
1700935029.500384 4944 -1
1700935029.500384 8229 -1
1700935029.500384 1514 -1
1700935029.500384 7354 -1
1700935029.500384 2974 -1
1700935029.500384 4184 -1
1700935029.500384 3546 -1
1700935029.500384 1207 -1
1700935029.500384 5659 -1
1700935029.500616 54 1
1700935029.500701 557 -1
1700935029.500701 1198 -1
1700935029.500701 568 -1
1700935029.500738 54 1
1700935029.500996 4398 -1
1700935029.500996 7159 -1
1700935029.501060 54 1
1700935031.134002 226 1
1700935031.134921 226 1
1700935031.135103 226 1
1700935031.138538 60 -1
1700935031.139800 226 1
1700935031.139920 227 1
1700935031.140060 227 1
1700935031.141398 226 1
1700935031.141500 232 1
1700935031.144038 60 -1
1700935031.146263 1194 -1
1700935031.146263 576 -1
1700935031.146263 1200 -1
1700935031.146409 54 1
1700935031.146470 462 -1
1700935031.146470 1072 -1
1700935031.146470 7294 -1
1700935031.146563 54 1
1700935031.146968 4157 -1
1700935031.147008 54 1
1700935031.147335 2974 -1
1700935031.147359 54 1
1700935031.147548 7354 -1
1700935031.147592 54 1
1700935031.148147 3426 -1
1700935031.148213 54 1
1700935031.150972 1225 -1
1700935031.150972 533 -1
1700935031.150972 1200 -1
1700935031.151043 54 1
1700935031.151097 564 -1
1700935031.151138 1286 -1
1700935031.151161 54 1
1700935031.151218 445 -1
1700935031.152529 2700 -1
1700935031.152561 54 1
1700935031.152608 1226 -1
1700935031.152638 54 1
1700935031.152689 527 -1
1700935031.156551 3531 -1
1700935031.156551 1283 -1
1700935031.156551 453 -1
1700935031.156551 2974 -1
1700935031.156639 54 1
1700935031.156753 6396 -1
1700935031.156800 54 1
1700935031.157596 7354 -1
1700935031.157631 54 1
1700935031.158006 1428 -1
1700935031.158130 9676 -1
1700935031.158198 54 1
1700935033.533965 227 1
1700935033.535331 227 1
1700935033.537644 60 -1
1700935033.540486 1216 -1
1700935033.540486 545 -1
1700935033.540566 54 1
1700935033.540629 6946 -1
1700935033.540705 54 1
1700935033.541939 1229 -1
1700935033.541939 524 -1
1700935033.541994 54 1
1700935033.542046 6969 -1
1700935033.542120 54 1
1700935033.548910 230 1
1700935033.549008 227 1
1700935033.551178 89 1
1700935033.551302 227 1
1700935033.551367 228 1
1700935033.551425 230 1
1700935033.551486 228 1
1700935033.551664 60 -1
1700935033.555798 60 -1
1700935033.558483 1199 -1
1700935033.558483 559 -1
1700935033.558552 54 1
1700935033.559882 5487 -1
1700935033.559942 54 1
1700935033.561251 1280 -1
1700935033.561251 451 -1
1700935033.561292 54 1
1700935033.562320 6300 -1
1700935033.562320 1208 -1
1700935033.562320 558 -1
1700935033.562320 1174 -1
1700935033.562398 54 1
1700935033.573174 601 -1
1700935033.573174 4466 -1
1700935033.573174 5041 -1
1700935033.573174 1218 -1
1700935033.573174 541 -1
1700935033.573174 7354 -1
1700935033.573174 1159 -1
1700935033.573337 54 1
1700935033.586065 1159 -1
1700935033.586065 1179 -1
1700935033.586065 330 -1
1700935033.586065 7354 -1
1700935033.586065 2953 -1
1700935033.586211 66 1
1700935033.586304 54 1
1700935036.138582 54 1
1700935036.138843 54 1
1700935036.140656 78 -1
1700935036.140666 78 -1
1700935036.140686 54 1
1700935036.140705 54 1
1700935036.140738 60 -1
1700935036.140756 60 -1
1700935039.354516 66 1
1700935039.355835 66 -1
1700935039.355934 54 1
1700935039.359702 934 1
1700935039.360660 60 -1
1700935039.361585 318 -1
1700935039.362197 134 1
1700935039.362592 146 1
1700935039.363369 583 1
1700935039.363451 229 1
1700935039.363545 227 1
1700935039.363675 226 1
1700935039.363783 227 1
1700935039.363878 227 1
1700935039.363955 226 1
1700935039.364051 228 1
1700935039.364503 60 -1
1700935039.364503 341 -1
1700935039.365642 60 -1
1700935039.365642 60 -1
1700935039.365642 60 -1
1700935039.365642 60 -1
1700935039.365642 60 -1
1700935039.365642 60 -1
1700935039.365642 60 -1
1700935039.365642 60 -1
1700935039.365642 60 -1
1700935039.367673 115 -1
1700935039.367673 85 -1
1700935039.367751 54 1
1700935039.368220 85 1
1700935039.368553 1121 -1
1700935039.368593 54 1
1700935039.369178 2974 -1
1700935039.369178 2974 -1
1700935039.369178 2974 -1
1700935039.370509 54 1
1700935039.370571 60 -1
1700935039.370571 1057 -1
1700935039.370612 54 1
1700935039.374803 1165 -1
1700935039.374803 613 -1
1700935039.374803 1168 -1
1700935039.374803 611 -1
1700935039.374803 1201 -1
1700935039.374803 7354 -1
1700935039.374803 7354 -1
1700935039.374938 54 1
1700935039.375280 1860 -1
1700935039.375306 54 1
1700935039.375853 6676 -1
1700935039.375889 54 1
1700935039.375968 10791 -1
1700935039.376026 54 1
1700935039.377011 570 -1
1700935039.377011 7354 -1
1700935039.377063 54 1
1700935039.377516 4904 -1
1700935039.377568 54 1
1700935039.379093 7354 -1
1700935039.379093 272 -1
1700935039.379093 4539 -1
1700935039.379176 54 1
1700935039.380831 1201 -1
1700935039.380831 304 -1
1700935039.380831 1514 -1
1700935039.380957 54 1
1700935039.381010 1514 -1
1700935039.381010 5894 -1
1700935039.381086 54 1
1700935039.381463 3541 -1
1700935039.381681 54 1
1700935041.005007 231 1
1700935041.007522 229 1
1700935041.007854 60 -1
1700935041.009366 60 -1
1700935041.009819 229 1
1700935041.009928 228 1
1700935041.010010 226 1
1700935041.010725 226 1
1700935041.011142 227 1
1700935041.011446 60 -1
1700935041.011446 60 -1
1700935041.011446 60 -1
1700935041.011446 1151 -1
1700935041.011446 7354 -1
1700935041.011547 54 1
1700935041.011945 4532 -1
1700935041.012003 54 1
1700935041.013304 228 1
1700935041.013886 60 -1
1700935041.016870 1185 -1
1700935041.016870 585 -1
1700935041.016870 1215 -1
1700935041.016870 545 -1
1700935041.016870 1233 -1
1700935041.016870 516 -1
1700935041.016999 54 1
1700935041.019338 3180 -1
1700935041.019409 54 1
1700935041.019724 3635 -1
1700935041.019724 4511 -1
1700935041.019782 54 1
1700935041.020069 1700 -1
1700935041.020100 54 1
1700935041.020208 7354 -1
1700935041.020538 54 1
1700935041.020866 1514 -1
1700935041.020891 54 1
1700935041.020996 7354 -1
1700935041.021035 54 1
1700935041.021591 400 -1
1700935041.021591 7354 -1
1700935041.021648 54 1
1700935041.022144 4434 -1
1700935041.022184 54 1
1700935041.022504 4020 -1
1700935041.022535 54 1
1700935041.022832 1173 -1
1700935041.022858 54 1
1700935041.022924 600 -1
1700935041.022958 2229 -1
1700935041.022981 54 1
1700935041.023152 1225 -1
1700935041.023175 54 1
1700935041.023530 528 -1
1700935041.023530 1235 -1
1700935041.023530 516 -1
1700935041.023530 5010 -1
1700935041.023583 54 1
1700935041.023912 5389 -1
1700935041.024081 54 1
1700935042.654421 226 1
1700935042.657934 1090 -1
1700935042.657934 7307 -1
1700935042.658065 54 1
1700935042.658704 230 1
1700935042.658820 227 1
1700935042.658913 228 1
1700935042.660336 227 1
1700935042.660494 229 1
1700935042.660581 226 1
1700935042.660833 227 1
1700935042.663201 60 -1
1700935042.669071 1235 -1
1700935042.669071 515 -1
1700935042.669071 1227 -1
1700935042.669071 7354 -1
1700935042.669414 54 1
1700935042.669928 1855 -1
1700935042.669928 529 -1
1700935042.669928 1196 -1
1700935042.669928 8583 -1
1700935042.670001 54 1
1700935042.670632 6694 -1
1700935042.670682 54 1
1700935042.671152 1222 -1
1700935042.671622 54 1
1700935042.672245 7354 -1
1700935042.672245 1026 -1
1700935042.672404 54 1
1700935042.672470 1167 -1
1700935042.672470 335 -1
1700935042.672470 1175 -1
1700935042.672470 601 -1
1700935042.672513 54 1
1700935042.673483 7354 -1
1700935042.673483 7354 -1
1700935042.673542 54 1
1700935042.673595 1860 -1
1700935042.673619 54 1
1700935042.673852 450 -1
1700935042.673852 7354 -1
1700935042.673891 54 1
1700935042.678566 929 -1
1700935042.678566 5521 -1
1700935042.678634 54 1
1700935046.150801 54 1
1700935046.152709 78 -1
1700935046.152744 54 1
1700935046.152819 60 -1
1700935050.191786 66 1
1700935050.192839 66 -1
1700935050.192938 54 1
1700935050.194699 966 1
1700935050.197511 60 -1
1700935050.197573 318 -1
1700935050.216772 134 1
1700935050.217557 146 1
1700935050.218329 60 -1
1700935050.218600 582 1
1700935050.218683 226 1
1700935050.218691 341 -1
1700935050.218691 60 -1
1700935050.218762 228 1
1700935050.218842 227 1
1700935050.218906 228 1
1700935050.218963 229 1
1700935050.219022 115 -1
1700935050.219022 85 -1
1700935050.219026 229 1
1700935050.219070 54 1
1700935050.219136 226 1
1700935050.219369 85 1
1700935050.219898 60 -1
1700935050.219898 60 -1
1700935050.219949 60 -1
1700935050.219949 60 -1
1700935050.219949 60 -1
1700935050.219949 60 -1
1700935050.220209 60 -1
1700935050.220209 60 -1
1700935050.220652 60 -1
1700935050.228092 1258 -1
1700935050.228092 483 -1
1700935050.228092 2974 -1
1700935050.228204 54 1
1700935050.228278 4434 -1
1700935050.228326 54 1
1700935050.229615 1351 -1
1700935050.229664 54 1
1700935050.232677 1218 -1
1700935050.232677 541 -1
1700935050.232677 1237 -1
1700935050.232677 520 -1
1700935050.232677 1320 -1
1700935050.232677 239 -1
1700935050.232677 7629 -1
1700935050.232799 54 1
1700935050.232862 4157 -1
1700935050.232891 54 1
1700935050.233061 5894 -1
1700935050.233114 54 1
1700935050.233576 5737 -1
1700935050.233636 54 1
1700935050.234978 1216 -1
1700935050.234978 432 -1
1700935050.234978 4157 -1
1700935050.235019 54 1
1700935050.236831 1235 -1
1700935050.236831 518 -1
1700935050.236879 54 1
1700935050.239641 2581 -1
1700935050.239709 54 1
1700935050.239789 1255 -1
1700935050.239789 492 -1
1700935050.239789 1228 -1
1700935050.239789 521 -1
1700935050.239843 54 1
1700935050.243105 6620 -1
1700935050.243105 4825 -1
1700935050.243208 54 1
1700935051.902157 54 1
