1700940735.965883 66 1
1700940735.971027 66 -1
1700940735.971174 54 1
1700940735.974900 599 1
1700940735.977054 60 -1
1700940735.993859 2974 -1
1700940735.993859 957 -1
1700940735.993962 54 1
1700940735.998976 134 1
1700940736.000472 60 -1
1700940736.000554 341 -1
1700940736.000554 341 -1
1700940736.000610 54 1
1700940736.005694 146 1
1700940736.007467 582 1
1700940736.013930 60 -1
1700940736.013930 60 -1
1700940736.013930 115 -1
1700940736.013930 85 -1
1700940736.016110 54 1
1700940736.021329 1204 -1
1700940736.021329 559 -1
1700940736.021500 54 1
1700940736.029399 2974 -1
1700940736.029399 3574 -1
1700940736.029515 54 1
1700940736.043841 85 1
1700940736.045545 60 -1
1700940736.169306 225 1
1700940736.170391 60 -1
1700940736.176485 1229 -1
1700940736.178915 526 -1
1700940736.178915 6717 -1
1700940736.179040 54 1
1700940736.292239 224 1
1700940736.300111 1196 -1
1700940736.300111 571 -1
1700940736.301014 54 1
1700940736.301213 5894 -1
1700940736.301213 1928 -1
1700940736.301302 54 1
1700940736.508027 228 1
1700940736.511604 231 1
1700940736.511661 229 1
1700940736.512663 1081 -1
1700940736.512773 7354 -1
1700940736.512814 54 1
1700940736.513202 7354 -1
1700940736.513241 54 1
1700940736.513763 1860 -1
1700940736.513782 54 1
1700940736.513948 146 -1
1700940736.513970 54 1
1700940736.516220 227 1
1700940736.516324 230 1
1700940736.518641 226 1
1700940736.524635 227 1
1700940736.524724 229 1
1700940736.524842 226 1
1700940736.525918 60 -1
1700940736.526530 60 -1
1700940736.529280 226 1
1700940736.529425 228 1
1700940736.529512 228 1
1700940736.529605 226 1
1700940736.530696 60 -1
1700940736.534866 1098 -1
1700940736.535302 4599 -1
1700940736.535346 54 1
1700940736.535621 1156 -1
1700940736.535621 1799 -1
1700940736.535654 54 1
1700940736.535742 5848 -1
1700940736.535780 54 1
1700940736.537339 5894 -1
1700940736.537339 1847 -1
1700940736.537339 4937 -1
1700940736.537404 54 1
1700940736.540680 1226 -1
1700940736.540680 525 -1
1700940736.540680 1217 -1
1700940736.540680 542 -1
1700940736.540751 54 1
1700940736.542162 1259 -1
1700940736.542162 482 -1
1700940736.542216 54 1
1700940736.542520 1230 -1
1700940736.542520 523 -1
1700940736.542520 5182 -1
1700940736.542552 54 1
1700940736.542673 3736 -1
1700940736.542692 54 1
1700940736.543142 5894 -1
1700940736.543181 54 1
1700940736.543509 6547 -1
1700940736.543675 54 1
1700940736.547846 2974 -1
1700940736.547890 54 1
1700940736.548099 2347 -1
1700940736.548128 54 1
1700940736.548164 7354 -1
1700940736.548192 54 1
1700940736.549113 3734 -1
1700940736.549143 54 1
1700940736.549202 1193 -1
1700940736.549379 1749 -1
1700940736.549397 54 1
1700940736.549736 4474 -1
1700940736.549772 54 1
1700940736.550274 1514 -1
1700940736.550299 54 1
1700940736.550379 1514 -1
1700940736.550379 1514 -1
1700940736.550379 1514 -1
1700940736.550412 54 1
1700940736.550472 7354 -1
1700940736.550503 54 1
1700940736.551357 295 -1
1700940736.551357 7354 -1
1700940736.551395 54 1
1700940736.552154 3654 -1
1700940736.552181 54 1
1700940736.784680 207 1
1700940736.788726 942 -1
1700940736.788726 7354 -1
1700940736.788847 54 1
1700940736.789402 407 -1
1700940736.843661 54 1
1700940739.127670 54 1
1700940739.129291 78 -1
1700940739.129291 60 -1
1700940739.129326 54 1
1700940741.221666 66 1
1700940741.222621 66 -1
1700940741.222700 54 1
1700940741.224142 934 1
1700940741.225317 60 -1
1700940741.226291 318 -1
1700940741.226957 134 1
1700940741.228954 60 -1
1700940741.228954 341 -1
1700940741.229118 146 1
1700940741.230020 60 -1
1700940741.230124 585 1
1700940741.230214 228 1
1700940741.230246 115 -1
1700940741.230246 85 -1
1700940741.230281 54 1
1700940741.230313 226 1
1700940741.230384 226 1
1700940741.230468 228 1
1700940741.230537 225 1
1700940741.230614 227 1
1700940741.230681 227 1
1700940741.231052 60 -1
1700940741.231052 60 -1
1700940741.231224 60 -1
1700940741.231269 60 -1
1700940741.231269 60 -1
1700940741.231325 60 -1
1700940741.231535 60 -1
1700940741.231535 60 -1
1700940741.232256 85 1
1700940741.233163 60 -1
1700940741.242292 1104 -1
1700940741.242292 7354 -1
1700940741.242292 6234 -1
1700940741.242353 54 1
1700940741.246083 1190 -1
1700940741.246083 314 -1
1700940741.246083 1207 -1
1700940741.246083 550 -1
1700940741.246083 6181 -1
1700940741.246197 54 1
1700940741.246384 1223 -1
1700940741.246460 2974 -1
1700940741.246483 54 1
1700940741.246721 6972 -1
1700940741.246764 54 1
1700940741.247285 533 -1
1700940741.247315 1230 -1
1700940741.247330 54 1
1700940741.247484 522 -1
1700940741.247537 4743 -1
1700940741.247559 54 1
1700940741.248097 5558 -1
1700940741.248125 54 1
1700940741.248556 1229 -1
1700940741.248585 54 1
1700940741.248636 526 -1
1700940741.248668 1227 -1
1700940741.248684 54 1
1700940741.248786 531 -1
1700940741.249195 4861 -1
1700940741.249230 54 1
1700940741.249298 1205 -1
1700940741.249322 54 1
1700940741.249416 7354 -1
1700940741.249473 54 1
1700940741.250013 4508 -1
1700940741.250075 54 1
1700940741.251193 3655 -1
1700940741.251230 54 1
1700940744.139413 227 1
1700940744.139592 228 1
1700940744.139864 228 1
1700940744.139997 227 1
1700940744.140101 227 1
1700940744.144289 228 1
1700940744.147026 60 -1
1700940744.151529 1233 -1
1700940744.151529 517 -1
1700940744.151592 54 1
1700940744.151634 6822 -1
1700940744.151669 54 1
1700940744.152137 1010 -1
1700940744.152165 54 1
1700940744.152279 6096 -1
1700940744.152310 54 1
1700940744.153524 1174 -1
1700940744.153524 595 -1
1700940744.153550 54 1
1700940744.153970 1225 -1
1700940744.153970 530 -1
1700940744.153992 54 1
1700940744.154266 6951 -1
1700940744.154318 54 1
1700940744.154582 4474 -1
1700940744.154628 54 1
1700940744.155064 227 1
1700940744.156973 226 1
1700940744.158613 1193 -1
1700940744.158613 576 -1
1700940744.158676 54 1
1700940744.160950 2974 -1
1700940744.160950 1283 -1
1700940744.161043 54 1
1700940744.164013 1229 -1
1700940744.164013 526 -1
1700940744.164119 54 1
1700940744.164821 4354 -1
1700940744.164869 54 1
1700940744.166042 1178 -1
1700940744.166042 589 -1
1700940744.166042 7354 -1
1700940744.166127 54 1
1700940744.166422 4298 -1
1700940744.166463 54 1
1700940744.171206 1195 -1
1700940744.171206 571 -1
1700940744.171206 6765 -1
1700940744.171309 54 1
1700940744.177458 925 -1
1700940744.177536 66 1
1700940748.017573 226 1
1700940748.018979 229 1
1700940748.019069 228 1
1700940748.021603 60 -1
1700940748.033917 1189 -1
1700940748.033917 575 -1
1700940748.033917 1196 -1
1700940748.033917 573 -1
1700940748.034024 54 1
1700940748.034321 1220 -1
1700940748.034321 541 -1
1700940748.034321 2974 -1
1700940748.034378 54 1
1700940748.034419 5597 -1
1700940748.034454 54 1
1700940748.034785 2974 -1
1700940748.034818 54 1
1700940748.035029 7354 -1
1700940748.035102 54 1
1700940748.035651 270 -1
1700940748.035651 5894 -1
1700940748.035698 54 1
1700940748.036317 3598 -1
1700940748.036357 54 1
1700940748.043264 89 1
1700940748.084289 60 -1
1700940749.144060 54 1
1700940749.146814 78 -1
1700940749.146814 60 -1
1700940749.146864 54 1
1700940750.190760 66 1
1700940750.192504 66 -1
1700940750.192607 54 1
1700940750.193327 966 1
1700940750.196042 60 -1
1700940750.196042 318 -1
1700940750.196923 134 1
1700940750.197288 146 1
1700940750.197928 60 -1
1700940750.197928 341 -1
1700940750.197933 583 1
1700940750.198028 227 1
1700940750.198129 226 1
1700940750.198224 225 1
1700940750.198311 226 1
1700940750.198425 60 -1
1700940750.198425 115 -1
1700940750.198425 85 -1
1700940750.198546 54 1
1700940750.198574 85 1
1700940750.198884 60 -1
1700940750.198884 60 -1
1700940750.199278 60 -1
1700940750.199278 60 -1
1700940750.199278 60 -1
1700940750.201652 60 -1
1700940750.203033 1079 -1
1700940750.203033 7497 -1
1700940750.203222 54 1
1700940750.207277 1085 -1
1700940750.207277 1514 -1
1700940750.207277 2052 -1
1700940750.207347 54 1
1700940750.209946 1195 -1
1700940750.209946 570 -1
1700940750.209946 1192 -1
1700940750.210016 54 1
1700940750.211147 576 -1
1700940750.211147 5894 -1
1700940750.211216 54 1
1700940750.211463 2038 -1
1700940750.211463 7354 -1
1700940750.211534 54 1
1700940750.211964 1311 -1
1700940750.239891 1208 -1
1700940750.239891 551 -1
1700940750.239983 54 1
1700940750.240747 5012 -1
1700940750.240789 54 1
1700940750.545832 227 1
1700940750.545947 228 1
1700940750.546021 227 1
1700940750.546776 60 -1
1700940750.546776 60 -1
1700940750.546842 60 -1
1700940750.547705 230 1
1700940750.547773 227 1
1700940750.547824 231 1
1700940750.547876 227 1
1700940750.548006 226 1
1700940750.548772 60 -1
1700940750.548772 60 -1
1700940750.548772 60 -1
1700940750.548772 60 -1
1700940750.548840 60 -1
1700940750.554738 1010 -1
1700940750.554738 1101 -1
1700940750.554738 1514 -1
1700940750.554838 54 1
1700940750.555354 2069 -1
1700940750.555354 4717 -1
1700940750.555354 1046 -1
1700940750.555354 4434 -1
1700940750.555415 54 1
1700940750.555696 4583 -1
1700940750.555730 54 1
1700940750.556055 1226 -1
1700940750.556082 54 1
1700940750.556253 526 -1
1700940750.556253 5894 -1
1700940750.556290 54 1
1700940750.556687 5328 -1
1700940750.556719 54 1
1700940750.557745 1225 -1
1700940750.557745 530 -1
1700940750.557789 54 1
1700940750.557930 7354 -1
1700940750.557969 54 1
1700940750.558474 972 -1
1700940750.558474 1174 -1
1700940750.558504 54 1
1700940750.558554 569 -1
1700940750.562904 1216 -1
1700940750.562904 543 -1
1700940750.562904 8229 -1
1700940750.563496 54 1
1700940750.563555 3711 -1
1700940750.563586 54 1
1700940750.563637 1198 -1
1700940750.563637 445 -1
1700940750.563666 54 1
1700940750.564521 2974 -1
1700940750.564521 3261 -1
1700940750.564575 54 1
1700940753.125480 229 1
1700940753.125582 234 1
1700940753.125690 230 1
1700940753.125772 227 1
1700940753.126137 226 1
1700940753.126288 227 1
1700940753.127232 60 -1
1700940753.128986 229 1
1700940753.130146 228 1
1700940753.134000 60 -1
1700940753.137474 1202 -1
1700940753.137474 564 -1
1700940753.137547 54 1
1700940753.139958 1230 -1
1700940753.139958 525 -1
1700940753.139958 2409 -1
1700940753.140304 54 1
1700940753.143357 1140 -1
1700940753.143357 651 -1
1700940753.143357 1126 -1
1700940753.143417 54 1
1700940753.143680 6295 -1
1700940753.143724 54 1
1700940753.147935 1514 -1
1700940753.147935 4145 -1
1700940753.147935 1202 -1
1700940753.147935 561 -1
1700940753.147935 1264 -1
1700940753.147935 6226 -1
1700940753.148073 54 1
1700940753.148558 5027 -1
1700940753.148558 1710 -1
1700940753.148627 54 1
1700940753.148701 1701 -1
1700940753.148734 54 1
1700940753.150785 7354 -1
1700940753.150853 54 1
1700940753.151250 7028 -1
1700940753.151278 54 1
1700940753.151704 5834 -1
1700940753.151756 54 1
1700940753.152478 2806 -1
1700940753.152521 54 1
1700940754.680400 226 1
1700940754.685000 227 1
1700940754.689172 60 -1
1700940754.689710 225 1
1700940754.689821 227 1
1700940754.691629 226 1
1700940754.691723 226 1
1700940754.691807 228 1
1700940754.691928 227 1
1700940754.693066 60 -1
1700940754.701878 1204 -1
1700940754.701878 564 -1
1700940754.701963 54 1
1700940754.704791 2974 -1
1700940754.704849 54 1
1700940754.704886 3576 -1
1700940754.704905 54 1
1700940754.705049 1226 -1
1700940754.705079 54 1
1700940754.705411 533 -1
1700940754.705411 1260 -1
1700940754.705411 483 -1
1700940754.705436 54 1
1700940754.705743 5123 -1
1700940754.705777 54 1
1700940754.706026 1192 -1
1700940754.706053 54 1
1700940754.706260 574 -1
1700940754.706300 1226 -1
1700940754.706300 527 -1
1700940754.706300 7064 -1
1700940754.706707 54 1
1700940754.707373 5428 -1
1700940754.707421 54 1
1700940754.708889 2894 -1
1700940754.708927 54 1
1700940754.712374 1168 -1
1700940754.712374 608 -1
1700940754.712674 54 1
1700940754.714529 4548 -1
1700940754.714567 54 1
1700940754.715045 1176 -1
1700940754.715098 467 -1
1700940754.715117 54 1
1700940754.717514 1280 -1
1700940754.717514 459 -1
1700940754.717571 54 1
1700940754.720474 4157 -1
1700940754.720517 54 1
1700940754.724036 5318 -1
1700940754.724086 54 1
1700940756.260992 226 1
1700940756.263553 229 1
1700940756.263649 228 1
1700940756.266249 226 1
1700940756.266829 228 1
1700940756.267827 228 1
1700940756.267948 226 1
1700940756.268125 227 1
1700940756.269407 60 -1
1700940756.270994 1060 -1
1700940756.270994 1514 -1
1700940756.270994 1514 -1
1700940756.270994 2974 -1
1700940756.271090 54 1
1700940756.271961 2726 -1
1700940756.272027 54 1
1700940756.273424 89 1
1700940756.277002 1061 -1
1700940756.277002 5894 -1
1700940756.277121 54 1
1700940756.277424 2974 -1
1700940756.277481 54 1
1700940756.278507 1221 -1
1700940756.278507 1066 -1
1700940756.278507 8977 -1
1700940756.278602 54 1
1700940756.281820 1198 -1
1700940756.281820 565 -1
1700940756.281889 54 1
1700940756.283003 1175 -1
1700940756.283003 609 -1
1700940756.283003 7354 -1
1700940756.283102 54 1
1700940756.283672 5106 -1
1700940756.283712 54 1
1700940756.283760 3038 -1
1700940756.283784 54 1
1700940756.284019 1197 -1
1700940756.284086 564 -1
1700940756.284086 4434 -1
1700940756.284123 54 1
1700940756.284621 1293 -1
1700940756.284647 54 1
1700940756.286356 1224 -1
1700940756.286356 531 -1
1700940756.286444 54 1
1700940756.286729 1514 -1
1700940756.286729 2974 -1
1700940756.286767 54 1
1700940756.286992 2397 -1
1700940756.286992 1198 -1
1700940756.287022 54 1
1700940756.287563 567 -1
1700940756.287563 7354 -1
1700940756.287623 54 1
1700940756.287896 2468 -1
1700940756.287922 54 1
1700940758.176609 225 1
1700940758.180942 228 1
1700940758.181070 226 1
1700940758.181174 228 1
1700940758.181369 228 1
1700940758.181449 228 1
1700940758.181530 226 1
1700940758.181964 227 1
1700940758.182967 60 -1
1700940758.182967 60 -1
1700940758.187662 1171 -1
1700940758.187662 598 -1
1700940758.187755 54 1
1700940758.190490 2342 -1
1700940758.190490 1228 -1
1700940758.190490 529 -1
1700940758.190490 1195 -1
1700940758.190490 572 -1
1700940758.190618 54 1
1700940758.191865 5810 -1
1700940758.191914 54 1
1700940758.192287 6514 -1
1700940758.192320 54 1
1700940758.192664 1193 -1
1700940758.192690 54 1
1700940758.192996 572 -1
1700940758.192996 1035 -1
1700940758.192996 3820 -1
1700940758.193030 54 1
1700940758.195319 1226 -1
1700940758.195319 528 -1
1700940758.195319 1229 -1
1700940758.195319 529 -1
1700940758.195319 1256 -1
1700940758.195319 487 -1
1700940758.195319 4513 -1
1700940758.195410 54 1
1700940758.195467 5300 -1
1700940758.195513 54 1
1700940758.195623 4774 -1
1700940758.195722 54 1
1700940758.196054 7169 -1
1700940758.196303 54 1
1700940759.154250 54 1
1700940759.155376 78 -1
1700940759.155376 60 -1
1700940759.155416 54 1
1700940761.557346 66 1
1700940761.558641 66 -1
1700940761.558751 54 1
1700940761.563825 902 1
1700940761.564913 60 -1
1700940761.565815 318 -1
1700940761.568871 134 1
1700940761.569504 146 1
1700940761.570065 60 -1
1700940761.570431 341 -1
1700940761.570700 581 1
1700940761.570810 226 1
1700940761.570951 228 1
1700940761.571004 60 -1
1700940761.571004 115 -1
1700940761.571004 85 -1
1700940761.571044 54 1
1700940761.571185 229 1
1700940761.571266 226 1
1700940761.571337 227 1
1700940761.571460 226 1
1700940761.571590 226 1
1700940761.571870 60 -1
1700940761.571870 60 -1
1700940761.571925 60 -1
1700940761.572719 60 -1
1700940761.572719 60 -1
1700940761.572719 60 -1
1700940761.572719 60 -1
1700940761.572719 60 -1
1700940761.575724 85 1
1700940761.593597 60 -1
1700940761.593597 1098 -1
1700940761.593597 5785 -1
1700940761.593597 1066 -1
1700940761.593597 5759 -1
1700940761.593597 4434 -1
1700940761.593597 3808 -1
1700940761.593597 1245 -1
1700940761.593597 451 -1
1700940761.593597 1257 -1
1700940761.593597 488 -1
1700940761.593597 3384 -1
1700940761.593597 1252 -1
1700940761.593597 4157 -1
1700940761.593597 484 -1
1700940761.593597 1253 -1
1700940761.593597 488 -1
1700940761.593597 7354 -1
1700940761.593597 5894 -1
1700940761.593597 3320 -1
1700940761.593597 5894 -1
1700940761.594728 66 1
1700940761.594795 54 1
1700940761.594849 54 1
1700940761.596077 15043 -1
1700940761.596134 54 1
1700940763.170650 229 1
1700940763.172424 228 1
1700940763.172554 226 1
1700940763.172652 227 1
1700940763.175477 227 1
1700940763.175996 227 1
1700940763.176664 60 -1
1700940763.177899 229 1
1700940763.179790 228 1
1700940763.184447 60 -1
1700940763.186823 1100 -1
1700940763.186823 5145 -1
1700940763.186921 54 1
1700940763.187020 1173 -1
1700940763.187037 54 1
1700940763.187114 603 -1
1700940763.189570 1195 -1
1700940763.189570 572 -1
1700940763.189570 3453 -1
1700940763.189864 54 1
1700940763.190630 1514 -1
1700940763.190630 2093 -1
1700940763.190681 54 1
1700940763.190714 1255 -1
1700940763.190736 54 1
1700940763.190794 490 -1
1700940763.193074 1222 -1
1700940763.193074 533 -1
1700940763.193074 2723 -1
1700940763.193118 54 1
1700940763.193486 1189 -1
1700940763.193486 574 -1
1700940763.193519 54 1
1700940763.194756 6357 -1
1700940763.194806 54 1
1700940763.194959 1514 -1
1700940763.195003 4206 -1
1700940763.195048 54 1
1700940763.201712 1257 -1
1700940763.201712 487 -1
1700940763.201712 1207 -1
1700940763.201911 54 1
1700940763.201973 552 -1
1700940763.201999 54 1
1700940763.223149 7354 -1
1700940763.223341 54 1
1700940763.223474 362 -1
1700940763.223499 54 1
1700940763.223538 3373 -1
1700940763.223760 54 1
1700940765.281872 225 1
1700940765.281993 225 1
1700940765.291613 227 1
1700940765.292997 228 1
1700940765.293106 227 1
1700940765.293346 230 1
1700940765.293055 60 -1
1700940765.293770 226 1
1700940765.293863 225 1
1700940765.294850 60 -1
1700940765.303350 1271 -1
1700940765.303350 471 -1
1700940765.303350 1261 -1
1700940765.303350 484 -1
1700940765.303350 1102 -1
1700940765.303350 10581 -1
1700940765.303544 54 1
1700940765.303618 4764 -1
1700940765.303656 54 1
1700940765.306425 5268 -1
1700940765.306425 1096 -1
1700940765.306425 7079 -1
1700940765.306532 54 1
1700940765.307496 1202 -1
1700940765.307496 561 -1
1700940765.307633 54 1
1700940765.308227 1223 -1
1700940765.308227 533 -1
1700940765.308227 3498 -1
1700940765.308287 54 1
1700940765.309317 1196 -1
1700940765.309317 570 -1
1700940765.309317 1514 -1
1700940765.309363 54 1
1700940765.311388 7354 -1
1700940765.311388 7700 -1
1700940765.311388 5062 -1
1700940765.311388 6703 -1
1700940765.311545 54 1
1700940765.313609 1256 -1
1700940765.313609 487 -1
1700940765.313660 54 1
1700940765.314377 6332 -1
1700940765.314422 54 1
1700940767.296666 225 1
1700940767.296924 226 1
1700940767.297372 226 1
1700940767.299933 60 -1
1700940767.300529 226 1
1700940767.300657 227 1
1700940767.305338 60 -1
1700940767.306397 228 1
1700940767.307520 227 1
1700940767.307604 228 1
1700940767.310194 1213 -1
1700940767.310194 554 -1
1700940767.310431 54 1
1700940767.311794 89 1
1700940767.315148 3361 -1
1700940767.315323 54 1
1700940767.315376 1225 -1
1700940767.315376 525 -1
1700940767.315376 1214 -1
1700940767.315408 54 1
1700940767.315524 544 -1
1700940767.315559 6814 -1
1700940767.315595 54 1
1700940767.322043 5743 -1
1700940767.322421 54 1
1700940767.322487 1194 -1
1700940767.322487 570 -1
1700940767.322487 1230 -1
1700940767.322525 54 1
1700940767.322570 455 -1
1700940767.322589 54 1
1700940767.326020 4579 -1
1700940767.326020 1228 -1
1700940767.326082 54 1
1700940767.326305 529 -1
1700940767.326328 54 1
1700940767.326378 6181 -1
1700940767.326420 54 1
1700940767.327484 2974 -1
1700940767.327484 2463 -1
1700940767.327484 1230 -1
1700940767.327535 54 1
1700940767.327583 1232 -1
1700940767.327773 527 -1
1700940767.327773 279 -1
1700940767.327800 54 1
1700940767.328985 2289 -1
1700940767.329013 54 1
1700940767.329088 4434 -1
1700940767.329118 54 1
1700940767.329604 5873 -1
1700940767.329629 54 1
1700940769.170158 54 1
1700940769.171610 78 -1
1700940769.171610 60 -1
1700940769.171650 54 1
1700940770.834149 66 1
1700940770.835247 66 -1
1700940770.835350 54 1
1700940770.837159 870 1
1700940770.838259 60 -1
1700940770.839174 318 -1
1700940770.839790 134 1
1700940770.840164 146 1
1700940770.840943 60 -1
1700940770.841081 60 -1
1700940770.841081 341 -1
1700940770.841353 583 1
1700940770.841468 227 1
1700940770.841556 228 1
1700940770.841652 226 1
1700940770.841741 227 1
1700940770.841846 226 1
1700940770.841949 228 1
1700940770.842049 230 1
1700940770.842463 60 -1
1700940770.842681 60 -1
1700940770.842681 60 -1
1700940770.842681 60 -1
1700940770.842681 60 -1
1700940770.842808 60 -1
1700940770.842808 60 -1
1700940770.842841 60 -1
1700940770.843073 115 -1
1700940770.843073 85 -1
1700940770.843122 54 1
1700940770.843363 85 1
1700940770.844669 60 -1
1700940770.852497 1195 -1
1700940770.852497 575 -1
1700940770.852604 54 1
1700940770.852660 1217 -1
1700940770.852660 389 -1
1700940770.852708 54 1
1700940770.853220 4668 -1
1700940770.853264 54 1
1700940770.853486 7354 -1
1700940770.853540 54 1
1700940770.854088 929 -1
1700940770.854115 54 1
1700940770.854640 1128 -1
1700940770.854640 1514 -1
1700940770.854672 54 1
1700940770.854709 5745 -1
1700940770.854744 54 1
1700940770.857022 1235 -1
1700940770.857022 442 -1
1700940770.857069 54 1
1700940770.858350 1227 -1
1700940770.858350 526 -1
1700940770.858406 54 1
1700940770.859221 1094 -1
1700940770.859221 4434 -1
1700940770.859272 54 1
1700940770.859456 7122 -1
1700940770.859488 54 1
1700940770.862180 1188 -1
1700940770.862180 583 -1
1700940770.862180 1177 -1
1700940770.862180 346 -1
1700940770.862180 7481 -1
1700940770.862180 4157 -1
1700940770.862180 5264 -1
1700940770.862453 54 1
1700940770.864738 6181 -1
1700940770.864816 54 1
1700940772.436154 234 1
1700940772.438033 227 1
1700940772.439288 60 -1
1700940772.439767 226 1
1700940772.439889 227 1
1700940772.440221 227 1
1700940772.440293 227 1
1700940772.440340 227 1
1700940772.441246 60 -1
1700940772.444866 227 1
1700940772.445451 1250 -1
1700940772.445451 347 -1
1700940772.445529 54 1
1700940772.445578 4157 -1
1700940772.445601 54 1
1700940772.448125 1225 -1
1700940772.448125 431 -1
1700940772.448125 1228 -1
1700940772.448196 54 1
1700940772.448236 1514 -1
1700940772.448236 2974 -1
1700940772.448420 54 1
1700940772.448511 1801 -1
1700940772.448537 54 1
1700940772.448898 222 -1
1700940772.448898 1259 -1
1700940772.448898 481 -1
1700940772.448898 1514 -1
1700940772.448898 2697 -1
1700940772.448942 54 1
1700940772.449153 6311 -1
1700940772.449185 54 1
1700940772.449648 1194 -1
1700940772.449700 569 -1
1700940772.449720 54 1
1700940772.449756 963 -1
1700940772.449797 1181 -1
1700940772.449819 54 1
1700940772.449892 416 -1
1700940772.451236 1228 -1
1700940772.451236 532 -1
1700940772.451277 54 1
1700940772.451654 5894 -1
1700940772.451691 54 1
1700940772.451720 8109 -1
1700940772.451760 54 1
1700940772.455029 4434 -1
1700940772.455083 54 1
1700940772.455267 7354 -1
1700940772.455308 54 1
1700940772.455862 621 -1
1700940772.455887 54 1
1700940772.468837 1227 -1
1700940772.468837 274 -1
1700940772.468935 54 1
1700940772.471057 2974 -1
1700940772.471057 3261 -1
1700940772.471128 54 1
1700940774.085456 229 1
1700940774.085583 226 1
1700940774.085699 226 1
1700940774.085781 227 1
1700940774.086041 227 1
1700940774.086137 225 1
1700940774.086240 227 1
1700940774.086330 226 1
1700940774.087093 60 -1
1700940774.088856 60 -1
1700940774.091477 1183 -1
1700940774.091477 4616 -1
1700940774.091583 54 1
1700940774.091724 1098 -1
1700940774.091724 5020 -1
1700940774.091775 54 1
1700940774.092387 1197 -1
1700940774.092387 573 -1
1700940774.092437 54 1
1700940774.093394 4434 -1
1700940774.093394 6906 -1
1700940774.093460 54 1
1700940774.093683 1227 -1
1700940774.093683 311 -1
1700940774.093709 54 1
1700940774.093783 1228 -1
1700940774.093783 523 -1
1700940774.093803 54 1
1700940774.093892 7354 -1
1700940774.093926 54 1
1700940774.094457 929 -1
1700940774.094484 54 1
1700940774.094522 4737 -1
1700940774.094551 54 1
1700940774.094902 1204 -1
1700940774.094964 544 -1
1700940774.094978 54 1
1700940774.095436 2974 -1
1700940774.095456 54 1
1700940774.095875 1514 -1
1700940774.096089 9945 -1
1700940774.096131 54 1
1700940774.096672 1171 -1
1700940774.096703 609 -1
1700940774.096717 54 1
1700940774.096741 1232 -1
1700940774.096860 518 -1
1700940774.096878 54 1
1700940774.096912 7365 -1
1700940774.096945 54 1
1700940774.097552 1514 -1
1700940774.097635 4179 -1
1700940774.097659 54 1
1700940776.120583 228 1
1700940776.123342 227 1
1700940776.126346 60 -1
1700940776.129514 230 1
1700940776.129646 229 1
1700940776.129743 228 1
1700940776.129825 225 1
1700940776.130126 227 1
1700940776.130227 226 1
1700940776.132491 1163 -1
1700940776.132491 616 -1
1700940776.132491 60 -1
1700940776.132601 54 1
1700940776.132688 1514 -1
1700940776.132714 54 1
1700940776.132759 2965 -1
1700940776.132795 54 1
1700940776.134519 89 1
1700940776.136679 60 -1
1700940776.137488 1231 -1
1700940776.137488 430 -1
1700940776.137488 1170 -1
1700940776.137488 607 -1
1700940776.137488 1042 -1
1700940776.137488 5536 -1
1700940776.137559 54 1
1700940776.137649 5616 -1
1700940776.137682 54 1
1700940776.138142 7354 -1
1700940776.138167 54 1
1700940776.138657 5001 -1
1700940776.138691 54 1
1700940776.144318 578 -1
1700940776.144318 1192 -1
1700940776.144429 66 1
1700940776.144529 54 1
1700940776.144971 4377 -1
1700940776.145027 54 1
1700940776.148119 1187 -1
1700940776.148173 54 1
1700940776.148265 583 -1
1700940776.148578 7354 -1
1700940776.148621 54 1
1700940776.148821 2598 -1
1700940776.148850 54 1
1700940776.167662 1255 -1
1700940776.167662 487 -1
1700940776.167662 11734 -1
1700940776.167764 54 1
1700940776.168317 2880 -1
1700940776.168346 54 1
1700940776.174198 1198 -1
1700940776.174198 564 -1
1700940776.174424 54 1
1700940776.175628 5522 -1
1700940776.175673 54 1
1700940779.190994 54 1
1700940779.195905 78 -1
1700940779.195905 60 -1
1700940779.196138 54 1
1700940779.202744 60 -1
1700940780.171981 66 1
1700940780.173242 66 -1
1700940780.174739 54 1
1700940780.181038 966 1
1700940780.186114 60 -1
1700940780.186114 318 -1
1700940780.190875 134 1
1700940780.191948 60 -1
1700940780.192276 146 1
1700940780.193126 583 1
1700940780.193240 228 1
1700940780.193375 232 1
1700940780.193512 228 1
1700940780.193631 228 1
1700940780.193764 225 1
1700940780.193864 226 1
1700940780.194323 225 1
1700940780.194596 341 -1
1700940780.195477 60 -1
1700940780.195588 60 -1
1700940780.195588 60 -1
1700940780.195588 60 -1
1700940780.195588 60 -1
1700940780.195873 60 -1
1700940780.195961 60 -1
1700940780.195961 60 -1
1700940780.195961 60 -1
1700940780.197998 115 -1
1700940780.197998 85 -1
1700940780.197998 1073 -1
1700940780.197998 4815 -1
1700940780.198123 54 1
1700940780.198738 85 1
1700940780.198890 1092 -1
1700940780.198968 3972 -1
1700940780.199006 54 1
1700940780.199812 60 -1
1700940780.201420 1213 -1
1700940780.201420 555 -1
1700940780.201420 2974 -1
1700940780.201420 3985 -1
1700940780.201548 54 1
1700940780.201668 1265 -1
1700940780.201668 474 -1
1700940780.201704 54 1
1700940780.201832 7354 -1
1700940780.201868 54 1
1700940780.202331 4595 -1
1700940780.202367 54 1
1700940780.205021 1196 -1
1700940780.205021 574 -1
1700940780.205021 4939 -1
1700940780.205104 54 1
1700940780.205385 1163 -1
1700940780.205385 619 -1
1700940780.205415 54 1
1700940780.207082 1514 -1
1700940780.207082 2068 -1
1700940780.207119 54 1
1700940780.208481 1196 -1
1700940780.208481 577 -1
1700940780.208520 54 1
1700940780.210095 7354 -1
1700940780.210164 54 1
1700940780.210462 2216 -1
1700940780.210506 54 1
1700940780.226552 1293 -1
1700940780.226552 442 -1
1700940780.226654 54 1
1700940780.230871 2974 -1
1700940780.230871 4006 -1
1700940780.231011 54 1
1700940781.849778 228 1
1700940781.849915 226 1
1700940781.853075 228 1
1700940781.853153 228 1
1700940781.853760 226 1
1700940781.854650 226 1
1700940781.854726 230 1
1700940781.856062 228 1
1700940781.856626 60 -1
1700940781.860505 1091 -1
1700940781.860505 4428 -1
1700940781.860641 54 1
1700940781.862902 1207 -1
1700940781.862902 543 -1
1700940781.862964 54 1
1700940781.866930 1178 -1
1700940781.866930 596 -1
1700940781.866930 4157 -1
1700940781.866930 1194 -1
1700940781.866930 8286 -1
1700940781.867088 54 1
1700940781.867225 1514 -1
1700940781.868372 1514 -1
1700940781.868372 2974 -1
1700940781.868372 1326 -1
1700940781.868372 6181 -1
1700940781.868429 54 1
1700940781.875331 1261 -1
1700940781.875331 491 -1
1700940781.875331 1205 -1
1700940781.875331 559 -1
1700940781.875462 54 1
1700940781.878409 7067 -1
1700940781.878409 6377 -1
1700940781.878511 54 1
1700940781.892454 1222 -1
1700940781.892454 531 -1
1700940781.892454 4829 -1
1700940781.892577 54 1
1700940783.527303 225 1
1700940783.527530 228 1
1700940783.527618 227 1
1700940783.528710 227 1
1700940783.528799 228 1
1700940783.529975 227 1
1700940783.530091 228 1
1700940783.530281 60 -1
1700940783.531165 227 1
1700940783.534721 60 -1
1700940783.537384 1227 -1
1700940783.537384 534 -1
1700940783.537384 1177 -1
1700940783.537474 54 1
1700940783.537564 7695 -1
1700940783.537596 54 1
1700940783.537991 598 -1
1700940783.537991 1133 -1
1700940783.538016 54 1
1700940783.538093 2974 -1
1700940783.538119 54 1
1700940783.538351 5894 -1
1700940783.538395 54 1
1700940783.539019 1998 -1
1700940783.539019 4030 -1
1700940783.539042 54 1
1700940783.539319 1218 -1
1700940783.539562 538 -1
1700940783.539579 54 1
1700940783.539810 7354 -1
1700940783.539834 54 1
1700940783.540276 3537 -1
1700940783.540303 54 1
1700940783.540692 1191 -1
1700940783.540692 290 -1
1700940783.540692 4157 -1
1700940783.540737 54 1
1700940783.541022 1292 -1
1700940783.541039 54 1
1700940783.541107 429 -1
1700940783.541134 2974 -1
1700940783.541147 54 1
1700940783.541500 2528 -1
1700940783.541523 54 1
1700940783.547649 1289 -1
1700940783.547649 445 -1
1700940783.547724 54 1
1700940783.547909 5772 -1
1700940783.547938 54 1
1700940783.555356 1222 -1
1700940783.555426 54 1
1700940783.555570 534 -1
1700940783.556552 4434 -1
1700940783.556591 54 1
1700940783.556736 2195 -1
1700940783.556762 54 1
1700940788.630060 226 1
1700940788.631286 227 1
1700940788.633696 60 -1
1700940788.635957 226 1
1700940788.636040 228 1
1700940788.636097 228 1
1700940788.637494 227 1
1700940788.637653 227 1
1700940788.637751 60 -1
1700940788.637807 230 1
1700940788.640557 60 -1
1700940788.643554 1228 -1
1700940788.643554 404 -1
1700940788.643837 54 1
1700940788.644114 4157 -1
1700940788.644153 54 1
1700940788.644316 1204 -1
1700940788.644342 54 1
1700940788.644527 560 -1
1700940788.645542 1224 -1
1700940788.645542 535 -1
1700940788.645542 6367 -1
1700940788.645623 54 1
1700940788.645865 1155 -1
1700940788.645865 4820 -1
1700940788.645889 54 1
1700940788.649932 4474 -1
1700940788.650029 54 1
1700940788.650187 1227 -1
1700940788.650187 524 -1
1700940788.650221 54 1
1700940788.652805 89 1
1700940788.653000 1258 -1
1700940788.653076 488 -1
1700940788.653101 54 1
1700940788.653247 1259 -1
1700940788.653247 215 -1
1700940788.653276 54 1
1700940788.653361 4946 -1
1700940788.653412 54 1
1700940788.653961 2974 -1
1700940788.653961 1514 -1
1700940788.654000 54 1
1700940788.654087 3849 -1
1700940788.654117 54 1
1700940788.657713 1249 -1
1700940788.657713 497 -1
1700940788.657713 7354 -1
1700940788.657807 54 1
1700940788.659854 1992 -1
1700940788.659854 7354 -1
1700940788.659914 54 1
1700940788.660277 4160 -1
1700940788.660311 54 1
1700940789.208088 54 1
1700940789.210319 78 -1
1700940789.210319 60 -1
1700940789.210365 54 1
1700940790.214474 66 1
1700940790.220485 66 -1
1700940790.220631 54 1
1700940790.221766 966 1
1700940790.222673 60 -1
1700940790.223308 318 -1
1700940790.223801 134 1
1700940790.224142 146 1
1700940790.224843 60 -1
1700940790.224906 341 -1
1700940790.225030 583 1
1700940790.225078 60 -1
1700940790.225091 227 1
1700940790.225133 115 -1
1700940790.225133 85 -1
1700940790.225153 54 1
1700940790.225187 225 1
1700940790.225253 226 1
1700940790.225296 227 1
1700940790.225387 227 1
1700940790.225453 230 1
1700940790.225533 225 1
1700940790.225745 85 1
1700940790.225970 60 -1
1700940790.225970 60 -1
1700940790.226130 60 -1
1700940790.226130 60 -1
1700940790.226216 60 -1
1700940790.226240 60 -1
1700940790.226399 60 -1
1700940790.226399 60 -1
1700940790.226695 60 -1
1700940790.232967 1127 -1
1700940790.232967 12656 -1
1700940790.233068 54 1
1700940790.233860 1292 -1
1700940790.233906 439 -1
1700940790.233928 54 1
1700940790.233986 1166 -1
1700940790.234070 2974 -1
1700940790.234095 54 1
1700940790.234315 3457 -1
1700940790.234336 54 1
1700940790.234933 611 -1
1700940790.234933 1219 -1
1700940790.234933 4498 -1
1700940790.234993 54 1
1700940790.235155 539 -1
1700940790.235155 2974 -1
1700940790.235176 54 1
1700940790.235427 7354 -1
1700940790.235460 54 1
1700940790.236003 6240 -1
1700940790.236031 54 1
1700940790.236796 5274 -1
1700940790.236839 54 1
1700940790.237720 1248 -1
1700940790.237720 500 -1
1700940790.237720 1203 -1
1700940790.237757 54 1
1700940790.237802 559 -1
1700940790.237802 1258 -1
1700940790.237824 54 1
1700940790.237868 485 -1
1700940790.238948 1219 -1
1700940790.238948 541 -1
1700940790.238979 54 1
1700940790.239019 5007 -1
1700940790.239068 54 1
1700940790.239224 5233 -1
1700940790.239259 54 1
1700940790.239568 7354 -1
1700940790.239594 54 1
1700940790.240174 4267 -1
1700940790.240204 54 1
1700940790.240738 7354 -1
1700940790.240773 54 1
1700940790.241128 1687 -1
1700940790.241153 54 1
1700940791.868331 226 1
1700940791.869319 228 1
1700940791.869793 60 -1
1700940791.870190 60 -1
1700940791.872132 227 1
1700940791.873095 228 1
1700940791.873196 229 1
1700940791.873206 60 -1
1700940791.873309 228 1
1700940791.873740 226 1
1700940791.873801 228 1
1700940791.873930 60 -1
1700940791.874031 60 -1
1700940791.874181 60 -1
1700940791.874681 60 -1
1700940791.874711 60 -1
1700940791.880936 1288 -1
1700940791.880936 443 -1
1700940791.881041 54 1
1700940791.889346 1514 -1
1700940791.889346 1153 -1
1700940791.889454 54 1
1700940791.892024 1069 -1
1700940791.892024 3826 -1
1700940791.892083 54 1
1700940791.894367 1249 -1
1700940791.894367 498 -1
1700940791.894367 1228 -1
1700940791.894367 527 -1
1700940791.894367 1258 -1
1700940791.894367 4903 -1
1700940791.894494 54 1
1700940791.894673 2105 -1
1700940791.894695 54 1
1700940791.897783 1260 -1
1700940791.897783 478 -1
1700940791.897783 7887 -1
1700940791.897877 54 1
1700940791.898122 12521 -1
1700940791.898172 54 1
1700940791.899176 7354 -1
1700940791.899209 54 1
1700940791.899926 1380 -1
1700940791.899926 1193 -1
1700940791.899961 54 1
1700940791.900010 577 -1
1700940791.900029 54 1
1700940791.900067 5642 -1
1700940791.900100 54 1
1700940791.900616 2974 -1
1700940791.900646 54 1
1700940791.903608 5386 -1
1700940791.903702 54 1
1700940793.550276 226 1
1700940793.553791 226 1
1700940793.554832 60 -1
1700940793.554961 227 1
1700940793.555864 225 1
1700940793.555962 225 1
1700940793.556298 224 1
1700940793.556369 228 1
1700940793.556431 228 1
1700940793.557619 60 -1
1700940793.560824 1246 -1
1700940793.560824 500 -1
1700940793.560824 5119 -1
1700940793.560954 54 1
1700940793.565780 1212 -1
1700940793.565780 548 -1
1700940793.565852 54 1
1700940793.566143 1270 -1
1700940793.566143 463 -1
1700940793.566143 1126 -1
1700940793.566143 8837 -1
1700940793.566218 54 1
1700940793.568661 6558 -1
1700940793.568661 1227 -1
1700940793.568661 531 -1
1700940793.568661 1226 -1
1700940793.568661 528 -1
1700940793.568661 5522 -1
1700940793.568771 54 1
1700940793.576837 10596 -1
1700940793.576837 7354 -1
1700940793.576837 2104 -1
1700940793.576837 1315 -1
1700940793.576837 408 -1
1700940793.576837 6738 -1
1700940793.576837 1215 -1
1700940793.576837 546 -1
1700940793.576837 4670 -1
1700940793.577021 54 1
1700940795.857189 226 1
1700940795.858666 226 1
1700940795.859407 227 1
1700940795.865738 228 1
1700940795.865860 227 1
1700940795.866794 226 1
1700940795.866858 1207 -1
1700940795.866858 560 -1
1700940795.866858 3254 -1
1700940795.866944 54 1
1700940795.868603 226 1
1700940795.868694 227 1
1700940795.869475 89 1
1700940795.873433 60 -1
1700940795.878347 1086 -1
1700940795.878347 7354 -1
1700940795.878347 1418 -1
1700940795.878347 1099 -1
1700940795.878347 6163 -1
1700940795.878608 54 1
1700940795.878693 3353 -1
1700940795.878727 54 1
1700940795.881292 7354 -1
1700940795.881369 54 1
1700940795.881781 7188 -1
1700940795.881822 54 1
1700940795.882365 6705 -1
1700940795.882410 54 1
1700940795.895450 3359 -1
1700940795.895450 1163 -1
1700940795.895450 615 -1
1700940795.895450 2974 -1
1700940795.895450 2140 -1
1700940795.895450 6402 -1
1700940795.895450 1514 -1
1700940795.895450 7354 -1
1700940795.895450 7354 -1
1700940795.895450 400 -1
1700940795.895450 2651 -1
1700940795.895450 1191 -1
1700940795.895668 66 1
1700940799.228107 54 1
1700940799.229664 78 -1
1700940799.229664 60 -1
1700940799.229728 54 1
1700940801.139725 66 1
1700940801.140731 66 -1
1700940801.140878 54 1
1700940801.142449 966 1
1700940801.143579 60 -1
1700940801.144288 318 -1
1700940801.145175 134 1
1700940801.145715 146 1
1700940801.146137 60 -1
1700940801.146413 583 1
1700940801.146645 228 1
1700940801.146679 341 -1
1700940801.146679 60 -1
1700940801.146768 228 1
1700940801.146837 115 -1
1700940801.146837 85 -1
1700940801.146887 226 1
1700940801.146927 54 1
1700940801.146996 229 1
1700940801.147077 230 1
1700940801.147221 229 1
1700940801.147590 60 -1
1700940801.147590 60 -1
1700940801.147752 60 -1
1700940801.148743 60 -1
1700940801.148743 60 -1
1700940801.148743 60 -1
1700940801.148743 60 -1
1700940801.152930 1150 -1
1700940801.152930 5381 -1
1700940801.153024 54 1
1700940801.153075 85 1
1700940801.154104 255 1
1700940801.156412 60 -1
1700940801.157658 1109 -1
1700940801.157658 1514 -1
1700940801.157717 54 1
1700940801.157860 7354 -1
1700940801.157913 54 1
1700940801.158661 1896 -1
1700940801.158661 1202 -1
1700940801.158661 562 -1
1700940801.158661 1207 -1
1700940801.158731 54 1
1700940801.159106 560 -1
1700940801.159106 6443 -1
1700940801.159155 54 1
1700940801.159297 1084 -1
1700940801.159297 1514 -1
1700940801.159329 54 1
1700940801.159413 4969 -1
1700940801.159441 54 1
1700940801.159834 6957 -1
1700940801.159872 54 1
1700940801.163125 1277 -1
1700940801.163125 461 -1
1700940801.163125 1514 -1
1700940801.163244 54 1
1700940801.164074 7259 -1
1700940801.164143 54 1
1700940801.165916 1240 -1
1700940801.165916 385 -1
1700940801.165916 4434 -1
1700940801.165989 54 1
1700940801.166237 3447 -1
1700940801.166259 54 1
1700940801.178161 1207 -1
1700940801.178161 562 -1
1700940801.178230 54 1
1700940801.178441 5736 -1
1700940801.178492 54 1
1700940802.436369 54 1
1700940802.437449 78 -1
1700940802.437449 60 -1
1700940802.437492 54 1
1700940802.831007 66 1
1700940802.832321 66 -1
1700940802.832426 54 1
1700940802.833585 934 1
1700940802.835522 60 -1
1700940802.836282 318 -1
1700940802.841422 134 1
1700940802.842145 146 1
1700940802.842691 60 -1
1700940802.843013 581 1
1700940802.843129 226 1
1700940802.843199 60 -1
1700940802.843233 228 1
1700940802.843332 226 1
1700940802.843419 226 1
1700940802.843517 229 1
1700940802.843605 227 1
1700940802.843692 227 1
1700940802.844088 60 -1
1700940802.844088 60 -1
1700940802.844145 60 -1
1700940802.844288 60 -1
1700940802.844288 60 -1
1700940802.844386 60 -1
1700940802.844448 60 -1
1700940802.844703 60 -1
1700940802.844745 341 -1
1700940802.852016 115 -1
1700940802.852016 85 -1
1700940802.852109 54 1
1700940802.852206 1064 -1
1700940802.852206 13194 -1
1700940802.852282 54 1
1700940802.852331 85 1
1700940802.853051 3211 -1
1700940802.853092 54 1
1700940802.853292 1066 -1
1700940802.853315 54 1
1700940802.853381 4434 -1
1700940802.853422 54 1
1700940802.853764 7354 -1
1700940802.853809 54 1
1700940802.854359 2974 -1
1700940802.854384 54 1
1700940802.854596 1860 -1
1700940802.854622 54 1
1700940802.854760 17119 -1
1700940802.854846 54 1
1700940802.856181 4952 -1
1700940802.856229 54 1
1700940802.856683 1198 -1
1700940802.856683 568 -1
1700940802.856724 54 1
1700940802.856762 4434 -1
1700940802.856800 54 1
1700940802.857134 2779 -1
1700940802.857167 54 1
1700940802.857313 1263 -1
1700940802.857348 54 1
1700940802.857420 228 -1
1700940802.857420 1127 -1
1700940802.857448 54 1
1700940802.857684 3949 -1
1700940802.857703 54 1
1700940802.857852 1208 -1
1700940802.857875 54 1
1700940802.857945 557 -1
1700940802.857977 1514 -1
1700940802.857994 54 1
1700940802.858110 6769 -1
1700940802.858147 54 1
1700940802.858671 4398 -1
1700940802.858706 54 1
1700940802.868838 1478 -1
1700940802.868948 66 1
1700940804.501930 227 1
1700940804.502710 228 1
1700940804.502972 60 -1
1700940804.503877 60 -1
1700940804.504201 229 1
1700940804.504354 226 1
1700940804.505188 60 -1
1700940804.505282 60 -1
1700940804.507186 227 1
1700940804.507653 226 1
1700940804.507747 227 1
1700940804.507839 226 1
1700940804.508129 60 -1
1700940804.508528 60 -1
1700940804.508858 60 -1
1700940804.508858 60 -1
1700940804.511603 1195 -1
1700940804.511603 576 -1
1700940804.511603 1066 -1
1700940804.511696 54 1
1700940804.511764 4534 -1
1700940804.511821 54 1
1700940804.514311 4434 -1
1700940804.514378 54 1
1700940804.514641 2914 -1
1700940804.514677 54 1
1700940804.517366 1224 -1
1700940804.517366 533 -1
1700940804.517366 1153 -1
1700940804.517366 7354 -1
1700940804.517477 54 1
1700940804.517880 2744 -1
1700940804.517907 54 1
1700940804.518162 2700 -1
1700940804.518183 54 1
1700940804.518311 1202 -1
1700940804.518422 558 -1
1700940804.518440 54 1
1700940804.518641 1096 -1
1700940804.518669 7354 -1
1700940804.518694 54 1
1700940804.519149 1870 -1
1700940804.519167 54 1
1700940804.519308 7354 -1
1700940804.519354 54 1
1700940804.520185 5873 -1
1700940804.520234 54 1
1700940804.522462 1201 -1
1700940804.522462 562 -1
1700940804.522462 3533 -1
1700940804.522537 54 1
1700940804.534572 1288 -1
1700940804.534572 443 -1
1700940804.534664 54 1
1700940804.535510 7354 -1
1700940804.535579 54 1
1700940804.535991 2018 -1
1700940804.536015 54 1
1700940806.987626 230 1
1700940806.990389 229 1
1700940806.990924 230 1
1700940806.997267 60 -1
1700940806.998965 1095 -1
1700940806.998965 1514 -1
1700940806.998965 5948 -1
1700940806.999061 54 1
1700940806.999416 1065 -1
1700940806.999443 54 1
1700940806.999655 5961 -1
1700940806.999703 54 1
1700940807.000374 1086 -1
1700940807.000413 54 1
1700940807.000912 7354 -1
1700940807.000952 54 1
1700940807.000990 106 -1
1700940807.001008 54 1
1700940807.004309 226 1
1700940807.004780 228 1
1700940807.004934 227 1
1700940807.005012 228 1
1700940807.005111 227 1
1700940807.007233 60 -1
1700940807.012733 1078 -1
1700940807.012733 4434 -1
1700940807.012733 559 -1
1700940807.012733 1220 -1
1700940807.012860 54 1
1700940807.012929 533 -1
1700940807.012929 1177 -1
1700940807.012929 593 -1
1700940807.012929 2974 -1
1700940807.012929 5547 -1
1700940807.012985 54 1
1700940807.013300 1514 -1
1700940807.013300 3589 -1
1700940807.013364 54 1
1700940807.014848 1179 -1
1700940807.014848 330 -1
1700940807.014890 54 1
1700940807.016164 4434 -1
1700940807.016164 5873 -1
1700940807.016164 1277 -1
1700940807.016164 459 -1
1700940807.016265 54 1
1700940807.017238 4434 -1
1700940807.017291 54 1
1700940807.017446 1912 -1
1700940807.017466 54 1
1700940809.256201 54 1
1700940809.259495 78 -1
1700940809.259495 60 -1
1700940809.259586 54 1
1700940812.341518 66 1
1700940812.342830 66 -1
1700940812.342955 54 1
1700940812.344021 902 1
1700940812.350562 60 -1
1700940812.351189 318 -1
1700940812.351838 134 1
1700940812.352110 146 1
1700940812.352366 581 1
1700940812.352707 60 -1
1700940812.352938 60 -1
1700940812.352938 341 -1
1700940812.353261 60 -1
1700940812.355398 115 -1
1700940812.355398 85 -1
1700940812.355446 54 1
1700940812.356161 227 1
1700940812.356245 228 1
1700940812.356500 230 1
1700940812.356762 226 1
1700940812.356865 228 1
1700940812.357005 60 -1
1700940812.357054 60 -1
1700940812.357335 60 -1
1700940812.357499 85 1
1700940812.357734 227 1
1700940812.357817 226 1
1700940812.358030 60 -1
1700940812.358030 60 -1
1700940812.359941 60 -1
1700940812.359941 60 -1
1700940812.359941 60 -1
1700940812.374022 1196 -1
1700940812.374022 570 -1
1700940812.374022 1165 -1
1700940812.374022 619 -1
1700940812.374022 4782 -1
1700940812.374022 1197 -1
1700940812.374022 2974 -1
1700940812.374022 1611 -1
1700940812.374022 2238 -1
1700940812.374022 1203 -1
1700940812.374022 304 -1
1700940812.374022 1228 -1
1700940812.374022 527 -1
1700940812.374022 7564 -1
1700940812.374220 54 1
1700940812.375657 1283 -1
1700940812.375657 5825 -1
1700940812.375657 7354 -1
1700940812.375657 1686 -1
1700940812.375657 605 -1
1700940812.375716 54 1
1700940812.376267 4434 -1
1700940812.376301 54 1
1700940812.376468 7921 -1
1700940812.376508 54 1
1700940812.377124 7354 -1
1700940812.377178 54 1
1700940812.377689 7354 -1
1700940812.377739 54 1
1700940812.379820 7354 -1
1700940812.379820 4434 -1
1700940812.379820 1514 -1
1700940812.379820 4748 -1
1700940812.379919 54 1
1700940813.952057 230 1
1700940813.952208 231 1
1700940813.952292 226 1
1700940813.953109 228 1
1700940813.953128 60 -1
1700940813.953128 60 -1
1700940813.953128 60 -1
1700940813.953605 225 1
1700940813.953965 60 -1
1700940813.954464 60 -1
1700940813.954542 227 1
1700940813.955617 60 -1
1700940813.956008 228 1
1700940813.956847 60 -1
1700940813.956993 1151 -1
1700940813.957212 4434 -1
1700940813.957264 54 1
1700940813.957383 7354 -1
1700940813.957434 54 1
1700940813.958134 229 1
1700940813.961067 152 -1
1700940813.961067 1085 -1
1700940813.961067 4095 -1
1700940813.961067 1185 -1
1700940813.961067 585 -1
1700940813.961067 3180 -1
1700940813.961067 1099 -1
1700940813.961067 2974 -1
1700940813.961067 2022 -1
1700940813.961236 54 1
1700940813.969794 1087 -1
1700940813.969794 8814 -1
1700940813.969931 54 1
1700940813.970645 7700 -1
1700940813.970698 54 1
1700940813.981189 16148 -1
1700940813.981189 1174 -1
1700940813.981189 600 -1
1700940813.981189 2229 -1
1700940813.981189 1225 -1
1700940813.981189 528 -1
1700940813.981189 5010 -1
1700940813.981189 1232 -1
1700940813.981189 524 -1
1700940813.981189 5381 -1
1700940813.981411 54 1
1700940815.639114 226 1
1700940815.639242 227 1
1700940815.642811 228 1
1700940815.642892 227 1
1700940815.642977 225 1
1700940815.643891 60 -1
1700940815.644302 228 1
1700940815.644541 226 1
1700940815.644728 229 1
1700940815.646578 60 -1
1700940815.648780 1036 -1
1700940815.648884 7354 -1
1700940815.648964 54 1
1700940815.649272 1179 -1
1700940815.649350 1097 -1
1700940815.649365 54 1
1700940815.649463 7354 -1
1700940815.649499 54 1
1700940815.650163 354 -1
1700940815.650163 7354 -1
1700940815.650236 54 1
1700940815.650959 2043 -1
1700940815.650959 1232 -1
1700940815.650959 523 -1
1700940815.651009 54 1
1700940815.651049 1088 -1
1700940815.651072 54 1
1700940815.651103 4434 -1
1700940815.651129 54 1
1700940815.651460 7354 -1
1700940815.651499 54 1
1700940815.652077 4780 -1
1700940815.652115 54 1
1700940815.652465 7354 -1
1700940815.652495 54 1
1700940815.653079 1878 -1
1700940815.653106 54 1
1700940815.653344 865 -1
1700940815.653344 1045 -1
1700940815.653385 54 1
1700940815.653417 6037 -1
1700940815.653448 54 1
1700940815.654160 1218 -1
1700940815.654160 263 -1
1700940815.654160 6181 -1
1700940815.654212 54 1
1700940815.675011 1222 -1
1700940815.675011 535 -1
1700940815.675115 54 1
1700940815.677710 6857 -1
1700940815.677796 54 1
1700940818.580924 226 1
1700940818.581060 225 1
1700940818.581246 226 1
1700940818.581775 227 1
1700940818.581869 226 1
1700940818.581932 226 1
1700940818.581997 226 1
1700940818.582081 229 1
1700940818.582987 60 -1
1700940818.594096 60 -1
1700940818.594096 1124 -1
1700940818.594096 9049 -1
1700940818.594096 1085 -1
1700940818.594096 4504 -1
1700940818.594096 1107 -1
1700940818.594096 8064 -1
1700940818.594294 54 1
1700940818.595409 1236 -1
1700940818.595409 518 -1
1700940818.595409 1226 -1
1700940818.595409 529 -1
1700940818.595441 54 1
1700940818.595546 1120 -1
1700940818.595546 2581 -1
1700940818.595574 54 1
1700940818.595806 5232 -1
1700940818.595826 54 1
1700940818.596813 6612 -1
1700940818.597197 54 1
1700940818.598970 89 1
1700940818.599300 1219 -1
1700940818.599300 541 -1
1700940818.599353 54 1
1700940818.600922 1325 -1
1700940818.600922 239 -1
1700940818.600957 54 1
1700940818.601049 7354 -1
1700940818.601091 54 1
1700940818.601720 4277 -1
1700940818.601766 54 1
1700940818.602079 4157 -1
1700940818.602112 54 1
1700940819.271261 54 1
1700940819.283652 78 -1
1700940819.283652 60 -1
1700940819.283745 54 1
1700940824.203519 66 1
1700940824.204990 66 -1
1700940824.205128 54 1
1700940824.207503 934 1
1700940824.213839 60 -1
1700940824.213839 318 -1
1700940824.215529 134 1
1700940824.216082 146 1
1700940824.216891 60 -1
1700940824.217026 60 -1
1700940824.217302 581 1
1700940824.217417 227 1
1700940824.217508 228 1
1700940824.217581 227 1
1700940824.217652 226 1
1700940824.217679 341 -1
1700940824.217717 226 1
1700940824.217770 226 1
1700940824.217827 228 1
1700940824.217931 115 -1
1700940824.217931 85 -1
1700940824.217954 54 1
1700940824.218083 85 1
1700940824.218348 60 -1
1700940824.218348 60 -1
1700940824.218572 60 -1
1700940824.218572 60 -1
1700940824.218572 60 -1
1700940824.218615 60 -1
1700940824.218615 60 -1
1700940824.218891 60 -1
1700940824.219072 60 -1
1700940824.225650 1061 -1
1700940824.225743 7354 -1
1700940824.225808 54 1
1700940824.227704 5266 -1
1700940824.227704 1257 -1
1700940824.227704 487 -1
1700940824.227704 5337 -1
1700940824.227792 54 1
1700940824.231068 1235 -1
1700940824.231068 512 -1
1700940824.231068 1278 -1
1700940824.231148 54 1
1700940824.231212 459 -1
1700940824.231212 1514 -1
1700940824.231212 9720 -1
1700940824.231289 54 1
1700940824.231872 4595 -1
1700940824.231907 54 1
1700940824.234909 1225 -1
1700940824.234909 536 -1
1700940824.234954 54 1
1700940824.235907 3800 -1
1700940824.235950 54 1
1700940824.237870 1204 -1
1700940824.237870 561 -1
1700940824.237910 54 1
1700940824.237957 6896 -1
1700940824.237981 54 1
1700940824.245783 1195 -1
1700940824.245783 577 -1
1700940824.245860 54 1
1700940824.246391 1190 -1
1700940824.246391 419 -1
1700940824.246391 3417 -1
1700940824.246435 54 1
1700940824.252738 1514 -1
1700940824.252738 7354 -1
1700940824.252817 54 1
1700940824.253097 1493 -1
1700940824.253118 54 1
1700940824.722530 54 1
