1700951201.246980 66 1
1700951201.248105 66 -1
1700951201.248193 54 1
1700951201.262741 631 1
1700951201.263875 60 -1
1700951201.264749 66 1
1700951201.265944 66 -1
1700951201.266072 54 1
1700951201.269765 572 1
1700951201.278888 60 -1
1700951201.279791 2779 -1
1700951201.279904 54 1
1700951201.290060 134 1
1700951201.294089 2777 -1
1700951201.294355 54 1
1700951201.299460 60 -1
1700951201.299460 341 -1
1700951201.299460 341 -1
1700951201.299651 54 1
1700951201.313007 134 1
1700951201.313795 146 1
1700951201.313880 54 1
1700951201.314000 60 -1
1700951201.314314 341 -1
1700951201.314354 54 1
1700951201.314671 341 -1
1700951201.315265 60 -1
1700951201.315320 115 -1
1700951201.315320 85 -1
1700951201.315348 93 -1
1700951201.315349 54 1
1700951201.315348 78 -1
1700951201.315348 60 -1
1700951201.316780 583 1
1700951201.316861 231 1
1700951201.318686 60 -1
1700951201.318686 60 -1
1700951201.329568 85 1
1700951201.330990 60 -1
1700951201.331408 1033 -1
1700951201.331408 740 -1
1700951201.331447 54 1
1700951201.332094 4948 -1
1700951201.332129 54 1
1700951201.345167 1052 -1
1700951201.345167 731 -1
1700951201.345215 54 1
1700951201.346519 7354 -1
1700951201.346557 54 1
1700951201.347109 511 -1
1700951201.347133 54 1
1700951201.759266 232 1
1700951201.765442 231 1
1700951201.765555 229 1
1700951201.765897 228 1
1700951201.776701 60 -1
1700951201.790122 232 1
1700951201.790245 234 1
1700951201.800152 60 -1
1700951201.822914 1052 -1
1700951201.823268 728 -1
1700951201.823268 1055 -1
1700951201.823268 726 -1
1700951201.823268 1034 -1
1700951201.823268 10646 -1
1700951201.823355 54 1
1700951201.827147 1736 -1
1700951201.827147 726 -1
1700951201.827211 54 1
1700951201.850451 7354 -1
1700951201.850558 54 1
1700951201.850965 9160 -1
1700951201.851050 54 1
1700951201.851526 2974 -1
1700951201.851564 54 1
1700951201.851944 1514 -1
1700951201.851944 6551 -1
1700951201.851990 54 1
1700951201.852461 7354 -1
1700951201.852509 54 1
1700951201.853033 5819 -1
1700951201.853072 54 1
1700951201.870652 7354 -1
1700951201.870652 1069 -1
1700951201.870768 54 1
1700951201.878371 1069 -1
1700951201.878416 66 1
1700951201.888042 982 -1
1700951201.888042 812 -1
1700951201.888302 54 1
1700951201.900756 4415 -1
1700951201.900825 54 1
1700951204.642851 54 1
1700951204.654119 78 -1
1700951204.654152 54 1
1700951204.654242 60 -1
1700951206.313374 66 1
1700951206.314667 66 -1
1700951206.314771 54 1
1700951206.317336 966 1
1700951206.318452 60 -1
1700951206.320251 318 -1
1700951206.321494 134 1
1700951206.322648 60 -1
1700951206.322867 146 1
1700951206.323061 341 -1
1700951206.323966 589 1
1700951206.324018 60 -1
1700951206.324058 229 1
1700951206.324146 231 1
1700951206.324234 222 1
1700951206.325054 60 -1
1700951206.325208 60 -1
1700951206.325208 60 -1
1700951206.325265 60 -1
1700951206.360063 115 -1
1700951206.360143 85 -1
1700951206.360176 54 1
1700951206.377288 858 -1
1700951206.377288 8380 -1
1700951206.377366 54 1
1700951206.382115 1108 -1
1700951206.382115 655 -1
1700951206.382115 1055 -1
1700951206.382186 54 1
1700951206.382246 730 -1
1700951206.391142 1514 -1
1700951206.391142 1514 -1
1700951206.391142 3034 -1
1700951206.391220 54 1
1700951206.391266 5473 -1
1700951206.391313 54 1
1700951206.398225 85 1
1700951206.404363 60 -1
1700951206.423145 1082 -1
1700951206.423145 690 -1
1700951206.423193 54 1
1700951206.432316 4849 -1
1700951206.432355 54 1
1700951206.668308 224 1
1700951206.669465 232 1
1700951206.669994 226 1
1700951206.670474 223 1
1700951206.671465 230 1
1700951206.671998 234 1
1700951206.687646 60 -1
1700951206.687646 975 -1
1700951206.687646 815 -1
1700951206.687646 7354 -1
1700951206.687646 459 -1
1700951206.687886 54 1
1700951206.712342 1035 -1
1700951206.712342 734 -1
1700951206.712342 5512 -1
1700951206.712342 1083 -1
1700951206.712342 690 -1
1700951206.712342 7354 -1
1700951206.712342 7354 -1
1700951206.712342 1052 -1
1700951206.712342 980 -1
1700951206.712342 810 -1
1700951206.712342 980 -1
1700951206.712342 810 -1
1700951206.712342 1514 -1
1700951206.712342 5894 -1
1700951206.712342 1229 -1
1700951206.712342 7354 -1
1700951206.712579 54 1
1700951206.722814 1376 -1
1700951206.722925 1376 -1
1700951206.722954 66 1
1700951206.740926 1052 -1
1700951206.740969 54 1
1700951206.741007 732 -1
1700951206.746055 2310 -1
1700951206.746113 54 1
1700951208.459772 209 1
1700951208.483251 1072 -1
1700951208.483251 705 -1
1700951208.483251 2986 -1
1700951208.483439 54 1
1700951210.653468 232 1
1700951210.653578 232 1
1700951210.659156 60 -1
1700951210.662453 979 -1
1700951210.662453 813 -1
1700951210.662526 54 1
1700951210.662717 2974 -1
1700951210.662748 54 1
1700951210.662991 3072 -1
1700951210.663019 54 1
1700951210.665980 1021 -1
1700951210.665980 774 -1
1700951210.665980 2974 -1
1700951210.665980 1514 -1
1700951210.665980 2960 -1
1700951210.666084 54 1
1700951212.374740 229 1
1700951212.374867 231 1
1700951212.374956 229 1
1700951212.377167 229 1
1700951212.399933 60 -1
1700951212.399933 1052 -1
1700951212.399933 730 -1
1700951212.400050 54 1
1700951212.418030 7354 -1
1700951212.418030 215 -1
1700951212.418030 1051 -1
1700951212.418030 731 -1
1700951212.418326 54 1
1700951212.418530 4434 -1
1700951212.418691 54 1
1700951212.418749 2656 -1
1700951212.418780 54 1
1700951212.429503 984 -1
1700951212.429503 807 -1
1700951212.429604 54 1
1700951212.431667 1054 -1
1700951212.431667 727 -1
1700951212.431705 54 1
1700951212.431796 5894 -1
1700951212.431836 54 1
1700951212.432491 4343 -1
1700951212.432535 54 1
1700951212.434662 89 1
1700951212.440400 4434 -1
1700951212.440400 5922 -1
1700951212.440498 54 1
1700951212.485881 60 -1
1700951214.647686 54 1
1700951214.649013 78 -1
1700951214.649050 54 1
1700951214.649189 60 -1
1700951214.896434 66 1
1700951214.906082 66 -1
1700951214.906145 54 1
1700951214.906971 966 1
1700951214.911276 60 -1
1700951214.912260 318 -1
1700951214.913243 134 1
1700951214.913612 146 1
1700951214.914037 586 1
1700951214.914132 232 1
1700951214.914228 234 1
1700951214.914336 230 1
1700951214.914352 60 -1
1700951214.914583 341 -1
1700951214.914626 60 -1
1700951214.915458 115 -1
1700951214.915458 85 -1
1700951214.915458 60 -1
1700951214.915458 60 -1
1700951214.915458 60 -1
1700951214.915510 54 1
1700951214.915601 60 -1
1700951214.916674 85 1
1700951214.918196 60 -1
1700951214.922934 978 -1
1700951214.922934 813 -1
1700951214.922934 4434 -1
1700951214.923016 54 1
1700951214.923167 6224 -1
1700951214.923202 54 1
1700951214.933256 1081 -1
1700951214.933256 694 -1
1700951214.933334 54 1
1700951214.936367 7354 -1
1700951214.936424 54 1
1700951214.936788 1075 -1
1700951214.936827 54 1
1700951214.973558 1080 -1
1700951214.973558 694 -1
1700951214.973667 54 1
1700951214.993095 2974 -1
1700951214.993095 1714 -1
1700951214.993170 54 1
1700951215.002974 254 -1
1700951215.003019 66 1
1700951215.012189 1055 -1
1700951215.012189 730 -1
1700951215.012189 7354 -1
1700951215.012189 4577 -1
1700951215.012315 54 1
1700951217.997689 231 1
1700951218.000203 60 -1
1700951218.006371 230 1
1700951218.006461 230 1
1700951218.007431 60 -1
1700951218.007590 60 -1
1700951218.007925 223 1
1700951218.008039 229 1
1700951218.008127 230 1
1700951218.016035 60 -1
1700951218.016035 60 -1
1700951218.016035 60 -1
1700951218.026499 1053 -1
1700951218.026499 730 -1
1700951218.026584 54 1
1700951218.032310 2974 -1
1700951218.032386 54 1
1700951218.032463 5145 -1
1700951218.032485 54 1
1700951218.032764 1080 -1
1700951218.032850 694 -1
1700951218.032874 54 1
1700951218.032914 1052 -1
1700951218.032990 732 -1
1700951218.033012 54 1
1700951218.035458 7824 -1
1700951218.035522 54 1
1700951218.035720 8235 -1
1700951218.035764 54 1
1700951218.041218 982 -1
1700951218.041218 808 -1
1700951218.041311 54 1
1700951218.046486 7354 -1
1700951218.046598 54 1
1700951218.047065 2075 -1
1700951218.047116 54 1
1700951218.058005 1034 -1
1700951218.058005 735 -1
1700951218.058005 1083 -1
1700951218.058005 692 -1
1700951218.058073 54 1
1700951218.064167 7215 -1
1700951218.064232 54 1
1700951218.065334 7354 -1
1700951218.065377 54 1
1700951218.069760 1226 -1
1700951218.069820 54 1
1700951219.556459 230 1
1700951219.556599 231 1
1700951219.558998 230 1
1700951219.559449 229 1
1700951219.560845 60 -1
1700951219.561203 230 1
1700951219.562666 231 1
1700951219.564536 231 1
1700951219.567189 60 -1
1700951219.571877 979 -1
1700951219.571877 809 -1
1700951219.571985 54 1
1700951219.577862 1018 -1
1700951219.577862 772 -1
1700951219.577862 1514 -1
1700951219.577862 7354 -1
1700951219.577862 2262 -1
1700951219.577862 1003 -1
1700951219.577862 1514 -1
1700951219.577862 6549 -1
1700951219.578003 54 1
1700951219.579776 1053 -1
1700951219.579776 730 -1
1700951219.579776 2974 -1
1700951219.579776 7354 -1
1700951219.580063 54 1
1700951219.580213 2122 -1
1700951219.580270 54 1
1700951219.580388 1082 -1
1700951219.580424 692 -1
1700951219.580444 54 1
1700951219.587393 1054 -1
1700951219.587393 729 -1
1700951219.587393 5894 -1
1700951219.587393 1116 -1
1700951219.587393 8325 -1
1700951219.587634 54 1
1700951219.590580 7354 -1
1700951219.590580 5071 -1
1700951219.590580 1059 -1
1700951219.590580 726 -1
1700951219.590695 54 1
1700951219.599675 5894 -1
1700951219.599675 6133 -1
1700951219.599795 54 1
1700951221.143876 222 1
1700951221.152943 229 1
1700951221.157080 60 -1
1700951221.162713 66 1
1700951221.163211 66 1
1700951221.163568 66 -1
1700951221.163630 66 1
1700951221.163657 54 1
1700951221.164072 66 1
1700951221.164472 66 1
1700951221.165634 1051 -1
1700951221.165634 732 -1
1700951221.165692 54 1
1700951221.167611 2974 -1
1700951221.167611 4586 -1
1700951221.167667 54 1
1700951221.177721 66 -1
1700951221.177892 54 1
1700951221.178157 599 1
1700951221.179161 663 1
1700951221.181485 982 -1
1700951221.181485 812 -1
1700951221.181561 54 1
1700951221.183732 66 -1
1700951221.183758 66 -1
1700951221.183758 66 -1
1700951221.183840 54 1
1700951221.183894 54 1
1700951221.183927 54 1
1700951221.184498 572 1
1700951221.184935 663 1
1700951221.185374 663 1
1700951221.185802 60 -1
1700951221.190875 8619 -1
1700951221.191008 54 1
1700951221.200872 60 -1
1700951221.200872 60 -1
1700951221.200872 2974 -1
1700951221.200872 2974 -1
1700951221.200872 956 -1
1700951221.200872 956 -1
1700951221.201022 54 1
1700951221.201066 54 1
1700951221.205002 2974 -1
1700951221.205002 956 -1
1700951221.205002 60 -1
1700951221.205002 2974 -1
1700951221.205002 958 -1
1700951221.205120 54 1
1700951221.205167 54 1
1700951221.207049 956 -1
1700951221.207049 956 -1
1700951221.207095 66 1
1700951221.207136 66 1
1700951221.207203 60 -1
1700951221.207203 2974 -1
1700951221.207203 957 -1
1700951221.207285 54 1
1700951221.210219 89 1
1700951221.228504 134 1
1700951221.229282 134 1
1700951221.230050 134 1
1700951221.230748 134 1
1700951221.231447 60 -1
1700951221.231447 341 -1
1700951221.231447 341 -1
1700951221.231495 134 1
1700951221.231512 54 1
1700951221.232186 54 1
1700951221.232380 54 1
1700951221.232558 54 1
1700951221.232744 54 1
1700951221.232921 146 1
1700951221.233369 60 -1
1700951221.233369 341 -1
1700951221.233369 341 -1
1700951221.233428 54 1
1700951221.233551 93 -1
1700951221.233551 78 -1
1700951221.233551 60 -1
1700951221.234194 584 1
1700951221.234282 229 1
1700951221.234567 60 -1
1700951221.234567 115 -1
1700951221.234567 85 -1
1700951221.234620 229 1
1700951221.234664 54 1
1700951221.234861 219 1
1700951221.234955 226 1
1700951221.235336 85 1
1700951221.235476 60 -1
1700951221.235476 60 -1
1700951221.235476 60 -1
1700951221.235911 60 -1
1700951221.236105 60 -1
1700951221.236513 60 -1
1700951221.236513 60 -1
1700951221.236808 60 -1
1700951221.237077 341 -1
1700951221.237077 341 -1
1700951221.237077 341 -1
1700951221.237077 93 -1
1700951221.237077 341 -1
1700951221.237290 54 1
1700951221.237365 341 -1
1700951221.237365 341 -1
1700951221.237417 54 1
1700951221.237518 93 -1
1700951221.237518 78 -1
1700951221.237518 60 -1
1700951221.237706 54 1
1700951221.237990 93 -1
1700951221.237990 78 -1
1700951221.237990 60 -1
1700951221.237990 78 -1
1700951221.237990 60 -1
1700951221.238197 60 -1
1700951221.239329 1171 -1
1700951221.239329 1174 -1
1700951221.239329 479 -1
1700951221.239386 54 1
1700951221.239433 481 -1
1700951221.239433 7354 -1
1700951221.239467 54 1
1700951221.242141 4707 -1
1700951221.242141 2974 -1
1700951221.242141 7354 -1
1700951221.242141 3311 -1
1700951221.242246 54 1
1700951221.242608 1174 -1
1700951221.242608 484 -1
1700951221.242608 1173 -1
1700951221.242608 480 -1
1700951221.242608 7354 -1
1700951221.242662 54 1
1700951221.243244 7354 -1
1700951221.243290 54 1
1700951221.243612 1860 -1
1700951221.243638 54 1
1700951221.243732 378 -1
1700951221.243732 8793 -1
1700951221.243785 54 1
1700951221.245487 1192 -1
1700951221.245487 7354 -1
1700951221.245487 505 -1
1700951221.245564 54 1
1700951221.258586 60 -1
1700951223.131978 229 1
1700951223.137303 1171 -1
1700951223.137303 479 -1
1700951223.137303 7354 -1
1700951223.137429 54 1
1700951223.137809 6264 -1
1700951223.137855 54 1
1700951223.141619 228 1
1700951223.141715 229 1
1700951223.141769 226 1
1700951223.141822 219 1
1700951223.142492 227 1
1700951223.142587 229 1
1700951223.142593 60 -1
1700951223.142725 229 1
1700951223.143446 60 -1
1700951223.146534 1172 -1
1700951223.146534 484 -1
1700951223.146622 54 1
1700951223.146682 7354 -1
1700951223.146715 54 1
1700951223.147132 271 -1
1700951223.147158 54 1
1700951223.147438 1178 -1
1700951223.147476 476 -1
1700951223.147496 54 1
1700951223.147664 1514 -1
1700951223.147664 5894 -1
1700951223.147723 54 1
1700951223.148004 2853 -1
1700951223.148048 54 1
1700951223.148278 1196 -1
1700951223.148306 54 1
1700951223.148375 450 -1
1700951223.148375 1171 -1
1700951223.148401 54 1
1700951223.148571 5968 -1
1700951223.148608 54 1
1700951223.149102 2023 -1
1700951223.149102 1514 -1
1700951223.149136 54 1
1700951223.149274 8365 -1
1700951223.149309 54 1
1700951223.149947 7354 -1
1700951223.149987 54 1
1700951223.150536 4326 -1
1700951223.150578 54 1
1700951223.151101 1144 -1
1700951223.151101 520 -1
1700951223.151101 1172 -1
1700951223.151139 54 1
1700951223.151184 4434 -1
1700951223.151230 54 1
1700951223.151484 1514 -1
1700951223.151600 7261 -1
1700951223.151664 54 1
1700951223.152214 7354 -1
1700951223.152256 54 1
1700951223.152820 934 -1
1700951223.152846 54 1
1700951224.649811 54 1
1700951224.650605 54 1
1700951224.654464 78 -1
1700951224.654464 60 -1
1700951224.654504 54 1
1700951224.666479 78 -1
1700951224.666479 60 -1
1700951224.666563 54 1
1700951226.627450 66 1
1700951226.632094 66 -1
1700951226.632220 54 1
1700951226.633147 902 1
1700951226.634115 60 -1
1700951226.634660 318 -1
1700951226.635751 134 1
1700951226.636631 60 -1
1700951226.636849 341 -1
1700951226.637984 146 1
1700951226.639677 582 1
1700951226.639745 228 1
1700951226.639823 227 1
1700951226.639942 229 1
1700951226.640018 228 1
1700951226.640114 228 1
1700951226.640218 231 1
1700951226.640288 221 1
1700951226.641299 60 -1
1700951226.641299 115 -1
1700951226.641299 85 -1
1700951226.641359 54 1
1700951226.642121 85 1
1700951226.642270 60 -1
1700951226.642270 60 -1
1700951226.642270 60 -1
1700951226.642270 60 -1
1700951226.642270 60 -1
1700951226.642270 60 -1
1700951226.642270 60 -1
1700951226.642270 60 -1
1700951226.643058 60 -1
1700951226.647159 1192 -1
1700951226.647159 455 -1
1700951226.647159 1174 -1
1700951226.647159 5878 -1
1700951226.647262 54 1
1700951226.647530 479 -1
1700951226.647558 54 1
1700951226.647604 1172 -1
1700951226.647681 13659 -1
1700951226.647728 54 1
1700951226.648822 478 -1
1700951226.648822 1172 -1
1700951226.648869 54 1
1700951226.649066 8814 -1
1700951226.649105 54 1
1700951226.649656 7185 -1
1700951226.649703 54 1
1700951226.650239 480 -1
1700951226.650293 7354 -1
1700951226.650322 54 1
1700951226.650916 7354 -1
1700951226.650952 54 1
1700951226.651628 1860 -1
1700951226.651628 1514 -1
1700951226.651669 54 1
1700951226.651759 2771 -1
1700951226.651784 54 1
1700951226.652080 1198 -1
1700951226.652080 448 -1
1700951226.652108 54 1
1700951226.652167 1141 -1
1700951226.652201 7354 -1
1700951226.652226 54 1
1700951226.652832 4655 -1
1700951226.652869 54 1
1700951226.653217 7354 -1
1700951226.653251 54 1
1700951226.653812 5023 -1
1700951226.653853 54 1
1700951226.654236 7354 -1
1700951226.654270 54 1
1700951226.654842 2764 -1
1700951226.654869 54 1
1700951226.655052 1175 -1
1700951226.655339 478 -1
1700951226.655339 7354 -1
1700951226.655370 54 1
1700951226.655793 7354 -1
1700951226.655828 54 1
1700951226.656419 1477 -1
1700951226.710795 54 1
1700951228.207305 231 1
1700951228.208478 229 1
1700951228.209327 228 1
1700951228.209420 227 1
1700951228.209893 60 -1
1700951228.211730 60 -1
1700951228.213073 228 1
1700951228.213522 229 1
1700951228.214391 1193 -1
1700951228.214391 452 -1
1700951228.214469 54 1
1700951228.215725 229 1
1700951228.215864 227 1
1700951228.216491 4434 -1
1700951228.216541 54 1
1700951228.216703 4920 -1
1700951228.216750 54 1
1700951228.217281 1174 -1
1700951228.217281 479 -1
1700951228.217281 1171 -1
1700951228.217334 54 1
1700951228.217377 486 -1
1700951228.218547 7354 -1
1700951228.218588 54 1
1700951228.219175 7354 -1
1700951228.219207 54 1
1700951228.219621 1638 -1
1700951228.219662 54 1
1700951228.219748 7354 -1
1700951228.219771 54 1
1700951228.220358 2177 -1
1700951228.220383 54 1
1700951228.220527 1601 -1
1700951228.220543 54 1
1700951228.220847 7354 -1
1700951228.220872 54 1
1700951228.221361 7354 -1
1700951228.221393 54 1
1700951228.222156 112 -1
1700951228.222156 1172 -1
1700951228.222156 484 -1
1700951228.222156 1197 -1
1700951228.222196 54 1
1700951228.222256 452 -1
1700951228.222256 6794 -1
1700951228.222282 54 1
1700951228.222763 2974 -1
1700951228.222796 54 1
1700951228.223093 5241 -1
1700951228.223126 54 1
1700951228.223439 1171 -1
1700951228.223556 483 -1
1700951228.223556 5812 -1
1700951228.223590 54 1
1700951228.232105 1176 -1
1700951228.232186 482 -1
1700951228.232213 54 1
1700951228.232273 7354 -1
1700951228.232332 54 1
1700951228.232666 4711 -1
1700951228.232715 54 1
1700951229.826746 219 1
1700951229.826836 229 1
1700951229.826930 221 1
1700951229.827249 218 1
1700951229.827349 219 1
1700951229.828305 228 1
1700951229.828357 223 1
1700951229.828543 219 1
1700951229.833299 60 -1
1700951229.833299 1164 -1
1700951229.833299 495 -1
1700951229.833299 7354 -1
1700951229.833299 1999 -1
1700951229.833299 1172 -1
1700951229.833299 483 -1
1700951229.833299 4141 -1
1700951229.833436 54 1
1700951229.836724 60 -1
1700951229.838372 1195 -1
1700951229.838372 449 -1
1700951229.838406 54 1
1700951229.840542 6727 -1
1700951229.840596 54 1
1700951229.841421 1175 -1
1700951229.841421 479 -1
1700951229.841421 1173 -1
1700951229.841421 483 -1
1700951229.841421 1173 -1
1700951229.841421 483 -1
1700951229.841421 5320 -1
1700951229.841521 54 1
1700951229.842547 2974 -1
1700951229.842547 5830 -1
1700951229.842589 54 1
1700951229.842864 7354 -1
1700951229.842924 54 1
1700951229.843469 2582 -1
1700951229.843514 54 1
1700951229.843773 1596 -1
1700951229.843801 54 1
1700951229.843854 13074 -1
1700951229.843924 54 1
1700951229.844965 1175 -1
1700951229.845008 54 1
1700951229.845487 481 -1
1700951229.845487 7354 -1
1700951229.845522 54 1
1700951229.845746 7354 -1
1700951229.845775 54 1
1700951229.846335 1381 -1
1700951229.846362 54 1
1700951231.427268 220 1
1700951231.427744 228 1
1700951231.427947 230 1
1700951231.430211 60 -1
1700951231.430380 229 1
1700951231.430483 228 1
1700951231.431239 227 1
1700951231.431336 226 1
1700951231.431532 219 1
1700951231.431843 60 -1
1700951231.433625 60 -1
1700951231.435686 1194 -1
1700951231.435686 452 -1
1700951231.435686 1171 -1
1700951231.435686 487 -1
1700951231.435741 54 1
1700951231.436524 5894 -1
1700951231.436568 54 1
1700951231.436796 2088 -1
1700951231.436833 54 1
1700951231.436984 4434 -1
1700951231.437035 54 1
1700951231.437341 4225 -1
1700951231.437365 54 1
1700951231.437686 1599 -1
1700951231.437710 54 1
1700951231.438358 8338 -1
1700951231.438387 54 1
1700951231.438728 1174 -1
1700951231.438809 476 -1
1700951231.438837 54 1
1700951231.438872 1177 -1
1700951231.438956 480 -1
1700951231.438979 54 1
1700951231.439404 1173 -1
1700951231.439404 476 -1
1700951231.439404 7354 -1
1700951231.439445 54 1
1700951231.439748 2765 -1
1700951231.439784 54 1
1700951231.439945 11178 -1
1700951231.439992 54 1
1700951231.440888 7354 -1
1700951231.440934 54 1
1700951231.441477 4008 -1
1700951231.441498 54 1
1700951231.441812 1591 -1
1700951231.441830 54 1
1700951231.441934 1172 -1
1700951231.441959 54 1
1700951231.442238 479 -1
1700951231.442238 7354 -1
1700951231.442281 54 1
1700951231.442704 125 -1
1700951231.442704 7354 -1
1700951231.442731 54 1
1700951231.443293 2898 -1
1700951231.443320 54 1
1700951233.547734 219 1
1700951233.548471 228 1
1700951233.549251 220 1
1700951233.549847 226 1
1700951233.550478 60 -1
1700951233.551158 218 1
1700951233.552512 223 1
1700951233.552709 219 1
1700951233.553695 220 1
1700951233.554048 60 -1
1700951233.556152 1195 -1
1700951233.556152 451 -1
1700951233.556211 54 1
1700951233.557723 89 1
1700951233.558433 1171 -1
1700951233.558433 483 -1
1700951233.558467 54 1
1700951233.558506 6538 -1
1700951233.558545 54 1
1700951233.558892 1175 -1
1700951233.558911 54 1
1700951233.559111 481 -1
1700951233.559111 7354 -1
1700951233.559144 54 1
1700951233.559630 1680 -1
1700951233.559648 54 1
1700951233.559882 1197 -1
1700951233.559882 451 -1
1700951233.559914 54 1
1700951233.560178 4434 -1
1700951233.560206 54 1
1700951233.560394 7354 -1
1700951233.560433 54 1
1700951233.560873 4780 -1
1700951233.560894 54 1
1700951233.561314 85 -1
1700951233.561314 3110 -1
1700951233.561346 54 1
1700951233.561601 1514 -1
1700951233.561691 4434 -1
1700951233.561725 54 1
1700951233.562130 3012 -1
1700951233.562169 54 1
1700951233.562280 1199 -1
1700951233.562305 54 1
1700951233.562397 1573 -1
1700951233.562421 54 1
1700951233.562594 476 -1
1700951233.562594 8279 -1
1700951233.562642 54 1
1700951233.563339 7354 -1
1700951233.563370 54 1
1700951233.564159 6967 -1
1700951233.564194 54 1
1700951233.564553 1174 -1
1700951233.564553 483 -1
1700951233.564586 54 1
1700951233.573684 7354 -1
1700951233.573684 7354 -1
1700951233.573684 1860 -1
1700951233.573684 3509 -1
1700951233.573684 1173 -1
1700951233.573684 482 -1
1700951233.573684 1514 -1
1700951233.573684 6633 -1
1700951233.573862 54 1
1700951233.574250 793 -1
1700951233.574602 66 1
1700951234.675429 54 1
1700951234.677601 78 -1
1700951234.677601 60 -1
1700951234.677728 54 1
1700951237.267720 66 1
1700951237.279691 66 -1
1700951237.279830 54 1
1700951237.282026 902 1
1700951237.298484 60 -1
1700951237.298484 318 -1
1700951237.299342 134 1
1700951237.299746 146 1
1700951237.300462 581 1
1700951237.300515 226 1
1700951237.300560 220 1
1700951237.300603 219 1
1700951237.300673 226 1
1700951237.300781 227 1
1700951237.300866 225 1
1700951237.300948 227 1
1700951237.302697 60 -1
1700951237.302697 60 -1
1700951237.302697 60 -1
1700951237.302697 60 -1
1700951237.302697 60 -1
1700951237.302697 60 -1
1700951237.302697 60 -1
1700951237.302697 60 -1
1700951237.302697 60 -1
1700951237.302697 60 -1
1700951237.302697 341 -1
1700951237.306658 115 -1
1700951237.306658 85 -1
1700951237.306742 54 1
1700951237.306955 1172 -1
1700951237.306955 479 -1
1700951237.307003 54 1
1700951237.307249 1601 -1
1700951237.307249 1194 -1
1700951237.307296 66 1
1700951237.307330 54 1
1700951237.307414 7354 -1
1700951237.307459 54 1
1700951237.307900 1514 -1
1700951237.308309 8814 -1
1700951237.308348 54 1
1700951237.308592 85 1
1700951237.312102 7354 -1
1700951237.312102 1514 -1
1700951237.312102 7354 -1
1700951237.312102 1514 -1
1700951237.312102 4434 -1
1700951237.312102 4434 -1
1700951237.312102 7354 -1
1700951237.312337 54 1
1700951237.312416 1514 -1
1700951237.312446 54 1
1700951237.312751 7354 -1
1700951237.312792 54 1
1700951237.313208 4434 -1
1700951237.313241 54 1
1700951237.313559 7354 -1
1700951237.313598 54 1
1700951237.314101 1744 -1
1700951237.314125 54 1
1700951237.316239 60 -1
1700951238.887386 220 1
1700951238.888326 60 -1
1700951238.888530 220 1
1700951238.888767 218 1
1700951238.889399 60 -1
1700951238.889606 60 -1
1700951238.890556 223 1
1700951238.891495 60 -1
1700951238.894291 1171 -1
1700951238.894291 484 -1
1700951238.894291 1173 -1
1700951238.894291 479 -1
1700951238.894291 7242 -1
1700951238.894406 54 1
1700951238.894419 222 1
1700951238.894583 1171 -1
1700951238.894784 486 -1
1700951238.894784 7354 -1
1700951238.894840 54 1
1700951238.895311 3937 -1
1700951238.895343 54 1
1700951238.895640 7354 -1
1700951238.895680 54 1
1700951238.896241 1574 -1
1700951238.896283 54 1
1700951238.897076 60 -1
1700951238.897490 1164 -1
1700951238.897490 495 -1
1700951238.897534 54 1
1700951238.897609 219 1
1700951238.897699 220 1
1700951238.897781 219 1
1700951238.906303 7354 -1
1700951238.906303 684 -1
1700951238.906400 54 1
1700951238.906998 60 -1
1700951238.911638 1138 -1
1700951238.911638 526 -1
1700951238.911638 1172 -1
1700951238.911638 6958 -1
1700951238.911740 54 1
1700951238.912009 481 -1
1700951238.912139 1197 -1
1700951238.912164 54 1
1700951238.912279 448 -1
1700951238.912279 1173 -1
1700951238.912307 54 1
1700951238.916438 479 -1
1700951238.916438 8691 -1
1700951238.916438 7380 -1
1700951238.916438 12420 -1
1700951238.916554 54 1
1700951240.521388 221 1
1700951240.521523 219 1
1700951240.522964 219 1
1700951240.523748 219 1
1700951240.524559 60 -1
1700951240.524631 219 1
1700951240.526119 60 -1
1700951240.527268 220 1
1700951240.528771 222 1
1700951240.529326 219 1
1700951240.531272 1171 -1
1700951240.531272 482 -1
1700951240.531272 1170 -1
1700951240.531357 54 1
1700951240.531414 484 -1
1700951240.531414 1172 -1
1700951240.531414 9442 -1
1700951240.531468 54 1
1700951240.532155 2032 -1
1700951240.532188 54 1
1700951240.533552 7354 -1
1700951240.533602 54 1
1700951240.533923 547 -1
1700951240.533947 54 1
1700951240.534012 6087 -1
1700951240.534054 54 1
1700951240.534536 7251 -1
1700951240.534577 54 1
1700951240.535255 1175 -1
1700951240.535255 482 -1
1700951240.535281 54 1
1700951240.535749 6249 -1
1700951240.535774 54 1
1700951240.536196 1175 -1
1700951240.536196 481 -1
1700951240.536223 54 1
1700951240.536262 1167 -1
1700951240.536285 54 1
1700951240.536324 487 -1
1700951240.536420 7354 -1
1700951240.536444 54 1
1700951240.537181 3004 -1
1700951240.537201 54 1
1700951240.537263 6137 -1
1700951240.537295 54 1
1700951240.537762 1169 -1
1700951240.537840 483 -1
1700951240.537859 54 1
1700951240.537899 7354 -1
1700951240.537944 54 1
1700951240.538478 908 -1
1700951240.538497 54 1
1700951242.665084 223 1
1700951242.670335 1195 -1
1700951242.670335 446 -1
1700951242.670434 54 1
1700951242.670518 7354 -1
1700951242.670561 54 1
1700951242.670616 7354 -1
1700951242.670658 54 1
1700951242.671310 60 -1
1700951242.674302 220 1
1700951242.674419 224 1
1700951242.674490 221 1
1700951242.674901 222 1
1700951242.675165 218 1
1700951242.675771 221 1
1700951242.675921 220 1
1700951242.676066 60 -1
1700951242.676936 89 1
1700951242.678636 60 -1
1700951242.679878 1171 -1
1700951242.679878 487 -1
1700951242.679878 7354 -1
1700951242.679967 54 1
1700951242.680043 759 -1
1700951242.680063 54 1
1700951242.681544 1195 -1
1700951242.681544 6847 -1
1700951242.681544 452 -1
1700951242.681544 1195 -1
1700951242.681544 450 -1
1700951242.681544 1202 -1
1700951242.681544 440 -1
1700951242.681544 7354 -1
1700951242.681676 66 1
1700951242.681715 66 1
1700951242.681735 66 1
1700951242.681757 66 1
1700951242.681785 54 1
1700951242.681812 54 1
1700951242.682276 318 -1
1700951242.682276 1172 -1
1700951242.682276 7354 -1
1700951242.682337 54 1
1700951242.687277 6918 -1
1700951242.687277 2974 -1
1700951242.687277 6633 -1
1700951242.687277 7354 -1
1700951242.687277 1993 -1
1700951242.687277 7354 -1
1700951242.687277 2582 -1
1700951242.687537 54 1
1700951244.693617 54 1
1700951244.694906 78 -1
1700951244.694906 60 -1
1700951244.694973 54 1
1700951246.251486 66 1
1700951246.252490 66 -1
1700951246.252618 54 1
1700951246.253614 870 1
1700951246.254480 60 -1
1700951246.255159 318 -1
1700951246.256268 134 1
1700951246.257304 60 -1
1700951246.257367 341 -1
1700951246.257765 146 1
1700951246.258630 60 -1
1700951246.258720 115 -1
1700951246.258720 85 -1
1700951246.258746 54 1
1700951246.259278 573 1
1700951246.259389 222 1
1700951246.259470 230 1
1700951246.259543 225 1
1700951246.259610 227 1
1700951246.259675 222 1
1700951246.260083 85 1
1700951246.260174 60 -1
1700951246.260262 60 -1
1700951246.260342 60 -1
1700951246.260342 60 -1
1700951246.260414 60 -1
1700951246.260419 220 1
1700951246.260500 220 1
1700951246.260715 60 -1
1700951246.260949 60 -1
1700951246.261264 60 -1
1700951246.261382 60 -1
1700951246.266854 1172 -1
1700951246.266854 1196 -1
1700951246.266854 450 -1
1700951246.266959 54 1
1700951246.267044 484 -1
1700951246.267044 1171 -1
1700951246.267044 485 -1
1700951246.267044 8814 -1
1700951246.267103 54 1
1700951246.268155 2854 -1
1700951246.268155 4434 -1
1700951246.268155 7181 -1
1700951246.268200 54 1
1700951246.271490 1599 -1
1700951246.271490 4418 -1
1700951246.271490 1169 -1
1700951246.271490 482 -1
1700951246.271490 5303 -1
1700951246.271490 1196 -1
1700951246.271490 453 -1
1700951246.271490 7354 -1
1700951246.271490 920 -1
1700951246.271624 54 1
1700951246.271887 1170 -1
1700951246.271887 487 -1
1700951246.271917 54 1
1700951246.272304 7354 -1
1700951246.272327 54 1
1700951246.272476 1560 -1
1700951246.272506 54 1
1700951246.279978 1170 -1
1700951246.279978 488 -1
1700951246.280205 54 1
1700951246.280365 7354 -1
1700951246.280438 54 1
1700951246.280489 633 -1
1700951246.280512 54 1
1700951247.871781 219 1
1700951247.871895 218 1
1700951247.872011 227 1
1700951247.872431 229 1
1700951247.872523 219 1
1700951247.873686 218 1
1700951247.874757 219 1
1700951247.876560 232 1
1700951247.877562 60 -1
1700951247.878544 60 -1
1700951247.882714 1174 -1
1700951247.882714 485 -1
1700951247.882714 1172 -1
1700951247.882714 485 -1
1700951247.882714 1171 -1
1700951247.882839 54 1
1700951247.882905 3891 -1
1700951247.882937 54 1
1700951247.882996 487 -1
1700951247.883034 1195 -1
1700951247.883071 54 1
1700951247.883355 450 -1
1700951247.883355 1514 -1
1700951247.883355 5121 -1
1700951247.883427 54 1
1700951247.883917 1172 -1
1700951247.883917 4231 -1
1700951247.883947 54 1
1700951247.884165 480 -1
1700951247.884165 1514 -1
1700951247.884192 54 1
1700951247.884481 4348 -1
1700951247.884508 54 1
1700951247.884671 7354 -1
1700951247.884708 54 1
1700951247.885293 7354 -1
1700951247.885342 54 1
1700951247.887536 1860 -1
1700951247.887536 85 -1
1700951247.887536 632 -1
1700951247.887536 2746 -1
1700951247.887536 447 -1
1700951247.887536 4881 -1
1700951247.887536 2974 -1
1700951247.887536 2974 -1
1700951247.887536 7354 -1
1700951247.887678 54 1
1700951247.887920 493 -1
1700951247.887920 1174 -1
1700951247.887949 54 1
1700951247.888019 478 -1
1700951247.888053 54 1
1700951247.888085 7354 -1
1700951247.888111 54 1
1700951247.889948 5373 -1
1700951247.890008 54 1
1700951249.480598 228 1
1700951249.481585 223 1
1700951249.482773 219 1
1700951249.483147 60 -1
1700951249.487940 1173 -1
1700951249.487940 484 -1
1700951249.487940 1171 -1
1700951249.487940 487 -1
1700951249.487940 6980 -1
1700951249.488095 54 1
1700951249.488482 5514 -1
1700951249.488516 54 1
1700951249.488991 221 1
1700951249.489116 219 1
1700951249.489318 1174 -1
1700951249.489318 479 -1
1700951249.489318 10285 -1
1700951249.489385 54 1
1700951249.490842 221 1
1700951249.491309 219 1
1700951249.491504 60 -1
1700951249.491773 221 1
1700951249.493827 60 -1
1700951249.495714 1173 -1
1700951249.495714 485 -1
1700951249.495778 54 1
1700951249.496337 6956 -1
1700951249.496393 54 1
1700951249.496793 1168 -1
1700951249.496793 490 -1
1700951249.496816 54 1
1700951249.496845 7354 -1
1700951249.496896 54 1
1700951249.497440 696 -1
1700951249.497581 1172 -1
1700951249.497581 482 -1
1700951249.497600 54 1
1700951249.497627 6675 -1
1700951249.497645 54 1
1700951249.498177 1170 -1
1700951249.498261 485 -1
1700951249.498275 54 1
1700951249.498304 5894 -1
1700951249.498330 54 1
1700951249.498791 2169 -1
1700951249.498816 54 1
1700951249.498965 1171 -1
1700951249.499065 485 -1
1700951249.499083 54 1
1700951249.499255 6613 -1
1700951249.499279 54 1
1700951251.687253 227 1
1700951251.687354 221 1
1700951251.687938 227 1
1700951251.688016 228 1
1700951251.689005 228 1
1700951251.689152 60 -1
1700951251.689166 220 1
1700951251.700381 60 -1
1700951251.700381 1170 -1
1700951251.700381 481 -1
1700951251.700381 1173 -1
1700951251.700381 485 -1
1700951251.700381 7354 -1
1700951251.700381 6914 -1
1700951251.700381 7354 -1
1700951251.700381 262 -1
1700951251.700381 1591 -1
1700951251.700381 7354 -1
1700951251.700381 2778 -1
1700951251.700381 1171 -1
1700951251.700381 485 -1
1700951251.700381 7354 -1
1700951251.700381 1769 -1
1700951251.700381 1172 -1
1700951251.700381 484 -1
1700951251.700381 6171 -1
1700951251.700637 54 1
1700951251.704992 221 1
1700951251.705629 220 1
1700951251.707412 89 1
1700951251.709342 60 -1
1700951251.709342 1170 -1
1700951251.709342 487 -1
1700951251.709342 7354 -1
1700951251.709342 933 -1
1700951251.709499 54 1
1700951251.710860 60 -1
1700951251.711043 1176 -1
1700951251.711043 478 -1
1700951251.711099 54 1
1700951251.711200 7354 -1
1700951251.711246 54 1
1700951251.711704 4444 -1
1700951251.711748 54 1
1700951251.714519 1196 -1
1700951251.714519 450 -1
1700951251.714591 54 1
1700951251.714650 4752 -1
1700951251.714705 54 1
1700951254.708534 54 1
1700951254.709954 78 -1
1700951254.709954 60 -1
1700951254.709999 54 1
1700951256.306002 66 1
1700951256.307374 66 -1
1700951256.307500 54 1
1700951256.308379 870 1
1700951256.309378 60 -1
1700951256.309976 318 -1
1700951256.310888 134 1
1700951256.311896 60 -1
1700951256.311932 341 -1
1700951256.312896 146 1
1700951256.313464 573 1
1700951256.313560 221 1
1700951256.313702 218 1
1700951256.313816 220 1
1700951256.313858 60 -1
1700951256.314000 115 -1
1700951256.314000 85 -1
1700951256.314028 54 1
1700951256.314368 60 -1
1700951256.314485 60 -1
1700951256.314589 60 -1
1700951256.314719 60 -1
1700951256.315055 85 1
1700951256.315574 220 1
1700951256.316672 60 -1
1700951256.316672 60 -1
1700951256.319035 221 1
1700951256.319063 1173 -1
1700951256.319063 485 -1
1700951256.319063 6396 -1
1700951256.319212 220 1
1700951256.319849 1173 -1
1700951256.319849 482 -1
1700951256.319872 218 1
1700951256.319939 54 1
1700951256.320003 1172 -1
1700951256.320003 483 -1
1700951256.320003 5488 -1
1700951256.320028 54 1
1700951256.320304 6716 -1
1700951256.320333 54 1
1700951256.321680 1170 -1
1700951256.321680 485 -1
1700951256.321744 54 1
1700951256.323456 2974 -1
1700951256.323502 54 1
1700951256.323613 2259 -1
1700951256.323647 54 1
1700951256.323975 1193 -1
1700951256.323975 453 -1
1700951256.324000 54 1
1700951256.324056 7550 -1
1700951256.324089 54 1
1700951256.325592 1169 -1
1700951256.325592 484 -1
1700951256.325592 6122 -1
1700951256.325665 54 1
1700951256.331473 1172 -1
1700951256.331473 483 -1
1700951256.331473 5390 -1
1700951256.331473 1171 -1
1700951256.331473 486 -1
1700951256.331473 9555 -1
1700951256.331635 54 1
1700951257.967330 227 1
1700951257.976547 1170 -1
1700951257.976547 482 -1
1700951257.976547 8246 -1
1700951257.976682 54 1
1700951257.977688 219 1
1700951257.977772 222 1
1700951257.977844 220 1
1700951257.977917 226 1
1700951257.977994 227 1
1700951257.978664 221 1
1700951257.978735 230 1
1700951257.979362 60 -1
1700951257.980917 60 -1
1700951257.984856 1173 -1
1700951257.984856 485 -1
1700951257.984856 8546 -1
1700951257.985009 54 1
1700951257.989146 1172 -1
1700951257.989146 485 -1
1700951257.989146 1174 -1
1700951257.989146 4568 -1
1700951257.989146 483 -1
1700951257.989146 1172 -1
1700951257.989146 1602 -1
1700951257.989146 6766 -1
1700951257.989146 4412 -1
1700951257.989146 8814 -1
1700951257.989146 60 -1
1700951257.989146 5930 -1
1700951257.989371 54 1
1700951257.995717 1195 -1
1700951257.995717 452 -1
1700951257.995717 7354 -1
1700951257.995717 1801 -1
1700951257.995841 54 1
1700951259.622406 230 1
1700951259.625268 227 1
1700951259.626728 220 1
1700951259.626839 60 -1
1700951259.627508 226 1
1700951259.630208 1195 -1
1700951259.630208 453 -1
1700951259.630292 54 1
1700951259.631996 229 1
1700951259.632481 6969 -1
1700951259.632528 54 1
1700951259.633064 1197 -1
1700951259.633064 449 -1
1700951259.633064 7354 -1
1700951259.633109 54 1
1700951259.633607 3243 -1
1700951259.633638 54 1
1700951259.635690 1195 -1
1700951259.635690 451 -1
1700951259.635690 1172 -1
1700951259.635690 482 -1
1700951259.635690 4434 -1
1700951259.635785 54 1
1700951259.635908 709 -1
1700951259.635908 7354 -1
1700951259.635943 54 1
1700951259.636491 1585 -1
1700951259.636511 54 1
1700951259.636726 1195 -1
1700951259.636786 450 -1
1700951259.636786 6927 -1
1700951259.636837 54 1
1700951259.640538 230 1
1700951259.640686 231 1
1700951259.640777 228 1
1700951259.643568 60 -1
1700951259.647875 1192 -1
1700951259.647875 455 -1
1700951259.647875 1173 -1
1700951259.647875 479 -1
1700951259.647962 54 1
1700951259.648027 4434 -1
1700951259.648063 54 1
1700951259.648110 3454 -1
1700951259.648143 54 1
1700951259.648396 11732 -1
1700951259.648439 54 1
1700951259.649485 1172 -1
1700951259.649485 482 -1
1700951259.649517 54 1
1700951259.649564 7354 -1
1700951259.649605 54 1
1700951259.650330 7354 -1
1700951259.650368 54 1
1700951259.650698 1860 -1
1700951259.650729 54 1
1700951259.650835 3438 -1
1700951259.650866 54 1
1700951261.842323 228 1
1700951261.842445 218 1
1700951261.842559 218 1
1700951261.843661 60 -1
1700951261.843836 220 1
1700951261.843939 227 1
1700951261.844980 228 1
1700951261.845271 60 -1
1700951261.845872 230 1
1700951261.846728 230 1
1700951261.847154 60 -1
1700951261.849956 1196 -1
1700951261.849956 450 -1
1700951261.849956 1171 -1
1700951261.849956 3098 -1
1700951261.850039 54 1
1700951261.850100 482 -1
1700951261.850100 1172 -1
1700951261.850117 54 1
1700951261.850190 483 -1
1700951261.850243 1169 -1
1700951261.850262 54 1
1700951261.850311 485 -1
1700951261.852073 7354 -1
1700951261.852260 54 1
1700951261.852604 733 -1
1700951261.852604 7354 -1
1700951261.852640 54 1
1700951261.853130 1039 -1
1700951261.853413 5894 -1
1700951261.853447 54 1
1700951261.853625 89 1
1700951261.853740 1514 -1
1700951261.853776 54 1
1700951261.853858 2323 -1
1700951261.853885 54 1
1700951261.854013 1601 -1
1700951261.854032 54 1
1700951261.854182 1173 -1
1700951261.854207 54 1
1700951261.855070 483 -1
1700951261.855070 1514 -1
1700951261.855070 4783 -1
1700951261.855070 3239 -1
1700951261.855070 1171 -1
1700951261.855115 54 1
1700951261.855270 484 -1
1700951261.855270 6330 -1
1700951261.855308 54 1
1700951261.855734 1193 -1
1700951261.855862 450 -1
1700951261.855862 6664 -1
1700951261.855893 54 1
1700951261.895484 60 -1
1700951264.140614 220 1
1700951264.141675 60 -1
1700951264.146031 221 1
1700951264.146099 1172 -1
1700951264.146099 482 -1
1700951264.146099 6215 -1
1700951264.146213 54 1
1700951264.147056 60 -1
1700951264.149590 221 1
1700951264.149710 227 1
1700951264.149785 229 1
1700951264.149890 220 1
1700951264.150038 228 1
1700951264.150593 230 1
1700951264.150681 60 -1
1700951264.151482 60 -1
1700951264.151482 60 -1
1700951264.151482 60 -1
1700951264.151482 60 -1
1700951264.151547 60 -1
1700951264.156887 1174 -1
1700951264.156887 483 -1
1700951264.156887 1170 -1
1700951264.156887 485 -1
1700951264.156887 1172 -1
1700951264.156887 479 -1
1700951264.156887 4434 -1
1700951264.156983 54 1
1700951264.157187 4423 -1
1700951264.157218 54 1
1700951264.157586 1170 -1
1700951264.157760 485 -1
1700951264.157760 7354 -1
1700951264.157799 54 1
1700951264.158555 5446 -1
1700951264.158593 54 1
1700951264.158732 1514 -1
1700951264.158773 54 1
1700951264.158859 7354 -1
1700951264.158891 54 1
1700951264.159590 1041 -1
1700951264.159590 7354 -1
1700951264.159656 54 1
1700951264.160165 1206 -1
1700951264.160190 54 1
1700951264.160469 1597 -1
1700951264.160469 1171 -1
1700951264.160502 54 1
1700951264.160552 485 -1
1700951264.160574 54 1
1700951264.160755 7354 -1
1700951264.160813 54 1
1700951264.161263 7354 -1
1700951264.161304 54 1
1700951264.162279 1860 -1
1700951264.162279 1054 -1
1700951264.162279 7475 -1
1700951264.162344 54 1
1700951264.162607 1193 -1
1700951264.162632 54 1
1700951264.166973 449 -1
1700951264.166973 7354 -1
1700951264.166973 7354 -1
1700951264.166973 1860 -1
1700951264.166973 680 -1
1700951264.167096 54 1
1700951264.715787 54 1
1700951264.717346 78 -1
1700951264.717346 60 -1
1700951264.717431 54 1
1700951269.079497 66 1
1700951269.081274 66 -1
1700951269.081446 54 1
1700951269.092975 870 1
1700951269.095465 60 -1
1700951269.095465 318 -1
1700951269.096478 134 1
1700951269.100313 146 1
1700951269.100846 577 1
1700951269.100933 221 1
1700951269.101026 227 1
1700951269.101138 219 1
1700951269.102279 218 1
1700951269.102835 218 1
1700951269.103374 217 1
1700951269.103909 219 1
1700951269.104640 60 -1
1700951269.104640 341 -1
1700951269.106869 60 -1
1700951269.106869 60 -1
1700951269.106869 60 -1
1700951269.106869 60 -1
1700951269.106869 60 -1
1700951269.106869 60 -1
1700951269.106869 60 -1
1700951269.106869 60 -1
1700951269.106869 60 -1
1700951269.108346 115 -1
1700951269.108346 85 -1
1700951269.108394 54 1
1700951269.108738 85 1
1700951269.109649 60 -1
1700951269.110070 1176 -1
1700951269.110070 476 -1
1700951269.110586 54 1
1700951269.110635 1175 -1
1700951269.110635 481 -1
1700951269.110635 1194 -1
1700951269.110635 2974 -1
1700951269.110691 54 1
1700951269.111599 2974 -1
1700951269.111646 54 1
1700951269.111898 2974 -1
1700951269.111949 54 1
1700951269.111982 2974 -1
1700951269.112000 54 1
1700951269.112560 2974 -1
1700951269.112560 1514 -1
1700951269.112560 1514 -1
1700951269.112593 54 1
1700951269.112667 2974 -1
1700951269.112688 54 1
1700951269.113073 2974 -1
1700951269.113098 54 1
1700951269.113604 7354 -1
1700951269.113643 54 1
1700951269.113830 4434 -1
1700951269.113874 54 1
1700951269.114170 7354 -1
1700951269.114307 54 1
1700951269.114799 7354 -1
1700951269.114832 54 1
1700951269.115395 7354 -1
1700951269.115427 54 1
1700951269.116062 4434 -1
1700951269.116096 54 1
1700951269.116406 7354 -1
1700951269.116459 54 1
1700951269.116998 7354 -1
1700951269.117059 54 1
1700951269.117509 2974 -1
1700951269.117546 54 1
1700951269.117841 2974 -1
1700951269.117876 54 1
1700951269.118020 5894 -1
1700951269.118086 54 1
1700951269.118498 2958 -1
1700951269.118532 54 1
1700951269.124667 1195 -1
1700951269.124667 450 -1
1700951269.124667 7354 -1
1700951269.124667 1561 -1
1700951269.124667 1175 -1
1700951269.124667 479 -1
1700951269.124667 7354 -1
1700951269.124667 7354 -1
1700951269.124667 1860 -1
1700951269.124667 3468 -1
1700951269.125034 54 1
1700951270.761103 223 1
1700951270.762195 221 1
1700951270.763019 221 1
1700951270.763094 231 1
1700951270.763368 227 1
1700951270.763967 222 1
1700951270.766118 231 1
1700951270.766267 220 1
1700951270.767729 60 -1
1700951270.767729 60 -1
1700951270.770034 60 -1
1700951270.772112 1172 -1
1700951270.772112 481 -1
1700951270.772112 1173 -1
1700951270.772112 483 -1
1700951270.772373 54 1
1700951270.772430 1171 -1
1700951270.772430 4434 -1
1700951270.772471 54 1
1700951270.772729 5843 -1
1700951270.772791 54 1
1700951270.773518 489 -1
1700951270.773518 1171 -1
1700951270.773518 484 -1
1700951270.773545 54 1
1700951270.774089 2942 -1
1700951270.774089 7354 -1
1700951270.774139 54 1
1700951270.777789 2284 -1
1700951270.777789 2222 -1
1700951270.777789 2717 -1
1700951270.777789 2034 -1
1700951270.777789 6066 -1
1700951270.777789 7354 -1
1700951270.777789 1311 -1
1700951270.777789 1192 -1
1700951270.777789 453 -1
1700951270.777789 6706 -1
1700951270.777955 54 1
1700951272.391696 219 1
1700951272.392652 220 1
1700951272.392748 230 1
1700951272.396183 60 -1
1700951272.399591 1205 -1
1700951272.399591 438 -1
1700951272.399591 7354 -1
1700951272.400071 54 1
1700951272.400140 6567 -1
1700951272.400191 54 1
1700951272.400484 1195 -1
1700951272.409121 219 1
1700951272.409755 230 1
1700951272.409888 1565 -1
1700951272.409888 483 -1
1700951272.409888 7354 -1
1700951272.409888 6887 -1
1700951272.409888 7354 -1
1700951272.409888 610 -1
1700951272.410023 54 1
1700951272.412338 218 1
1700951272.416964 1171 -1
1700951272.416964 483 -1
1700951272.417067 54 1
1700951272.420740 227 1
1700951272.422695 229 1
1700951272.425735 7354 -1
1700951272.425735 1005 -1
1700951272.425735 1197 -1
1700951272.425735 450 -1
1700951272.425735 9152 -1
1700951272.425874 54 1
1700951272.426838 60 -1
1700951272.429684 1173 -1
1700951272.429684 483 -1
1700951272.429684 7467 -1
1700951272.429769 54 1
1700951272.430688 1192 -1
1700951272.430688 450 -1
1700951272.430688 1176 -1
1700951272.430688 481 -1
1700951272.430688 16460 -1
1700951272.430788 54 1
1700951272.431991 85 -1
1700951272.431991 3632 -1
1700951272.432049 54 1
1700951272.432091 7354 -1
1700951272.432121 54 1
1700951272.433046 7354 -1
1700951272.433093 54 1
1700951272.433368 787 -1
1700951272.433441 54 1
1700951274.737331 54 1
1700951274.741705 78 -1
1700951274.741705 60 -1
1700951274.741900 54 1
1700951274.857579 66 1
1700951274.858628 66 -1
1700951274.858756 54 1
1700951274.859222 870 1
1700951274.860246 60 -1
1700951274.860877 318 -1
1700951274.862128 134 1
1700951274.862501 146 1
1700951274.864493 60 -1
1700951274.864493 341 -1
1700951274.864493 60 -1
1700951274.864493 115 -1
1700951274.864607 85 -1
1700951274.870733 85 -1
1700951274.870793 66 1
1700951274.874838 576 1
1700951274.875808 60 -1
1700951274.878245 85 1
1700951274.879412 229 1
1700951274.879515 220 1
1700951274.879941 226 1
1700951274.880017 228 1
1700951274.880085 227 1
1700951274.880161 229 1
1700951274.880612 1172 -1
1700951274.880612 484 -1
1700951274.880612 8649 -1
1700951274.880721 54 1
1700951274.883470 60 -1
1700951274.883470 60 -1
1700951274.883470 60 -1
1700951274.889790 1172 -1
1700951274.889790 480 -1
1700951274.889790 4434 -1
1700951274.889790 5966 -1
1700951274.889790 1171 -1
1700951274.889790 484 -1
1700951274.889790 1175 -1
1700951274.889790 4827 -1
1700951274.889790 1171 -1
1700951274.889790 483 -1
1700951274.889790 477 -1
1700951274.889790 10249 -1
1700951274.889790 1189 -1
1700951274.889790 11390 -1
1700951274.889790 7116 -1
1700951274.889790 1170 -1
1700951274.890068 54 1
1700951274.892348 485 -1
1700951274.895390 219 1
1700951274.900908 7354 -1
1700951274.900908 1203 -1
1700951274.901000 54 1
1700951274.911507 1203 -1
1700951274.911507 1171 -1
1700951274.911507 482 -1
1700951274.911507 8709 -1
1700951274.911618 66 1
1700951274.911714 54 1
1700951280.596198 219 1
1700951280.596332 220 1
1700951280.596476 222 1
1700951280.596597 227 1
1700951280.596702 220 1
1700951280.596791 222 1
1700951280.596891 231 1
1700951280.596995 229 1
1700951280.598085 60 -1
1700951280.599663 60 -1
1700951280.601625 1171 -1
1700951280.601625 484 -1
1700951280.601879 54 1
1700951280.601928 7354 -1
1700951280.601958 54 1
1700951280.602164 793 -1
1700951280.602199 54 1
1700951280.603241 1171 -1
1700951280.603241 487 -1
1700951280.603241 1193 -1
1700951280.603241 451 -1
1700951280.603241 2974 -1
1700951280.603466 54 1
1700951280.603550 4262 -1
1700951280.603572 54 1
1700951280.603902 1173 -1
1700951280.603921 54 1
1700951280.603952 6263 -1
1700951280.603984 54 1
1700951280.604474 486 -1
1700951280.604474 1592 -1
1700951280.604504 54 1
1700951280.604650 7354 -1
1700951280.604710 54 1
1700951280.605235 1450 -1
1700951280.605260 54 1
1700951280.606052 6173 -1
1700951280.606052 7354 -1
1700951280.606099 54 1
1700951280.606690 3513 -1
1700951280.606718 54 1
1700951280.607257 89 1
1700951280.610479 1177 -1
1700951280.610479 478 -1
1700951280.610479 11533 -1
1700951280.610567 54 1
1700951280.611541 1174 -1
1700951280.611541 482 -1
1700951280.611541 9744 -1
1700951280.611595 54 1
1700951282.267791 223 1
1700951282.267894 219 1
1700951282.267992 226 1
1700951282.268120 220 1
1700951282.269392 60 -1
1700951282.269800 220 1
1700951282.269898 219 1
1700951282.270170 226 1
1700951282.270268 218 1
1700951282.271315 60 -1
1700951282.277603 1175 -1
1700951282.277603 480 -1
1700951282.277603 1197 -1
1700951282.277603 7354 -1
1700951282.277733 66 1
1700951282.278085 447 -1
1700951282.278085 1192 -1
1700951282.278085 7753 -1
1700951282.278150 66 1
1700951282.278221 54 1
1700951282.278272 54 1
1700951282.278833 454 -1
1700951282.278833 16460 -1
1700951282.278929 54 1
1700951282.280607 2607 -1
1700951282.280607 2717 -1
1700951282.280607 11734 -1
1700951282.280683 54 1
1700951282.282480 4780 -1
1700951282.282480 2004 -1
1700951282.282480 1169 -1
1700951282.282480 487 -1
1700951282.282480 11103 -1
1700951282.282570 54 1
1700951282.283199 1196 -1
1700951282.283199 453 -1
1700951282.283225 54 1
1700951282.283424 8237 -1
1700951282.283467 54 1
1700951282.284496 1174 -1
1700951282.284496 478 -1
1700951282.284496 1514 -1
1700951282.284496 6755 -1
1700951282.284560 54 1
1700951282.288606 5894 -1
1700951282.288606 4301 -1
1700951282.288678 54 1
1700951283.910303 220 1
1700951283.911488 220 1
1700951283.911559 230 1
1700951283.911752 227 1
1700951283.913060 60 -1
1700951283.915489 220 1
1700951283.915583 218 1
1700951283.915891 219 1
1700951283.915959 222 1
1700951283.916819 60 -1
1700951283.918940 1176 -1
1700951283.918940 480 -1
1700951283.919028 54 1
1700951283.919096 1199 -1
1700951283.919096 447 -1
1700951283.919096 1174 -1
1700951283.919096 483 -1
1700951283.919096 9862 -1
1700951283.919191 54 1
1700951283.922506 7354 -1
1700951283.922595 54 1
1700951283.922654 4525 -1
1700951283.922687 54 1
1700951283.929636 9412 -1
1700951283.929636 1593 -1
1700951283.929636 1600 -1
1700951283.929636 3773 -1
1700951283.929636 10274 -1
1700951283.929636 1337 -1
1700951283.929636 1175 -1
1700951283.929636 480 -1
1700951283.929636 7354 -1
1700951283.929636 2843 -1
1700951283.929636 1194 -1
1700951283.929636 453 -1
1700951283.929636 1172 -1
1700951283.929636 481 -1
1700951283.929636 7354 -1
1700951283.929636 1866 -1
1700951283.929636 7530 -1
1700951283.929901 54 1
1700951284.760009 54 1
1700951284.761147 78 -1
1700951284.761147 60 -1
1700951284.761177 54 1
1700951285.523898 66 1
1700951285.524890 66 -1
1700951285.525020 54 1
1700951285.527256 902 1
1700951285.531378 60 -1
1700951285.532583 318 -1
1700951285.533106 134 1
1700951285.533528 146 1
1700951285.533988 60 -1
1700951285.534244 341 -1
1700951285.534502 574 1
1700951285.534697 228 1
1700951285.534757 60 -1
1700951285.534757 115 -1
1700951285.534757 85 -1
1700951285.534768 219 1
1700951285.534810 54 1
1700951285.534905 228 1
1700951285.535047 220 1
1700951285.535150 219 1
1700951285.535297 227 1
1700951285.535548 60 -1
1700951285.535700 60 -1
1700951285.535798 60 -1
1700951285.535924 60 -1
1700951285.535948 60 -1
1700951285.536097 60 -1
1700951285.536360 60 -1
1700951285.536493 230 1
1700951285.536893 85 1
1700951285.537619 60 -1
1700951285.537729 60 -1
1700951285.544089 1225 -1
1700951285.545321 409 -1
1700951285.545371 54 1
1700951285.545817 2974 -1
1700951285.545873 54 1
1700951285.545945 5125 -1
1700951285.545994 54 1
1700951285.546478 1203 -1
1700951285.546478 444 -1
1700951285.546511 54 1
1700951285.546678 1514 -1
1700951285.546678 4434 -1
1700951285.546723 54 1
1700951285.547065 2097 -1
1700951285.547084 54 1
1700951285.547166 1202 -1
1700951285.547262 446 -1
1700951285.547279 54 1
1700951285.547301 2974 -1
1700951285.547452 54 1
1700951285.547561 6108 -1
1700951285.547610 54 1
1700951285.550500 1175 -1
1700951285.550500 480 -1
1700951285.550578 54 1
1700951285.552662 5710 -1
1700951285.552733 54 1
1700951285.560396 1209 -1
1700951285.560396 431 -1
1700951285.560469 54 1
1700951285.564668 1198 -1
1700951285.564668 447 -1
1700951285.564758 54 1
1700951285.566758 7354 -1
1700951285.566838 54 1
1700951285.575358 4258 -1
1700951285.575358 1206 -1
1700951285.575358 439 -1
1700951285.575358 7354 -1
1700951285.575358 4397 -1
1700951285.575358 1230 -1
1700951285.575358 406 -1
1700951285.575358 7354 -1
1700951285.575358 367 -1
1700951285.575358 5894 -1
1700951285.575358 4899 -1
1700951285.575606 54 1
1700951287.961550 223 1
1700951287.962537 60 -1
1700951287.967339 227 1
1700951287.969289 60 -1
1700951287.976908 221 1
1700951287.977034 227 1
1700951287.977861 60 -1
1700951287.977995 60 -1
1700951287.978644 222 1
1700951287.978735 222 1
1700951287.978813 220 1
1700951287.978888 219 1
1700951287.980787 60 -1
1700951287.980787 1198 -1
1700951287.980787 452 -1
1700951287.980861 54 1
1700951287.991073 4434 -1
1700951287.991073 5328 -1
1700951287.991187 54 1
1700951287.994908 1174 -1
1700951287.994908 482 -1
1700951287.994908 1202 -1
1700951287.994908 441 -1
1700951287.994988 54 1
1700951287.999402 7354 -1
1700951287.999504 54 1
1700951287.999728 322 -1
1700951287.999728 1175 -1
1700951287.999766 54 1
1700951287.999847 480 -1
1700951287.999889 1197 -1
1700951287.999910 54 1
1700951288.000313 449 -1
1700951288.000313 1179 -1
1700951288.000313 472 -1
1700951288.000313 4434 -1
1700951288.000388 54 1
1700951288.000751 4135 -1
1700951288.000795 54 1
1700951288.003569 7354 -1
1700951288.003651 54 1
1700951288.003831 5032 -1
1700951288.003893 54 1
1700951288.004209 1206 -1
1700951288.004301 5894 -1
1700951288.004355 54 1
1700951288.005565 7354 -1
1700951288.005623 54 1
1700951288.016574 2717 -1
1700951288.016574 7304 -1
1700951288.016574 448 -1
1700951288.016574 7354 -1
1700951288.016574 7354 -1
1700951288.016574 1860 -1
1700951288.016574 85 -1
1700951288.016574 1769 -1
1700951288.016574 6335 -1
1700951288.016574 495 -1
1700951288.016792 66 1
1700951293.787551 54 1
