1700961727.751357 66 1
1700961727.752495 66 -1
1700961727.752571 54 1
1700961727.754795 66 1
1700961727.756785 66 -1
1700961727.756867 54 1
1700961727.758214 572 1
1700961727.759332 631 1
1700961727.759486 60 -1
1700961727.760408 60 -1
1700961727.772499 2778 -1
1700961727.772575 54 1
1700961727.780306 2778 -1
1700961727.780400 54 1
1700961727.794805 1318 -1
1700961727.794902 66 1
1700961727.801853 134 1
1700961727.804600 60 -1
1700961727.804600 341 -1
1700961727.804600 341 -1
1700961727.804685 54 1
1700961727.805543 134 1
1700961727.809258 60 -1
1700961727.809258 341 -1
1700961727.809258 341 -1
1700961727.809500 54 1
1700961727.811240 54 1
1700961727.812424 93 -1
1700961727.812478 54 1
1700961727.812576 78 -1
1700961727.812576 60 -1
1700961727.830364 146 1
1700961727.831380 60 -1
1700961727.831413 589 1
1700961727.831515 236 1
1700961727.832239 115 -1
1700961727.832239 85 -1
1700961727.832279 54 1
1700961727.832497 85 1
1700961727.832580 60 -1
1700961727.832580 60 -1
1700961727.833609 60 -1
1700961727.847018 926 -1
1700961727.847085 5894 -1
1700961727.847130 54 1
1700961727.848174 1018 -1
1700961727.848195 54 1
1700961727.848701 925 -1
1700961727.848731 2656 -1
1700961727.848751 54 1
1700961727.903464 234 1
1700961727.903585 231 1
1700961727.910447 60 -1
1700961727.915463 926 -1
1700961727.915748 1514 -1
1700961727.915748 3650 -1
1700961727.915794 54 1
1700961727.921075 1050 -1
1700961727.921075 732 -1
1700961727.921075 5475 -1
1700961727.921144 54 1
1700961727.948983 232 1
1700961727.949125 230 1
1700961727.949209 231 1
1700961727.949374 230 1
1700961727.949459 231 1
1700961727.950583 60 -1
1700961727.953405 875 -1
1700961727.953405 6546 -1
1700961727.953505 54 1
1700961727.953701 927 -1
1700961727.954052 4057 -1
1700961727.954079 54 1
1700961727.954134 977 -1
1700961727.954225 5007 -1
1700961727.954249 54 1
1700961727.962249 928 -1
1700961727.962249 3207 -1
1700961727.962320 54 1
1700961727.963748 906 -1
1700961727.963779 54 1
1700961727.963903 4405 -1
1700961727.963946 54 1
1700961728.185255 66 1
1700961728.219533 66 -1
1700961728.219715 54 1
1700961728.253473 631 1
1700961728.295734 60 -1
1700961728.295734 1514 -1
1700961728.295734 1514 -1
1700961728.295734 957 -1
1700961728.295804 54 1
1700961728.330544 134 1
1700961728.352216 146 1
1700961728.354130 559 1
1700961728.367616 60 -1
1700961728.367616 341 -1
1700961728.367616 341 -1
1700961728.367764 54 1
1700961728.386376 60 -1
1700961728.386376 115 -1
1700961728.386376 85 -1
1700961728.386376 60 -1
1700961728.386453 54 1
1700961728.387650 85 1
1700961728.388207 912 -1
1700961728.388249 54 1
1700961728.388295 2561 -1
1700961728.388314 54 1
1700961728.475243 60 -1
1700961731.244436 54 1
1700961731.244771 54 1
1700961731.247581 78 -1
1700961731.247581 60 -1
1700961731.247618 54 1
1700961731.276528 78 -1
1700961731.276528 60 -1
1700961731.276625 54 1
1700961732.557255 66 1
1700961732.558196 66 -1
1700961732.558259 54 1
1700961732.563112 934 1
1700961732.564350 60 -1
1700961732.565640 318 -1
1700961732.567032 134 1
1700961732.568646 60 -1
1700961732.568770 341 -1
1700961732.569030 146 1
1700961732.569804 585 1
1700961732.569877 231 1
1700961732.569976 232 1
1700961732.570139 60 -1
1700961732.570408 115 -1
1700961732.570408 85 -1
1700961732.570464 54 1
1700961732.570722 60 -1
1700961732.571055 85 1
1700961732.571249 60 -1
1700961732.571249 60 -1
1700961732.572577 60 -1
1700961732.578415 1050 -1
1700961732.578415 735 -1
1700961732.578498 54 1
1700961732.578824 5172 -1
1700961732.578870 54 1
1700961732.591688 979 -1
1700961732.591688 811 -1
1700961732.591688 6532 -1
1700961732.591827 54 1
1700961732.599600 1053 -1
1700961732.599600 732 -1
1700961732.599682 54 1
1700961732.601775 6300 -1
1700961732.601828 54 1
1700961735.140745 230 1
1700961735.142439 232 1
1700961735.143715 230 1
1700961735.143776 231 1
1700961735.144315 60 -1
1700961735.144323 230 1
1700961735.146729 60 -1
1700961735.150547 1031 -1
1700961735.150547 737 -1
1700961735.150547 4434 -1
1700961735.150606 54 1
1700961735.150792 2277 -1
1700961735.150835 54 1
1700961735.153710 955 -1
1700961735.153710 844 -1
1700961735.153760 54 1
1700961735.153915 980 -1
1700961735.153915 806 -1
1700961735.153915 4537 -1
1700961735.153976 54 1
1700961735.154272 7354 -1
1700961735.154313 54 1
1700961735.155264 5894 -1
1700961735.155312 54 1
1700961735.155571 3320 -1
1700961735.155613 54 1
1700961735.155851 7354 -1
1700961735.155900 54 1
1700961735.156451 4434 -1
1700961735.156492 54 1
1700961735.156816 4811 -1
1700961735.156853 54 1
1700961735.157217 761 -1
1700961735.157242 54 1
1700961735.159097 982 -1
1700961735.159097 806 -1
1700961735.159151 54 1
1700961735.159194 2974 -1
1700961735.159223 54 1
1700961735.159301 2974 -1
1700961735.159326 54 1
1700961735.159542 7354 -1
1700961735.159573 54 1
1700961735.160172 192 -1
1700961735.160198 54 1
1700961735.163625 1100 -1
1700961735.163691 663 -1
1700961735.163716 54 1
1700961735.163796 6315 -1
1700961735.163833 54 1
1700961737.967008 232 1
1700961737.969470 230 1
1700961737.970126 885 -1
1700961737.970324 7147 -1
1700961737.970367 54 1
1700961737.971892 232 1
1700961737.975701 232 1
1700961737.980782 857 -1
1700961737.980782 2702 -1
1700961737.980902 54 1
1700961737.981083 60 -1
1700961737.983617 89 1
1700961737.985648 231 1
1700961737.999460 60 -1
1700961737.999460 1136 -1
1700961737.999460 619 -1
1700961737.999460 5268 -1
1700961737.999460 978 -1
1700961737.999460 811 -1
1700961737.999460 7354 -1
1700961737.999460 3552 -1
1700961737.999611 54 1
1700961738.044537 1055 -1
1700961738.044537 727 -1
1700961738.044638 54 1
1700961738.049440 7354 -1
1700961738.049517 54 1
1700961738.049983 4915 -1
1700961738.050024 54 1
1700961738.997722 230 1
1700961739.011305 230 1
1700961739.021681 60 -1
1700961739.029454 1095 -1
1700961739.029454 704 -1
1700961739.029571 54 1
1700961739.031537 979 -1
1700961739.031593 813 -1
1700961739.031593 2164 -1
1700961739.031615 54 1
1700961739.032336 357 -1
1700961739.076208 54 1
1700961740.428742 230 1
1700961740.428827 234 1
1700961740.428980 231 1
1700961740.429195 231 1
1700961740.430459 60 -1
1700961740.432948 60 -1
1700961740.437822 1052 -1
1700961740.437822 729 -1
1700961740.437915 54 1
1700961740.438184 1128 -1
1700961740.438184 623 -1
1700961740.438184 5703 -1
1700961740.438258 54 1
1700961740.438424 944 -1
1700961740.438482 856 -1
1700961740.438504 54 1
1700961740.439771 4591 -1
1700961740.439771 1514 -1
1700961740.439771 6042 -1
1700961740.439826 54 1
1700961740.452883 1083 -1
1700961740.452883 692 -1
1700961740.453184 54 1
1700961740.456870 2022 -1
1700961740.456926 54 1
1700961741.246641 54 1
1700961741.247891 78 -1
1700961741.247891 60 -1
1700961741.247927 54 1
1700961741.805889 66 1
1700961741.807832 66 -1
1700961741.807917 54 1
1700961741.808572 934 1
1700961741.811298 60 -1
1700961741.811298 318 -1
1700961741.812287 134 1
1700961741.812819 146 1
1700961741.813375 60 -1
1700961741.813562 341 -1
1700961741.813776 60 -1
1700961741.813850 115 -1
1700961741.813850 85 -1
1700961741.813871 54 1
1700961741.814250 579 1
1700961741.814392 235 1
1700961741.814511 222 1
1700961741.814589 223 1
1700961741.814679 234 1
1700961741.814766 232 1
1700961741.815233 60 -1
1700961741.815502 85 1
1700961741.815609 60 -1
1700961741.815609 60 -1
1700961741.815609 60 -1
1700961741.815714 60 -1
1700961741.815835 60 -1
1700961741.816499 60 -1
1700961741.821151 981 -1
1700961741.821151 812 -1
1700961741.821212 54 1
1700961741.821270 7354 -1
1700961741.821308 54 1
1700961741.824329 3266 -1
1700961741.824329 1081 -1
1700961741.824329 691 -1
1700961741.824329 1021 -1
1700961741.824329 2974 -1
1700961741.824329 1608 -1
1700961741.824329 4352 -1
1700961741.824484 66 1
1700961741.827501 954 -1
1700961741.827501 848 -1
1700961741.827501 7628 -1
1700961741.827606 66 1
1700961741.827669 66 1
1700961741.827725 66 1
1700961741.831819 773 -1
1700961741.831898 54 1
1700961741.836395 947 -1
1700961741.836395 854 -1
1700961741.836395 5865 -1
1700961741.836507 54 1
1700961741.851560 1053 -1
1700961741.851560 731 -1
1700961741.851639 54 1
1700961741.851729 4652 -1
1700961741.851764 54 1
1700961744.447648 236 1
1700961744.448577 231 1
1700961744.448857 60 -1
1700961744.449537 60 -1
1700961744.451009 236 1
1700961744.451073 224 1
1700961744.451700 223 1
1700961744.452325 60 -1
1700961744.452325 60 -1
1700961744.452679 60 -1
1700961744.457009 825 -1
1700961744.457009 5894 -1
1700961744.457079 54 1
1700961744.457232 4276 -1
1700961744.457272 54 1
1700961744.457580 932 -1
1700961744.457647 1514 -1
1700961744.457673 54 1
1700961744.457890 8464 -1
1700961744.457949 54 1
1700961744.458465 957 -1
1700961744.458537 3047 -1
1700961744.458555 54 1
1700961744.458800 908 -1
1700961744.459021 5475 -1
1700961744.459050 54 1
1700961744.486614 1043 -1
1700961744.486614 779 -1
1700961744.486614 5499 -1
1700961744.490528 54 1
1700961744.490603 1119 -1
1700961744.490633 66 1
1700961746.071299 231 1
1700961746.072888 231 1
1700961746.074128 234 1
1700961746.074238 929 -1
1700961746.074238 1514 -1
1700961746.074238 4338 -1
1700961746.074345 54 1
1700961746.075526 60 -1
1700961746.076865 928 -1
1700961746.076865 6277 -1
1700961746.076951 54 1
1700961746.077763 931 -1
1700961746.077763 5894 -1
1700961746.077763 7354 -1
1700961746.077878 54 1
1700961746.078404 1514 -1
1700961746.078443 54 1
1700961746.078500 1860 -1
1700961746.078531 54 1
1700961746.079981 1444 -1
1700961746.121150 54 1
1700961747.653450 232 1
1700961747.654051 230 1
1700961747.654696 234 1
1700961747.656497 231 1
1700961747.657499 231 1
1700961747.658869 60 -1
1700961747.676981 825 -1
1700961747.676981 2974 -1
1700961747.677222 54 1
1700961747.677297 3961 -1
1700961747.677366 54 1
1700961747.677411 934 -1
1700961747.677411 5894 -1
1700961747.677455 54 1
1700961747.679105 5299 -1
1700961747.679105 1048 -1
1700961747.679105 734 -1
1700961747.679190 54 1
1700961747.684944 89 1
1700961747.689221 1053 -1
1700961747.689221 732 -1
1700961747.689221 827 -1
1700961747.689221 6229 -1
1700961747.689314 54 1
1700961747.689903 5304 -1
1700961747.689947 54 1
1700961747.708301 7354 -1
1700961747.708301 1360 -1
1700961747.708415 54 1
1700961749.551639 232 1
1700961749.551732 223 1
1700961749.551878 220 1
1700961749.552756 231 1
1700961749.552861 60 -1
1700961749.553659 230 1
1700961749.553750 231 1
1700961749.553923 223 1
1700961749.554096 229 1
1700961749.554350 60 -1
1700961749.558196 822 -1
1700961749.558196 4273 -1
1700961749.558281 54 1
1700961749.560672 928 -1
1700961749.560672 5117 -1
1700961749.560744 54 1
1700961749.563219 926 -1
1700961749.563271 54 1
1700961749.563309 2974 -1
1700961749.563347 54 1
1700961749.563383 3181 -1
1700961749.563404 54 1
1700961749.563880 852 -1
1700961749.563880 4096 -1
1700961749.563914 54 1
1700961749.564667 1053 -1
1700961749.564698 54 1
1700961749.564759 732 -1
1700961749.564800 5623 -1
1700961749.564835 54 1
1700961749.566673 928 -1
1700961749.566673 4434 -1
1700961749.566719 54 1
1700961749.566881 571 -1
1700961749.566896 54 1
1700961749.574769 979 -1
1700961749.574769 814 -1
1700961749.574856 54 1
1700961749.583204 3004 -1
1700961749.583204 84 -1
1700961749.583299 66 1
1700961749.583698 1054 -1
1700961749.583698 731 -1
1700961749.583742 54 1
1700961749.592802 5697 -1
1700961749.592883 54 1
1700961751.256710 54 1
1700961751.258410 78 -1
1700961751.258410 60 -1
1700961751.258471 54 1
1700961752.510592 66 1
1700961752.516509 66 -1
1700961752.516584 54 1
1700961752.532388 934 1
1700961752.533604 60 -1
1700961752.534251 318 -1
1700961752.535022 134 1
1700961752.535751 146 1
1700961752.535989 60 -1
1700961752.536374 341 -1
1700961752.536701 60 -1
1700961752.536819 115 -1
1700961752.536819 85 -1
1700961752.536855 54 1
1700961752.537130 584 1
1700961752.537191 221 1
1700961752.537238 231 1
1700961752.537422 223 1
1700961752.537501 234 1
1700961752.537764 85 1
1700961752.538260 60 -1
1700961752.538260 60 -1
1700961752.538422 60 -1
1700961752.538422 60 -1
1700961752.538422 60 -1
1700961752.538626 60 -1
1700961752.540138 932 -1
1700961752.540376 7354 -1
1700961752.540411 54 1
1700961752.541222 2974 -1
1700961752.541268 54 1
1700961752.541516 1777 -1
1700961752.541534 54 1
1700961752.541785 929 -1
1700961752.542370 2974 -1
1700961752.542389 54 1
1700961752.542599 3237 -1
1700961752.542627 54 1
1700961752.542879 925 -1
1700961752.542954 5621 -1
1700961752.542989 54 1
1700961752.543409 958 -1
1700961752.543432 54 1
1700961752.543485 5894 -1
1700961752.543512 54 1
1700961752.544018 490 -1
1700961752.544018 981 -1
1700961752.544047 54 1
1700961752.544226 805 -1
1700961752.544638 3658 -1
1700961752.544658 54 1
1700961754.139544 229 1
1700961754.141220 60 -1
1700961754.142437 929 -1
1700961754.142656 4222 -1
1700961754.142711 54 1
1700961754.143093 230 1
1700961754.143188 226 1
1700961754.145804 60 -1
1700961754.145972 222 1
1700961754.146221 231 1
1700961754.147621 60 -1
1700961754.149785 853 -1
1700961754.149785 5325 -1
1700961754.149830 54 1
1700961754.153806 1050 -1
1700961754.153806 730 -1
1700961754.153865 54 1
1700961754.153931 4789 -1
1700961754.153976 54 1
1700961754.154590 1055 -1
1700961754.154590 730 -1
1700961754.154642 54 1
1700961754.154799 6190 -1
1700961754.154851 54 1
1700961754.156985 1105 -1
1700961754.156985 659 -1
1700961754.157042 54 1
1700961754.157331 4806 -1
1700961754.157376 54 1
1700961755.675304 230 1
1700961755.683606 229 1
1700961755.683758 230 1
1700961755.683840 234 1
1700961755.683928 230 1
1700961755.684263 225 1
1700961755.684717 854 -1
1700961755.684717 7525 -1
1700961755.684847 54 1
1700961755.706924 60 -1
1700961755.706924 928 -1
1700961755.706924 7354 -1
1700961755.706924 5035 -1
1700961755.706924 1052 -1
1700961755.706924 728 -1
1700961755.706924 7354 -1
1700961755.706924 7354 -1
1700961755.706924 401 -1
1700961755.706924 910 -1
1700961755.706924 3449 -1
1700961755.707405 54 1
1700961755.719028 930 -1
1700961755.719028 2974 -1
1700961755.719028 7354 -1
1700961755.719028 6045 -1
1700961755.719028 979 -1
1700961755.719028 816 -1
1700961755.719028 5912 -1
1700961755.719344 54 1
1700961757.743536 236 1
1700961757.746500 855 -1
1700961757.746500 4134 -1
1700961757.746584 54 1
1700961757.750781 230 1
1700961757.755932 929 -1
1700961757.756038 3993 -1
1700961757.756076 54 1
1700961757.764942 221 1
1700961757.767716 854 -1
1700961757.767716 1514 -1
1700961757.767795 54 1
1700961757.767910 5850 -1
1700961757.767956 54 1
1700961757.769727 222 1
1700961757.771264 229 1
1700961757.771370 229 1
1700961757.773772 89 1
1700961757.783235 60 -1
1700961757.783235 853 -1
1700961757.783235 4847 -1
1700961757.783235 825 -1
1700961757.783235 10002 -1
1700961757.783397 54 1
1700961757.827889 60 -1
1700961757.948964 983 -1
1700961757.948964 813 -1
1700961757.949048 54 1
1700961757.949529 7354 -1
1700961757.949558 54 1
1700961757.949970 669 -1
1700961757.949997 54 1
1700961761.277050 54 1
1700961761.279378 78 -1
1700961761.279378 60 -1
1700961761.279506 54 1
1700961761.664401 66 1
1700961761.665574 66 -1
1700961761.665667 54 1
1700961761.666914 934 1
1700961761.668192 60 -1
1700961761.668705 318 -1
1700961761.669995 134 1
1700961761.671324 60 -1
1700961761.671600 341 -1
1700961761.673636 146 1
1700961761.674825 60 -1
1700961761.674825 115 -1
1700961761.674825 85 -1
1700961761.674876 54 1
1700961761.675370 578 1
1700961761.675657 234 1
1700961761.675732 234 1
1700961761.675828 221 1
1700961761.675920 223 1
1700961761.676336 229 1
1700961761.676947 85 1
1700961761.691985 60 -1
1700961761.691985 60 -1
1700961761.691985 60 -1
1700961761.691985 60 -1
1700961761.691985 60 -1
1700961761.691985 60 -1
1700961761.691985 60 -1
1700961761.691985 907 -1
1700961761.691985 3465 -1
1700961761.691985 929 -1
1700961761.691985 4434 -1
1700961761.691985 4434 -1
1700961761.691985 7700 -1
1700961761.691985 1464 -1
1700961761.691985 5681 -1
1700961761.691985 8626 -1
1700961761.691985 862 -1
1700961761.691985 4434 -1
1700961761.691985 7354 -1
1700961761.691985 1335 -1
1700961761.691985 1051 -1
1700961761.691985 732 -1
1700961761.691985 3638 -1
1700961761.692601 54 1
1700961761.702484 718 -1
1700961761.702624 66 1
1700961763.244838 231 1
1700961763.244997 223 1
1700961763.248447 223 1
1700961763.249059 230 1
1700961763.252977 60 -1
1700961763.259794 1055 -1
1700961763.259794 730 -1
1700961763.259851 54 1
1700961763.275629 4133 -1
1700961763.275749 54 1
1700961763.275912 1051 -1
1700961763.275912 732 -1
1700961763.275944 54 1
1700961763.290813 1056 -1
1700961763.290813 720 -1
1700961763.290813 826 -1
1700961763.290813 7354 -1
1700961763.290813 189 -1
1700961763.290813 6465 -1
1700961763.291079 54 1
1700961763.292625 625 -1
1700961763.292656 66 1
1700961763.292905 1514 -1
1700961763.292905 7354 -1
1700961763.292947 54 1
1700961763.293531 1576 -1
1700961763.293556 54 1
1700961764.856332 235 1
1700961764.868163 225 1
1700961764.869122 225 1
1700961764.870550 231 1
1700961764.880566 60 -1
1700961764.881806 859 -1
1700961764.881806 3470 -1
1700961764.881856 54 1
1700961764.882032 824 -1
1700961764.882032 6238 -1
1700961764.882062 54 1
1700961764.891870 929 -1
1700961764.891870 6706 -1
1700961764.891870 2974 -1
1700961764.891870 3728 -1
1700961764.892010 54 1
1700961766.467694 222 1
1700961766.467829 229 1
1700961766.468121 222 1
1700961766.469043 235 1
1700961766.470816 231 1
1700961766.471788 60 -1
1700961766.473106 907 -1
1700961766.473106 4146 -1
1700961766.473198 54 1
1700961766.475066 982 -1
1700961766.475174 5358 -1
1700961766.475610 223 1
1700961766.475652 54 1
1700961766.475894 232 1
1700961766.476050 231 1
1700961766.484373 949 -1
1700961766.484373 851 -1
1700961766.484373 7354 -1
1700961766.484373 6951 -1
1700961766.484373 980 -1
1700961766.484373 813 -1
1700961766.484373 2974 -1
1700961766.484373 1800 -1
1700961766.484373 1049 -1
1700961766.484373 730 -1
1700961766.484373 5237 -1
1700961766.484579 54 1
1700961766.484682 60 -1
1700961766.505214 904 -1
1700961766.505214 9108 -1
1700961766.505214 980 -1
1700961766.505214 811 -1
1700961766.505214 981 -1
1700961766.505214 813 -1
1700961766.505214 3672 -1
1700961766.505214 7354 -1
1700961766.505214 6062 -1
1700961766.505407 54 1
1700961768.665146 232 1
1700961768.666045 221 1
1700961768.666127 229 1
1700961768.667125 231 1
1700961768.667775 231 1
1700961768.674554 60 -1
1700961768.677056 929 -1
1700961768.678302 2974 -1
1700961768.678302 5368 -1
1700961768.678302 949 -1
1700961768.678302 4252 -1
1700961768.678419 54 1
1700961768.681128 859 -1
1700961768.681128 3986 -1
1700961768.681206 54 1
1700961768.688080 1054 -1
1700961768.688080 731 -1
1700961768.688189 54 1
1700961768.688583 89 1
1700961768.689001 2974 -1
1700961768.689001 2635 -1
1700961768.689089 54 1
1700961768.700220 980 -1
1700961768.700220 811 -1
1700961768.700220 5894 -1
1700961768.700220 5390 -1
1700961768.700425 54 1
1700961768.701434 1010 -1
1700961768.701466 66 1
1700961771.299166 54 1
1700961771.300937 78 -1
1700961771.300937 60 -1
1700961771.300961 54 1
1700961772.176420 66 1
1700961772.179799 66 -1
1700961772.179942 54 1
1700961772.182152 870 1
1700961772.186261 60 -1
1700961772.186261 318 -1
1700961772.186935 134 1
1700961772.187703 146 1
1700961772.188342 578 1
1700961772.188482 231 1
1700961772.188599 224 1
1700961772.188708 226 1
1700961772.188810 226 1
1700961772.188911 221 1
1700961772.191842 60 -1
1700961772.191842 60 -1
1700961772.191842 60 -1
1700961772.191842 60 -1
1700961772.191842 60 -1
1700961772.191842 60 -1
1700961772.191842 60 -1
1700961772.191842 60 -1
1700961772.191842 341 -1
1700961772.192393 115 -1
1700961772.192393 85 -1
1700961772.192433 54 1
1700961772.192785 1016 -1
1700961772.192808 54 1
1700961772.192907 5616 -1
1700961772.192940 54 1
1700961772.193476 955 -1
1700961772.193476 6886 -1
1700961772.193527 54 1
1700961772.195131 908 -1
1700961772.195565 7354 -1
1700961772.196481 54 1
1700961772.196530 7354 -1
1700961772.196918 54 1
1700961772.197007 1860 -1
1700961772.197007 85 -1
1700961772.197007 1291 -1
1700961772.197034 54 1
1700961772.199515 85 1
1700961772.208517 4991 -1
1700961772.208517 1033 -1
1700961772.208517 740 -1
1700961772.208658 66 1
1700961772.208735 66 1
1700961772.208777 54 1
1700961772.218175 611 -1
1700961772.218175 60 -1
1700961772.218175 1033 -1
1700961772.218175 740 -1
1700961772.218175 957 -1
1700961772.218175 7092 -1
1700961772.218270 66 1
1700961772.218362 66 1
1700961772.218395 66 1
1700961772.218472 54 1
1700961772.219417 959 -1
1700961772.219417 4434 -1
1700961772.219417 3037 -1
1700961772.219503 54 1
1700961773.771572 234 1
1700961773.771727 222 1
1700961773.771814 223 1
1700961773.772806 60 -1
1700961773.773525 60 -1
1700961773.773525 60 -1
1700961773.785752 932 -1
1700961773.785752 2406 -1
1700961773.785752 853 -1
1700961773.785868 54 1
1700961773.785961 6283 -1
1700961773.785998 54 1
1700961773.788543 1082 -1
1700961773.788543 690 -1
1700961773.788593 54 1
1700961773.791215 5298 -1
1700961773.791301 54 1
1700961773.805142 223 1
1700961773.805285 230 1
1700961773.807300 231 1
1700961773.807424 221 1
1700961773.807519 226 1
1700961773.810989 60 -1
1700961773.820867 60 -1
1700961773.822766 981 -1
1700961773.822766 805 -1
1700961773.822844 54 1
1700961773.838489 1025 -1
1700961773.838489 768 -1
1700961773.838489 1514 -1
1700961773.838489 4712 -1
1700961773.838580 54 1
1700961773.838678 853 -1
1700961773.838698 54 1
1700961773.839162 7432 -1
1700961773.839229 54 1
1700961773.864151 987 -1
1700961773.864151 4856 -1
1700961773.864444 54 1
1700961773.864518 5596 -1
1700961773.864558 54 1
1700961773.877812 927 -1
1700961773.877812 5953 -1
1700961773.878083 54 1
1700961775.383973 229 1
1700961775.386566 223 1
1700961775.389145 231 1
1700961775.389265 231 1
1700961775.389617 234 1
1700961775.391979 232 1
1700961775.392076 222 1
1700961775.392105 60 -1
1700961775.393891 60 -1
1700961775.395989 978 -1
1700961775.395989 4434 -1
1700961775.396089 54 1
1700961775.396766 2916 -1
1700961775.396798 54 1
1700961775.401660 1127 -1
1700961775.401660 625 -1
1700961775.401660 881 -1
1700961775.401746 54 1
1700961775.401813 7539 -1
1700961775.401862 54 1
1700961775.403684 928 -1
1700961775.403684 5692 -1
1700961775.403684 4434 -1
1700961775.403684 2974 -1
1700961775.403684 6001 -1
1700961775.403993 54 1
1700961775.405534 5434 -1
1700961775.405534 928 -1
1700961775.405623 66 1
1700961775.405678 54 1
1700961775.407528 923 -1
1700961775.407528 1615 -1
1700961775.407576 54 1
1700961775.408192 928 -1
1700961775.408213 66 1
1700961775.418082 981 -1
1700961775.418082 810 -1
1700961775.418179 54 1
1700961775.420121 1514 -1
1700961775.420121 5007 -1
1700961775.420194 54 1
1700961777.558695 223 1
1700961777.560039 231 1
1700961777.567382 60 -1
1700961777.572953 231 1
1700961777.573704 223 1
1700961777.574908 234 1
1700961777.575451 232 1
1700961777.608182 857 -1
1700961777.608182 7434 -1
1700961777.608182 827 -1
1700961777.608182 6372 -1
1700961777.608182 60 -1
1700961777.608182 60 -1
1700961777.608182 878 -1
1700961777.608182 7166 -1
1700961777.608182 929 -1
1700961777.608182 7354 -1
1700961777.608182 2623 -1
1700961777.608182 925 -1
1700961777.608182 7837 -1
1700961777.608182 931 -1
1700961777.608182 7354 -1
1700961777.608182 3757 -1
1700961777.608577 54 1
1700961777.615826 837 -1
1700961777.616126 66 1
1700961777.617057 231 1
1700961777.619813 224 1
1700961777.621193 60 -1
1700961777.624066 89 1
1700961777.630827 982 -1
1700961777.630827 810 -1
1700961777.630827 7354 -1
1700961777.630827 5231 -1
1700961777.630981 54 1
1700961777.665774 1057 -1
1700961777.665774 704 -1
1700961777.665861 54 1
1700961777.665995 7354 -1
1700961777.666034 54 1
1700961777.666481 936 -1
1700961777.720385 54 1
1700961781.301598 54 1
1700961781.307915 78 -1
1700961781.307915 60 -1
1700961781.307960 54 1
1700961781.927519 66 1
1700961781.928718 66 -1
1700961781.928809 54 1
1700961781.930138 966 1
1700961781.931229 60 -1
1700961781.932168 318 -1
1700961781.932915 134 1
1700961781.934043 60 -1
1700961781.934175 341 -1
1700961781.936520 146 1
1700961781.937614 586 1
1700961781.937652 60 -1
1700961781.937742 115 -1
1700961781.937742 85 -1
1700961781.937782 54 1
1700961781.937902 221 1
1700961781.938022 224 1
1700961781.938123 225 1
1700961781.938204 230 1
1700961781.938277 222 1
1700961781.938855 60 -1
1700961781.938961 60 -1
1700961781.939012 85 1
1700961781.939089 222 1
1700961781.939118 60 -1
1700961781.939395 60 -1
1700961781.939395 60 -1
1700961781.939395 60 -1
1700961781.940035 60 -1
1700961781.940232 60 -1
1700961781.943176 903 -1
1700961781.943176 1514 -1
1700961781.943176 4304 -1
1700961781.943231 54 1
1700961781.943566 927 -1
1700961781.943566 5894 -1
1700961781.943601 54 1
1700961781.944057 8900 -1
1700961781.944094 54 1
1700961781.944802 927 -1
1700961781.944821 54 1
1700961781.944857 4208 -1
1700961781.944883 54 1
1700961781.947198 853 -1
1700961781.947198 2974 -1
1700961781.947247 54 1
1700961781.947322 4406 -1
1700961781.947359 54 1
1700961781.947610 956 -1
1700961781.947610 3535 -1
1700961781.947647 54 1
1700961781.950356 1051 -1
1700961781.950356 733 -1
1700961781.950420 54 1
1700961781.950475 5411 -1
1700961781.950510 54 1
1700961781.955748 1078 -1
1700961781.955748 695 -1
1700961781.955748 3430 -1
1700961781.955853 54 1
1700961783.595950 223 1
1700961783.597889 222 1
1700961783.598552 223 1
1700961783.633473 60 -1
1700961783.638551 930 -1
1700961783.638551 3981 -1
1700961783.638647 54 1
1700961783.640926 1021 -1
1700961783.640981 775 -1
1700961783.640999 54 1
1700961783.642625 2024 -1
1700961783.642665 54 1
1700961783.656875 1051 -1
1700961783.656875 729 -1
1700961783.656951 54 1
1700961783.657015 4641 -1
1700961783.657047 54 1
1700961785.777082 230 1
1700961785.777790 224 1
1700961785.777880 230 1
1700961785.779114 235 1
1700961785.779637 221 1
1700961785.779717 224 1
1700961785.781172 60 -1
1700961785.789653 927 -1
1700961785.789653 8045 -1
1700961785.789653 6465 -1
1700961785.789653 906 -1
1700961785.789653 8452 -1
1700961785.789653 923 -1
1700961785.789653 2974 -1
1700961785.789653 6486 -1
1700961785.789653 912 -1
1700961785.789653 4695 -1
1700961785.790118 54 1
1700961785.810605 960 -1
1700961785.810605 3427 -1
1700961785.810685 54 1
1700961788.255732 232 1
1700961788.259184 855 -1
1700961788.259248 4748 -1
1700961788.259292 230 1
1700961788.260001 54 1
1700961788.260462 231 1
1700961788.261798 60 -1
1700961788.262867 231 1
1700961788.262947 231 1
1700961788.263971 929 -1
1700961788.263971 2218 -1
1700961788.264042 54 1
1700961788.264211 60 -1
1700961788.265708 854 -1
1700961788.265708 2974 -1
1700961788.265754 54 1
1700961788.265928 4376 -1
1700961788.265974 54 1
1700961788.266117 89 1
1700961788.266187 927 -1
1700961788.266247 6078 -1
1700961788.266291 54 1
1700961788.278025 957 -1
1700961788.278025 846 -1
1700961788.278096 54 1
1700961788.279024 5279 -1
1700961788.279066 54 1
1700961791.332457 54 1
1700961791.341039 78 -1
1700961791.341039 60 -1
1700961791.341116 54 1
1700961793.168481 66 1
1700961793.176255 66 -1
1700961793.176497 54 1
1700961793.178337 870 1
1700961793.180892 60 -1
1700961793.181789 318 -1
1700961793.182666 134 1
1700961793.183068 146 1
1700961793.183731 60 -1
1700961793.184841 579 1
1700961793.184923 231 1
1700961793.185043 224 1
1700961793.185151 231 1
1700961793.185265 222 1
1700961793.186494 229 1
1700961793.186623 225 1
1700961793.211509 341 -1
1700961793.211509 60 -1
1700961793.211509 115 -1
1700961793.211509 85 -1
1700961793.211759 54 1
1700961793.211836 85 -1
1700961793.211855 66 1
1700961793.212024 85 1
1700961793.212907 60 -1
1700961793.212907 60 -1
1700961793.212907 60 -1
1700961793.212907 60 -1
1700961793.212907 60 -1
1700961793.212907 60 -1
1700961793.212907 60 -1
1700961793.213078 60 -1
1700961793.220713 1030 -1
1700961793.220713 764 -1
1700961793.221071 54 1
1700961793.221162 1514 -1
1700961793.221162 4812 -1
1700961793.221196 54 1
1700961793.221247 1083 -1
1700961793.221269 54 1
1700961793.221325 693 -1
1700961793.221394 1514 -1
1700961793.221417 54 1
1700961793.221481 1882 -1
1700961793.221511 54 1
1700961793.227921 977 -1
1700961793.227921 814 -1
1700961793.228006 54 1
1700961793.229787 5655 -1
1700961793.229823 54 1
1700961793.231574 1051 -1
1700961793.231574 731 -1
1700961793.231619 54 1
1700961793.231677 7354 -1
1700961793.231710 54 1
1700961793.232017 375 -1
1700961793.232045 54 1
1700961793.237189 1009 -1
1700961793.237189 773 -1
1700961793.237238 54 1
1700961793.240852 3159 -1
1700961793.240923 54 1
1700961793.246489 1035 -1
1700961793.246489 737 -1
1700961793.246539 54 1
1700961793.250666 5360 -1
1700961793.250766 54 1
1700961793.250906 1057 -1
1700961793.250925 54 1
1700961793.250973 727 -1
1700961793.255166 7354 -1
1700961793.255251 54 1
1700961793.255606 7354 -1
1700961793.255652 54 1
1700961793.256227 1860 -1
1700961793.256286 54 1
1700961793.256418 7354 -1
1700961793.256466 54 1
1700961793.256982 7354 -1
1700961793.257019 54 1
1700961793.257577 318 -1
1700961793.257607 54 1
1700961794.857434 232 1
1700961794.858604 60 -1
1700961794.861381 226 1
1700961794.861480 234 1
1700961794.861551 232 1
1700961794.862698 60 -1
1700961794.862698 60 -1
1700961794.862698 60 -1
1700961794.865123 229 1
1700961794.865474 223 1
1700961794.865544 230 1
1700961794.866160 60 -1
1700961794.866392 60 -1
1700961794.866703 60 -1
1700961794.875168 1075 -1
1700961794.875168 695 -1
1700961794.875168 1082 -1
1700961794.875168 688 -1
1700961794.875262 54 1
1700961794.878676 5894 -1
1700961794.878781 54 1
1700961794.878915 7354 -1
1700961794.878968 54 1
1700961794.888929 3320 -1
1700961794.888929 1514 -1
1700961794.888929 6968 -1
1700961794.888929 7354 -1
1700961794.888929 6680 -1
1700961794.888929 979 -1
1700961794.888929 813 -1
1700961794.888929 982 -1
1700961794.888929 811 -1
1700961794.888929 2703 -1
1700961794.888929 1032 -1
1700961794.888929 763 -1
1700961794.888929 6897 -1
1700961794.889182 54 1
1700961794.894716 6047 -1
1700961794.894776 54 1
1700961794.903317 982 -1
1700961794.903317 811 -1
1700961794.903422 54 1
1700961794.904523 5348 -1
1700961794.904575 54 1
1700961794.925725 1053 -1
1700961794.925725 729 -1
1700961794.925803 54 1
1700961794.962614 4524 -1
1700961794.962683 54 1
1700961796.530908 229 1
1700961796.532094 230 1
1700961796.532194 230 1
1700961796.535954 60 -1
1700961796.540692 232 1
1700961796.541174 231 1
1700961796.544854 60 -1
1700961796.550681 979 -1
1700961796.550681 812 -1
1700961796.550759 54 1
1700961796.551133 3358 -1
1700961796.551174 54 1
1700961796.555022 1033 -1
1700961796.555022 759 -1
1700961796.555088 54 1
1700961796.555259 1028 -1
1700961796.555259 763 -1
1700961796.555259 14401 -1
1700961796.555346 54 1
1700961796.556384 6731 -1
1700961796.556420 54 1
1700961796.558306 1033 -1
1700961796.558306 738 -1
1700961796.558345 54 1
1700961796.561529 2974 -1
1700961796.561529 6652 -1
1700961796.561614 54 1
1700961796.566119 984 -1
1700961796.566119 809 -1
1700961796.566186 54 1
1700961796.572798 5894 -1
1700961796.572798 5243 -1
1700961796.572924 54 1
1700961798.927769 230 1
1700961798.928333 231 1
1700961798.929993 60 -1
1700961798.931864 230 1
1700961798.932373 234 1
1700961798.933500 230 1
1700961798.938581 1033 -1
1700961798.938581 758 -1
1700961798.938634 54 1
1700961798.944337 7354 -1
1700961798.944438 54 1
1700961798.944785 7354 -1
1700961798.944842 54 1
1700961798.947717 1860 -1
1700961798.947717 85 -1
1700961798.947717 6245 -1
1700961798.947797 54 1
1700961798.949353 89 1
1700961798.949847 980 -1
1700961798.949847 813 -1
1700961798.949847 1110 -1
1700961798.949847 660 -1
1700961798.949908 54 1
1700961798.951216 1022 -1
1700961798.951372 774 -1
1700961798.951372 6423 -1
1700961798.951435 54 1
1700961798.951711 3536 -1
1700961798.951745 54 1
1700961798.952301 4342 -1
1700961798.952334 54 1
1700961798.957921 1040 -1
1700961798.957921 733 -1
1700961798.958006 54 1
1700961798.974918 7354 -1
1700961798.974918 8468 -1
1700961798.975060 54 1
1700961801.346228 54 1
1700961801.347661 78 -1
1700961801.347661 60 -1
1700961801.347691 54 1
1700961804.294800 66 1
1700961804.309936 66 -1
1700961804.310100 54 1
1700961804.314532 966 1
1700961804.315817 60 -1
1700961804.316595 318 -1
1700961804.317257 134 1
1700961804.317905 146 1
1700961804.318281 60 -1
1700961804.318696 585 1
1700961804.318737 341 -1
1700961804.318791 232 1
1700961804.318858 230 1
1700961804.318874 60 -1
1700961804.318925 229 1
1700961804.318994 222 1
1700961804.319079 234 1
1700961804.319173 115 -1
1700961804.319173 85 -1
1700961804.319201 54 1
1700961804.319307 85 1
1700961804.320167 60 -1
1700961804.320167 60 -1
1700961804.320167 60 -1
1700961804.320167 60 -1
1700961804.320167 60 -1
1700961804.320167 60 -1
1700961804.320914 60 -1
1700961804.325361 1052 -1
1700961804.325361 730 -1
1700961804.325539 54 1
1700961804.325597 1034 -1
1700961804.325597 2974 -1
1700961804.325624 54 1
1700961804.325794 2128 -1
1700961804.325794 763 -1
1700961804.325827 54 1
1700961804.325929 3918 -1
1700961804.325957 54 1
1700961804.326608 1076 -1
1700961804.326608 736 -1
1700961804.326642 54 1
1700961804.326689 980 -1
1700961804.326689 814 -1
1700961804.326727 54 1
1700961804.327573 6402 -1
1700961804.327607 54 1
1700961804.329363 2974 -1
1700961804.329363 4929 -1
1700961804.329409 54 1
1700961804.351206 981 -1
1700961804.351206 812 -1
1700961804.351284 54 1
1700961804.354768 4695 -1
1700961804.354880 54 1
1700961804.365283 1106 -1
1700961804.365283 659 -1
1700961804.365355 54 1
1700961804.384926 7354 -1
1700961804.384926 2084 -1
1700961804.385025 54 1
1700961805.973947 66 1
1700961806.004816 66 -1
1700961806.004978 54 1
1700961806.005900 934 1
1700961806.036799 60 -1
1700961806.037206 318 -1
1700961806.038115 134 1
1700961806.038527 146 1
1700961806.039325 583 1
1700961806.039429 228 1
1700961806.039538 229 1
1700961806.039634 230 1
1700961806.039731 226 1
1700961806.039823 227 1
1700961806.039909 227 1
1700961806.040000 230 1
1700961806.068861 60 -1
1700961806.069194 341 -1
1700961806.069700 60 -1
1700961806.069700 115 -1
1700961806.069700 85 -1
1700961806.069745 54 1
1700961806.070018 60 -1
1700961806.070018 60 -1
1700961806.070116 60 -1
1700961806.070286 60 -1
1700961806.070286 60 -1
1700961806.070348 60 -1
1700961806.070718 60 -1
1700961806.070718 60 -1
1700961806.073558 1173 -1
1700961806.073558 473 -1
1700961806.073638 54 1
1700961806.073827 5894 -1
1700961806.073884 54 1
1700961806.074385 85 1
1700961806.074969 2344 -1
1700961806.074969 2714 -1
1700961806.075003 54 1
1700961806.075783 5894 -1
1700961806.075825 54 1
1700961806.078042 5894 -1
1700961806.078042 5894 -1
1700961806.078145 54 1
1700961806.082169 5894 -1
1700961806.082169 5894 -1
1700961806.082169 5894 -1
1700961806.082169 5894 -1
1700961806.082348 54 1
1700961806.082422 5894 -1
1700961806.082483 54 1
1700961806.085043 1514 -1
1700961806.085096 54 1
1700961806.103659 5894 -1
1700961806.103789 54 1
1700961806.109901 5894 -1
1700961806.109901 5894 -1
1700961806.109901 3999 -1
1700961806.110049 54 1
1700961806.146058 60 -1
1700961807.614864 230 1
1700961807.617481 229 1
1700961807.620872 229 1
1700961807.625438 229 1
1700961807.625678 228 1
1700961807.626169 228 1
1700961807.626308 220 1
1700961807.626579 227 1
1700961807.646239 60 -1
1700961807.649192 1172 -1
1700961807.649192 476 -1
1700961807.649267 54 1
1700961807.649311 3657 -1
1700961807.649342 54 1
1700961807.649964 60 -1
1700961807.652293 1198 -1
1700961807.652343 54 1
1700961807.652383 5567 -1
1700961807.652424 54 1
1700961807.653428 60 -1
1700961807.655146 1196 -1
1700961807.655146 443 -1
1700961807.655146 5894 -1
1700961807.655206 54 1
1700961807.656351 1990 -1
1700961807.656387 54 1
1700961807.657727 60 -1
1700961807.658647 60 -1
1700961807.660277 1176 -1
1700961807.660277 469 -1
1700961807.660352 54 1
1700961807.660396 1139 -1
1700961807.660617 5730 -1
1700961807.660652 54 1
1700961807.661570 5894 -1
1700961807.661618 54 1
1700961807.662479 5894 -1
1700961807.662547 54 1
1700961807.663471 5894 -1
1700961807.663522 54 1
1700961807.664403 5894 -1
1700961807.664464 54 1
1700961807.665374 5567 -1
1700961807.665418 54 1
1700961807.666233 1176 -1
1700961807.666256 54 1
1700961807.666553 3992 -1
1700961807.666577 54 1
1700961809.229094 228 1
1700961809.231144 220 1
1700961809.231229 222 1
1700961809.233440 220 1
1700961809.233533 228 1
1700961809.233657 220 1
1700961809.235756 220 1
1700961809.235851 228 1
1700961809.259763 60 -1
1700961809.261728 60 -1
1700961809.261728 60 -1
1700961809.263791 1173 -1
1700961809.263854 483 -1
1700961809.263883 54 1
1700961809.264735 60 -1
1700961809.265411 3339 -1
1700961809.265474 54 1
1700961809.265698 1173 -1
1700961809.265718 54 1
1700961809.265797 480 -1
1700961809.265816 54 1
1700961809.266328 4112 -1
1700961809.266395 54 1
1700961809.266654 1173 -1
1700961809.266752 484 -1
1700961809.266769 54 1
1700961809.268508 5894 -1
1700961809.268572 54 1
1700961809.268825 2215 -1
1700961809.268852 54 1
1700961809.269191 2737 -1
1700961809.269220 54 1
1700961809.274832 5894 -1
1700961809.274832 5894 -1
1700961809.274832 4434 -1
1700961809.274832 1514 -1
1700961809.274832 2359 -1
1700961809.274832 1514 -1
1700961809.274832 1275 -1
1700961809.274832 1514 -1
1700961809.274832 4434 -1
1700961809.274832 5894 -1
1700961809.275059 54 1
1700961809.275301 2112 -1
1700961809.275337 54 1
1700961811.361961 54 1
1700961811.362111 54 1
1700961811.363650 78 -1
1700961811.363650 60 -1
1700961811.363705 54 1
1700961811.399577 78 -1
1700961811.399577 60 -1
1700961811.399670 54 1
1700961811.862939 66 1
1700961811.898987 66 -1
1700961811.899129 54 1
1700961811.899780 934 1
1700961811.931830 60 -1
1700961811.932036 318 -1
1700961811.932986 134 1
1700961811.933528 146 1
1700961811.934465 586 1
1700961811.934600 221 1
1700961811.934756 227 1
1700961811.934922 229 1
1700961811.935049 222 1
1700961811.935180 232 1
1700961811.935306 227 1
1700961811.935403 223 1
1700961811.964089 60 -1
1700961811.964089 341 -1
1700961811.964278 60 -1
1700961811.964278 115 -1
1700961811.964278 85 -1
1700961811.964309 54 1
1700961811.964436 60 -1
1700961811.964600 85 1
1700961811.964790 60 -1
1700961811.964790 60 -1
1700961811.964816 60 -1
1700961811.964971 60 -1
1700961811.965099 60 -1
1700961811.965298 60 -1
1700961811.965298 60 -1
1700961811.979789 1179 -1
1700961811.979789 474 -1
1700961811.979789 1175 -1
1700961811.979789 4434 -1
1700961811.979789 3548 -1
1700961811.979789 4434 -1
1700961811.979789 4434 -1
1700961811.979789 4434 -1
1700961811.979789 4434 -1
1700961811.979789 4434 -1
1700961811.979789 4434 -1
1700961811.979789 4434 -1
1700961811.979789 2974 -1
1700961811.979789 1514 -1
1700961811.979789 3650 -1
1700961811.980186 54 1
1700961811.996201 60 -1
1700961817.081884 54 1
