1700963059.214977 66 1
1700963059.216134 66 -1
1700963059.216232 54 1
1700963059.219072 631 1
1700963059.224085 60 -1
1700963059.234452 2778 -1
1700963059.234532 54 1
1700963059.295646 134 1
1700963059.296843 66 1
1700963059.298123 66 -1
1700963059.298217 54 1
1700963059.299061 60 -1
1700963059.299061 341 -1
1700963059.299061 341 -1
1700963059.299118 54 1
1700963059.311812 870 1
1700963059.317781 146 1
1700963059.317972 54 1
1700963059.318962 60 -1
1700963059.320403 115 -1
1700963059.320403 85 -1
1700963059.320448 54 1
1700963059.321960 60 -1
1700963059.321960 318 -1
1700963059.322028 54 1
1700963059.322195 591 1
1700963059.322278 234 1
1700963059.323002 60 -1
1700963059.323265 60 -1
1700963059.323265 60 -1
1700963059.325204 924 -1
1700963059.325256 2656 -1
1700963059.325298 54 1
1700963059.325889 925 -1
1700963059.325889 6858 -1
1700963059.325928 54 1
1700963059.346639 85 1
1700963059.382545 234 1
1700963059.384106 60 -1
1700963059.388276 926 -1
1700963059.388569 6122 -1
1700963059.388631 54 1
1700963060.074573 231 1
1700963060.074796 232 1
1700963060.074940 230 1
1700963060.075058 231 1
1700963060.075152 230 1
1700963060.075246 230 1
1700963060.075330 231 1
1700963060.075482 230 1
1700963060.075627 231 1
1700963060.075766 228 1
1700963060.075892 230 1
1700963060.097213 60 -1
1700963060.097213 926 -1
1700963060.097213 5110 -1
1700963060.097213 905 -1
1700963060.097213 4405 -1
1700963060.097213 60 -1
1700963060.097213 60 -1
1700963060.097213 928 -1
1700963060.097213 3207 -1
1700963060.097213 927 -1
1700963060.097213 4057 -1
1700963060.097213 908 -1
1700963060.097213 5225 -1
1700963060.097213 977 -1
1700963060.097213 5007 -1
1700963060.097213 1003 -1
1700963060.097213 4454 -1
1700963060.097213 875 -1
1700963060.097213 6546 -1
1700963060.097622 54 1
1700963060.099796 874 -1
1700963060.099796 4897 -1
1700963060.099890 54 1
1700963060.110063 980 -1
1700963060.110063 2460 -1
1700963060.110063 858 -1
1700963060.110063 2702 -1
1700963060.110162 54 1
1700963060.300657 66 1
1700963060.401526 66 -1
1700963060.401754 54 1
1700963060.403089 572 1
1700963060.516426 60 -1
1700963060.516426 2974 -1
1700963060.516426 958 -1
1700963060.516834 54 1
1700963060.525764 134 1
1700963060.527119 146 1
1700963060.527582 559 1
1700963060.624964 60 -1
1700963060.624964 341 -1
1700963060.624964 341 -1
1700963060.625080 54 1
1700963060.626278 60 -1
1700963060.626278 115 -1
1700963060.626278 85 -1
1700963060.626347 54 1
1700963060.626741 60 -1
1700963060.626765 85 1
1700963060.627944 916 -1
1700963060.627993 54 1
1700963060.628052 2561 -1
1700963060.628075 54 1
1700963060.766467 60 -1
1700963062.504938 54 1
1700963062.506817 54 1
1700963062.513635 78 -1
1700963062.513635 60 -1
1700963062.513705 54 1
1700963062.607655 78 -1
1700963062.607655 60 -1
1700963062.607698 54 1
1700963073.266640 66 1
1700963073.274210 66 -1
1700963073.274324 54 1
1700963073.277951 934 1
1700963073.279130 60 -1
1700963073.280061 318 -1
1700963073.288721 134 1
1700963073.289630 146 1
1700963073.290103 587 1
1700963073.290180 234 1
1700963073.290247 231 1
1700963073.290315 230 1
1700963073.301409 60 -1
1700963073.301409 60 -1
1700963073.301409 60 -1
1700963073.301409 60 -1
1700963073.301409 60 -1
1700963073.301409 60 -1
1700963073.301409 341 -1
1700963073.305640 115 -1
1700963073.305640 85 -1
1700963073.305640 873 -1
1700963073.305640 7569 -1
1700963073.305640 1005 -1
1700963073.305640 2974 -1
1700963073.305640 2209 -1
1700963073.305640 929 -1
1700963073.305640 6347 -1
1700963073.305794 54 1
1700963073.320888 85 1
1700963073.339926 947 -1
1700963073.339926 856 -1
1700963073.339926 7502 -1
1700963073.339926 60 -1
1700963073.340050 54 1
1700963074.770795 232 1
1700963074.772687 223 1
1700963074.791318 230 1
1700963074.792999 60 -1
1700963074.792999 823 -1
1700963074.792999 2974 -1
1700963074.792999 3714 -1
1700963074.792999 60 -1
1700963074.792999 899 -1
1700963074.792999 5040 -1
1700963074.793135 54 1
1700963074.813959 1105 -1
1700963074.813959 658 -1
1700963074.813959 5499 -1
1700963074.814070 54 1
1700963078.144943 231 1
1700963078.145038 229 1
1700963078.145802 231 1
1700963078.146748 236 1
1700963078.146765 60 -1
1700963078.147763 224 1
1700963078.147944 60 -1
1700963078.150076 232 1
1700963078.150179 223 1
1700963078.151091 856 -1
1700963078.151091 7354 -1
1700963078.151216 54 1
1700963078.151314 1244 -1
1700963078.153089 958 -1
1700963078.153089 3047 -1
1700963078.153135 54 1
1700963078.153303 922 -1
1700963078.153325 54 1
1700963078.153367 6193 -1
1700963078.153397 54 1
1700963078.156407 928 -1
1700963078.156407 2974 -1
1700963078.156407 4387 -1
1700963078.156501 54 1
1700963078.172413 958 -1
1700963078.172413 4169 -1
1700963078.172530 54 1
1700963078.173151 910 -1
1700963078.173151 5475 -1
1700963078.173211 54 1
1700963078.183663 934 -1
1700963078.183663 9924 -1
1700963078.183820 54 1
1700963079.723071 230 1
1700963079.725121 221 1
1700963079.725600 222 1
1700963079.726999 60 -1
1700963079.728345 926 -1
1700963079.728440 234 1
1700963079.728559 231 1
1700963079.728592 5175 -1
1700963079.728642 54 1
1700963079.728786 231 1
1700963079.730207 929 -1
1700963079.730207 4948 -1
1700963079.730274 54 1
1700963079.731750 60 -1
1700963079.735604 856 -1
1700963079.735604 2974 -1
1700963079.735604 3937 -1
1700963079.735687 54 1
1700963079.736337 89 1
1700963079.740394 1054 -1
1700963079.740394 729 -1
1700963079.740394 929 -1
1700963079.740394 6277 -1
1700963079.740394 5154 -1
1700963079.740531 54 1
1700963079.740602 1020 -1
1700963079.740602 773 -1
1700963079.740625 54 1
1700963079.741075 6317 -1
1700963079.741117 54 1
1700963079.782796 60 -1
1700963081.340567 232 1
1700963081.341889 60 -1
1700963081.344792 928 -1
1700963081.344792 9307 -1
1700963081.344914 54 1
1700963081.348703 230 1
1700963081.348872 234 1
1700963081.348955 231 1
1700963081.349025 231 1
1700963081.349538 230 1
1700963081.351055 60 -1
1700963081.351055 60 -1
1700963081.351055 60 -1
1700963081.351055 60 -1
1700963081.351055 60 -1
1700963081.356343 934 -1
1700963081.356414 7354 -1
1700963081.356444 54 1
1700963081.356977 3839 -1
1700963081.357000 54 1
1700963081.357233 861 -1
1700963081.357259 54 1
1700963081.357296 7346 -1
1700963081.357329 54 1
1700963081.359753 824 -1
1700963081.359753 1514 -1
1700963081.359793 54 1
1700963081.359838 5421 -1
1700963081.359879 54 1
1700963081.362185 950 -1
1700963081.362217 54 1
1700963081.362257 854 -1
1700963081.362257 5460 -1
1700963081.362288 54 1
1700963081.374072 929 -1
1700963081.374072 7837 -1
1700963081.374262 54 1
1700963082.525588 54 1
1700963082.527712 78 -1
1700963082.527712 60 -1
1700963082.527787 54 1
1700963083.311424 66 1
1700963083.312499 66 -1
1700963083.312602 54 1
1700963083.321944 966 1
1700963083.330245 60 -1
1700963083.330245 318 -1
1700963083.330851 134 1
1700963083.331337 146 1
1700963083.332073 587 1
1700963083.332128 229 1
1700963083.332217 223 1
1700963083.332313 220 1
1700963083.332404 231 1
1700963083.332504 223 1
1700963083.333480 60 -1
1700963083.333480 60 -1
1700963083.333480 60 -1
1700963083.333480 60 -1
1700963083.333480 60 -1
1700963083.333480 60 -1
1700963083.333480 60 -1
1700963083.333906 60 -1
1700963083.336388 341 -1
1700963083.338841 115 -1
1700963083.338841 85 -1
1700963083.338841 826 -1
1700963083.338908 54 1
1700963083.338965 4273 -1
1700963083.339027 54 1
1700963083.339391 85 1
1700963083.341944 929 -1
1700963083.341944 2974 -1
1700963083.341944 2197 -1
1700963083.341944 930 -1
1700963083.341944 6270 -1
1700963083.342117 54 1
1700963083.343171 60 -1
1700963083.343291 853 -1
1700963083.343291 4096 -1
1700963083.343330 54 1
1700963083.343475 927 -1
1700963083.343497 54 1
1700963083.343741 6101 -1
1700963083.343792 54 1
1700963083.351348 980 -1
1700963083.351348 814 -1
1700963083.351429 54 1
1700963083.355546 3004 -1
1700963083.355650 54 1
1700963086.502064 231 1
1700963086.502571 229 1
1700963086.503109 221 1
1700963086.504164 231 1
1700963086.506279 60 -1
1700963086.506279 60 -1
1700963086.506279 60 -1
1700963086.506279 60 -1
1700963086.511045 825 -1
1700963086.511168 4434 -1
1700963086.511168 6638 -1
1700963086.511242 54 1
1700963086.513212 926 -1
1700963086.513212 5621 -1
1700963086.513283 54 1
1700963086.518896 1055 -1
1700963086.519188 731 -1
1700963086.519188 4434 -1
1700963086.519227 54 1
1700963086.519307 1131 -1
1700963086.519337 54 1
1700963086.521257 934 -1
1700963086.521257 5894 -1
1700963086.521334 54 1
1700963086.521699 6157 -1
1700963086.521735 54 1
1700963086.526817 223 1
1700963086.527004 234 1
1700963086.529125 60 -1
1700963086.531586 855 -1
1700963086.531586 2974 -1
1700963086.531659 54 1
1700963086.531726 1458 -1
1700963086.531756 54 1
1700963086.545317 1084 -1
1700963086.545317 694 -1
1700963086.545317 5721 -1
1700963086.545449 54 1
1700963088.162514 229 1
1700963088.165253 236 1
1700963088.165989 230 1
1700963088.166350 60 -1
1700963088.168488 930 -1
1700963088.168527 230 1
1700963088.168635 1514 -1
1700963088.168635 3564 -1
1700963088.168670 54 1
1700963088.169760 232 1
1700963088.171242 60 -1
1700963088.172509 857 -1
1700963088.172509 1514 -1
1700963088.172509 5916 -1
1700963088.172608 54 1
1700963088.175675 222 1
1700963088.176706 231 1
1700963088.178349 933 -1
1700963088.178349 5894 -1
1700963088.178459 54 1
1700963088.178583 995 -1
1700963088.178612 54 1
1700963088.180081 984 -1
1700963088.180081 5380 -1
1700963088.180153 54 1
1700963088.190560 931 -1
1700963088.190560 4222 -1
1700963088.190560 902 -1
1700963088.190560 2974 -1
1700963088.190560 4765 -1
1700963088.190560 928 -1
1700963088.190560 5434 -1
1700963088.190747 54 1
1700963089.748555 229 1
1700963089.751976 855 -1
1700963089.751976 2974 -1
1700963089.751976 3723 -1
1700963089.752141 230 1
1700963089.752218 54 1
1700963089.755169 234 1
1700963089.756194 60 -1
1700963089.760741 89 1
1700963089.760850 225 1
1700963089.760927 930 -1
1700963089.760927 7354 -1
1700963089.760990 54 1
1700963089.761512 7354 -1
1700963089.761641 54 1
1700963089.762160 1665 -1
1700963089.762180 54 1
1700963089.762305 60 -1
1700963089.764337 230 1
1700963089.764393 930 -1
1700963089.764393 1514 -1
1700963089.764447 230 1
1700963089.764506 7354 -1
1700963089.764537 54 1
1700963089.765307 3575 -1
1700963089.765382 54 1
1700963089.766625 60 -1
1700963089.768879 911 -1
1700963089.769064 3449 -1
1700963089.769102 54 1
1700963089.769691 857 -1
1700963089.770127 7111 -1
1700963089.770167 54 1
1700963089.779997 856 -1
1700963089.779997 1514 -1
1700963089.779997 3927 -1
1700963089.780111 54 1
1700963089.800873 1007 -1
1700963089.800940 66 1
1700963091.810741 236 1
1700963091.813841 231 1
1700963091.816989 230 1
1700963091.817465 222 1
1700963091.818492 229 1
1700963091.818591 229 1
1700963091.829123 60 -1
1700963091.829123 856 -1
1700963091.829123 8697 -1
1700963091.829123 855 -1
1700963091.829123 1514 -1
1700963091.829123 2674 -1
1700963091.829123 4434 -1
1700963091.829123 5161 -1
1700963091.829123 929 -1
1700963091.829123 3993 -1
1700963091.829288 54 1
1700963091.840336 60 -1
1700963091.840336 1073 -1
1700963091.840336 853 -1
1700963091.840336 4847 -1
1700963091.840336 825 -1
1700963091.840336 1514 -1
1700963091.840336 8542 -1
1700963091.840466 66 1
1700963091.840568 54 1
1700963092.538680 54 1
1700963092.539951 78 -1
1700963092.539951 60 -1
1700963092.539987 54 1
1700963095.723158 66 1
1700963095.724347 66 -1
1700963095.724482 54 1
1700963095.725781 870 1
1700963095.727645 60 -1
1700963095.734054 318 -1
1700963095.734748 134 1
1700963095.735181 146 1
1700963095.735887 60 -1
1700963095.736106 341 -1
1700963095.736381 60 -1
1700963095.736497 115 -1
1700963095.736497 85 -1
1700963095.736529 54 1
1700963095.736861 578 1
1700963095.736965 223 1
1700963095.737048 234 1
1700963095.737154 229 1
1700963095.737264 232 1
1700963095.737420 221 1
1700963095.737527 234 1
1700963095.737643 229 1
1700963095.737980 85 1
1700963095.739285 60 -1
1700963095.739285 60 -1
1700963095.739285 60 -1
1700963095.739285 60 -1
1700963095.739285 60 -1
1700963095.739285 60 -1
1700963095.739285 60 -1
1700963095.739285 60 -1
1700963095.739285 60 -1
1700963095.742362 866 -1
1700963095.742362 908 -1
1700963095.742362 3465 -1
1700963095.742527 54 1
1700963095.742591 4434 -1
1700963095.742625 54 1
1700963095.753701 7354 -1
1700963095.753701 1335 -1
1700963095.753701 7354 -1
1700963095.753701 1327 -1
1700963095.753701 929 -1
1700963095.753701 2193 -1
1700963095.753701 928 -1
1700963095.753701 4285 -1
1700963095.753701 812 -1
1700963095.753701 979 -1
1700963095.753701 2974 -1
1700963095.753701 1234 -1
1700963095.753701 855 -1
1700963095.753701 8591 -1
1700963095.753981 66 1
1700963095.754044 54 1
1700963095.754084 54 1
1700963095.754891 931 -1
1700963095.754891 7354 -1
1700963095.754993 54 1
1700963095.755220 7354 -1
1700963095.755265 54 1
1700963095.755813 1860 -1
1700963095.755870 54 1
1700963095.756037 1464 -1
1700963095.807578 54 1
1700963097.278680 231 1
1700963097.282475 929 -1
1700963097.282475 7354 -1
1700963097.282475 3671 -1
1700963097.282612 54 1
1700963097.287726 222 1
1700963097.289685 223 1
1700963097.290394 230 1
1700963097.304218 60 -1
1700963097.314070 854 -1
1700963097.314070 6875 -1
1700963097.314134 54 1
1700963097.314221 958 -1
1700963097.314221 1514 -1
1700963097.314221 3089 -1
1700963097.314254 54 1
1700963097.321568 1057 -1
1700963097.321568 730 -1
1700963097.321568 4133 -1
1700963097.321664 54 1
1700963098.917210 224 1
1700963098.933198 235 1
1700963098.937070 232 1
1700963098.941185 60 -1
1700963098.942142 230 1
1700963098.942639 231 1
1700963098.946193 930 -1
1700963098.946193 7354 -1
1700963098.946264 54 1
1700963098.947091 2111 -1
1700963098.947119 54 1
1700963098.947539 859 -1
1700963098.947592 3470 -1
1700963098.947612 54 1
1700963098.953452 858 -1
1700963098.953452 5845 -1
1700963098.953575 54 1
1700963098.960259 904 -1
1700963098.960259 5859 -1
1700963098.960342 54 1
1700963098.968462 1055 -1
1700963098.968462 728 -1
1700963098.968556 54 1
1700963098.970431 7354 -1
1700963098.970431 6727 -1
1700963098.970515 54 1
1700963100.538601 222 1
1700963100.538727 222 1
1700963100.538797 235 1
1700963100.538851 223 1
1700963100.539110 232 1
1700963100.539214 231 1
1700963100.540215 60 -1
1700963100.541410 60 -1
1700963100.544239 907 -1
1700963100.544239 1514 -1
1700963100.544239 2686 -1
1700963100.544239 856 -1
1700963100.544239 5448 -1
1700963100.544308 54 1
1700963100.544845 825 -1
1700963100.544870 54 1
1700963100.544932 2974 -1
1700963100.544954 54 1
1700963100.545180 7354 -1
1700963100.545209 54 1
1700963100.545867 4797 -1
1700963100.545924 54 1
1700963100.546224 856 -1
1700963100.546244 54 1
1700963100.546423 5894 -1
1700963100.546449 54 1
1700963100.546704 8248 -1
1700963100.546744 54 1
1700963100.547482 925 -1
1700963100.547533 5882 -1
1700963100.547563 54 1
1700963100.553899 1029 -1
1700963100.553899 762 -1
1700963100.553979 54 1
1700963100.554147 8431 -1
1700963100.554194 54 1
1700963102.554636 54 1
1700963102.556066 78 -1
1700963102.556066 60 -1
1700963102.556105 54 1
1700963102.735698 66 1
1700963102.736890 66 -1
1700963102.737121 54 1
1700963102.737830 870 1
1700963102.739104 60 -1
1700963102.740154 318 -1
1700963102.740553 134 1
1700963102.740784 146 1
1700963102.741145 587 1
1700963102.741249 221 1
1700963102.741564 229 1
1700963102.742146 60 -1
1700963102.742146 60 -1
1700963102.742580 341 -1
1700963102.743204 115 -1
1700963102.743204 60 -1
1700963102.743204 85 -1
1700963102.743238 54 1
1700963102.746144 929 -1
1700963102.746144 4434 -1
1700963102.746144 1821 -1
1700963102.746231 54 1
1700963102.751567 85 1
1700963102.753255 60 -1
1700963102.755133 231 1
1700963102.755202 232 1
1700963102.755611 929 -1
1700963102.755766 7354 -1
1700963102.755805 54 1
1700963102.756198 988 -1
1700963102.757031 231 1
1700963102.757130 232 1
1700963102.758197 60 -1
1700963102.759387 980 -1
1700963102.759451 811 -1
1700963102.759468 54 1
1700963102.761427 7354 -1
1700963102.761491 54 1
1700963102.761984 3930 -1
1700963102.762015 54 1
1700963102.762255 927 -1
1700963102.762465 4833 -1
1700963102.762502 54 1
1700963102.762727 862 -1
1700963102.762754 54 1
1700963102.762972 3986 -1
1700963102.762995 54 1
1700963102.764353 854 -1
1700963102.764353 7354 -1
1700963102.764353 592 -1
1700963102.764353 897 -1
1700963102.764353 5082 -1
1700963102.764418 54 1
1700963106.911973 223 1
1700963106.915502 959 -1
1700963106.915502 4434 -1
1700963106.915502 2712 -1
1700963106.915733 54 1
1700963106.918705 230 1
1700963106.922326 963 -1
1700963106.922326 4487 -1
1700963106.922463 54 1
1700963106.924343 231 1
1700963106.924463 224 1
1700963106.924556 226 1
1700963106.925613 60 -1
1700963106.928399 231 1
1700963106.929374 1013 -1
1700963106.929518 4434 -1
1700963106.929578 54 1
1700963106.929665 1236 -1
1700963106.929959 226 1
1700963106.933147 60 -1
1700963106.936185 908 -1
1700963106.936185 7354 -1
1700963106.936479 54 1
1700963106.936587 7354 -1
1700963106.936650 54 1
1700963106.937110 1860 -1
1700963106.937143 54 1
1700963106.937203 1322 -1
1700963106.937232 54 1
1700963106.940420 911 -1
1700963106.940420 8814 -1
1700963106.940545 54 1
1700963106.940867 2845 -1
1700963106.940898 54 1
1700963106.949868 1034 -1
1700963106.949868 740 -1
1700963106.950052 54 1
1700963106.951265 1083 -1
1700963106.951265 692 -1
1700963106.951265 4991 -1
1700963106.951365 54 1
1700963106.952458 6810 -1
1700963106.952500 54 1
1700963108.556280 234 1
1700963108.569637 933 -1
1700963108.569799 2406 -1
1700963108.569833 54 1
1700963108.570431 222 1
1700963108.570561 223 1
1700963108.570744 223 1
1700963108.571502 230 1
1700963108.571601 231 1
1700963108.571784 221 1
1700963108.571863 226 1
1700963108.572778 60 -1
1700963108.573532 60 -1
1700963108.574129 89 1
1700963108.577680 853 -1
1700963108.577680 6283 -1
1700963108.577680 955 -1
1700963108.577792 54 1
1700963108.578265 4856 -1
1700963108.578301 54 1
1700963108.580247 978 -1
1700963108.580247 813 -1
1700963108.580247 976 -1
1700963108.580247 813 -1
1700963108.580247 926 -1
1700963108.580247 5953 -1
1700963108.580247 6704 -1
1700963108.580361 54 1
1700963108.580858 6164 -1
1700963108.580888 54 1
1700963108.581245 901 -1
1700963108.581274 54 1
1700963108.581366 6279 -1
1700963108.581405 54 1
1700963108.592770 959 -1
1700963108.592770 1514 -1
1700963108.592770 4443 -1
1700963108.592885 54 1
1700963110.233780 229 1
1700963110.236789 978 -1
1700963110.236846 7296 -1
1700963110.236873 54 1
1700963110.254710 231 1
1700963110.254828 231 1
1700963110.254911 234 1
1700963110.255018 223 1
1700963110.255104 232 1
1700963110.255450 222 1
1700963110.256672 60 -1
1700963110.261809 931 -1
1700963110.261809 5894 -1
1700963110.261936 54 1
1700963110.262010 7461 -1
1700963110.262085 54 1
1700963110.262582 928 -1
1700963110.262601 54 1
1700963110.262641 1514 -1
1700963110.262758 3974 -1
1700963110.262783 54 1
1700963110.265093 1047 -1
1700963110.265093 734 -1
1700963110.265136 54 1
1700963110.266324 1052 -1
1700963110.266324 731 -1
1700963110.266324 966 -1
1700963110.266353 54 1
1700963110.267305 881 -1
1700963110.267305 1514 -1
1700963110.267331 54 1
1700963110.267358 6079 -1
1700963110.267403 54 1
1700963110.267705 5423 -1
1700963110.267735 54 1
1700963110.268238 1736 -1
1700963110.268280 54 1
1700963110.268515 6467 -1
1700963110.268561 54 1
1700963112.585974 54 1
1700963112.600857 78 -1
1700963112.600857 60 -1
1700963112.600857 60 -1
1700963112.601110 54 1
1700963112.630593 66 1
1700963112.631838 66 -1
1700963112.631956 54 1
1700963112.632466 934 1
1700963112.634227 60 -1
1700963112.635240 318 -1
1700963112.640374 134 1
1700963112.641427 60 -1
1700963112.642329 341 -1
1700963112.644794 146 1
1700963112.645914 578 1
1700963112.645956 60 -1
1700963112.645989 231 1
1700963112.646236 115 -1
1700963112.646236 85 -1
1700963112.646271 54 1
1700963112.646391 232 1
1700963112.646475 231 1
1700963112.646543 231 1
1700963112.646630 223 1
1700963112.647256 60 -1
1700963112.647304 60 -1
1700963112.647578 85 1
1700963112.647610 60 -1
1700963112.647610 60 -1
1700963112.648119 60 -1
1700963112.648119 60 -1
1700963112.648694 60 -1
1700963112.654894 929 -1
1700963112.654894 9923 -1
1700963112.655014 54 1
1700963112.661406 931 -1
1700963112.661406 11057 -1
1700963112.661506 54 1
1700963112.666808 858 -1
1700963112.666874 54 1
1700963112.666937 2974 -1
1700963112.666937 2974 -1
1700963112.666996 54 1
1700963112.667197 1594 -1
1700963112.667225 54 1
1700963112.669282 926 -1
1700963112.669282 5894 -1
1700963112.669346 54 1
1700963112.670243 1997 -1
1700963112.670286 54 1
1700963112.670391 859 -1
1700963112.670420 54 1
1700963112.670476 13256 -1
1700963112.670521 54 1
1700963112.703407 828 -1
1700963112.703407 6372 -1
1700963112.703407 532 -1
1700963112.703558 66 1
1700963117.562715 225 1
1700963117.562790 224 1
1700963117.562891 221 1
1700963117.562993 222 1
1700963117.564200 60 -1
1700963117.565562 60 -1
1700963117.573809 927 -1
1700963117.573809 1514 -1
1700963117.573809 4599 -1
1700963117.573948 54 1
1700963117.578731 953 -1
1700963117.578731 4040 -1
1700963117.578731 928 -1
1700963117.578731 4208 -1
1700963117.578849 54 1
1700963117.603768 927 -1
1700963117.603768 11734 -1
1700963117.603902 54 1
1700963117.604743 3060 -1
1700963117.604798 54 1
1700963119.239608 223 1
1700963119.239700 222 1
1700963119.243434 231 1
1700963119.244653 223 1
1700963119.244756 223 1
1700963119.245360 60 -1
1700963119.248469 897 -1
1700963119.248469 2714 -1
1700963119.248546 54 1
1700963119.254989 89 1
1700963119.265851 857 -1
1700963119.265851 2974 -1
1700963119.265954 54 1
1700963119.266002 2677 -1
1700963119.266040 54 1
1700963119.266402 928 -1
1700963119.266402 7354 -1
1700963119.266440 54 1
1700963119.267374 1362 -1
1700963119.267399 54 1
1700963119.278735 927 -1
1700963119.278735 5285 -1
1700963119.278867 54 1
1700963119.279349 905 -1
1700963119.279399 66 1
1700963119.296402 930 -1
1700963119.296402 3981 -1
1700963119.296518 54 1
1700963121.502893 230 1
1700963121.503004 235 1
1700963121.503097 232 1
1700963121.514331 906 -1
1700963121.514331 8452 -1
1700963121.514453 54 1
1700963121.536541 60 -1
1700963121.536541 1152 -1
1700963121.536541 927 -1
1700963121.536541 8045 -1
1700963121.536541 956 -1
1700963121.536541 5162 -1
1700963121.536660 66 1
1700963121.536754 54 1
1700963122.601260 54 1
1700963122.603509 78 -1
1700963122.603509 60 -1
1700963122.603569 54 1
1700963124.160508 66 1
1700963124.161698 66 -1
1700963124.161797 54 1
1700963124.163090 934 1
1700963124.167239 60 -1
1700963124.168271 318 -1
1700963124.168827 134 1
1700963124.169201 146 1
1700963124.170652 586 1
1700963124.170784 229 1
1700963124.170870 232 1
1700963124.170995 230 1
1700963124.171123 231 1
1700963124.182538 60 -1
1700963124.182538 60 -1
1700963124.182538 341 -1
1700963124.182538 115 -1
1700963124.182538 85 -1
1700963124.182626 54 1
1700963124.183574 85 1
1700963124.183653 60 -1
1700963124.183653 60 -1
1700963124.207018 60 -1
1700963124.207018 60 -1
1700963124.207018 60 -1
1700963124.207018 854 -1
1700963124.207018 7296 -1
1700963124.207018 927 -1
1700963124.207018 5029 -1
1700963124.207018 855 -1
1700963124.207018 4748 -1
1700963124.207018 1053 -1
1700963124.207018 730 -1
1700963124.207018 1573 -1
1700963124.207018 853 -1
1700963124.207018 4434 -1
1700963124.207018 3288 -1
1700963124.207266 54 1
1700963124.209270 60 -1
1700963129.174494 224 1
1700963129.176501 231 1
1700963129.176580 225 1
1700963129.176657 231 1
1700963129.177205 223 1
1700963129.177278 229 1
1700963129.177351 224 1
1700963129.179472 60 -1
1700963129.180610 60 -1
1700963129.180610 60 -1
1700963129.180610 60 -1
1700963129.180610 60 -1
1700963129.180610 60 -1
1700963129.180610 60 -1
1700963129.183847 926 -1
1700963129.183847 7354 -1
1700963129.183959 54 1
1700963129.184014 1021 -1
1700963129.184070 855 -1
1700963129.184326 54 1
1700963129.189262 89 1
1700963129.190498 6384 -1
1700963129.190498 5950 -1
1700963129.190498 909 -1
1700963129.190498 6951 -1
1700963129.190498 959 -1
1700963129.190498 3950 -1
1700963129.190498 934 -1
1700963129.190498 5894 -1
1700963129.190498 7354 -1
1700963129.190498 3320 -1
1700963129.190498 85 -1
1700963129.190498 7354 -1
1700963129.190498 7354 -1
1700963129.190498 929 -1
1700963129.190867 54 1
1700963129.190971 910 -1
1700963129.190971 1514 -1
1700963129.190971 1514 -1
1700963129.190971 3092 -1
1700963129.191023 54 1
1700963129.231373 60 -1
1700963130.913937 232 1
1700963130.917292 222 1
1700963130.918044 60 -1
1700963130.918044 928 -1
1700963130.918044 5168 -1
1700963130.918169 54 1
1700963130.921892 226 1
1700963130.923554 60 -1
1700963130.924758 223 1
1700963130.925886 230 1
1700963130.933043 60 -1
1700963130.933043 854 -1
1700963130.933043 2974 -1
1700963130.933043 5662 -1
1700963130.933043 860 -1
1700963130.933043 6074 -1
1700963130.933174 54 1
1700963130.937299 60 -1
1700963130.938533 910 -1
1700963130.938533 6725 -1
1700963130.938630 54 1
1700963130.938946 860 -1
1700963130.938971 54 1
1700963130.939129 3429 -1
1700963130.939162 54 1
1700963132.574398 222 1
1700963132.585187 856 -1
1700963132.585187 1514 -1
1700963132.585187 3495 -1
1700963132.585307 54 1
1700963132.599897 229 1
1700963132.616121 230 1
1700963132.616230 232 1
1700963132.616331 230 1
1700963132.618551 854 -1
1700963132.618551 4085 -1
1700963132.618622 54 1
1700963132.618739 231 1
1700963132.619723 60 -1
1700963132.622488 60 -1
1700963132.625924 909 -1
1700963132.625924 7354 -1
1700963132.626049 54 1
1700963132.629773 2925 -1
1700963132.629773 903 -1
1700963132.629773 7354 -1
1700963132.629773 7354 -1
1700963132.629773 109 -1
1700963132.629773 909 -1
1700963132.629773 7775 -1
1700963132.629977 66 1
1700963132.630051 66 1
1700963132.630139 54 1
1700963132.630191 54 1
1700963132.632629 964 -1
1700963132.632676 66 1
1700963132.644646 931 -1
1700963132.644854 7354 -1
1700963132.644918 54 1
1700963132.645308 1154 -1
1700963132.689801 54 1
1700963135.123683 234 1
1700963135.124314 235 1
1700963135.127663 60 -1
1700963135.128801 230 1
1700963135.129066 928 -1
1700963135.129113 54 1
1700963135.129376 5530 -1
1700963135.129426 54 1
1700963135.133112 910 -1
1700963135.133112 7354 -1
1700963135.133218 54 1
1700963135.136778 234 1
1700963135.137865 89 1
1700963135.137958 231 1
1700963135.138031 230 1
1700963135.138587 7354 -1
1700963135.138587 1860 -1
1700963135.138587 6949 -1
1700963135.138587 932 -1
1700963135.138587 7354 -1
1700963135.138587 7354 -1
1700963135.138587 1860 -1
1700963135.138587 85 -1
1700963135.138587 251 -1
1700963135.138767 54 1
1700963135.142047 60 -1
1700963135.143888 984 -1
1700963135.143888 4111 -1
1700963135.143984 54 1
1700963135.152189 916 -1
1700963135.152271 54 1
1700963135.152405 7354 -1
1700963135.152439 54 1
1700963135.154219 9116 -1
1700963135.154219 961 -1
1700963135.154219 5339 -1
1700963135.154334 54 1
1700963141.240459 231 1
1700963141.245675 926 -1
1700963141.245804 7354 -1
1700963141.245845 54 1
1700963141.246213 3769 -1
1700963141.246239 54 1
1700963141.246373 230 1
1700963141.246454 234 1
1700963141.246515 234 1
1700963141.247798 229 1
1700963141.247911 230 1
1700963141.248000 232 1
1700963141.248713 60 -1
1700963141.248722 89 1
1700963141.250045 60 -1
1700963141.251818 952 -1
1700963141.251904 2974 -1
1700963141.251923 54 1
1700963141.252006 1514 -1
1700963141.252022 54 1
1700963141.252098 1514 -1
1700963141.252390 2660 -1
1700963141.252412 54 1
1700963141.252763 933 -1
1700963141.252785 54 1
1700963141.252850 1514 -1
1700963141.252907 1514 -1
1700963141.252934 54 1
1700963141.253007 1514 -1
1700963141.253092 2974 -1
1700963141.253109 54 1
1700963141.253340 1514 -1
1700963141.253357 54 1
1700963141.253471 2974 -1
1700963141.253489 54 1
1700963141.253692 1632 -1
1700963141.253710 54 1
1700963141.253813 928 -1
1700963141.253892 5693 -1
1700963141.253920 54 1
1700963141.254378 859 -1
1700963141.254396 54 1
1700963141.254458 5422 -1
1700963141.254492 54 1
1700963141.255523 1034 -1
1700963141.255523 763 -1
1700963141.255554 54 1
1700963141.255684 980 -1
1700963141.255684 814 -1
1700963141.255684 3918 -1
1700963141.255706 54 1
1700963141.258271 6402 -1
1700963141.258318 54 1
1700963142.625949 54 1
1700963142.631928 78 -1
1700963142.631928 60 -1
1700963142.631996 54 1
1700963142.928070 66 1
1700963142.929255 66 -1
1700963142.929357 54 1
1700963142.933698 870 1
1700963142.934795 60 -1
1700963142.935438 318 -1
1700963142.935980 134 1
1700963142.936404 146 1
1700963142.936994 60 -1
1700963142.937131 582 1
1700963142.937239 230 1
1700963142.937410 226 1
1700963142.937494 341 -1
1700963142.937494 60 -1
1700963142.937589 115 -1
1700963142.937589 85 -1
1700963142.937610 54 1
1700963142.937706 229 1
1700963142.937840 228 1
1700963142.937934 230 1
1700963142.938005 228 1
1700963142.938090 227 1
1700963142.938151 60 -1
1700963142.938314 60 -1
1700963142.938347 60 -1
1700963142.938523 85 1
1700963142.938571 60 -1
1700963142.938669 60 -1
1700963142.938843 60 -1
1700963142.938976 60 -1
1700963142.938976 60 -1
1700963142.939426 60 -1
1700963142.946953 1173 -1
1700963142.946953 479 -1
1700963142.947027 54 1
1700963142.947252 7354 -1
1700963142.947315 54 1
1700963142.947651 1514 -1
1700963142.947675 54 1
1700963142.947771 7700 -1
1700963142.947795 54 1
1700963142.948425 2850 -1
1700963142.948461 54 1
1700963142.948636 1171 -1
1700963142.948731 482 -1
1700963142.948747 54 1
1700963142.948780 7354 -1
1700963142.948814 54 1
1700963142.949354 1542 -1
1700963142.949378 54 1
1700963142.950759 1193 -1
1700963142.950798 54 1
1700963142.950928 1173 -1
1700963142.950928 481 -1
1700963142.950928 452 -1
1700963142.950962 54 1
1700963142.951655 2974 -1
1700963142.951694 54 1
1700963142.951831 4934 -1
1700963142.951875 54 1
1700963142.952197 7354 -1
1700963142.952253 54 1
1700963142.952805 206 -1
1700963142.952805 1593 -1
1700963142.952848 54 1
1700963142.952936 1514 -1
1700963142.952959 54 1
1700963142.953037 4699 -1
1700963142.953060 54 1
1700963142.953601 1170 -1
1700963142.953601 479 -1
1700963142.953643 54 1
1700963142.954040 7354 -1
1700963142.954087 54 1
1700963142.954506 878 -1
1700963142.954534 54 1
1700963142.961544 1164 -1
1700963142.961544 493 -1
1700963142.961615 54 1
1700963142.962612 1173 -1
1700963142.962612 483 -1
1700963142.962639 54 1
1700963142.963162 5909 -1
1700963142.963216 54 1
1700963142.963722 6356 -1
1700963142.963771 54 1
1700963144.605293 230 1
1700963144.609066 60 -1
1700963144.609501 229 1
1700963144.610707 60 -1
1700963144.611600 229 1
1700963144.612441 229 1
1700963144.613897 228 1
1700963144.613986 228 1
1700963144.614284 220 1
1700963144.614512 60 -1
1700963144.614512 60 -1
1700963144.614607 227 1
1700963144.614835 60 -1
1700963144.615407 60 -1
1700963144.615458 60 -1
1700963144.615840 60 -1
1700963144.633991 1170 -1
1700963144.634168 487 -1
1700963144.634168 1174 -1
1700963144.634168 481 -1
1700963144.634168 1170 -1
1700963144.634168 482 -1
1700963144.634168 1174 -1
1700963144.634168 5140 -1
1700963144.634271 54 1
1700963144.634392 478 -1
1700963144.634392 7791 -1
1700963144.634453 54 1
1700963144.634845 1593 -1
1700963144.634878 54 1
1700963144.634949 8814 -1
1700963144.634999 54 1
1700963144.635662 7700 -1
1700963144.635690 54 1
1700963144.636385 208 -1
1700963144.638905 3646 -1
1700963144.638968 54 1
1700963144.639222 5446 -1
1700963144.639258 54 1
1700963144.639444 1175 -1
1700963144.639615 482 -1
1700963144.639646 54 1
1700963144.643627 1174 -1
1700963144.643627 480 -1
1700963144.643627 5035 -1
1700963144.643719 54 1
1700963144.650357 4184 -1
1700963144.650357 1174 -1
1700963144.650357 483 -1
1700963144.650479 54 1
1700963144.652406 3563 -1
1700963144.652448 54 1
1700963146.258621 228 1
1700963146.258761 220 1
1700963146.259033 222 1
1700963146.260732 60 -1
1700963146.263618 220 1
1700963146.264058 228 1
1700963146.264568 220 1
1700963146.265777 220 1
1700963146.265870 228 1
1700963146.266811 60 -1
1700963146.274060 1172 -1
1700963146.274060 480 -1
1700963146.274060 1192 -1
1700963146.274060 454 -1
1700963146.274060 3342 -1
1700963146.274169 54 1
1700963146.274416 1199 -1
1700963146.274416 4138 -1
1700963146.274461 54 1
1700963146.274608 445 -1
1700963146.274635 54 1
1700963146.274716 1199 -1
1700963146.274767 442 -1
1700963146.274913 54 1
1700963146.274960 7354 -1
1700963146.274985 54 1
1700963146.276549 794 -1
1700963146.276549 5748 -1
1700963146.276812 54 1
1700963146.277314 1172 -1
1700963146.277314 482 -1
1700963146.277365 54 1
1700963146.278485 5630 -1
1700963146.278558 54 1
1700963146.281635 1603 -1
1700963146.281635 6667 -1
1700963146.281730 54 1
1700963146.283250 1175 -1
1700963146.283250 480 -1
1700963146.283310 54 1
1700963146.285805 4434 -1
1700963146.285875 54 1
1700963146.286029 2753 -1
1700963146.286092 54 1
1700963146.289036 1200 -1
1700963146.289036 448 -1
1700963146.289096 54 1
1700963146.291786 6312 -1
1700963146.291862 54 1
1700963148.907289 231 1
1700963148.912597 223 1
1700963148.913296 229 1
1700963148.920897 1164 -1
1700963148.920897 488 -1
1700963148.920897 2279 -1
1700963148.921008 54 1
1700963148.922901 60 -1
1700963148.932779 222 1
1700963148.934521 221 1
1700963148.935947 227 1
1700963148.936094 60 -1
1700963148.936578 227 1
1700963148.938902 232 1
1700963148.939196 60 -1
1700963148.941576 89 1
1700963148.946722 1174 -1
1700963148.946722 1592 -1
1700963148.946722 486 -1
1700963148.946722 1202 -1
1700963148.946722 444 -1
1700963148.946722 6251 -1
1700963148.946866 54 1
1700963148.946952 7354 -1
1700963148.946992 54 1
1700963148.947619 1971 -1
1700963148.947651 54 1
1700963148.951757 1173 -1
1700963148.951757 479 -1
1700963148.951757 4853 -1
1700963148.951757 1173 -1
1700963148.951757 485 -1
1700963148.951757 5316 -1
1700963148.951915 54 1
1700963148.961661 1179 -1
1700963148.961661 473 -1
1700963148.961753 54 1
1700963148.961843 6344 -1
1700963148.961883 54 1
1700963148.965856 1143 -1
1700963148.965856 523 -1
1700963148.965856 1514 -1
1700963148.965856 1354 -1
1700963148.965934 54 1
1700963149.366382 54 1
1700963149.367863 78 -1
1700963149.367863 60 -1
1700963149.367915 54 1
