1700964146.999378 66 1
1700964146.999841 66 1
1700964147.002806 66 -1
1700964147.002897 54 1
1700964147.005321 663 1
1700964147.005473 66 -1
1700964147.005567 54 1
1700964147.006376 60 -1
1700964147.007592 631 1
1700964147.008725 60 -1
1700964147.019029 2777 -1
1700964147.019122 54 1
1700964147.019618 2778 -1
1700964147.019666 54 1
1700964147.036641 134 1
1700964147.037424 134 1
1700964147.037769 60 -1
1700964147.038411 60 -1
1700964147.038528 341 -1
1700964147.038528 341 -1
1700964147.038564 54 1
1700964147.038673 341 -1
1700964147.038793 341 -1
1700964147.038821 54 1
1700964147.041989 54 1
1700964147.042848 146 1
1700964147.043402 93 -1
1700964147.043402 78 -1
1700964147.043402 60 -1
1700964147.043462 54 1
1700964147.043657 586 1
1700964147.043778 232 1
1700964147.043981 60 -1
1700964147.043981 115 -1
1700964147.043981 85 -1
1700964147.044037 54 1
1700964147.044688 60 -1
1700964147.044783 85 1
1700964147.044874 60 -1
1700964147.045982 60 -1
1700964147.052459 925 -1
1700964147.052459 6858 -1
1700964147.052584 54 1
1700964147.053778 1048 -1
1700964147.053778 733 -1
1700964147.053778 2008 -1
1700964147.053818 54 1
1700964147.113339 229 1
1700964147.128423 1051 -1
1700964147.128487 732 -1
1700964147.128522 54 1
1700964147.129197 5475 -1
1700964147.129371 54 1
1700964147.198913 235 1
1700964147.199052 236 1
1700964147.205645 60 -1
1700964147.208081 926 -1
1700964147.208081 5110 -1
1700964147.208176 54 1
1700964147.210379 1052 -1
1700964147.210424 54 1
1700964147.210469 731 -1
1700964147.210469 2561 -1
1700964147.210512 54 1
1700964147.257618 230 1
1700964147.257716 229 1
1700964147.257783 234 1
1700964147.257900 231 1
1700964147.258003 234 1
1700964147.258174 231 1
1700964147.258263 230 1
1700964147.296321 60 -1
1700964147.296321 874 -1
1700964147.296321 4897 -1
1700964147.296321 999 -1
1700964147.296321 782 -1
1700964147.296321 885 -1
1700964147.296321 5849 -1
1700964147.296321 7147 -1
1700964147.296321 1708 -1
1700964147.296321 1886 -1
1700964147.296321 426 -1
1700964147.296321 60 -1
1700964147.296498 66 1
1700964147.302284 1054 -1
1700964147.302284 725 -1
1700964147.302284 1003 -1
1700964147.302284 3417 -1
1700964147.302284 4454 -1
1700964147.302371 54 1
1700964147.308843 908 -1
1700964147.308843 5225 -1
1700964147.308884 54 1
1700964147.329793 845 -1
1700964147.329828 66 1
1700964147.381644 66 1
1700964147.382453 66 1
1700964147.382924 66 1
1700964147.470843 66 1
1700964147.472069 66 1
1700964147.474271 66 1
1700964147.483075 66 -1
1700964147.483250 54 1
1700964147.483457 66 -1
1700964147.483534 54 1
1700964147.485696 614 1
1700964147.485891 66 -1
1700964147.486317 54 1
1700964147.487123 678 1
1700964147.488913 678 1
1700964147.571110 66 -1
1700964147.571266 54 1
1700964147.573317 614 1
1700964147.587578 60 -1
1700964147.587723 2974 -1
1700964147.587772 54 1
1700964147.587818 1230 -1
1700964147.588469 60 -1
1700964147.589029 2974 -1
1700964147.589078 54 1
1700964147.589570 1514 -1
1700964147.589601 54 1
1700964147.596237 66 -1
1700964147.596237 60 -1
1700964147.596237 2974 -1
1700964147.596237 1230 -1
1700964147.596237 1514 -1
1700964147.596442 54 1
1700964147.596501 54 1
1700964147.601046 614 1
1700964147.604687 1230 -1
1700964147.604687 1514 -1
1700964147.604687 66 -1
1700964147.604793 54 1
1700964147.604955 54 1
1700964147.671759 60 -1
1700964147.672235 2974 -1
1700964147.672306 54 1
1700964147.672366 1230 -1
1700964147.673872 1514 -1
1700964147.673900 54 1
1700964147.688515 582 1
1700964147.689791 226 -1
1700964147.693703 66 1
1700964147.697198 226 -1
1700964147.704061 226 -1
1700964147.716250 60 -1
1700964147.716250 2974 -1
1700964147.716250 1230 -1
1700964147.716250 1514 -1
1700964147.716379 54 1
1700964147.732298 134 1
1700964147.732682 134 1
1700964147.733020 134 1
1700964147.734229 54 1
1700964147.734851 146 1
1700964147.734944 54 1
1700964147.735105 54 1
1700964147.735276 54 1
1700964147.736033 146 1
1700964147.739802 513 1
1700964147.739923 176 1
1700964147.740024 171 1
1700964147.740120 170 1
1700964147.740250 168 1
1700964147.740404 472 1
1700964147.740544 170 1
1700964147.742381 66 1
1700964147.771737 226 -1
1700964147.771837 54 1
1700964147.796496 66 -1
1700964147.798665 60 -1
1700964147.799415 2974 -1
1700964147.799415 1230 -1
1700964147.799481 54 1
1700964147.801170 1514 -1
1700964147.826726 226 -1
1700964147.826818 54 1
1700964147.832381 60 -1
1700964147.832461 60 -1
1700964147.833057 60 -1
1700964147.833314 60 -1
1700964147.835033 60 -1
1700964147.836110 60 -1
1700964147.839869 60 -1
1700964147.840146 60 -1
1700964147.840146 357 -1
1700964147.840146 357 -1
1700964147.840146 60 -1
1700964147.840146 60 -1
1700964147.840540 54 1
1700964147.840682 60 -1
1700964147.840809 60 -1
1700964147.840809 60 -1
1700964147.841674 357 -1
1700964147.841735 54 1
1700964147.841802 357 -1
1700964147.842638 357 -1
1700964147.842638 357 -1
1700964147.842685 54 1
1700964147.845541 226 -1
1700964147.845548 60 -1
1700964147.846494 93 -1
1700964147.846782 78 -1
1700964147.846782 60 -1
1700964147.847321 115 -1
1700964147.847321 969 -1
1700964147.847374 54 1
1700964147.847773 115 -1
1700964147.847773 972 -1
1700964147.847773 2974 -1
1700964147.847773 2974 -1
1700964147.847807 54 1
1700964147.847815 54 1
1700964147.848111 85 1
1700964147.848478 85 1
1700964147.848867 2974 -1
1700964147.848897 54 1
1700964147.849553 2974 -1
1700964147.849593 54 1
1700964147.850716 2974 -1
1700964147.850744 54 1
1700964147.851050 2974 -1
1700964147.851078 54 1
1700964147.852235 2974 -1
1700964147.852306 54 1
1700964147.852745 1514 -1
1700964147.852745 1514 -1
1700964147.852771 54 1
1700964147.853786 2974 -1
1700964147.853824 54 1
1700964147.854481 2974 -1
1700964147.854506 54 1
1700964147.855538 2974 -1
1700964147.855564 54 1
1700964147.856256 2078 -1
1700964147.856288 54 1
1700964147.857318 2974 -1
1700964147.857346 54 1
1700964147.857938 66 -1
1700964147.858047 54 1
1700964147.858760 2974 -1
1700964147.858786 54 1
1700964147.860374 2974 -1
1700964147.860407 54 1
1700964147.862455 2974 -1
1700964147.862504 54 1
1700964147.863407 631 1
1700964147.863753 2974 -1
1700964147.863930 54 1
1700964147.865397 2974 -1
1700964147.865440 54 1
1700964147.867435 2974 -1
1700964147.867483 54 1
1700964147.869103 2974 -1
1700964147.869145 54 1
1700964147.871939 2974 -1
1700964147.871999 54 1
1700964147.872111 2974 -1
1700964147.872144 54 1
1700964147.873660 2974 -1
1700964147.873719 54 1
1700964147.875513 2974 -1
1700964147.875564 54 1
1700964147.877116 2974 -1
1700964147.877177 54 1
1700964147.878674 2974 -1
1700964147.878729 54 1
1700964147.881972 1514 -1
1700964147.881972 1514 -1
1700964147.882053 54 1
1700964147.940714 2974 -1
1700964147.940806 54 1
1700964147.941571 2974 -1
1700964147.941611 54 1
1700964147.948039 2974 -1
1700964147.948113 54 1
1700964147.948842 60 -1
1700964147.948878 1514 -1
1700964147.948878 1514 -1
1700964147.948912 54 1
1700964147.950478 2974 -1
1700964147.950510 54 1
1700964147.952382 60 -1
1700964147.952382 2974 -1
1700964147.952444 54 1
1700964147.953821 2974 -1
1700964147.953865 54 1
1700964147.955501 1514 -1
1700964147.955501 1514 -1
1700964147.955556 54 1
1700964147.957384 2974 -1
1700964147.957436 54 1
1700964147.958858 2974 -1
1700964147.958884 54 1
1700964147.960650 1514 -1
1700964147.960650 1514 -1
1700964147.960698 54 1
1700964147.962101 2974 -1
1700964147.962144 54 1
1700964147.963771 2974 -1
1700964147.963813 54 1
1700964147.965553 2974 -1
1700964147.965599 54 1
1700964147.967008 2974 -1
1700964147.967059 54 1
1700964147.968710 2974 -1
1700964147.968754 54 1
1700964147.970760 2974 -1
1700964147.970816 54 1
1700964147.972016 2974 -1
1700964147.972067 54 1
1700964147.973678 2974 -1
1700964147.973735 54 1
1700964147.974175 60 -1
1700964147.975660 2974 -1
1700964147.975720 54 1
1700964147.976047 2974 -1
1700964147.976047 956 -1
1700964147.976103 54 1
1700964147.976968 2974 -1
1700964147.977001 54 1
1700964147.979385 2974 -1
1700964147.979448 54 1
1700964147.981346 134 1
1700964147.981775 2974 -1
1700964147.981820 54 1
1700964147.981885 146 1
1700964147.982018 2974 -1
1700964147.982041 54 1
1700964147.982274 563 1
1700964147.983692 2974 -1
1700964147.983738 54 1
1700964147.985786 2974 -1
1700964147.985834 54 1
1700964147.986889 2974 -1
1700964147.986920 54 1
1700964147.990810 2974 -1
1700964147.990810 2974 -1
1700964147.990901 54 1
1700964147.991894 2974 -1
1700964147.991943 54 1
1700964147.993464 2974 -1
1700964147.993501 54 1
1700964147.995182 2974 -1
1700964147.995213 54 1
1700964147.996784 2974 -1
1700964147.996885 54 1
1700964147.998563 2974 -1
1700964147.998600 54 1
1700964148.000127 2974 -1
1700964148.000187 54 1
1700964148.001754 2974 -1
1700964148.001797 54 1
1700964148.003519 2974 -1
1700964148.003549 54 1
1700964148.005128 2974 -1
1700964148.005298 54 1
1700964148.006786 2974 -1
1700964148.006818 54 1
1700964148.008457 2974 -1
1700964148.008485 54 1
1700964148.010074 1514 -1
1700964148.010074 1514 -1
1700964148.010126 54 1
1700964148.011636 2974 -1
1700964148.011673 54 1
1700964148.013435 2974 -1
1700964148.013477 54 1
1700964148.015000 2974 -1
1700964148.015200 54 1
1700964148.016658 2974 -1
1700964148.016705 54 1
1700964148.018366 2974 -1
1700964148.018405 54 1
1700964148.040915 2974 -1
1700964148.040979 54 1
1700964148.041706 2974 -1
1700964148.041732 54 1
1700964148.043367 2974 -1
1700964148.043440 54 1
1700964148.044622 2974 -1
1700964148.044826 54 1
1700964148.048297 2974 -1
1700964148.048340 54 1
1700964148.048913 2974 -1
1700964148.048938 54 1
1700964148.050509 2974 -1
1700964148.050538 54 1
1700964148.051833 2974 -1
1700964148.051856 54 1
1700964148.053399 2974 -1
1700964148.053449 54 1
1700964148.054744 1514 -1
1700964148.054956 1514 -1
1700964148.054981 54 1
1700964148.056436 2974 -1
1700964148.056532 54 1
1700964148.057630 1514 -1
1700964148.057668 1514 -1
1700964148.057685 54 1
1700964148.059055 1514 -1
1700964148.059055 1514 -1
1700964148.059541 54 1
1700964148.060516 2974 -1
1700964148.060546 54 1
1700964148.062032 2974 -1
1700964148.062073 54 1
1700964148.063336 2974 -1
1700964148.063370 54 1
1700964148.064757 2974 -1
1700964148.064778 54 1
1700964148.066119 2974 -1
1700964148.066141 54 1
1700964148.067549 2974 -1
1700964148.067571 54 1
1700964148.069135 2974 -1
1700964148.069403 54 1
1700964148.070467 2974 -1
1700964148.070591 54 1
1700964148.072009 2974 -1
1700964148.072050 54 1
1700964148.073883 2974 -1
1700964148.073946 54 1
1700964148.074681 2974 -1
1700964148.074727 54 1
1700964148.076019 2974 -1
1700964148.076054 54 1
1700964148.078245 2974 -1
1700964148.078330 54 1
1700964148.079111 2974 -1
1700964148.079411 54 1
1700964148.080534 2974 -1
1700964148.080586 54 1
1700964148.081606 2974 -1
1700964148.081655 54 1
1700964148.083094 2974 -1
1700964148.083148 54 1
1700964148.089077 2974 -1
1700964148.089077 2974 -1
1700964148.089077 2974 -1
1700964148.089077 1152 -1
1700964148.089349 54 1
1700964148.097880 60 -1
1700964148.097880 60 -1
1700964148.097880 60 -1
1700964148.098018 341 -1
1700964148.098018 341 -1
1700964148.098083 54 1
1700964148.100686 115 -1
1700964148.100686 85 -1
1700964148.100748 54 1
1700964148.101106 85 1
1700964148.101742 1100 -1
1700964148.101783 54 1
1700964148.102022 599 -1
1700964148.102046 54 1
1700964148.102517 2047 -1
1700964148.102556 54 1
1700964148.186906 198 1
1700964148.211916 60 -1
1700964148.293406 60 -1
1700964148.294754 1002 -1
1700964148.294819 2974 -1
1700964148.294868 54 1
1700964148.302427 2974 -1
1700964148.302427 2974 -1
1700964148.302427 2974 -1
1700964148.302427 2974 -1
1700964148.302427 2974 -1
1700964148.302427 2974 -1
1700964148.302427 1585 -1
1700964148.302649 54 1
1700964148.823170 66 -1
1700964149.075176 54 1
1700964149.075577 54 1
1700964149.075751 54 1
1700964149.075930 54 1
1700964149.076912 78 -1
1700964149.076912 60 -1
1700964149.076981 54 1
1700964149.176956 78 -1
1700964149.176956 60 -1
1700964149.176958 78 -1
1700964149.176958 60 -1
1700964149.177010 54 1
1700964149.177011 54 1
1700964149.187637 78 -1
1700964149.187637 60 -1
1700964149.187742 54 1
1700964149.477439 66 1
1700964149.507047 66 1
1700964149.593661 66 -1
1700964149.593797 54 1
1700964149.595029 933 1
1700964149.608911 66 -1
1700964149.609075 54 1
1700964149.609904 933 1
1700964149.704065 60 -1
1700964149.704373 318 -1
1700964149.708593 60 -1
1700964149.708836 318 -1
1700964149.713067 134 1
1700964149.730373 134 1
1700964149.736597 146 1
1700964149.736959 146 1
1700964149.737355 580 1
1700964149.737988 479 1
1700964149.738126 160 1
1700964149.738255 159 1
1700964149.738349 162 1
1700964149.738424 161 1
1700964149.738555 161 1
1700964149.830629 60 -1
1700964149.830629 357 -1
1700964149.832239 60 -1
1700964149.832239 357 -1
1700964149.835568 60 -1
1700964149.835568 115 -1
1700964149.835568 85 -1
1700964149.835664 54 1
1700964149.836117 60 -1
1700964149.836625 60 -1
1700964149.836625 60 -1
1700964149.836625 60 -1
1700964149.836625 60 -1
1700964149.836675 60 -1
1700964149.836893 85 1
1700964149.839534 722 -1
1700964149.839534 265 -1
1700964149.839616 54 1
1700964149.840697 855 -1
1700964149.840697 268 -1
1700964149.840729 60 -1
1700964149.840729 115 -1
1700964149.840729 85 -1
1700964149.840749 54 1
1700964149.840797 54 1
1700964149.840975 60 -1
1700964149.841582 85 1
1700964149.841787 1000 -1
1700964149.841832 54 1
1700964149.842109 854 -1
1700964149.842114 1791 -1
1700964149.842136 54 1
1700964149.842142 54 1
1700964149.842450 266 -1
1700964149.842450 855 -1
1700964149.842483 54 1
1700964149.842852 265 -1
1700964149.842874 54 1
1700964149.842931 855 -1
1700964149.842947 54 1
1700964149.843515 1275 -1
1700964149.843549 54 1
1700964149.976928 60 -1
1700964149.986056 60 -1
1700964150.875995 66 -1
1700964152.370638 165 1
1700964152.494983 60 -1
1700964152.494983 939 -1
1700964152.494983 2974 -1
1700964152.494983 2974 -1
1700964152.494983 2974 -1
1700964152.494983 2974 -1
1700964152.494983 2974 -1
1700964152.494983 2974 -1
1700964152.494983 2974 -1
1700964152.495150 54 1
1700964152.505240 2974 -1
1700964152.505240 2974 -1
1700964152.505240 2974 -1
1700964152.505240 2974 -1
1700964152.505240 2974 -1
1700964152.505240 1514 -1
1700964152.505240 1514 -1
1700964152.505240 2974 -1
1700964152.505404 54 1
1700964152.506700 2974 -1
1700964152.506741 54 1
1700964152.508457 2974 -1
1700964152.508506 54 1
1700964152.510108 2974 -1
1700964152.510170 54 1
1700964152.511877 2974 -1
1700964152.511934 54 1
1700964152.516521 2974 -1
1700964152.516521 2974 -1
1700964152.516608 54 1
1700964152.517418 2974 -1
1700964152.517450 54 1
1700964152.521687 2974 -1
1700964152.521687 2974 -1
1700964152.521780 54 1
1700964152.522652 2974 -1
1700964152.522683 54 1
1700964152.527479 2974 -1
1700964152.527479 1514 -1
1700964152.527562 54 1
1700964152.607789 2974 -1
1700964152.607883 54 1
1700964152.608405 884 -1
1700964152.648103 54 1
1700964154.345274 165 1
1700964154.443401 60 -1
1700964154.458239 938 -1
1700964154.458524 2974 -1
1700964154.458555 54 1
1700964154.460108 802 -1
1700964154.460136 54 1
1700964154.909021 66 -1
1700964154.948558 170 1
1700964155.034247 66 1
1700964155.034709 66 1
1700964155.035156 66 1
1700964155.045568 66 -1
1700964155.045568 66 -1
1700964155.045824 66 -1
1700964155.045906 54 1
1700964155.045906 54 1
1700964155.045944 54 1
1700964155.046931 606 1
1700964155.047935 60 -1
1700964155.049102 574 1
1700964155.049650 574 1
1700964155.050175 60 -1
1700964155.050724 60 -1
1700964155.052188 60 -1
1700964155.052976 966 -1
1700964155.053253 2741 -1
1700964155.053284 54 1
1700964155.059591 2771 -1
1700964155.059770 54 1
1700964155.059899 2771 -1
1700964155.059938 54 1
1700964155.061142 2771 -1
1700964155.061182 54 1
1700964155.074891 134 1
1700964155.075627 134 1
1700964155.076381 134 1
1700964155.077493 54 1
1700964155.077687 54 1
1700964155.077830 89 1
1700964155.082049 60 -1
1700964155.082049 357 -1
1700964155.082049 341 -1
1700964155.082049 93 -1
1700964155.082136 54 1
1700964155.083547 146 1
1700964155.084160 397 1
1700964155.084264 164 1
1700964155.084343 164 1
1700964155.085053 78 -1
1700964155.085053 60 -1
1700964155.088325 60 -1
1700964155.088325 60 -1
1700964155.088325 60 -1
1700964155.088325 60 -1
1700964155.088325 60 -1
1700964155.088325 60 -1
1700964155.088325 341 -1
1700964155.088325 357 -1
1700964155.088492 54 1
1700964155.090291 93 -1
1700964155.090291 78 -1
1700964155.090291 60 -1
1700964155.101527 341 -1
1700964155.101527 357 -1
1700964155.101527 115 -1
1700964155.101527 85 -1
1700964155.101527 914 -1
1700964155.101527 6097 -1
1700964155.101527 970 -1
1700964155.101527 6314 -1
1700964155.101527 1514 -1
1700964155.101527 4060 -1
1700964155.101848 54 1
1700964155.108877 85 1
1700964155.109967 60 -1
1700964155.184927 60 -1
1700964155.218667 164 1
1700964155.218838 164 1
1700964155.219148 164 1
1700964155.219755 60 -1
1700964155.228441 1022 -1
1700964155.228441 14195 -1
1700964155.228441 961 -1
1700964155.228441 9094 -1
1700964155.228441 1024 -1
1700964155.228441 1514 -1
1700964155.228441 8652 -1
1700964155.229576 54 1
1700964155.438841 164 1
1700964155.439412 146 1
1700964155.439903 146 1
1700964155.439920 60 -1
1700964155.440716 60 -1
1700964155.441178 60 -1
1700964155.449601 1051 -1
1700964155.449601 7354 -1
1700964155.449601 6560 -1
1700964155.449601 990 -1
1700964155.449601 5738 -1
1700964155.449601 7354 -1
1700964155.449601 2582 -1
1700964155.449763 54 1
1700964155.567826 146 1
1700964155.570915 1064 -1
1700964155.570915 7354 -1
1700964155.571028 54 1
1700964155.579391 5074 -1
1700964155.579466 54 1
1700964155.605495 146 1
1700964155.605620 146 1
1700964155.619517 153 1
1700964155.622467 60 -1
1700964155.622467 1068 -1
1700964155.622467 10274 -1
1700964155.622467 6240 -1
1700964155.622467 3703 -1
1700964155.622467 7354 -1
1700964155.622467 7354 -1
1700964155.622467 2819 -1
1700964155.622467 7354 -1
1700964155.622654 54 1
1700964155.622737 3845 -1
1700964155.622771 54 1
1700964155.628377 911 -1
1700964155.628377 3128 -1
1700964155.628490 54 1
1700964155.659518 153 1
1700964155.659625 153 1
1700964155.661060 60 -1
1700964155.663868 1043 -1
1700964155.663975 3844 -1
1700964155.664017 54 1
1700964155.664199 1037 -1
1700964155.664199 3635 -1
1700964155.664255 54 1
1700964155.758324 163 1
1700964155.765011 972 -1
1700964155.765120 7354 -1
1700964155.765179 54 1
1700964155.770108 7354 -1
1700964155.770108 1860 -1
1700964155.770108 2481 -1
1700964155.770235 54 1
1700964155.778680 162 1
1700964155.787106 1051 -1
1700964155.787106 1514 -1
1700964155.787106 7354 -1
1700964155.787106 7700 -1
1700964155.787106 1514 -1
1700964155.787106 5562 -1
1700964155.787290 54 1
1700964156.065869 164 1
1700964156.176600 60 -1
1700964156.176600 938 -1
1700964156.176600 2974 -1
1700964156.176600 2974 -1
1700964156.176600 1514 -1
1700964156.176600 103 -1
1700964156.176724 54 1
1700964157.201556 66 1
1700964157.202987 66 -1
1700964157.203108 54 1
1700964157.206735 934 1
1700964157.207900 60 -1
1700964157.208703 318 -1
1700964157.209714 134 1
1700964157.210030 146 1
1700964157.210898 587 1
1700964157.210971 230 1
1700964157.211032 232 1
1700964157.211856 60 -1
1700964157.211856 341 -1
1700964157.211856 60 -1
1700964157.211856 115 -1
1700964157.211856 85 -1
1700964157.211920 54 1
1700964157.212198 85 1
1700964157.212611 60 -1
1700964157.212611 60 -1
1700964157.212611 60 -1
1700964157.213534 60 -1
1700964157.217372 928 -1
1700964157.217372 6947 -1
1700964157.217474 54 1
1700964157.218785 977 -1
1700964157.218785 813 -1
1700964157.218843 54 1
1700964157.220086 1795 -1
1700964157.220167 54 1
1700964157.233822 927 -1
1700964157.233822 2974 -1
1700964157.233822 2902 -1
1700964157.233929 54 1
1700964159.107140 54 1
1700964159.107873 54 1
1700964159.108010 54 1
1700964159.109424 54 1
1700964159.110528 78 -1
1700964159.110528 60 -1
1700964159.110631 54 1
1700964159.124198 78 -1
1700964159.124198 60 -1
1700964159.124616 54 1
1700964159.210712 78 -1
1700964159.210712 60 -1
1700964159.210811 54 1
1700964159.211879 78 -1
1700964159.211879 60 -1
1700964159.211925 54 1
1700964160.725164 66 1
1700964160.726500 66 -1
1700964160.726607 54 1
1700964160.727066 934 1
1700964160.731644 60 -1
1700964160.732194 318 -1
1700964160.732608 134 1
1700964160.733380 146 1
1700964160.733577 60 -1
1700964160.733784 341 -1
1700964160.734040 584 1
1700964160.734125 230 1
1700964160.734506 60 -1
1700964160.735350 60 -1
1700964160.735350 60 -1
1700964160.735445 234 1
1700964160.735895 234 1
1700964160.736473 60 -1
1700964160.737478 60 -1
1700964160.737951 115 -1
1700964160.737951 85 -1
1700964160.737951 928 -1
1700964160.737984 54 1
1700964160.738018 7354 -1
1700964160.738046 54 1
1700964160.738297 85 1
1700964160.738606 3015 -1
1700964160.738634 54 1
1700964160.740769 60 -1
1700964160.741891 1055 -1
1700964160.741891 724 -1
1700964160.741891 854 -1
1700964160.741891 7258 -1
1700964160.741940 54 1
1700964160.742440 950 -1
1700964160.742481 54 1
1700964160.742529 5802 -1
1700964160.742566 54 1
1700964160.742997 5072 -1
1700964160.743036 54 1
1700964162.265931 231 1
1700964162.267788 230 1
1700964162.267881 231 1
1700964162.273151 60 -1
1700964162.273927 978 -1
1700964162.273927 811 -1
1700964162.273927 10852 -1
1700964162.273992 54 1
1700964162.274627 980 -1
1700964162.274627 806 -1
1700964162.274627 7354 -1
1700964162.274686 54 1
1700964162.275136 6032 -1
1700964162.275172 54 1
1700964162.285997 959 -1
1700964162.285997 843 -1
1700964162.286112 54 1
1700964162.286460 6862 -1
1700964162.286504 54 1
1700964163.295624 66 -1
1700964163.868472 234 1
1700964163.868602 234 1
1700964163.870482 229 1
1700964163.870557 60 -1
1700964163.870708 231 1
1700964163.870806 231 1
1700964163.873224 60 -1
1700964163.874807 831 -1
1700964163.874807 5296 -1
1700964163.874903 54 1
1700964163.876804 855 -1
1700964163.876804 1085 -1
1700964163.876881 54 1
1700964163.877898 971 -1
1700964163.877898 2783 -1
1700964163.877941 54 1
1700964163.883624 1050 -1
1700964163.883624 734 -1
1700964163.883624 2762 -1
1700964163.883728 54 1
1700964163.894460 981 -1
1700964163.894460 806 -1
1700964163.894547 54 1
1700964163.908121 7354 -1
1700964163.908227 54 1
1700964163.908624 7354 -1
1700964163.908668 54 1
1700964163.909251 1860 -1
1700964163.909455 54 1
1700964163.909499 7354 -1
1700964163.909533 54 1
1700964163.910044 7354 -1
1700964163.910087 54 1
1700964163.910590 1891 -1
1700964163.910619 54 1
1700964163.910655 761 -1
1700964163.952595 54 1
1700964166.030640 230 1
1700964166.030714 232 1
1700964166.030813 234 1
1700964166.030997 232 1
1700964166.037621 60 -1
1700964166.047002 1128 -1
1700964166.047002 623 -1
1700964166.047002 1082 -1
1700964166.047002 692 -1
1700964166.047109 54 1
1700964166.047953 2022 -1
1700964166.047953 1747 -1
1700964166.048006 54 1
1700964166.048771 4591 -1
1700964166.048842 54 1
1700964166.049051 7502 -1
1700964166.049098 54 1
1700964166.053882 89 1
1700964166.054946 929 -1
1700964166.054946 6347 -1
1700964166.055020 54 1
1700964166.096768 60 -1
1700964167.593255 224 1
1700964167.595212 231 1
1700964167.595817 223 1
1700964167.599963 60 -1
1700964167.601010 60 -1
1700964167.601010 60 -1
1700964167.602965 857 -1
1700964167.602965 5894 -1
1700964167.603031 54 1
1700964167.603324 5453 -1
1700964167.603362 54 1
1700964167.622508 823 -1
1700964167.622508 6634 -1
1700964167.622508 6038 -1
1700964167.622638 54 1
1700964169.125860 54 1
1700964169.127204 78 -1
1700964169.127204 60 -1
1700964169.127243 54 1
1700964169.200752 66 1
1700964169.202022 66 -1
1700964169.202095 54 1
1700964169.203123 966 1
1700964169.205644 60 -1
1700964169.205644 318 -1
1700964169.206571 134 1
1700964169.207022 146 1
1700964169.207264 587 1
1700964169.209868 60 -1
1700964169.209868 60 -1
1700964169.209868 341 -1
1700964169.209868 115 -1
1700964169.209868 85 -1
1700964169.209868 60 -1
1700964169.210127 54 1
1700964169.212546 85 1
1700964169.213635 60 -1
1700964169.223596 1105 -1
1700964169.223596 658 -1
1700964169.223596 5499 -1
1700964169.223709 54 1
1700964171.320689 234 1
1700964171.320805 232 1
1700964171.320877 224 1
1700964171.321292 231 1
1700964171.325755 60 -1
1700964171.325755 60 -1
1700964171.326708 60 -1
1700964171.326708 60 -1
1700964171.334277 1056 -1
1700964171.334277 705 -1
1700964171.334277 1051 -1
1700964171.334277 731 -1
1700964171.334489 54 1
1700964171.335428 7354 -1
1700964171.335487 54 1
1700964171.335800 2004 -1
1700964171.335829 54 1
1700964171.336020 6661 -1
1700964171.336060 54 1
1700964171.338881 918 -1
1700964171.338881 1514 -1
1700964171.338881 4733 -1
1700964171.338971 54 1
1700964171.346880 1081 -1
1700964171.346880 692 -1
1700964171.346962 54 1
1700964171.349057 3562 -1
1700964171.349098 54 1
1700964174.141885 230 1
1700964174.141963 222 1
1700964174.142042 221 1
1700964174.142115 229 1
1700964174.144965 60 -1
1700964174.148957 925 -1
1700964174.148957 5175 -1
1700964174.149046 54 1
1700964174.150093 855 -1
1700964174.150093 6857 -1
1700964174.150140 54 1
1700964174.151805 1052 -1
1700964174.151846 54 1
1700964174.151899 730 -1
1700964174.151947 4303 -1
1700964174.151971 54 1
1700964174.163735 773 -1
1700964174.163735 1020 -1
1700964174.163735 6317 -1
1700964174.163807 66 1
1700964174.163874 54 1
1700964174.163896 54 1
1700964175.738747 224 1
1700964175.743613 229 1
1700964175.745217 234 1
1700964175.745229 60 -1
1700964175.751102 978 -1
1700964175.751102 808 -1
1700964175.751202 54 1
1700964175.753224 3808 -1
1700964175.753224 1056 -1
1700964175.753224 721 -1
1700964175.753297 54 1
1700964175.754369 5162 -1
1700964175.754503 54 1
1700964175.754606 1055 -1
1700964175.754632 54 1
1700964175.754691 729 -1
1700964175.755122 5894 -1
1700964175.755187 54 1
1700964175.756705 1514 -1
1700964175.756705 4434 -1
1700964175.756705 4780 -1
1700964175.756705 800 -1
1700964175.756801 54 1
1700964175.759253 89 1
1700964175.817653 60 -1
1700964177.342142 236 1
1700964177.343493 60 -1
1700964177.357993 1059 -1
1700964177.357993 727 -1
1700964177.357993 7354 -1
1700964177.358052 54 1
1700964177.359838 3197 -1
1700964177.359894 54 1
1700964179.145898 54 1
1700964179.147203 78 -1
1700964179.147203 60 -1
1700964179.147234 54 1
1700964179.482669 66 1
1700964179.488659 66 -1
1700964179.488771 54 1
1700964179.489343 934 1
1700964179.512024 60 -1
1700964179.512024 318 -1
1700964179.513947 134 1
1700964179.514333 146 1
1700964179.514930 577 1
1700964179.515013 222 1
1700964179.519685 60 -1
1700964179.519685 341 -1
1700964179.520536 60 -1
1700964179.520536 60 -1
1700964179.520536 60 -1
1700964179.522747 115 -1
1700964179.522816 54 1
1700964179.522861 85 -1
1700964179.523095 85 1
1700964179.524271 60 -1
1700964179.525524 1052 -1
1700964179.525524 731 -1
1700964179.525572 54 1
1700964179.525925 4471 -1
1700964179.525967 54 1
1700964179.529985 946 -1
1700964179.529985 856 -1
1700964179.530054 54 1
1700964179.530100 3502 -1
1700964179.530139 54 1
1700964179.679596 66 -1
1700964181.103522 232 1
1700964181.106679 928 -1
1700964181.106679 4951 -1
1700964181.107109 54 1
1700964181.112280 222 1
1700964181.112406 231 1
1700964181.113986 60 -1
1700964181.116212 852 -1
1700964181.116212 4096 -1
1700964181.116286 54 1
1700964181.123396 1050 -1
1700964181.123396 733 -1
1700964181.123533 54 1
1700964181.124081 5453 -1
1700964181.124140 54 1
1700964182.743629 222 1
1700964182.743710 234 1
1700964182.743770 234 1
1700964182.748780 60 -1
1700964182.751339 923 -1
1700964182.751428 3510 -1
1700964182.751459 54 1
1700964182.754718 925 -1
1700964182.754718 2974 -1
1700964182.754787 54 1
1700964182.754885 2701 -1
1700964182.754912 54 1
1700964182.759596 1057 -1
1700964182.759596 723 -1
1700964182.759673 54 1
1700964182.759923 5519 -1
1700964182.759963 54 1
1700964184.858484 221 1
1700964184.858648 223 1
1700964184.861796 232 1
1700964184.862263 60 -1
1700964184.862540 230 1
1700964184.863835 60 -1
1700964184.877177 930 -1
1700964184.877177 4222 -1
1700964184.877290 54 1
1700964184.879189 855 -1
1700964184.879189 4378 -1
1700964184.879273 54 1
1700964184.881504 1057 -1
1700964184.881504 731 -1
1700964184.881570 54 1
1700964184.881632 6075 -1
1700964184.881678 54 1
1700964184.884345 959 -1
1700964184.884345 6330 -1
1700964184.884431 54 1
1700964184.889669 89 1
1700964184.935676 60 -1
1700964188.198894 230 1
1700964188.199003 234 1
1700964188.199095 222 1
1700964188.200152 60 -1
1700964188.200152 60 -1
1700964188.200152 60 -1
1700964188.209798 1105 -1
1700964188.209798 659 -1
1700964188.209798 4806 -1
1700964188.209798 1024 -1
1700964188.209798 750 -1
1700964188.209798 7020 -1
1700964188.209924 54 1
1700964188.219878 1057 -1
1700964188.219878 730 -1
1700964188.219960 54 1
1700964188.220013 1514 -1
1700964188.220032 54 1
1700964188.220082 4730 -1
1700964188.220118 54 1
1700964189.149142 54 1
1700964189.150381 78 -1
1700964189.150381 60 -1
1700964189.150607 54 1
1700964189.778105 66 1
1700964189.780886 66 -1
1700964189.780995 54 1
1700964189.782438 966 1
1700964189.783940 60 -1
1700964189.784170 318 -1
1700964189.785007 134 1
1700964189.785360 146 1
1700964189.786081 586 1
1700964189.786125 60 -1
1700964189.786184 231 1
1700964189.786286 229 1
1700964189.786838 60 -1
1700964189.786838 341 -1
1700964189.795016 115 -1
1700964189.795016 85 -1
1700964189.795016 60 -1
1700964189.795016 60 -1
1700964189.795016 60 -1
1700964189.795016 854 -1
1700964189.795016 4434 -1
1700964189.795016 3145 -1
1700964189.795131 54 1
1700964189.795920 85 1
1700964189.801183 1051 -1
1700964189.801183 730 -1
1700964189.801183 909 -1
1700964189.803430 54 1
1700964189.803715 3449 -1
1700964189.803752 54 1
1700964189.807379 4789 -1
1700964189.807488 54 1
1700964191.945645 230 1
1700964191.946843 60 -1
1700964191.948309 223 1
1700964191.949317 60 -1
1700964191.951783 234 1
1700964191.951908 232 1
1700964191.953036 60 -1
1700964191.953036 60 -1
1700964191.966982 929 -1
1700964191.966982 10274 -1
1700964191.966982 5424 -1
1700964191.967134 54 1
1700964191.972003 1054 -1
1700964191.972003 728 -1
1700964191.972003 980 -1
1700964191.972003 815 -1
1700964191.972096 54 1
1700964191.976824 7354 -1
1700964191.976824 4392 -1
1700964191.976824 3404 -1
1700964191.976943 54 1
1700964191.982992 857 -1
1700964191.982992 7111 -1
1700964191.983092 54 1
1700964193.547072 223 1
1700964193.558349 907 -1
1700964193.558452 7354 -1
1700964193.558611 54 1
1700964193.558908 3385 -1
1700964193.558934 54 1
1700964195.246018 232 1
1700964195.246117 232 1
1700964195.247784 60 -1
1700964195.249501 926 -1
1700964195.250864 7354 -1
1700964195.250864 454 -1
1700964195.250920 54 1
1700964195.251200 977 -1
1700964195.251223 54 1
1700964195.251479 812 -1
1700964195.251479 7864 -1
1700964195.251640 54 1
1700964195.254125 89 1
1700964195.305168 60 -1
1700964196.859906 232 1
1700964196.860019 226 1
1700964196.860091 229 1
1700964196.860429 224 1
1700964196.861072 60 -1
1700964196.861072 60 -1
1700964196.861072 60 -1
1700964196.861377 60 -1
1700964196.864945 928 -1
1700964196.864945 2193 -1
1700964196.865018 54 1
1700964196.865075 862 -1
1700964196.865075 13015 -1
1700964196.865286 54 1
1700964196.868094 929 -1
1700964196.868094 4434 -1
1700964196.868188 54 1
1700964196.868239 7354 -1
1700964196.868292 54 1
1700964196.871616 4780 -1
1700964196.871616 1464 -1
1700964196.871616 1724 -1
1700964196.871616 3646 -1
1700964196.871741 54 1
1700964199.014449 229 1
1700964199.014703 222 1
1700964199.015439 60 -1
1700964199.015661 60 -1
1700964199.015899 224 1
1700964199.016834 60 -1
1700964199.019043 825 -1
1700964199.019043 2974 -1
1700964199.019103 54 1
1700964199.019208 4569 -1
1700964199.019326 54 1
1700964199.025062 1055 -1
1700964199.025062 730 -1
1700964199.025136 54 1
1700964199.025186 4133 -1
1700964199.025215 54 1
1700964199.066944 1053 -1
1700964199.066944 728 -1
1700964199.066944 10328 -1
1700964199.067083 54 1
1700964199.151418 54 1
1700964199.154140 78 -1
1700964199.154140 60 -1
1700964199.154166 54 1
1700964201.054660 66 1
1700964201.055842 66 -1
1700964201.056075 54 1
1700964201.056991 966 1
1700964201.058063 60 -1
1700964201.058748 318 -1
1700964201.059728 134 1
1700964201.060737 60 -1
1700964201.060971 341 -1
1700964201.061126 146 1
1700964201.062010 587 1
1700964201.062102 230 1
1700964201.062166 60 -1
1700964201.062202 229 1
1700964201.062302 115 -1
1700964201.062302 85 -1
1700964201.062354 54 1
1700964201.062786 85 1
1700964201.063030 60 -1
1700964201.063098 60 -1
1700964201.063271 60 -1
1700964201.063813 60 -1
1700964201.064945 858 -1
1700964201.064945 2974 -1
1700964201.064998 54 1
1700964201.066965 550 -1
1700964201.066965 929 -1
1700964201.066965 7112 -1
1700964201.067018 54 1
1700964201.067366 924 -1
1700964201.067431 6612 -1
1700964201.067462 54 1
1700964204.961775 222 1
1700964204.963989 234 1
1700964204.965414 60 -1
1700964204.970630 824 -1
1700964204.970798 6238 -1
1700964204.970841 54 1
1700964204.980206 1026 -1
1700964204.980206 765 -1
1700964204.980206 5179 -1
1700964204.980310 54 1
1700964204.999627 799 -1
1700964204.999714 66 1
1700964207.131191 231 1
1700964207.131292 227 1
1700964207.131387 231 1
1700964207.142820 60 -1
1700964207.145039 856 -1
1700964207.145039 5448 -1
1700964207.145126 54 1
1700964207.146813 89 1
1700964207.148872 856 -1
1700964207.148872 4400 -1
1700964207.148930 54 1
1700964207.155462 825 -1
1700964207.155515 7354 -1
1700964207.155542 54 1
1700964207.156030 7354 -1
1700964207.156075 54 1
1700964207.156988 417 -1
1700964207.157022 54 1
1700964208.739273 234 1
1700964208.741492 223 1
1700964208.741641 231 1
1700964208.742526 982 -1
1700964208.742526 5358 -1
1700964208.742642 54 1
1700964208.742933 60 -1
1700964208.743111 230 1
1700964208.745869 856 -1
1700964208.745936 7354 -1
1700964208.745970 54 1
1700964208.746446 6788 -1
1700964208.746476 54 1
1700964208.747071 929 -1
1700964208.747071 7354 -1
1700964208.747113 54 1
1700964208.747661 988 -1
1700964208.747685 54 1
1700964208.749886 1049 -1
1700964208.749886 730 -1
1700964208.749922 54 1
1700964208.750014 5237 -1
1700964208.750035 54 1
1700964209.181746 54 1
1700964209.183227 78 -1
1700964209.183227 60 -1
1700964209.183288 54 1
1700964210.341009 66 1
1700964210.342133 66 -1
1700964210.342235 54 1
1700964210.342858 902 1
1700964210.343827 60 -1
1700964210.344706 318 -1
1700964210.346034 134 1
1700964210.347226 60 -1
1700964210.347704 146 1
1700964210.347788 341 -1
1700964210.348610 60 -1
1700964210.348843 576 1
1700964210.348889 115 -1
1700964210.348889 85 -1
1700964210.348977 229 1
1700964210.349994 60 -1
1700964210.349994 60 -1
1700964210.350242 85 1
1700964210.350335 234 1
1700964210.351225 60 -1
1700964210.351225 60 -1
1700964210.355218 927 -1
1700964210.355276 1514 -1
1700964210.355293 54 1
1700964210.355433 3373 -1
1700964210.355465 54 1
1700964210.358120 855 -1
1700964210.358120 11956 -1
1700964210.358207 54 1
1700964210.363777 929 -1
1700964210.363777 6201 -1
1700964210.363842 54 1
1700964212.466054 232 1
1700964212.471311 230 1
1700964212.472918 231 1
1700964212.475244 60 -1
1700964212.478367 960 -1
1700964212.478367 4487 -1
1700964212.478491 54 1
1700964212.479998 854 -1
1700964212.479998 7892 -1
1700964212.480082 54 1
1700964212.482374 1013 -1
1700964212.482374 5616 -1
1700964212.482455 54 1
1700964216.541171 226 1
1700964216.541719 230 1
1700964216.542467 223 1
1700964216.543929 60 -1
1700964216.545019 908 -1
1700964216.545136 7354 -1
1700964216.545195 54 1
1700964216.545606 7354 -1
1700964216.545772 54 1
1700964216.546746 1860 -1
1700964216.546768 54 1
1700964216.546979 1322 -1
1700964216.547001 54 1
1700964216.547075 10274 -1
1700964216.547121 54 1
1700964216.547860 2242 -1
1700964216.547893 54 1
1700964216.548322 89 1
1700964216.550041 955 -1
1700964216.550041 6886 -1
1700964216.550107 54 1
1700964218.275008 232 1
1700964218.275963 223 1
1700964218.276416 224 1
1700964218.298187 60 -1
1700964218.298187 932 -1
1700964218.298187 2406 -1
1700964218.298187 853 -1
1700964218.298187 6283 -1
1700964218.298187 955 -1
1700964218.298187 4856 -1
1700964218.298187 476 -1
1700964218.298392 66 1
1700964219.195911 54 1
1700964219.216063 78 -1
1700964219.216063 60 -1
1700964219.216159 54 1
1700964219.920434 66 1
1700964219.922086 66 -1
1700964219.922209 54 1
1700964219.923104 966 1
1700964219.924333 60 -1
1700964219.925480 318 -1
1700964219.926476 134 1
1700964219.926889 146 1
1700964219.927459 60 -1
1700964219.927524 586 1
1700964219.927623 224 1
1700964219.927961 223 1
1700964219.928016 223 1
1700964219.928080 341 -1
1700964219.928080 60 -1
1700964219.928080 115 -1
1700964219.928080 85 -1
1700964219.928141 54 1
1700964219.928225 229 1
1700964219.928414 85 1
1700964219.929127 60 -1
1700964219.929127 60 -1
1700964219.929127 60 -1
1700964219.929127 60 -1
1700964219.929282 60 -1
1700964219.929480 60 -1
1700964219.933668 1003 -1
1700964219.933668 6232 -1
1700964219.933668 852 -1
1700964219.933668 7354 -1
1700964219.933951 54 1
1700964219.934161 132 -1
1700964219.934909 1102 -1
1700964219.934935 54 1
1700964219.935012 657 -1
1700964219.935012 6724 -1
1700964219.935034 54 1
1700964219.936123 1050 -1
1700964219.936123 733 -1
1700964219.936159 54 1
1700964219.936324 5305 -1
1700964219.936357 54 1
1700964219.937696 854 -1
1700964219.937696 1514 -1
1700964219.937696 5432 -1
1700964219.937761 54 1
1700964222.098067 229 1
1700964222.099135 60 -1
1700964222.099917 232 1
1700964222.100729 881 -1
1700964222.100884 7539 -1
1700964222.100945 54 1
1700964222.103285 928 -1
1700964222.103285 7354 -1
1700964222.103404 54 1
1700964222.108296 232 1
1700964222.108406 230 1
1700964222.108688 1514 -1
1700964222.108688 4541 -1
1700964222.108769 54 1
1700964222.110983 60 -1
1700964222.112584 928 -1
1700964222.112584 5434 -1
1700964222.112662 54 1
1700964222.113209 856 -1
1700964222.113209 1514 -1
1700964222.113245 54 1
1700964222.113291 5732 -1
1700964222.113357 54 1
1700964223.745804 222 1
1700964223.751275 222 1
1700964223.751579 857 -1
1700964223.751579 7354 -1
1700964223.751579 134 -1
1700964223.751671 54 1
1700964223.754246 929 -1
1700964223.754302 54 1
1700964223.754348 9923 -1
1700964223.754403 54 1
1700964225.324733 234 1
1700964225.333233 878 -1
1700964225.333274 4434 -1
1700964225.333300 54 1
1700964225.334339 2786 -1
1700964225.334368 54 1
1700964225.337570 89 1
1700964225.378890 60 -1
1700964227.522661 222 1
1700964227.524033 60 -1
1700964227.529342 224 1
1700964227.529408 222 1
1700964227.530496 60 -1
1700964227.530496 60 -1
1700964227.533056 953 -1
1700964227.533056 4040 -1
1700964227.533112 54 1
1700964227.533960 906 -1
1700964227.534004 3693 -1
1700964227.534024 54 1
1700964227.539059 977 -1
1700964227.539059 815 -1
1700964227.539140 54 1
1700964227.539542 2974 -1
1700964227.539576 54 1
1700964227.539737 3676 -1
1700964227.539774 54 1
1700964229.200154 54 1
1700964229.201661 78 -1
1700964229.201661 60 -1
1700964229.201695 54 1
1700964232.264222 66 1
1700964232.265317 66 -1
1700964232.265401 54 1
1700964232.265982 934 1
1700964232.267043 60 -1
1700964232.267647 318 -1
1700964232.268957 134 1
1700964232.269620 146 1
1700964232.270077 60 -1
1700964232.270274 579 1
1700964232.270354 232 1
1700964232.270414 222 1
1700964232.284360 341 -1
1700964232.284360 60 -1
1700964232.284360 115 -1
1700964232.284360 85 -1
1700964232.284360 85 -1
1700964232.284360 60 -1
1700964232.284360 60 -1
1700964232.284360 60 -1
1700964232.284360 927 -1
1700964232.284360 909 -1
1700964232.284360 16460 -1
1700964232.284520 66 1
1700964232.284617 54 1
1700964232.285921 85 1
1700964232.288515 10807 -1
1700964232.288515 6059 -1
1700964232.288515 1051 -1
1700964232.288515 729 -1
1700964232.288515 2974 -1
1700964232.288515 1514 -1
1700964232.288515 7354 -1
1700964232.288515 2416 -1
1700964232.288729 54 1
1700964232.295183 60 -1
1700964234.002576 223 1
1700964234.002724 223 1
1700964234.002847 222 1
1700964234.008245 60 -1
1700964234.008245 60 -1
1700964234.010226 829 -1
1700964234.010226 2457 -1
1700964234.010306 54 1
1700964234.010362 930 -1
1700964234.010385 54 1
1700964234.010478 3981 -1
1700964234.010512 54 1
1700964234.030005 1053 -1
1700964234.030087 54 1
1700964234.030161 730 -1
1700964234.030161 8017 -1
1700964234.030235 54 1
1700964235.656901 54 1
