1700955823.591193 66 1
1700955823.599698 66 -1
1700955823.600058 54 1
1700955823.619872 631 1
1700955823.621617 60 -1
1700955823.632351 2779 -1
1700955823.632391 54 1
1700955823.642191 66 1
1700955823.642803 66 1
1700955823.643423 66 -1
1700955823.643605 54 1
1700955823.644380 66 -1
1700955823.644442 54 1
1700955823.655973 66 1
1700955823.657256 66 -1
1700955823.657318 54 1
1700955823.662927 66 1
1700955823.663984 66 -1
1700955823.664069 54 1
1700955823.665984 572 1
1700955823.666437 599 1
1700955823.667877 66 1
1700955823.668381 60 -1
1700955823.669070 66 -1
1700955823.669163 54 1
1700955823.675876 663 1
1700955823.676078 60 -1
1700955823.682978 2779 -1
1700955823.683067 54 1
1700955823.684713 2778 -1
1700955823.684840 54 1
1700955823.686796 60 -1
1700955823.689623 134 1
1700955823.690933 60 -1
1700955823.691452 341 -1
1700955823.691513 341 -1
1700955823.691543 54 1
1700955823.693477 2779 -1
1700955823.693533 663 1
1700955823.693547 54 1
1700955823.695026 60 -1
1700955823.701035 599 1
1700955823.702030 60 -1
1700955823.702907 2779 -1
1700955823.702971 54 1
1700955823.709704 134 1
1700955823.710201 2778 -1
1700955823.710270 54 1
1700955823.710747 60 -1
1700955823.710892 341 -1
1700955823.710892 341 -1
1700955823.710944 54 1
1700955823.711096 134 1
1700955823.712091 60 -1
1700955823.712145 341 -1
1700955823.712215 341 -1
1700955823.712241 54 1
1700955823.713830 134 1
1700955823.714950 60 -1
1700955823.715262 341 -1
1700955823.715351 341 -1
1700955823.715385 54 1
1700955823.716217 134 1
1700955823.717452 60 -1
1700955823.717452 341 -1
1700955823.718304 341 -1
1700955823.718342 54 1
1700955823.723088 54 1
1700955823.723137 54 1
1700955823.727740 134 1
1700955823.728287 54 1
1700955823.728340 54 1
1700955823.728750 146 1
1700955823.728893 60 -1
1700955823.729019 341 -1
1700955823.729019 341 -1
1700955823.729056 54 1
1700955823.729768 60 -1
1700955823.729768 115 -1
1700955823.729768 85 -1
1700955823.729811 54 1
1700955823.733352 54 1
1700955823.733678 54 1
1700955823.734274 54 1
1700955823.734330 54 1
1700955823.734918 60 -1
1700955823.734918 93 -1
1700955823.734918 78 -1
1700955823.735265 54 1
1700955823.735520 54 1
1700955823.736244 93 -1
1700955823.736336 78 -1
1700955823.736336 60 -1
1700955823.746287 85 1
1700955823.746452 585 1
1700955823.746560 232 1
1700955823.746642 232 1
1700955823.746699 232 1
1700955823.746835 234 1
1700955823.746938 229 1
1700955823.747354 60 -1
1700955823.747405 60 -1
1700955823.747952 60 -1
1700955823.747952 60 -1
1700955823.747952 60 -1
1700955823.747992 60 -1
1700955823.747992 60 -1
1700955823.750490 926 -1
1700955823.750490 5648 -1
1700955823.750587 54 1
1700955823.750951 977 -1
1700955823.750982 54 1
1700955823.751052 5007 -1
1700955823.751086 54 1
1700955823.751526 1729 -1
1700955823.751555 54 1
1700955823.751799 2974 -1
1700955823.751799 1514 -1
1700955823.751826 54 1
1700955823.751949 1832 -1
1700955823.751976 54 1
1700955823.752180 1003 -1
1700955823.752199 54 1
1700955823.752266 1748 -1
1700955823.752282 54 1
1700955823.752409 4434 -1
1700955823.752452 54 1
1700955823.752681 60 -1
1700955823.752681 5858 -1
1700955823.752721 54 1
1700955823.753155 1728 -1
1700955823.753180 54 1
1700955823.753289 5475 -1
1700955823.753316 54 1
1700955823.815238 228 1
1700955823.815329 235 1
1700955823.817834 60 -1
1700955823.822744 1039 -1
1700955823.822744 728 -1
1700955823.822744 6504 -1
1700955823.822744 977 -1
1700955823.822744 813 -1
1700955823.822744 3726 -1
1700955823.822960 54 1
1700955824.291386 66 1
1700955824.292905 66 -1
1700955824.293000 54 1
1700955824.293460 572 1
1700955824.305861 60 -1
1700955824.305861 2974 -1
1700955824.305861 957 -1
1700955824.305987 54 1
1700955824.314263 134 1
1700955824.314665 146 1
1700955824.315096 560 1
1700955824.315298 60 -1
1700955824.315739 60 -1
1700955824.316034 341 -1
1700955824.316034 341 -1
1700955824.316034 60 -1
1700955824.316074 54 1
1700955824.320443 115 -1
1700955824.320443 85 -1
1700955824.320615 54 1
1700955824.320761 85 1
1700955824.321702 60 -1
1700955824.324150 1034 -1
1700955824.324150 2561 -1
1700955824.324220 54 1
1700955826.146338 54 1
1700955826.147397 78 -1
1700955826.147421 54 1
1700955826.147461 60 -1
1700955826.148893 54 1
1700955826.150671 78 -1
1700955826.150671 60 -1
1700955826.150708 54 1
1700955828.201163 66 1
1700955828.202154 66 -1
1700955828.202243 54 1
1700955828.202654 902 1
1700955828.203704 60 -1
1700955828.204217 318 -1
1700955828.204858 134 1
1700955828.205120 146 1
1700955828.205575 584 1
1700955828.205640 230 1
1700955828.205715 231 1
1700955828.205807 230 1
1700955828.205813 60 -1
1700955828.205896 341 -1
1700955828.206067 60 -1
1700955828.206132 115 -1
1700955828.206132 85 -1
1700955828.206175 54 1
1700955828.206457 60 -1
1700955828.206581 60 -1
1700955828.206581 60 -1
1700955828.206603 85 1
1700955828.206646 60 -1
1700955828.206677 230 1
1700955828.207226 230 1
1700955828.207482 60 -1
1700955828.207592 60 -1
1700955828.207738 232 1
1700955828.208219 60 -1
1700955828.208844 60 -1
1700955828.213248 1008 -1
1700955828.213248 770 -1
1700955828.213295 54 1
1700955828.213482 948 -1
1700955828.213482 854 -1
1700955828.213482 976 -1
1700955828.213482 810 -1
1700955828.213546 54 1
1700955828.213751 5053 -1
1700955828.213787 54 1
1700955828.214757 1838 -1
1700955828.214798 54 1
1700955828.215440 4434 -1
1700955828.215440 1842 -1
1700955828.215440 954 -1
1700955828.215440 849 -1
1700955828.215440 976 -1
1700955828.215440 812 -1
1700955828.215548 54 1
1700955828.217826 7354 -1
1700955828.217826 4793 -1
1700955828.217826 4984 -1
1700955828.217826 981 -1
1700955828.217939 54 1
1700955828.218017 812 -1
1700955828.218017 978 -1
1700955828.218051 54 1
1700955828.219841 811 -1
1700955828.219841 2974 -1
1700955828.219841 1514 -1
1700955828.219841 1514 -1
1700955828.219841 3748 -1
1700955828.219841 4434 -1
1700955828.219841 2152 -1
1700955828.219912 54 1
1700955829.358118 232 1
1700955829.358199 230 1
1700955829.359031 60 -1
1700955829.359064 60 -1
1700955829.363844 954 -1
1700955829.363844 844 -1
1700955829.363844 6550 -1
1700955829.363925 54 1
1700955829.370717 980 -1
1700955829.370717 813 -1
1700955829.370717 1514 -1
1700955829.370717 4705 -1
1700955829.370839 54 1
1700955829.382734 325 -1
1700955829.382782 66 1
1700955829.451162 231 1
1700955829.452155 231 1
1700955829.455648 60 -1
1700955829.460837 958 -1
1700955829.460837 841 -1
1700955829.460892 54 1
1700955829.461767 6864 -1
1700955829.461767 1732 -1
1700955829.461767 7354 -1
1700955829.461857 54 1
1700955829.462343 7354 -1
1700955829.462390 54 1
1700955829.462858 1860 -1
1700955829.462880 54 1
1700955829.463156 4434 -1
1700955829.463192 54 1
1700955829.463385 4434 -1
1700955829.463429 54 1
1700955829.463943 7354 -1
1700955829.464003 54 1
1700955829.464379 431 -1
1700955829.464379 761 -1
1700955829.464427 54 1
1700955834.290407 231 1
1700955834.292195 236 1
1700955834.292297 230 1
1700955834.292379 228 1
1700955834.292830 874 -1
1700955834.292878 54 1
1700955834.292946 2974 -1
1700955834.292946 1977 -1
1700955834.292990 54 1
1700955834.297962 60 -1
1700955834.297962 978 -1
1700955834.297962 809 -1
1700955834.297962 6017 -1
1700955834.298091 54 1
1700955834.298998 981 -1
1700955834.298998 806 -1
1700955834.299022 54 1
1700955834.300167 7354 -1
1700955834.300214 54 1
1700955834.302720 89 1
1700955834.303110 6032 -1
1700955834.303110 955 -1
1700955834.303110 844 -1
1700955834.303110 4537 -1
1700955834.303212 54 1
1700955834.344131 60 -1
1700955834.488441 232 1
1700955834.488529 232 1
1700955834.498045 60 -1
1700955834.498045 60 -1
1700955834.499892 883 -1
1700955834.499892 2783 -1
1700955834.499982 54 1
1700955834.501740 1006 -1
1700955834.501740 773 -1
1700955834.501790 54 1
1700955834.501845 1514 -1
1700955834.501845 1263 -1
1700955834.501876 54 1
1700955836.149169 54 1
1700955836.150284 78 -1
1700955836.150284 60 -1
1700955836.150326 54 1
1700955836.160358 66 1
1700955836.161509 66 -1
1700955836.161719 54 1
1700955836.163457 966 1
1700955836.164944 60 -1
1700955836.173623 318 -1
1700955836.177311 134 1
1700955836.179900 146 1
1700955836.180348 586 1
1700955836.197932 60 -1
1700955836.197932 60 -1
1700955836.197932 60 -1
1700955836.197932 341 -1
1700955836.197932 115 -1
1700955836.197932 85 -1
1700955836.197932 1052 -1
1700955836.197932 729 -1
1700955836.197932 5703 -1
1700955836.198099 54 1
1700955836.198192 1323 -1
1700955836.198222 66 1
1700955836.200905 85 1
1700955836.212471 60 -1
1700955837.667430 224 1
1700955837.668025 223 1
1700955837.668786 60 -1
1700955837.668945 60 -1
1700955837.675524 224 1
1700955837.675665 234 1
1700955837.675909 1115 -1
1700955837.675909 648 -1
1700955837.675909 6663 -1
1700955837.675909 981 -1
1700955837.675909 811 -1
1700955837.675909 2974 -1
1700955837.675909 7647 -1
1700955837.676076 54 1
1700955837.677790 221 1
1700955837.677869 230 1
1700955837.687511 60 -1
1700955837.687511 954 -1
1700955837.687511 846 -1
1700955837.687511 7354 -1
1700955837.687511 330 -1
1700955837.687511 1080 -1
1700955837.687511 692 -1
1700955837.687511 4527 -1
1700955837.687878 54 1
1700955837.693468 60 -1
1700955837.693468 1054 -1
1700955837.693468 731 -1
1700955837.693468 1035 -1
1700955837.693468 735 -1
1700955837.693468 4394 -1
1700955837.693468 4648 -1
1700955837.693633 54 1
1700955840.253943 232 1
1700955840.256147 230 1
1700955840.257552 60 -1
1700955840.257981 232 1
1700955840.258064 235 1
1700955840.259240 60 -1
1700955840.259660 225 1
1700955840.260879 979 -1
1700955840.260879 809 -1
1700955840.260937 54 1
1700955840.264032 224 1
1700955840.272060 7354 -1
1700955840.272060 2092 -1
1700955840.272060 1030 -1
1700955840.272060 1765 -1
1700955840.272060 703 -1
1700955840.272190 54 1
1700955840.283174 3491 -1
1700955840.283174 7354 -1
1700955840.283174 2006 -1
1700955840.283174 951 -1
1700955840.283174 1778 -1
1700955840.283174 810 -1
1700955840.283174 2280 -1
1700955840.283174 5468 -1
1700955840.283174 1712 -1
1700955840.283174 2974 -1
1700955840.283174 1906 -1
1700955840.283350 54 1
1700955841.838913 223 1
1700955841.840568 229 1
1700955841.842351 222 1
1700955841.842824 60 -1
1700955841.845160 232 1
1700955841.846438 1052 -1
1700955841.846438 730 -1
1700955841.846483 54 1
1700955841.848093 232 1
1700955841.848181 230 1
1700955841.849924 89 1
1700955841.853087 60 -1
1700955841.854781 4303 -1
1700955841.854845 54 1
1700955841.854983 978 -1
1700955841.855006 54 1
1700955841.855291 808 -1
1700955841.859818 1020 -1
1700955841.859818 773 -1
1700955841.859818 3808 -1
1700955841.860068 54 1
1700955841.860116 983 -1
1700955841.860116 1810 -1
1700955841.860137 54 1
1700955841.860203 729 -1
1700955841.860220 54 1
1700955841.860605 6317 -1
1700955841.860764 54 1
1700955841.860854 1748 -1
1700955841.860872 54 1
1700955841.860935 5553 -1
1700955841.861099 54 1
1700955841.863381 4434 -1
1700955841.863381 1514 -1
1700955841.863381 1514 -1
1700955841.863381 7354 -1
1700955841.863381 1860 -1
1700955841.863381 800 -1
1700955841.863381 5031 -1
1700955841.863534 54 1
1700955843.434348 229 1
1700955843.434464 230 1
1700955843.435427 230 1
1700955843.435486 230 1
1700955843.435536 231 1
1700955843.438050 60 -1
1700955843.442525 948 -1
1700955843.442525 853 -1
1700955843.442525 950 -1
1700955843.442584 54 1
1700955843.442630 852 -1
1700955843.442730 54 1
1700955843.443919 6113 -1
1700955843.443972 54 1
1700955843.444231 1728 -1
1700955843.444256 54 1
1700955843.444338 5462 -1
1700955843.444357 54 1
1700955843.444891 1737 -1
1700955843.444922 54 1
1700955843.444958 1052 -1
1700955843.444981 54 1
1700955843.445276 731 -1
1700955843.445276 6622 -1
1700955843.445308 54 1
1700955843.445859 7354 -1
1700955843.445904 54 1
1700955843.446346 3195 -1
1700955843.446375 54 1
1700955843.446494 7191 -1
1700955843.446538 54 1
1700955845.372033 229 1
1700955845.372625 224 1
1700955845.373847 229 1
1700955845.374388 231 1
1700955845.374982 231 1
1700955845.376034 224 1
1700955845.376943 229 1
1700955845.377014 60 -1
1700955845.378208 60 -1
1700955845.385302 1053 -1
1700955845.385302 728 -1
1700955845.385302 978 -1
1700955845.385302 812 -1
1700955845.385302 4474 -1
1700955845.385443 54 1
1700955845.396674 1050 -1
1700955845.396674 731 -1
1700955845.396674 3006 -1
1700955845.396674 5624 -1
1700955845.396674 1052 -1
1700955845.396674 731 -1
1700955845.396674 1514 -1
1700955845.396674 2845 -1
1700955845.396674 1053 -1
1700955845.396674 731 -1
1700955845.396674 976 -1
1700955845.396674 5697 -1
1700955845.396674 812 -1
1700955845.396674 3369 -1
1700955845.396674 1050 -1
1700955845.396674 733 -1
1700955845.396674 5453 -1
1700955845.396674 1073 -1
1700955845.396941 66 1
1700955846.160421 54 1
1700955846.165599 78 -1
1700955846.165599 60 -1
1700955846.166023 54 1
1700955848.762212 66 1
1700955848.763226 66 -1
1700955848.763322 54 1
1700955848.764181 934 1
1700955848.765223 60 -1
1700955848.765689 318 -1
1700955848.766359 134 1
1700955848.767112 146 1
1700955848.767574 60 -1
1700955848.767844 585 1
1700955848.767949 221 1
1700955848.767980 341 -1
1700955848.768055 232 1
1700955848.768141 231 1
1700955848.768275 230 1
1700955848.768504 60 -1
1700955848.768504 115 -1
1700955848.768504 85 -1
1700955848.768581 54 1
1700955848.768932 85 1
1700955848.777649 60 -1
1700955848.777649 60 -1
1700955848.777649 60 -1
1700955848.777649 60 -1
1700955848.777649 60 -1
1700955848.777649 948 -1
1700955848.777649 850 -1
1700955848.777649 7354 -1
1700955848.777649 2953 -1
1700955848.777649 1070 -1
1700955848.777649 706 -1
1700955848.777649 1049 -1
1700955848.777649 735 -1
1700955848.777649 7354 -1
1700955848.777649 1514 -1
1700955848.777649 60 -1
1700955848.777649 1056 -1
1700955848.777649 4971 -1
1700955848.777649 712 -1
1700955848.777649 1514 -1
1700955848.777649 7354 -1
1700955848.777649 2610 -1
1700955848.777649 1047 -1
1700955848.777649 734 -1
1700955848.778063 54 1
1700955848.778331 60 -1
1700955848.779129 2861 -1
1700955848.779157 54 1
1700955848.785945 222 1
1700955848.790468 978 -1
1700955848.790468 814 -1
1700955848.790468 3649 -1
1700955848.790606 54 1
1700955850.348893 231 1
1700955850.354571 235 1
1700955850.354868 231 1
1700955850.354993 222 1
1700955850.355069 232 1
1700955850.355248 226 1
1700955850.355597 230 1
1700955850.357774 60 -1
1700955850.357774 60 -1
1700955850.362099 1106 -1
1700955850.362099 1053 -1
1700955850.362099 730 -1
1700955850.362099 659 -1
1700955850.362173 54 1
1700955850.362217 981 -1
1700955850.362286 4379 -1
1700955850.362331 54 1
1700955850.362579 1514 -1
1700955850.362708 3346 -1
1700955850.362735 54 1
1700955850.363091 803 -1
1700955850.363091 1056 -1
1700955850.363123 54 1
1700955850.363168 4607 -1
1700955850.363195 54 1
1700955850.363516 730 -1
1700955850.363586 6190 -1
1700955850.363630 54 1
1700955850.364089 949 -1
1700955850.364157 851 -1
1700955850.364179 54 1
1700955850.364214 4668 -1
1700955850.364237 54 1
1700955850.366378 1024 -1
1700955850.366378 751 -1
1700955850.366438 54 1
1700955850.372881 1053 -1
1700955850.372881 732 -1
1700955850.372881 7019 -1
1700955850.372881 3575 -1
1700955850.373043 54 1
1700955851.958329 231 1
1700955851.961654 230 1
1700955851.963061 60 -1
1700955851.967943 978 -1
1700955851.967943 814 -1
1700955851.968043 54 1
1700955851.971208 231 1
1700955851.971445 230 1
1700955851.978354 6796 -1
1700955851.978354 978 -1
1700955851.978354 817 -1
1700955851.978354 1514 -1
1700955851.978354 4451 -1
1700955851.978354 60 -1
1700955851.978354 1053 -1
1700955851.978354 727 -1
1700955851.978354 2974 -1
1700955851.978354 7354 -1
1700955851.978354 5403 -1
1700955851.978354 1033 -1
1700955851.978354 737 -1
1700955851.978354 2797 -1
1700955851.978608 54 1
1700955851.993539 234 1
1700955852.000545 978 -1
1700955852.000545 815 -1
1700955852.000545 4657 -1
1700955852.000838 54 1
1700955853.998928 230 1
1700955854.004416 230 1
1700955854.004509 979 -1
1700955854.004509 814 -1
1700955854.004509 3405 -1
1700955854.004531 229 1
1700955854.004606 54 1
1700955854.004625 225 1
1700955854.005250 229 1
1700955854.007234 60 -1
1700955854.007241 89 1
1700955854.012388 60 -1
1700955854.013950 1053 -1
1700955854.013950 730 -1
1700955854.013950 854 -1
1700955854.013950 5894 -1
1700955854.013950 1470 -1
1700955854.013950 1514 -1
1700955854.013950 6561 -1
1700955854.014055 54 1
1700955854.015858 1053 -1
1700955854.015858 732 -1
1700955854.015858 3346 -1
1700955854.015858 1736 -1
1700955854.015858 4119 -1
1700955854.015975 54 1
1700955856.173130 54 1
1700955856.186039 78 -1
1700955856.186039 60 -1
1700955856.186259 54 1
1700955857.740491 66 1
1700955857.741640 66 -1
1700955857.741773 54 1
1700955857.742801 870 1
1700955857.743915 60 -1
1700955857.744360 318 -1
1700955857.744828 134 1
1700955857.745688 146 1
1700955857.745945 60 -1
1700955857.746512 578 1
1700955857.746566 341 -1
1700955857.746625 230 1
1700955857.746642 60 -1
1700955857.746719 231 1
1700955857.746820 224 1
1700955857.746919 229 1
1700955857.747033 229 1
1700955857.747106 236 1
1700955857.747447 226 1
1700955857.747952 115 -1
1700955857.747952 85 -1
1700955857.747952 60 -1
1700955857.747952 60 -1
1700955857.747952 60 -1
1700955857.747952 60 -1
1700955857.748016 54 1
1700955857.748868 60 -1
1700955857.748868 60 -1
1700955857.748868 60 -1
1700955857.748868 60 -1
1700955857.749805 85 1
1700955857.751156 60 -1
1700955857.752969 1052 -1
1700955857.752969 733 -1
1700955857.752969 1545 -1
1700955857.753049 54 1
1700955857.753173 1053 -1
1700955857.753173 728 -1
1700955857.753215 54 1
1700955857.753716 7354 -1
1700955857.753782 54 1
1700955857.754074 7354 -1
1700955857.754126 54 1
1700955857.754700 1860 -1
1700955857.754800 54 1
1700955857.754848 85 -1
1700955857.754848 1081 -1
1700955857.754875 54 1
1700955857.754950 3113 -1
1700955857.754972 54 1
1700955857.755166 978 -1
1700955857.755190 54 1
1700955857.755244 813 -1
1700955857.755304 7863 -1
1700955857.755336 54 1
1700955857.756347 5150 -1
1700955857.756429 54 1
1700955857.756484 732 -1
1700955857.756508 54 1
1700955857.756558 3638 -1
1700955857.756583 54 1
1700955857.756767 1031 -1
1700955857.756791 54 1
1700955857.757159 741 -1
1700955857.757159 2809 -1
1700955857.757159 7145 -1
1700955857.757212 54 1
1700955857.757748 986 -1
1700955857.757951 805 -1
1700955857.757951 7354 -1
1700955857.758001 54 1
1700955857.758546 4995 -1
1700955857.758583 54 1
1700955859.288394 230 1
1700955859.288529 225 1
1700955859.288621 224 1
1700955859.290025 229 1
1700955859.290113 231 1
1700955859.293124 232 1
1700955859.297483 60 -1
1700955859.297483 60 -1
1700955859.297483 60 -1
1700955859.297483 1055 -1
1700955859.297483 730 -1
1700955859.297483 4133 -1
1700955859.297567 54 1
1700955859.297857 1052 -1
1700955859.297857 729 -1
1700955859.297857 7354 -1
1700955859.297857 3027 -1
1700955859.297929 54 1
1700955859.302069 60 -1
1700955859.302069 856 -1
1700955859.302069 949 -1
1700955859.302069 1514 -1
1700955859.302069 2974 -1
1700955859.302069 2338 -1
1700955859.302153 66 1
1700955859.302228 54 1
1700955859.302278 54 1
1700955859.302439 1049 -1
1700955859.302439 738 -1
1700955859.302471 54 1
1700955859.302524 3896 -1
1700955859.302554 54 1
1700955859.303125 1050 -1
1700955859.303125 732 -1
1700955859.303159 54 1
1700955859.303203 6465 -1
1700955859.303239 54 1
1700955859.303485 1048 -1
1700955859.303605 732 -1
1700955859.303605 5965 -1
1700955859.303643 54 1
1700955860.920254 225 1
1700955860.920888 234 1
1700955860.921520 222 1
1700955860.922137 235 1
1700955860.922656 222 1
1700955860.923436 229 1
1700955860.924002 231 1
1700955860.930002 60 -1
1700955860.930002 1052 -1
1700955860.930002 730 -1
1700955860.930002 7354 -1
1700955860.930149 54 1
1700955860.930230 1466 -1
1700955860.930230 1737 -1
1700955860.930263 54 1
1700955860.930340 1053 -1
1700955860.930340 733 -1
1700955860.930375 54 1
1700955860.933373 982 -1
1700955860.933373 814 -1
1700955860.933373 13944 -1
1700955860.933591 54 1
1700955860.933992 6058 -1
1700955860.934029 54 1
1700955860.934304 4434 -1
1700955860.934335 54 1
1700955860.934747 60 -1
1700955860.934747 5467 -1
1700955860.934910 54 1
1700955860.936023 1026 -1
1700955860.936023 765 -1
1700955860.936023 981 -1
1700955860.936023 811 -1
1700955860.936023 5179 -1
1700955860.936127 54 1
1700955860.936434 5119 -1
1700955860.936476 54 1
1700955862.542565 222 1
1700955862.548217 1031 -1
1700955862.548217 741 -1
1700955862.548217 3490 -1
1700955862.548321 54 1
1700955862.551477 234 1
1700955862.552072 222 1
1700955862.553763 60 -1
1700955862.554730 230 1
1700955862.555296 222 1
1700955862.556361 60 -1
1700955862.557412 228 1
1700955862.559176 980 -1
1700955862.559300 814 -1
1700955862.559321 54 1
1700955862.562072 3671 -1
1700955862.562072 980 -1
1700955862.562072 814 -1
1700955862.562122 54 1
1700955862.562168 1106 -1
1700955862.562190 54 1
1700955862.562230 660 -1
1700955862.562711 4719 -1
1700955862.562735 54 1
1700955862.562941 1514 -1
1700955862.562965 54 1
1700955862.563138 3323 -1
1700955862.563180 54 1
1700955862.564000 1049 -1
1700955862.564000 730 -1
1700955862.564041 54 1
1700955862.565186 5237 -1
1700955862.565186 1736 -1
1700955862.565186 7354 -1
1700955862.565261 54 1
1700955862.570479 1131 -1
1700955862.621749 54 1
1700955864.658300 231 1
1700955864.661069 234 1
1700955864.662152 60 -1
1700955864.664641 1021 -1
1700955864.664641 773 -1
1700955864.664641 4394 -1
1700955864.664700 54 1
1700955864.669889 229 1
1700955864.671485 1073 -1
1700955864.671485 739 -1
1700955864.671485 3598 -1
1700955864.671551 54 1
1700955864.677384 978 -1
1700955864.677384 817 -1
1700955864.677384 7160 -1
1700955864.677468 54 1
1700955864.678194 89 1
1700955864.719373 60 -1
1700955866.194480 54 1
1700955866.195687 78 -1
1700955866.195687 60 -1
1700955866.195722 54 1
1700955868.820600 66 1
1700955868.822368 66 -1
1700955868.822473 54 1
1700955868.823045 934 1
1700955868.824070 60 -1
1700955868.824783 318 -1
1700955868.825455 134 1
1700955868.826415 60 -1
1700955868.826508 341 -1
1700955868.827099 146 1
1700955868.827941 577 1
1700955868.828044 221 1
1700955868.828058 60 -1
1700955868.828123 229 1
1700955868.828205 235 1
1700955868.828287 232 1
1700955868.828366 115 -1
1700955868.828367 224 1
1700955868.828366 85 -1
1700955868.828410 54 1
1700955868.828653 223 1
1700955868.829102 60 -1
1700955868.829102 60 -1
1700955868.829309 60 -1
1700955868.829309 85 1
1700955868.829309 60 -1
1700955868.829309 60 -1
1700955868.829612 60 -1
1700955868.830072 60 -1
1700955868.830530 60 -1
1700955868.832564 1050 -1
1700955868.832564 733 -1
1700955868.832564 4434 -1
1700955868.832615 54 1
1700955868.832992 2064 -1
1700955868.833026 54 1
1700955868.834160 1032 -1
1700955868.834207 54 1
1700955868.834282 742 -1
1700955868.834282 1035 -1
1700955868.834317 54 1
1700955868.834416 736 -1
1700955868.834416 8814 -1
1700955868.834490 54 1
1700955868.835391 5894 -1
1700955868.835453 54 1
1700955868.835637 1860 -1
1700955868.835664 54 1
1700955868.835800 665 -1
1700955868.835800 1514 -1
1700955868.835861 54 1
1700955868.836078 7354 -1
1700955868.836135 54 1
1700955868.836455 2194 -1
1700955868.836484 54 1
1700955868.836642 5516 -1
1700955868.836677 54 1
1700955868.837235 1137 -1
1700955868.837235 614 -1
1700955868.837235 2974 -1
1700955868.837274 54 1
1700955868.837485 1514 -1
1700955868.837651 707 -1
1700955868.837676 54 1
1700955868.838498 1051 -1
1700955868.838498 734 -1
1700955868.838498 1033 -1
1700955868.838498 12391 -1
1700955868.838591 54 1
1700955870.445519 231 1
1700955870.447871 222 1
1700955870.448309 225 1
1700955870.448980 60 -1
1700955870.452237 234 1
1700955870.452328 229 1
1700955870.452401 222 1
1700955870.452481 223 1
1700955870.460097 1056 -1
1700955870.460097 730 -1
1700955870.460236 54 1
1700955870.460331 1761 -1
1700955870.460331 1051 -1
1700955870.460366 54 1
1700955870.460460 732 -1
1700955870.460460 5256 -1
1700955870.460508 54 1
1700955870.460683 976 -1
1700955870.460759 814 -1
1700955870.460787 54 1
1700955870.460870 4434 -1
1700955870.460912 54 1
1700955870.461193 2323 -1
1700955870.461211 54 1
1700955870.461346 1025 -1
1700955870.461372 54 1
1700955870.461612 768 -1
1700955870.461612 5596 -1
1700955870.461651 54 1
1700955870.462010 1050 -1
1700955870.462035 54 1
1700955870.462093 733 -1
1700955870.462147 1514 -1
1700955870.462164 54 1
1700955870.462351 3845 -1
1700955870.462372 54 1
1700955870.464462 978 -1
1700955870.464462 814 -1
1700955870.464512 54 1
1700955870.464576 6163 -1
1700955870.464617 54 1
1700955870.482438 1075 -1
1700955870.482438 737 -1
1700955870.482438 5631 -1
1700955870.482575 54 1
1700955872.072378 229 1
1700955872.072814 221 1
1700955872.077532 231 1
1700955872.077658 230 1
1700955872.077753 222 1
1700955872.085329 60 -1
1700955872.085329 1102 -1
1700955872.085329 657 -1
1700955872.085329 6724 -1
1700955872.085329 60 -1
1700955872.085329 1127 -1
1700955872.085329 625 -1
1700955872.085329 1052 -1
1700955872.085329 725 -1
1700955872.085329 5692 -1
1700955872.085329 12661 -1
1700955872.085329 1047 -1
1700955872.085560 54 1
1700955872.093851 735 -1
1700955872.093851 965 -1
1700955872.093851 1052 -1
1700955872.093851 731 -1
1700955872.093851 4788 -1
1700955872.094088 54 1
1700955874.205574 231 1
1700955874.206567 223 1
1700955874.207097 232 1
1700955874.207633 232 1
1700955874.209192 224 1
1700955874.209747 60 -1
1700955874.212915 951 -1
1700955874.212915 855 -1
1700955874.212972 54 1
1700955874.213179 5602 -1
1700955874.213203 54 1
1700955874.214106 1002 -1
1700955874.214106 783 -1
1700955874.214106 6468 -1
1700955874.214171 54 1
1700955874.214247 1053 -1
1700955874.214247 731 -1
1700955874.214268 54 1
1700955874.214874 1056 -1
1700955874.214874 9277 -1
1700955874.214907 54 1
1700955874.215557 705 -1
1700955874.215557 7354 -1
1700955874.215601 54 1
1700955874.216260 935 -1
1700955874.216279 54 1
1700955874.219402 89 1
1700955874.225204 1056 -1
1700955874.225204 7868 -1
1700955874.225286 54 1
1700955876.203729 54 1
1700955876.205473 78 -1
1700955876.205473 60 -1
1700955876.205513 54 1
1700955878.950545 66 1
1700955878.951490 66 -1
1700955878.951612 54 1
1700955878.953766 902 1
1700955878.954771 60 -1
1700955878.955352 318 -1
1700955878.957203 134 1
1700955878.958111 60 -1
1700955878.958228 341 -1
1700955878.959231 146 1
1700955878.960162 60 -1
1700955878.960177 585 1
1700955878.960275 224 1
1700955878.960353 221 1
1700955878.960432 223 1
1700955878.960527 222 1
1700955878.960608 221 1
1700955878.961129 115 -1
1700955878.961129 85 -1
1700955878.961165 54 1
1700955878.961224 60 -1
1700955878.961224 60 -1
1700955878.961345 60 -1
1700955878.961641 85 1
1700955878.962032 60 -1
1700955878.962032 60 -1
1700955878.962083 60 -1
1700955878.962624 60 -1
1700955878.967144 1051 -1
1700955878.967144 729 -1
1700955878.967144 1051 -1
1700955878.967220 54 1
1700955878.967286 731 -1
1700955878.967286 2974 -1
1700955878.967345 54 1
1700955878.967616 4434 -1
1700955878.967675 54 1
1700955878.967780 6796 -1
1700955878.967820 54 1
1700955878.968337 3562 -1
1700955878.968367 54 1
1700955878.968590 1027 -1
1700955878.968629 54 1
1700955878.968728 764 -1
1700955878.968728 5085 -1
1700955878.968784 54 1
1700955878.969238 977 -1
1700955878.969238 816 -1
1700955878.969267 54 1
1700955878.969366 6595 -1
1700955878.969399 54 1
1700955878.969835 1030 -1
1700955878.970077 745 -1
1700955878.970077 3033 -1
1700955878.970103 54 1
1700955878.970278 1047 -1
1700955878.970300 54 1
1700955878.970368 736 -1
1700955878.971657 1514 -1
1700955878.971657 1929 -1
1700955878.971705 54 1
1700955880.606425 222 1
1700955880.606567 232 1
1700955880.606665 224 1
1700955880.607586 222 1
1700955880.608418 60 -1
1700955880.609760 223 1
1700955880.610657 60 -1
1700955880.612436 1033 -1
1700955880.612436 741 -1
1700955880.612493 54 1
1700955880.613913 7354 -1
1700955880.613962 54 1
1700955880.616330 5894 -1
1700955880.616330 3320 -1
1700955880.616330 7354 -1
1700955880.616330 2851 -1
1700955880.616330 1052 -1
1700955880.616330 730 -1
1700955880.616330 1050 -1
1700955880.616330 1514 -1
1700955880.616330 7233 -1
1700955880.616525 54 1
1700955880.618290 953 -1
1700955880.618290 2963 -1
1700955880.618290 2555 -1
1700955880.618290 1658 -1
1700955880.618290 4641 -1
1700955880.618376 54 1
1700955882.811041 232 1
1700955882.817487 230 1
1700955882.817635 230 1
1700955882.818531 60 -1
1700955882.818996 230 1
1700955882.819124 224 1
1700955882.821420 60 -1
1700955882.823611 979 -1
1700955882.823611 815 -1
1700955882.823652 54 1
1700955882.823734 5914 -1
1700955882.823753 54 1
1700955882.826291 1030 -1
1700955882.826291 762 -1
1700955882.826330 54 1
1700955882.826433 7354 -1
1700955882.826471 54 1
1700955882.826896 475 -1
1700955882.829186 1049 -1
1700955882.829186 736 -1
1700955882.829186 1036 -1
1700955882.829186 735 -1
1700955882.829240 54 1
1700955882.829747 7354 -1
1700955882.829790 54 1
1700955882.830103 1455 -1
1700955882.830217 4045 -1
1700955882.830244 54 1
1700955882.847287 1052 -1
1700955882.847287 732 -1
1700955882.847287 7354 -1
1700955882.847287 98 -1
1700955882.847392 54 1
1700955885.146561 231 1
1700955885.149815 230 1
1700955885.150017 231 1
1700955885.150131 221 1
1700955885.150952 60 -1
1700955885.151917 231 1
1700955885.152472 60 -1
1700955885.156739 1051 -1
1700955885.156739 729 -1
1700955885.156739 979 -1
1700955885.156739 814 -1
1700955885.156834 54 1
1700955885.156876 976 -1
1700955885.156876 849 -1
1700955885.156910 54 1
1700955885.157196 4385 -1
1700955885.157240 54 1
1700955885.157394 1514 -1
1700955885.157419 54 1
1700955885.157540 7354 -1
1700955885.157593 54 1
1700955885.158128 2109 -1
1700955885.158161 54 1
1700955885.160043 1003 -1
1700955885.160043 777 -1
1700955885.160043 2000 -1
1700955885.160090 54 1
1700955885.163913 89 1
1700955885.164703 956 -1
1700955885.164703 847 -1
1700955885.164758 54 1
1700955885.165136 5278 -1
1700955885.165179 54 1
1700955885.205513 60 -1
1700955886.213414 54 1
1700955886.216615 78 -1
1700955886.216667 54 1
1700955886.216730 60 -1
1700955889.942956 66 1
1700955889.944418 66 -1
1700955889.944541 54 1
1700955889.947475 966 1
1700955889.948434 60 -1
1700955889.949419 318 -1
1700955889.950142 134 1
1700955889.950540 146 1
1700955889.951115 577 1
1700955889.951206 225 1
1700955889.951287 225 1
1700955889.951370 231 1
1700955889.951455 224 1
1700955889.951548 230 1
1700955889.952181 60 -1
1700955889.952181 60 -1
1700955889.952181 341 -1
1700955889.952515 60 -1
1700955889.952515 60 -1
1700955889.952515 60 -1
1700955889.952515 60 -1
1700955889.952515 60 -1
1700955889.952515 60 -1
1700955889.953409 115 -1
1700955889.953409 85 -1
1700955889.953442 54 1
1700955889.955624 85 1
1700955889.956761 60 -1
1700955889.959314 1051 -1
1700955889.959314 731 -1
1700955889.959314 1034 -1
1700955889.959314 738 -1
1700955889.959393 54 1
1700955889.961242 1050 -1
1700955889.961301 731 -1
1700955889.961301 4428 -1
1700955889.961344 54 1
1700955889.961534 1056 -1
1700955889.961559 54 1
1700955889.961613 6032 -1
1700955889.961644 54 1
1700955889.962195 1737 -1
1700955889.962223 54 1
1700955889.962294 2974 -1
1700955889.962319 54 1
1700955889.962515 4755 -1
1700955889.962546 54 1
1700955889.962934 7354 -1
1700955889.963006 54 1
1700955889.963523 1514 -1
1700955889.963649 7700 -1
1700955889.963687 54 1
1700955889.964287 7354 -1
1700955889.964329 54 1
1700955889.964897 7618 -1
1700955889.964931 54 1
1700955889.978720 5654 -1
1700955889.978720 1274 -1
1700955889.978844 66 1
1700955889.988442 1009 -1
1700955889.988442 770 -1
1700955889.988522 54 1
1700955889.990602 3162 -1
1700955889.990679 54 1
1700955891.570697 231 1
1700955891.574123 224 1
1700955891.575192 224 1
1700955891.576496 60 -1
1700955891.581395 223 1
1700955891.581509 236 1
1700955891.582890 60 -1
1700955891.584726 978 -1
1700955891.584796 815 -1
1700955891.584822 54 1
1700955891.587142 7354 -1
1700955891.587209 54 1
1700955891.587856 552 -1
1700955891.587856 981 -1
1700955891.587856 812 -1
1700955891.587901 54 1
1700955891.588127 5347 -1
1700955891.588175 54 1
1700955891.588318 1031 -1
1700955891.588355 763 -1
1700955891.588378 54 1
1700955891.590345 6047 -1
1700955891.590414 54 1
1700955891.593244 981 -1
1700955891.593244 812 -1
1700955891.593244 1514 -1
1700955891.593244 1242 -1
1700955891.593325 54 1
1700955891.607207 1054 -1
1700955891.607207 727 -1
1700955891.607297 54 1
1700955891.607363 4526 -1
1700955891.607413 54 1
1700955893.244664 225 1
1700955893.244792 230 1
1700955893.245201 232 1
1700955893.246963 230 1
1700955893.247713 231 1
1700955893.247959 60 -1
1700955893.251167 232 1
1700955893.251605 60 -1
1700955893.252020 231 1
1700955893.256251 60 -1
1700955893.258013 978 -1
1700955893.258013 813 -1
1700955893.258013 983 -1
1700955893.258013 810 -1
1700955893.258126 54 1
1700955893.259410 1050 -1
1700955893.259410 736 -1
1700955893.259410 3357 -1
1700955893.259532 54 1
1700955893.259674 4434 -1
1700955893.259722 54 1
1700955893.259955 1514 -1
1700955893.260056 5242 -1
1700955893.260101 54 1
1700955893.260524 6907 -1
1700955893.260568 54 1
1700955893.261125 5894 -1
1700955893.261170 54 1
1700955893.261555 893 -1
1700955893.261609 1033 -1
1700955893.261635 54 1
1700955893.261701 759 -1
1700955893.261757 984 -1
1700955893.261774 54 1
1700955893.261837 800 -1
1700955893.261895 2974 -1
1700955893.261913 54 1
1700955893.262169 7354 -1
1700955893.262223 54 1
1700955893.262765 4181 -1
1700955893.262825 54 1
1700955893.263934 4240 -1
1700955893.264011 54 1
1700955893.269801 1054 -1
1700955893.269801 732 -1
1700955893.269801 7354 -1
1700955893.269968 54 1
1700955893.270270 507 -1
1700955893.270301 54 1
1700955895.667041 230 1
1700955895.667161 232 1
1700955895.667904 231 1
1700955895.668002 231 1
1700955895.669518 60 -1
1700955895.673747 1033 -1
1700955895.673747 758 -1
1700955895.673747 1053 -1
1700955895.673747 733 -1
1700955895.673831 54 1
1700955895.673899 16460 -1
1700955895.673971 54 1
1700955895.674896 6276 -1
1700955895.674961 54 1
1700955895.681290 6367 -1
1700955895.681290 4384 -1
1700955895.681290 1039 -1
1700955895.681290 734 -1
1700955895.681290 7354 -1
1700955895.681290 7354 -1
1700955895.681290 1167 -1
1700955895.681524 54 1
1700955895.683490 89 1
1700955895.734632 60 -1
1700955896.217376 54 1
1700955896.219389 78 -1
1700955896.219389 60 -1
1700955896.219425 54 1
1700955900.550562 66 1
1700955900.556611 66 -1
1700955900.556757 54 1
1700955900.557840 966 1
1700955900.559059 60 -1
1700955900.559523 318 -1
1700955900.560522 134 1
1700955900.560833 146 1
1700955900.561525 60 -1
1700955900.561636 586 1
1700955900.561731 60 -1
1700955900.561756 236 1
1700955900.561846 231 1
1700955900.561936 234 1
1700955900.562012 224 1
1700955900.562109 232 1
1700955900.562210 230 1
1700955900.562327 234 1
1700955900.562411 341 -1
1700955900.562647 60 -1
1700955900.562726 60 -1
1700955900.563002 60 -1
1700955900.563002 60 -1
1700955900.563170 60 -1
1700955900.563170 60 -1
1700955900.563170 60 -1
1700955900.563259 60 -1
1700955900.564477 115 -1
1700955900.564477 85 -1
1700955900.564514 54 1
1700955900.564730 85 1
1700955900.565837 60 -1
1700955900.571931 1050 -1
1700955900.571931 731 -1
1700955900.571931 980 -1
1700955900.571931 813 -1
1700955900.571931 980 -1
1700955900.571931 811 -1
1700955900.571931 1034 -1
1700955900.571931 4694 -1
1700955900.572172 54 1
1700955900.572254 6405 -1
1700955900.572316 54 1
1700955900.573234 763 -1
1700955900.573234 1052 -1
1700955900.573234 4594 -1
1700955900.573234 5048 -1
1700955900.573328 54 1
1700955900.573742 1730 -1
1700955900.573742 4434 -1
1700955900.573818 54 1
1700955900.574468 6043 -1
1700955900.574525 54 1
1700955900.574562 4434 -1
1700955900.574621 54 1
1700955900.575756 7354 -1
1700955900.575756 990 -1
1700955900.575756 1105 -1
1700955900.575756 659 -1
1700955900.575756 1076 -1
1700955900.575818 54 1
1700955900.575871 736 -1
1700955900.575871 9384 -1
1700955900.575929 54 1
1700955900.582022 7354 -1
1700955900.582312 54 1
1700955900.582486 549 -1
1700955900.582511 54 1
1700955902.250040 66 1
1700955902.251393 66 -1
1700955902.251491 54 1
1700955902.252229 902 1
1700955902.253339 60 -1
1700955902.253750 318 -1
1700955902.254468 134 1
1700955902.254810 146 1
1700955902.255391 60 -1
1700955902.255652 341 -1
1700955902.255652 60 -1
1700955902.255787 584 1
1700955902.255798 115 -1
1700955902.255798 85 -1
1700955902.255829 54 1
1700955902.255880 230 1
1700955902.255959 229 1
1700955902.256081 227 1
1700955902.256154 228 1
1700955902.256246 230 1
1700955902.256327 229 1
1700955902.256423 229 1
1700955902.256601 85 1
1700955902.256869 60 -1
1700955902.256869 60 -1
1700955902.256869 60 -1
1700955902.256907 60 -1
1700955902.257007 60 -1
1700955902.257310 60 -1
1700955902.257342 60 -1
1700955902.257342 60 -1
1700955902.257516 60 -1
1700955902.264482 1199 -1
1700955902.264573 446 -1
1700955902.264573 6164 -1
1700955902.264639 54 1
1700955902.266506 1172 -1
1700955902.266506 473 -1
1700955902.266577 54 1
1700955902.270781 4434 -1
1700955902.270781 3804 -1
1700955902.270781 1174 -1
1700955902.270781 474 -1
1700955902.270781 1176 -1
1700955902.270781 475 -1
1700955902.270974 54 1
1700955902.271316 2974 -1
1700955902.271316 5930 -1
1700955902.271364 54 1
1700955902.271809 1167 -1
1700955902.271809 487 -1
1700955902.271809 5917 -1
1700955902.271849 54 1
1700955902.272351 1197 -1
1700955902.272376 54 1
1700955902.272405 447 -1
1700955902.272405 1175 -1
1700955902.272405 475 -1
1700955902.272424 54 1
1700955902.272459 7511 -1
1700955902.272506 54 1
1700955902.279291 7354 -1
1700955902.279291 560 -1
1700955902.279291 6362 -1
1700955902.279436 54 1
1700955902.280981 522 -1
1700955902.281016 66 1
1700955902.286515 1175 -1
1700955902.286515 481 -1
1700955902.286515 14654 -1
1700955902.286654 54 1
1700955902.287571 1860 -1
1700955902.287611 54 1
1700955902.287835 2848 -1
1700955902.287876 54 1
1700955903.949388 227 1
1700955903.949516 229 1
1700955903.949578 227 1
1700955903.949877 228 1
1700955903.950332 227 1
1700955903.950427 60 -1
1700955903.950427 60 -1
1700955903.950427 60 -1
1700955903.950746 60 -1
1700955903.951313 230 1
1700955903.951403 60 -1
1700955903.951470 221 1
1700955903.951669 227 1
1700955903.952303 60 -1
1700955903.952657 60 -1
1700955903.952657 60 -1
1700955903.958582 1172 -1
1700955903.958582 477 -1
1700955903.958686 54 1
1700955903.959926 7354 -1
1700955903.959994 54 1
1700955903.960389 496 -1
1700955903.960417 54 1
1700955903.960458 1177 -1
1700955903.960537 474 -1
1700955903.960560 54 1
1700955903.961445 1177 -1
1700955903.961445 473 -1
1700955903.961496 54 1
1700955903.961585 1174 -1
1700955903.961585 480 -1
1700955903.961585 5043 -1
1700955903.961656 54 1
1700955903.963975 5148 -1
1700955903.964034 54 1
1700955903.964280 1514 -1
1700955903.964280 7354 -1
1700955903.964336 54 1
1700955903.964851 7354 -1
1700955903.964907 54 1
1700955903.972595 400 -1
1700955903.972595 206 -1
1700955903.972595 1176 -1
1700955903.972595 1595 -1
1700955903.972595 475 -1
1700955903.972595 4190 -1
1700955903.972595 3571 -1
1700955903.972595 1170 -1
1700955903.972595 487 -1
1700955903.972595 3646 -1
1700955903.972595 1201 -1
1700955903.972595 444 -1
1700955903.972595 5451 -1
1700955903.972790 54 1
1700955905.595504 229 1
1700955905.595649 219 1
1700955905.595728 223 1
1700955905.595810 219 1
1700955905.596823 232 1
1700955905.601588 221 1
1700955905.601711 221 1
1700955905.601908 230 1
1700955905.603450 60 -1
1700955905.603450 1176 -1
1700955905.603450 474 -1
1700955905.603450 5638 -1
1700955905.603572 54 1
1700955905.603692 1202 -1
1700955905.603692 437 -1
1700955905.603723 54 1
1700955905.604063 7354 -1
1700955905.604321 54 1
1700955905.604502 802 -1
1700955905.604525 54 1
1700955905.606442 1175 -1
1700955905.606442 473 -1
1700955905.606501 54 1
1700955905.606873 3349 -1
1700955905.606901 54 1
1700955905.607223 1195 -1
1700955905.607244 54 1
1700955905.607278 448 -1
1700955905.607374 4144 -1
1700955905.607413 54 1
1700955905.610619 1176 -1
1700955905.610701 476 -1
1700955905.610701 1177 -1
1700955905.610701 6675 -1
1700955905.610763 54 1
1700955905.611021 473 -1
1700955905.612899 7140 -1
1700955905.612972 54 1
1700955905.613314 1198 -1
1700955905.613314 451 -1
1700955905.613314 4434 -1
1700955905.613363 54 1
1700955905.613720 1929 -1
1700955905.613747 54 1
1700955905.613834 1199 -1
1700955905.613873 54 1
1700955905.613909 444 -1
1700955905.614382 5746 -1
1700955905.614424 54 1
1700955906.221339 54 1
1700955906.221597 54 1
1700955906.222410 78 -1
1700955906.222459 54 1
1700955906.222535 60 -1
1700955906.223020 78 -1
1700955906.223020 60 -1
1700955906.223057 54 1
1700955908.057193 66 1
1700955908.058342 66 -1
1700955908.058441 54 1
1700955908.066350 870 1
1700955908.067719 60 -1
1700955908.068366 318 -1
1700955908.068894 134 1
1700955908.071042 146 1
1700955908.071962 585 1
1700955908.072444 221 1
1700955908.072524 221 1
1700955908.072606 226 1
1700955908.072781 230 1
1700955908.072881 229 1
1700955908.073019 227 1
1700955908.073536 220 1
1700955908.079108 60 -1
1700955908.079108 341 -1
1700955908.087309 60 -1
1700955908.087309 60 -1
1700955908.087309 60 -1
1700955908.087309 60 -1
1700955908.087309 60 -1
1700955908.087309 60 -1
1700955908.087309 60 -1
1700955908.087309 60 -1
1700955908.087309 60 -1
1700955908.087309 115 -1
1700955908.087309 85 -1
1700955908.087309 1173 -1
1700955908.087309 1140 -1
1700955908.087309 525 -1
1700955908.087309 481 -1
1700955908.087526 54 1
1700955908.088464 85 1
1700955908.092505 1173 -1
1700955908.092505 480 -1
1700955908.092505 1172 -1
1700955908.092505 2287 -1
1700955908.092505 484 -1
1700955908.092505 2812 -1
1700955908.092505 1167 -1
1700955908.092505 4434 -1
1700955908.092505 1866 -1
1700955908.092505 5285 -1
1700955908.092736 54 1
1700955908.093790 2974 -1
1700955908.093790 2619 -1
1700955908.093825 54 1
1700955908.096643 1174 -1
1700955908.096643 484 -1
1700955908.096643 1203 -1
1700955908.096643 6725 -1
1700955908.096739 54 1
1700955908.096793 1514 -1
1700955908.096793 2322 -1
1700955908.096819 54 1
1700955908.099930 1172 -1
1700955908.099930 487 -1
1700955908.100010 54 1
1700955908.102525 5314 -1
1700955908.102602 54 1
1700955913.242238 54 1
