1700966309.186370 66 1
1700966309.188533 66 -1
1700966309.188650 54 1
1700966309.192353 599 1
1700966309.193412 60 -1
1700966309.203548 2780 -1
1700966309.203633 54 1
1700966309.236227 134 1
1700966309.237558 60 -1
1700966309.240152 341 -1
1700966309.240152 341 -1
1700966309.240201 54 1
1700966309.252194 146 1
1700966309.253530 60 -1
1700966309.253613 584 1
1700966309.254832 60 -1
1700966309.260073 115 -1
1700966309.260073 85 -1
1700966309.260144 54 1
1700966309.260419 85 1
1700966309.261539 60 -1
1700966309.263033 1050 -1
1700966309.263033 732 -1
1700966309.263033 5475 -1
1700966309.263114 54 1
1700966309.575435 235 1
1700966309.575536 230 1
1700966309.575624 230 1
1700966309.575723 230 1
1700966309.575853 229 1
1700966309.578212 231 1
1700966309.578361 231 1
1700966309.578490 234 1
1700966309.588929 60 -1
1700966309.588929 60 -1
1700966309.589789 1029 -1
1700966309.590236 764 -1
1700966309.590236 1104 -1
1700966309.590236 3726 -1
1700966309.590236 654 -1
1700966309.590541 54 1
1700966309.590596 4434 -1
1700966309.590655 54 1
1700966309.590724 60 -1
1700966309.590724 1103 -1
1700966309.590759 54 1
1700966309.590826 659 -1
1700966309.590826 1886 -1
1700966309.590856 54 1
1700966309.592894 1050 -1
1700966309.592894 732 -1
1700966309.592894 999 -1
1700966309.592894 781 -1
1700966309.592948 54 1
1700966309.593824 4463 -1
1700966309.593870 54 1
1700966309.594100 5850 -1
1700966309.594161 54 1
1700966309.594434 1740 -1
1700966309.594465 54 1
1700966309.594559 1974 -1
1700966309.594587 54 1
1700966309.597164 1051 -1
1700966309.597164 733 -1
1700966309.597164 3409 -1
1700966309.597280 54 1
1700966309.601294 999 -1
1700966309.601294 804 -1
1700966309.601400 54 1
1700966309.601710 4178 -1
1700966309.601777 54 1
1700966309.792864 66 1
1700966309.794171 66 -1
1700966309.794285 54 1
1700966309.798859 572 1
1700966309.800010 60 -1
1700966309.812179 2974 -1
1700966309.812286 54 1
1700966309.812351 958 -1
1700966309.817533 134 1
1700966309.818205 146 1
1700966309.818492 563 1
1700966309.818629 60 -1
1700966309.818851 341 -1
1700966309.818851 341 -1
1700966309.818906 54 1
1700966309.819173 60 -1
1700966309.819442 60 -1
1700966309.821745 115 -1
1700966309.821745 85 -1
1700966309.821821 54 1
1700966309.822112 85 1
1700966309.823097 60 -1
1700966309.837134 1035 -1
1700966309.837134 2561 -1
1700966309.837212 54 1
1700966311.703518 54 1
1700966311.703670 54 1
1700966311.705493 78 -1
1700966311.705493 60 -1
1700966311.705530 54 1
1700966311.705685 78 -1
1700966311.705685 60 -1
1700966311.705709 54 1
1700966317.951451 66 1
1700966317.952742 66 -1
1700966317.952845 54 1
1700966317.953393 902 1
1700966317.954461 60 -1
1700966317.955051 318 -1
1700966317.955896 134 1
1700966317.956296 146 1
1700966317.956809 587 1
1700966317.956911 232 1
1700966317.957010 230 1
1700966317.957047 60 -1
1700966317.957087 232 1
1700966317.957167 341 -1
1700966317.957358 60 -1
1700966317.957530 115 -1
1700966317.957530 85 -1
1700966317.957574 54 1
1700966317.957754 85 1
1700966317.957936 60 -1
1700966317.957936 60 -1
1700966317.958071 60 -1
1700966317.958071 60 -1
1700966317.958780 60 -1
1700966317.962851 981 -1
1700966317.962851 805 -1
1700966317.962926 54 1
1700966317.963351 1803 -1
1700966317.963351 1051 -1
1700966317.963351 735 -1
1700966317.963386 54 1
1700966317.963606 5172 -1
1700966317.963641 54 1
1700966317.964673 1053 -1
1700966317.964673 732 -1
1700966317.964673 6300 -1
1700966317.964748 54 1
1700966317.965176 1055 -1
1700966317.965176 729 -1
1700966317.965206 54 1
1700966317.965261 6097 -1
1700966317.965291 54 1
1700966321.009962 229 1
1700966321.010579 234 1
1700966321.013211 234 1
1700966321.017647 234 1
1700966321.018904 60 -1
1700966321.022161 60 -1
1700966321.022161 60 -1
1700966321.022161 60 -1
1700966321.022161 1052 -1
1700966321.022161 729 -1
1700966321.022228 54 1
1700966321.026643 7354 -1
1700966321.026643 2371 -1
1700966321.026706 54 1
1700966321.037652 1057 -1
1700966321.037652 719 -1
1700966321.037652 981 -1
1700966321.037652 803 -1
1700966321.037652 7354 -1
1700966321.037652 1514 -1
1700966321.037652 3463 -1
1700966321.037652 6540 -1
1700966321.037652 1074 -1
1700966321.037652 702 -1
1700966321.037652 5185 -1
1700966321.037831 54 1
1700966321.723077 54 1
1700966321.728511 78 -1
1700966321.728554 54 1
1700966321.728628 60 -1
1700966322.541859 66 1
1700966322.543080 66 -1
1700966322.543266 54 1
1700966322.544040 870 1
1700966322.545279 60 -1
1700966322.546161 318 -1
1700966322.547179 134 1
1700966322.547452 146 1
1700966322.547976 587 1
1700966322.548074 235 1
1700966322.548147 231 1
1700966322.548175 60 -1
1700966322.548215 231 1
1700966322.548662 341 -1
1700966322.548720 60 -1
1700966322.548951 115 -1
1700966322.548951 85 -1
1700966322.548986 54 1
1700966322.549018 60 -1
1700966322.549089 60 -1
1700966322.549268 60 -1
1700966322.549268 60 -1
1700966322.549448 85 1
1700966322.551080 60 -1
1700966322.553970 1102 -1
1700966322.553970 655 -1
1700966322.554047 54 1
1700966322.554094 6323 -1
1700966322.554136 54 1
1700966322.555483 1031 -1
1700966322.555483 737 -1
1700966322.555527 54 1
1700966322.555820 6657 -1
1700966322.555873 54 1
1700966322.559405 981 -1
1700966322.559405 806 -1
1700966322.559405 10274 -1
1700966322.559519 54 1
1700966322.560018 3112 -1
1700966322.560055 54 1
1700966322.564709 958 -1
1700966322.564709 842 -1
1700966322.564709 6863 -1
1700966322.564798 54 1
1700966324.148903 234 1
1700966324.148988 229 1
1700966324.149224 231 1
1700966324.152216 60 -1
1700966324.156292 956 -1
1700966324.156292 844 -1
1700966324.156292 1051 -1
1700966324.156292 734 -1
1700966324.156292 4537 -1
1700966324.156649 54 1
1700966324.156707 2762 -1
1700966324.156729 54 1
1700966324.158689 980 -1
1700966324.158689 813 -1
1700966324.158738 54 1
1700966324.158833 357 -1
1700966324.200823 54 1
1700966326.262319 236 1
1700966326.262921 230 1
1700966326.263016 232 1
1700966326.263105 234 1
1700966326.266145 60 -1
1700966326.267843 997 -1
1700966326.267843 789 -1
1700966326.267891 54 1
1700966326.267935 6865 -1
1700966326.267973 54 1
1700966326.269950 1083 -1
1700966326.269950 691 -1
1700966326.269950 2023 -1
1700966326.270185 54 1
1700966326.270583 1129 -1
1700966326.270583 623 -1
1700966326.270583 4591 -1
1700966326.270638 54 1
1700966326.306269 1054 -1
1700966326.306269 729 -1
1700966326.306374 54 1
1700966326.311159 5703 -1
1700966326.311272 54 1
1700966327.854221 222 1
1700966327.861690 1054 -1
1700966327.861690 733 -1
1700966327.861741 54 1
1700966327.862535 1514 -1
1700966327.862535 5118 -1
1700966327.862578 54 1
1700966327.868426 89 1
1700966327.912747 60 -1
1700966329.432343 232 1
1700966329.432458 235 1
1700966329.435508 60 -1
1700966329.435508 60 -1
1700966329.444332 950 -1
1700966329.444332 852 -1
1700966329.444876 54 1
1700966329.444934 1105 -1
1700966329.444934 658 -1
1700966329.444934 7354 -1
1700966329.444987 54 1
1700966329.445104 2049 -1
1700966329.445122 54 1
1700966329.445603 5499 -1
1700966329.445625 54 1
1700966331.535734 234 1
1700966331.535854 232 1
1700966331.536942 60 -1
1700966331.536942 60 -1
1700966331.539985 230 1
1700966331.541078 60 -1
1700966331.541476 231 1
1700966331.542925 60 -1
1700966331.548101 1080 -1
1700966331.548101 691 -1
1700966331.548101 1081 -1
1700966331.548101 692 -1
1700966331.548216 54 1
1700966331.548314 3563 -1
1700966331.548362 54 1
1700966331.548626 2440 -1
1700966331.548655 54 1
1700966331.550313 1056 -1
1700966331.550313 704 -1
1700966331.550356 54 1
1700966331.551052 7354 -1
1700966331.551094 54 1
1700966331.551374 2005 -1
1700966331.551393 54 1
1700966331.551990 1051 -1
1700966331.551990 731 -1
1700966331.552019 54 1
1700966331.554318 6661 -1
1700966331.554548 54 1
1700966331.745944 54 1
1700966331.747470 78 -1
1700966331.747470 60 -1
1700966331.747512 54 1
1700966334.448878 66 1
1700966334.450054 66 -1
1700966334.450166 54 1
1700966334.450700 966 1
1700966334.451821 60 -1
1700966334.453218 318 -1
1700966334.454179 134 1
1700966334.454519 146 1
1700966334.455037 577 1
1700966334.455112 230 1
1700966334.455188 229 1
1700966334.455275 221 1
1700966334.455326 60 -1
1700966334.455758 60 -1
1700966334.456146 60 -1
1700966334.456146 60 -1
1700966334.456197 60 -1
1700966334.456234 60 -1
1700966334.456362 341 -1
1700966334.459082 115 -1
1700966334.459082 85 -1
1700966334.459124 54 1
1700966334.459830 85 1
1700966334.460790 1020 -1
1700966334.460790 773 -1
1700966334.460840 54 1
1700966334.460909 60 -1
1700966334.461199 6317 -1
1700966334.461253 54 1
1700966334.461703 1053 -1
1700966334.461703 730 -1
1700966334.461703 2974 -1
1700966334.461755 54 1
1700966334.461893 1383 -1
1700966334.462002 54 1
1700966334.462537 1033 -1
1700966334.462537 735 -1
1700966334.462569 54 1
1700966334.462860 1514 -1
1700966334.462860 3365 -1
1700966334.462892 54 1
1700966334.467792 981 -1
1700966334.467866 813 -1
1700966334.467890 54 1
1700966334.468087 1514 -1
1700966334.468135 1514 -1
1700966334.468153 54 1
1700966334.468255 3209 -1
1700966334.468275 54 1
1700966336.012672 224 1
1700966336.013180 229 1
1700966336.013280 234 1
1700966336.013870 60 -1
1700966336.014275 60 -1
1700966336.014275 60 -1
1700966336.156418 979 -1
1700966336.156418 808 -1
1700966336.156626 54 1
1700966336.162159 3808 -1
1700966336.162236 54 1
1700966336.162284 1732 -1
1700966336.162303 54 1
1700966336.175224 1055 -1
1700966336.175224 729 -1
1700966336.175224 16114 -1
1700966336.175372 54 1
1700966336.176313 400 -1
1700966336.176352 800 -1
1700966336.176368 54 1
1700966336.181276 5154 -1
1700966336.181381 54 1
1700966337.613196 232 1
1700966337.614114 236 1
1700966337.614429 231 1
1700966337.615417 229 1
1700966337.615508 60 -1
1700966337.616424 60 -1
1700966337.616424 60 -1
1700966337.616424 60 -1
1700966337.620260 949 -1
1700966337.620260 853 -1
1700966337.620260 2974 -1
1700966337.620323 54 1
1700966337.620376 3193 -1
1700966337.620414 54 1
1700966337.621977 980 -1
1700966337.621977 812 -1
1700966337.621977 2974 -1
1700966337.621977 7354 -1
1700966337.622046 54 1
1700966337.622568 6240 -1
1700966337.622629 54 1
1700966337.623069 5894 -1
1700966337.623112 54 1
1700966337.623736 2974 -1
1700966337.623770 54 1
1700966337.624103 917 -1
1700966337.624103 1059 -1
1700966337.624103 727 -1
1700966337.624103 7354 -1
1700966337.624208 66 1
1700966337.624250 66 1
1700966337.624312 66 1
1700966337.624375 66 1
1700966337.625156 3197 -1
1700966337.625199 66 1
1700966337.625374 1514 -1
1700966337.625434 54 1
1700966337.630869 1054 -1
1700966337.630869 731 -1
1700966337.630869 1514 -1
1700966337.630957 54 1
1700966337.631004 5731 -1
1700966337.631037 54 1
1700966339.751730 232 1
1700966339.758085 983 -1
1700966339.758186 809 -1
1700966339.758205 54 1
1700966339.758239 6622 -1
1700966339.758289 54 1
1700966339.758399 222 1
1700966339.758527 222 1
1700966339.761764 60 -1
1700966339.768360 947 -1
1700966339.768360 855 -1
1700966339.768360 3503 -1
1700966339.768502 54 1
1700966339.771327 89 1
1700966339.789137 1054 -1
1700966339.789137 731 -1
1700966339.789137 4471 -1
1700966339.789318 54 1
1700966341.355819 229 1
1700966341.356065 232 1
1700966341.357200 60 -1
1700966341.357312 231 1
1700966341.357386 222 1
1700966341.357743 231 1
1700966341.359082 60 -1
1700966341.361395 1052 -1
1700966341.361395 731 -1
1700966341.361462 54 1
1700966341.361587 4305 -1
1700966341.361631 54 1
1700966341.363084 1050 -1
1700966341.363084 1053 -1
1700966341.363084 731 -1
1700966341.363084 733 -1
1700966341.363127 54 1
1700966341.363268 976 -1
1700966341.363268 5697 -1
1700966341.363308 54 1
1700966341.363682 813 -1
1700966341.363802 5453 -1
1700966341.363830 54 1
1700966341.364205 3368 -1
1700966341.364236 54 1
1700966341.366940 1053 -1
1700966341.366940 732 -1
1700966341.367002 54 1
1700966341.367049 2974 -1
1700966341.367079 54 1
1700966341.367196 2703 -1
1700966341.367239 54 1
1700966341.748791 54 1
1700966341.752879 78 -1
1700966341.752879 60 -1
1700966341.752915 54 1
1700966342.957092 66 1
1700966342.958255 66 -1
1700966342.958308 54 1
1700966342.960592 934 1
1700966342.961881 60 -1
1700966342.963091 318 -1
1700966342.963690 134 1
1700966342.963977 146 1
1700966342.964417 586 1
1700966342.964647 222 1
1700966342.964742 234 1
1700966342.964837 234 1
1700966342.964912 60 -1
1700966342.964947 341 -1
1700966342.965222 60 -1
1700966342.965222 115 -1
1700966342.965222 85 -1
1700966342.965266 54 1
1700966342.965463 85 1
1700966342.965640 60 -1
1700966342.965775 60 -1
1700966342.966087 60 -1
1700966342.966087 60 -1
1700966342.966754 60 -1
1700966342.977223 1056 -1
1700966342.977514 723 -1
1700966342.977514 1047 -1
1700966342.977547 54 1
1700966342.978765 734 -1
1700966342.978765 5519 -1
1700966342.978819 54 1
1700966342.978877 1052 -1
1700966342.978877 3534 -1
1700966342.978906 54 1
1700966342.979861 1057 -1
1700966342.979861 710 -1
1700966342.979861 4979 -1
1700966342.979861 7354 -1
1700966342.979953 54 1
1700966342.980413 4072 -1
1700966342.980437 54 1
1700966345.100955 221 1
1700966345.101070 232 1
1700966345.101172 230 1
1700966345.101557 232 1
1700966345.111818 60 -1
1700966345.111818 60 -1
1700966345.111818 60 -1
1700966345.111818 60 -1
1700966345.117181 1053 -1
1700966345.117181 732 -1
1700966345.117181 3575 -1
1700966345.117296 54 1
1700966345.118738 1056 -1
1700966345.118738 722 -1
1700966345.118936 54 1
1700966345.121607 1056 -1
1700966345.121607 731 -1
1700966345.121607 4387 -1
1700966345.121693 54 1
1700966345.121814 4434 -1
1700966345.121845 54 1
1700966345.122237 1695 -1
1700966345.122279 54 1
1700966345.125343 1083 -1
1700966345.125343 694 -1
1700966345.125394 54 1
1700966345.125445 5721 -1
1700966345.125489 54 1
1700966348.592034 230 1
1700966348.598426 224 1
1700966348.598997 231 1
1700966348.601460 234 1
1700966348.603406 222 1
1700966348.604153 60 -1
1700966348.605292 60 -1
1700966348.616135 977 -1
1700966348.616135 815 -1
1700966348.616135 981 -1
1700966348.616135 1782 -1
1700966348.616135 4595 -1
1700966348.616280 54 1
1700966348.616342 749 -1
1700966348.616366 54 1
1700966348.617848 6649 -1
1700966348.617926 54 1
1700966348.619292 89 1
1700966348.621937 4434 -1
1700966348.621937 2641 -1
1700966348.621937 1107 -1
1700966348.621937 659 -1
1700966348.621937 1057 -1
1700966348.621937 730 -1
1700966348.621937 6190 -1
1700966348.621937 4806 -1
1700966348.622090 54 1
1700966348.663803 60 -1
1700966350.199450 231 1
1700966350.199948 232 1
1700966350.200432 230 1
1700966350.201863 60 -1
1700966350.201863 60 -1
1700966350.203269 60 -1
1700966350.205341 981 -1
1700966350.205341 804 -1
1700966350.207035 54 1
1700966350.207086 1514 -1
1700966350.207086 5346 -1
1700966350.207149 54 1
1700966350.213120 978 -1
1700966350.213120 815 -1
1700966350.213120 5913 -1
1700966350.213197 54 1
1700966350.242045 1054 -1
1700966350.242342 727 -1
1700966350.242377 54 1
1700966350.243516 4434 -1
1700966350.243516 7354 -1
1700966350.243629 54 1
1700966350.244139 3943 -1
1700966350.244175 54 1
1700966351.763691 54 1
1700966351.765276 78 -1
1700966351.765276 60 -1
1700966351.765304 54 1
1700966352.356339 66 1
1700966352.361040 66 -1
1700966352.361204 54 1
1700966352.361922 902 1
1700966352.363134 60 -1
1700966352.364034 318 -1
1700966352.364922 134 1
1700966352.365254 146 1
1700966352.365809 585 1
1700966352.365932 232 1
1700966352.366056 234 1
1700966352.366113 60 -1
1700966352.366156 234 1
1700966352.366242 223 1
1700966352.366695 60 -1
1700966352.366847 60 -1
1700966352.366937 60 -1
1700966352.366967 60 -1
1700966352.367232 60 -1
1700966352.367260 60 -1
1700966352.368928 341 -1
1700966352.371462 115 -1
1700966352.371462 85 -1
1700966352.371680 54 1
1700966352.372005 85 1
1700966352.378958 979 -1
1700966352.378958 814 -1
1700966352.378958 1053 -1
1700966352.378958 728 -1
1700966352.378958 3405 -1
1700966352.378958 11692 -1
1700966352.378958 60 -1
1700966352.378958 1052 -1
1700966352.378958 728 -1
1700966352.378958 1514 -1
1700966352.378958 7354 -1
1700966352.378958 6241 -1
1700966352.378958 980 -1
1700966352.378958 811 -1
1700966352.378958 6385 -1
1700966352.378958 978 -1
1700966352.378958 813 -1
1700966352.378958 4659 -1
1700966352.379481 54 1
1700966353.998430 230 1
1700966353.998735 223 1
1700966353.998823 223 1
1700966354.002957 60 -1
1700966354.002957 60 -1
1700966354.002957 60 -1
1700966354.039057 1031 -1
1700966354.039548 742 -1
1700966354.039668 54 1
1700966354.044647 7354 -1
1700966354.044740 54 1
1700966354.044984 2728 -1
1700966354.045013 54 1
1700966354.054112 1054 -1
1700966354.054112 730 -1
1700966354.054112 979 -1
1700966354.054112 812 -1
1700966354.054544 54 1
1700966354.069977 7354 -1
1700966354.070095 54 1
1700966354.070159 721 -1
1700966354.070159 6583 -1
1700966354.070223 54 1
1700966355.590836 230 1
1700966355.592167 225 1
1700966355.593213 232 1
1700966355.598735 60 -1
1700966355.598735 60 -1
1700966355.598735 60 -1
1700966355.607467 1031 -1
1700966355.607467 739 -1
1700966355.607467 2811 -1
1700966355.607611 54 1
1700966355.612954 978 -1
1700966355.612954 811 -1
1700966355.612954 7865 -1
1700966355.612954 950 -1
1700966355.612954 854 -1
1700966355.612954 7354 -1
1700966355.612954 1933 -1
1700966355.613123 54 1
1700966357.245279 232 1
1700966357.245479 229 1
1700966357.246646 232 1
1700966357.246718 224 1
1700966357.247287 60 -1
1700966357.251988 60 -1
1700966357.255215 1053 -1
1700966357.255215 728 -1
1700966357.255215 5894 -1
1700966357.255742 54 1
1700966357.255828 7354 -1
1700966357.255896 54 1
1700966357.256116 3320 -1
1700966357.256165 54 1
1700966357.256348 821 -1
1700966357.261085 1053 -1
1700966357.261085 733 -1
1700966357.261085 1051 -1
1700966357.261148 54 1
1700966357.261193 732 -1
1700966357.261420 3638 -1
1700966357.261445 54 1
1700966357.262017 982 -1
1700966357.262053 803 -1
1700966357.262053 4163 -1
1700966357.262084 54 1
1700966357.262884 1545 -1
1700966357.262914 54 1
1700966359.375169 222 1
1700966359.397305 978 -1
1700966359.397305 6906 -1
1700966359.397417 54 1
1700966359.434179 89 1
1700966359.475955 60 -1
1700966361.778214 54 1
1700966361.785054 78 -1
1700966361.785054 60 -1
1700966361.785140 54 1
1700966363.780781 66 1
1700966363.791352 66 -1
1700966363.791498 54 1
1700966363.792872 870 1
1700966363.794055 60 -1
1700966363.794787 318 -1
1700966363.795381 134 1
1700966363.795708 146 1
1700966363.796184 587 1
1700966363.796273 234 1
1700966363.796364 230 1
1700966363.796450 229 1
1700966363.796848 60 -1
1700966363.797024 341 -1
1700966363.797408 60 -1
1700966363.797408 115 -1
1700966363.797408 85 -1
1700966363.797461 54 1
1700966363.797603 60 -1
1700966363.797790 85 1
1700966363.798229 60 -1
1700966363.798229 60 -1
1700966363.798229 60 -1
1700966363.799443 60 -1
1700966363.802173 1050 -1
1700966363.802173 7143 -1
1700966363.802261 54 1
1700966363.815967 1048 -1
1700966363.815967 732 -1
1700966363.815967 982 -1
1700966363.815967 812 -1
1700966363.815967 1081 -1
1700966363.815967 692 -1
1700966363.815967 3942 -1
1700966363.815967 2743 -1
1700966363.815967 5965 -1
1700966363.816201 54 1
1700966365.404731 222 1
1700966365.405376 230 1
1700966365.406912 60 -1
1700966365.406912 60 -1
1700966365.407092 225 1
1700966365.407470 234 1
1700966365.407591 230 1
1700966365.408125 60 -1
1700966365.409078 60 -1
1700966365.409078 60 -1
1700966365.415397 948 -1
1700966365.415397 854 -1
1700966365.415504 54 1
1700966365.418078 5469 -1
1700966365.418145 54 1
1700966365.418512 1053 -1
1700966365.418512 728 -1
1700966365.418549 54 1
1700966365.418619 1029 -1
1700966365.418846 757 -1
1700966365.418869 54 1
1700966365.419172 7354 -1
1700966365.419224 54 1
1700966365.419434 4434 -1
1700966365.419471 54 1
1700966365.420131 2347 -1
1700966365.420131 5187 -1
1700966365.420191 54 1
1700966365.420591 984 -1
1700966365.420591 801 -1
1700966365.420591 1514 -1
1700966365.420755 54 1
1700966365.420794 3669 -1
1700966365.420833 54 1
1700966365.421493 1053 -1
1700966365.421493 733 -1
1700966365.421538 54 1
1700966365.422874 6058 -1
1700966365.423368 54 1
1700966367.577324 230 1
1700966367.579378 225 1
1700966367.581940 227 1
1700966367.582082 231 1
1700966367.591295 60 -1
1700966367.597398 1021 -1
1700966367.597398 770 -1
1700966367.597470 54 1
1700966367.597594 983 -1
1700966367.597594 804 -1
1700966367.597628 54 1
1700966367.598993 7354 -1
1700966367.599226 54 1
1700966367.599271 9160 -1
1700966367.599348 54 1
1700966367.600384 85 -1
1700966367.600384 5635 -1
1700966367.600446 54 1
1700966367.600893 949 -1
1700966367.600893 850 -1
1700966367.601184 54 1
1700966367.611039 14252 -1
1700966367.611039 1031 -1
1700966367.611039 739 -1
1700966367.611173 54 1
1700966367.612135 3492 -1
1700966367.612174 54 1
1700966369.223931 234 1
1700966369.227383 223 1
1700966369.228873 60 -1
1700966369.233471 1106 -1
1700966369.233471 660 -1
1700966369.233471 4783 -1
1700966369.233471 1049 -1
1700966369.233471 730 -1
1700966369.233542 54 1
1700966369.233626 5237 -1
1700966369.233654 54 1
1700966369.251971 89 1
1700966369.295384 60 -1
1700966370.842847 229 1
1700966370.842960 234 1
1700966370.843590 234 1
1700966370.843716 234 1
1700966370.846518 60 -1
1700966370.846518 60 -1
1700966370.846518 60 -1
1700966370.846518 60 -1
1700966370.852379 1051 -1
1700966370.852379 729 -1
1700966370.852379 4189 -1
1700966370.852490 54 1
1700966370.852604 1053 -1
1700966370.852604 731 -1
1700966370.852604 1021 -1
1700966370.852632 54 1
1700966370.853051 773 -1
1700966370.853051 4394 -1
1700966370.853080 54 1
1700966370.853132 2974 -1
1700966370.853152 54 1
1700966370.853638 2635 -1
1700966370.853670 54 1
1700966370.866945 1074 -1
1700966370.866945 739 -1
1700966370.866945 3598 -1
1700966370.867066 54 1
1700966371.794418 54 1
1700966371.801085 78 -1
1700966371.801085 60 -1
1700966371.801179 54 1
1700966372.988351 66 1
1700966372.991965 66 -1
1700966372.992099 54 1
1700966372.994426 966 1
1700966372.996984 60 -1
1700966372.996984 318 -1
1700966372.997780 134 1
1700966372.998467 146 1
1700966372.999004 585 1
1700966372.999068 60 -1
1700966372.999185 232 1
1700966372.999294 231 1
1700966372.999381 230 1
1700966372.999677 60 -1
1700966373.000070 60 -1
1700966373.000361 60 -1
1700966373.000361 60 -1
1700966373.000602 60 -1
1700966373.006200 341 -1
1700966373.025024 115 -1
1700966373.025024 85 -1
1700966373.025024 983 -1
1700966373.025109 54 1
1700966373.025205 1613 -1
1700966373.025205 7892 -1
1700966373.025248 54 1
1700966373.025951 6575 -1
1700966373.026005 54 1
1700966373.026372 85 1
1700966373.027896 60 -1
1700966373.028195 3261 -1
1700966373.028226 54 1
1700966373.032090 962 -1
1700966373.032090 4487 -1
1700966373.032147 54 1
1700966377.573526 224 1
1700966377.574639 60 -1
1700966377.581332 910 -1
1700966377.581332 5646 -1
1700966377.581416 54 1
1700966379.210104 232 1
1700966379.213352 221 1
1700966379.214364 60 -1
1700966379.216679 223 1
1700966379.217224 1057 -1
1700966379.217224 730 -1
1700966379.217224 1761 -1
1700966379.217285 54 1
1700966379.219950 89 1
1700966379.221101 60 -1
1700966379.223061 959 -1
1700966379.223199 5903 -1
1700966379.223241 54 1
1700966379.225216 978 -1
1700966379.225216 811 -1
1700966379.225216 5557 -1
1700966379.225283 54 1
1700966380.836834 224 1
1700966380.838058 229 1
1700966380.840339 223 1
1700966380.840443 60 -1
1700966380.848682 1102 -1
1700966380.848682 657 -1
1700966380.848788 54 1
1700966380.850260 6724 -1
1700966380.850326 54 1
1700966380.850671 1698 -1
1700966380.850699 54 1
1700966380.851242 977 -1
1700966380.851283 54 1
1700966380.851352 812 -1
1700966380.851352 5692 -1
1700966380.851393 54 1
1700966380.851719 6705 -1
1700966380.851772 54 1
1700966381.806520 54 1
1700966381.807685 78 -1
1700966381.807737 54 1
1700966381.808110 60 -1
1700966383.019467 66 1
1700966383.020737 66 -1
1700966383.020845 54 1
1700966383.021632 934 1
1700966383.023169 60 -1
1700966383.024049 318 -1
1700966383.024730 134 1
1700966383.025987 60 -1
1700966383.026308 146 1
1700966383.026735 584 1
1700966383.026829 232 1
1700966383.026912 232 1
1700966383.027012 224 1
1700966383.028427 341 -1
1700966383.029333 60 -1
1700966383.029333 60 -1
1700966383.029333 60 -1
1700966383.029333 60 -1
1700966383.029333 60 -1
1700966383.041372 115 -1
1700966383.041372 85 -1
1700966383.041445 54 1
1700966383.041655 928 -1
1700966383.041655 5894 -1
1700966383.041697 54 1
1700966383.041951 7461 -1
1700966383.041982 54 1
1700966383.042246 85 1
1700966383.044082 1054 -1
1700966383.044127 731 -1
1700966383.044142 54 1
1700966383.044165 1054 -1
1700966383.044232 4788 -1
1700966383.044256 54 1
1700966383.044570 731 -1
1700966383.044587 54 1
1700966383.045983 5423 -1
1700966383.046026 54 1
1700966383.047261 1007 -1
1700966383.047261 778 -1
1700966383.047314 54 1
1700966383.047803 6846 -1
1700966383.047852 54 1
1700966384.661747 223 1
1700966384.666501 235 1
1700966384.669197 60 -1
1700966384.674284 1048 -1
1700966384.674284 734 -1
1700966384.674416 54 1
1700966384.674518 966 -1
1700966384.677105 1055 -1
1700966384.677105 728 -1
1700966384.677105 7354 -1
1700966384.677158 54 1
1700966384.678057 3114 -1
1700966384.678080 54 1
1700966386.305991 232 1
1700966386.306120 222 1
1700966386.306191 231 1
1700966386.310970 60 -1
1700966386.318968 859 -1
1700966386.318968 7354 -1
1700966386.318968 5956 -1
1700966386.318968 933 -1
1700966386.318968 7354 -1
1700966386.318968 1555 -1
1700966386.318968 1028 -1
1700966386.318968 764 -1
1700966386.318968 5085 -1
1700966386.319132 54 1
1700966388.458486 224 1
1700966388.459167 235 1
1700966388.464325 60 -1
1700966388.468480 1081 -1
1700966388.468480 695 -1
1700966388.468480 2925 -1
1700966388.468568 54 1
1700966388.497331 89 1
1700966388.503314 979 -1
1700966388.503314 814 -1
1700966388.503425 54 1
1700966388.512673 6597 -1
1700966388.512769 54 1
1700966391.825759 54 1
1700966391.829760 78 -1
1700966391.829760 60 -1
1700966391.829814 54 1
1700966393.297881 66 1
1700966393.301838 66 -1
1700966393.302031 54 1
1700966393.302808 934 1
1700966393.304696 60 -1
1700966393.316273 318 -1
1700966393.325122 134 1
1700966393.325816 146 1
1700966393.326232 60 -1
1700966393.326762 341 -1
1700966393.327255 60 -1
1700966393.327350 115 -1
1700966393.327350 85 -1
1700966393.327384 54 1
1700966393.337619 85 1
1700966393.337772 579 1
1700966393.338075 223 1
1700966393.338178 224 1
1700966393.338266 232 1
1700966393.339020 60 -1
1700966393.339020 60 -1
1700966393.339112 60 -1
1700966393.339317 60 -1
1700966393.339317 60 -1
1700966393.340753 931 -1
1700966393.341020 4434 -1
1700966393.341066 54 1
1700966393.341250 7354 -1
1700966393.341303 54 1
1700966393.341676 3060 -1
1700966393.341698 54 1
1700966393.348352 1037 -1
1700966393.348352 731 -1
1700966393.348450 54 1
1700966393.348670 5894 -1
1700966393.348720 54 1
1700966393.348981 7354 -1
1700966393.349046 54 1
1700966393.349580 3320 -1
1700966393.349610 54 1
1700966393.349867 7354 -1
1700966393.349905 54 1
1700966393.350466 2861 -1
1700966393.350495 54 1
1700966393.350733 1025 -1
1700966393.350760 54 1
1700966393.350807 766 -1
1700966393.351057 2033 -1
1700966393.351077 54 1
1700966393.361165 1052 -1
1700966393.361165 730 -1
1700966393.361274 54 1
1700966393.361364 2963 -1
1700966393.361400 54 1
1700966394.948907 223 1
1700966394.949991 60 -1
1700966394.950841 223 1
1700966394.952619 60 -1
1700966394.956649 1051 -1
1700966394.956649 729 -1
1700966394.956649 1514 -1
1700966394.956649 3181 -1
1700966394.956747 54 1
1700966394.960632 931 -1
1700966394.960632 3981 -1
1700966394.960718 54 1
1700966397.161087 223 1
1700966397.162256 230 1
1700966397.162355 231 1
1700966397.165167 60 -1
1700966397.167780 928 -1
1700966397.167780 2974 -1
1700966397.167849 54 1
1700966397.168025 5125 -1
1700966397.168055 54 1
1700966397.170959 1084 -1
1700966397.170959 692 -1
1700966397.170959 2820 -1
1700966397.171057 54 1
1700966397.178389 1360 -1
1700966397.178499 66 1
1700966397.185589 1082 -1
1700966397.185589 692 -1
1700966397.185675 54 1
1700966397.185769 4555 -1
1700966397.185802 54 1
1700966398.284270 54 1
