1700969316.682134 66 1
1700969316.693654 66 -1
1700969316.693770 54 1
1700969316.735666 572 1
1700969316.736733 60 -1
1700969316.750037 2779 -1
1700969316.750090 54 1
1700969316.769770 134 1
1700969316.771894 60 -1
1700969316.772601 341 -1
1700969316.772601 341 -1
1700969316.772640 54 1
1700969316.808611 146 1
1700969316.809799 60 -1
1700969316.810696 574 1
1700969316.811366 115 -1
1700969316.811366 85 -1
1700969316.811401 54 1
1700969316.812773 60 -1
1700969316.815204 830 -1
1700969316.815478 5894 -1
1700969316.815520 54 1
1700969316.816597 5894 -1
1700969316.816632 54 1
1700969316.817234 85 1
1700969316.817426 4811 -1
1700969316.817426 5894 -1
1700969316.817483 54 1
1700969316.818463 5894 -1
1700969316.818503 54 1
1700969316.819347 5894 -1
1700969316.819393 54 1
1700969316.819750 1514 -1
1700969316.819779 54 1
1700969316.820064 5894 -1
1700969316.820092 54 1
1700969316.821074 7354 -1
1700969316.821112 54 1
1700969316.821622 7354 -1
1700969316.821660 54 1
1700969316.822238 7354 -1
1700969316.822266 54 1
1700969316.823217 7354 -1
1700969316.823250 54 1
1700969316.825279 7354 -1
1700969316.825321 54 1
1700969316.825549 7354 -1
1700969316.825592 54 1
1700969316.826973 7354 -1
1700969316.827021 54 1
1700969316.829167 2974 -1
1700969316.829207 54 1
1700969316.829413 7354 -1
1700969316.829452 54 1
1700969316.830378 7354 -1
1700969316.830424 54 1
1700969316.832210 2974 -1
1700969316.832249 54 1
1700969316.837142 7354 -1
1700969316.837142 11734 -1
1700969316.837142 1514 -1
1700969316.837142 7354 -1
1700969316.837142 14654 -1
1700969316.837438 54 1
1700969316.839135 7354 -1
1700969316.839196 54 1
1700969316.840481 2974 -1
1700969316.840524 54 1
1700969316.841411 4434 -1
1700969316.841484 54 1
1700969316.841674 7354 -1
1700969316.841772 54 1
1700969316.843838 5894 -1
1700969316.843957 54 1
1700969316.844245 1514 -1
1700969316.844311 7354 -1
1700969316.844377 54 1
1700969316.845075 54 1
1700969316.850218 7354 -1
1700969316.850218 7354 -1
1700969316.850218 2974 -1
1700969316.850218 1514 -1
1700969316.850218 7354 -1
1700969316.850218 2974 -1
1700969316.850218 7354 -1
1700969316.850454 54 1
1700969316.852000 7354 -1
1700969316.852087 54 1
1700969316.852962 7354 -1
1700969316.853012 54 1
1700969316.854022 4434 -1
1700969316.854092 54 1
1700969316.854627 7354 -1
1700969316.854711 54 1
1700969316.856472 4434 -1
1700969316.856537 54 1
1700969316.856918 14654 -1
1700969316.857035 54 1
1700969316.859317 7354 -1
1700969316.859401 54 1
1700969316.860393 54 1
1700969316.860443 2974 -1
1700969316.860522 54 1
1700969316.866134 1514 -1
1700969316.866134 7354 -1
1700969316.866134 7354 -1
1700969316.866134 5894 -1
1700969316.866134 5894 -1
1700969316.866134 7354 -1
1700969316.866394 54 1
1700969316.876972 7354 -1
1700969316.876972 7354 -1
1700969316.876972 2974 -1
1700969316.876972 6416 -1
1700969316.877159 54 1
1700969316.882614 54 1
1700969316.960065 232 1
1700969316.982995 929 -1
1700969316.982995 7354 -1
1700969316.982995 5731 -1
1700969316.983134 54 1
1700969317.063774 236 1
1700969317.063932 229 1
1700969317.064010 232 1
1700969317.064102 230 1
1700969317.064261 232 1
1700969317.064446 229 1
1700969317.064564 229 1
1700969317.064677 229 1
1700969317.064778 231 1
1700969317.064864 230 1
1700969317.065928 60 -1
1700969317.066401 60 -1
1700969317.068706 60 -1
1700969317.069686 931 -1
1700969317.069686 7354 -1
1700969317.069749 54 1
1700969317.070677 5449 -1
1700969317.070707 54 1
1700969317.072023 908 -1
1700969317.072023 962 -1
1700969317.072111 54 1
1700969317.084114 7354 -1
1700969317.084114 2633 -1
1700969317.084114 7354 -1
1700969317.084114 924 -1
1700969317.084114 4630 -1
1700969317.084114 979 -1
1700969317.084114 4777 -1
1700969317.084114 948 -1
1700969317.084114 6934 -1
1700969317.084114 932 -1
1700969317.084114 8814 -1
1700969317.084333 54 1
1700969317.085554 7700 -1
1700969317.085609 54 1
1700969317.086217 7354 -1
1700969317.086248 54 1
1700969317.087267 60 -1
1700969317.087267 857 -1
1700969317.087293 54 1
1700969317.087326 13194 -1
1700969317.087387 54 1
1700969317.089645 1831 -1
1700969317.089692 54 1
1700969317.089792 893 -1
1700969317.089816 54 1
1700969317.090073 1514 -1
1700969317.090073 3611 -1
1700969317.090105 54 1
1700969322.522360 54 1
1700969322.524059 78 -1
1700969322.524059 60 -1
1700969322.524111 54 1
1700969329.532708 66 1
1700969329.533805 66 -1
1700969329.533934 54 1
1700969329.534504 902 1
1700969329.535616 60 -1
1700969329.537402 318 -1
1700969329.538025 134 1
1700969329.538444 146 1
1700969329.539091 60 -1
1700969329.539340 584 1
1700969329.539397 341 -1
1700969329.539451 60 -1
1700969329.539533 231 1
1700969329.539653 231 1
1700969329.539771 234 1
1700969329.539878 232 1
1700969329.540072 115 -1
1700969329.540072 85 -1
1700969329.540111 54 1
1700969329.540365 85 1
1700969329.540440 60 -1
1700969329.540498 60 -1
1700969329.540959 60 -1
1700969329.541287 60 -1
1700969329.541287 60 -1
1700969329.541558 60 -1
1700969329.546111 927 -1
1700969329.546111 7354 -1
1700969329.546111 1829 -1
1700969329.546239 54 1
1700969329.547492 926 -1
1700969329.547492 2974 -1
1700969329.547553 54 1
1700969329.547642 4102 -1
1700969329.547692 54 1
1700969329.572192 901 -1
1700969329.572192 4434 -1
1700969329.572192 4434 -1
1700969329.572192 918 -1
1700969329.572192 7015 -1
1700969329.572192 909 -1
1700969329.572192 11984 -1
1700969329.572380 66 1
1700969329.572443 74 1
1700969329.572492 74 1
1700969329.572526 74 1
1700969329.572584 74 1
1700969329.577088 1514 -1
1700969329.577088 313 -1
1700969329.577195 66 1
1700969329.577287 54 1
1700969331.149288 231 1
1700969331.150620 60 -1
1700969331.151374 230 1
1700969331.152462 60 -1
1700969331.153313 231 1
1700969331.153507 230 1
1700969331.154803 60 -1
1700969331.155143 60 -1
1700969331.182494 855 -1
1700969331.182494 6362 -1
1700969331.182494 929 -1
1700969331.182494 7354 -1
1700969331.182494 3713 -1
1700969331.182494 928 -1
1700969331.182494 5894 -1
1700969331.182494 5207 -1
1700969331.182689 54 1
1700969331.186408 887 -1
1700969331.186408 7354 -1
1700969331.186408 5164 -1
1700969331.186522 54 1
1700969332.542972 54 1
1700969332.546354 78 -1
1700969332.546354 60 -1
1700969332.546400 54 1
1700969333.338531 66 1
1700969333.339745 66 -1
1700969333.339846 54 1
1700969333.342223 902 1
1700969333.343394 60 -1
1700969333.344238 318 -1
1700969333.344700 134 1
1700969333.345408 146 1
1700969333.345786 584 1
1700969333.345894 232 1
1700969333.345940 60 -1
1700969333.346035 341 -1
1700969333.346443 60 -1
1700969333.346616 115 -1
1700969333.346616 85 -1
1700969333.346651 54 1
1700969333.346822 85 1
1700969333.347191 60 -1
1700969333.347215 60 -1
1700969333.348067 60 -1
1700969333.353097 901 -1
1700969333.353097 9479 -1
1700969333.353097 908 -1
1700969333.353097 5894 -1
1700969333.353218 54 1
1700969333.353823 3531 -1
1700969333.354020 54 1
1700969334.933248 232 1
1700969334.934692 60 -1
1700969334.935166 232 1
1700969334.935788 229 1
1700969334.936335 60 -1
1700969334.937068 60 -1
1700969334.937798 231 1
1700969334.939747 60 -1
1700969334.942515 898 -1
1700969334.942515 8247 -1
1700969334.942598 54 1
1700969334.943645 854 -1
1700969334.943645 7354 -1
1700969334.943703 54 1
1700969334.944225 2974 -1
1700969334.944266 54 1
1700969334.944361 3700 -1
1700969334.944395 54 1
1700969334.959490 929 -1
1700969334.959609 9483 -1
1700969334.959686 54 1
1700969334.962682 858 -1
1700969334.969792 7354 -1
1700969334.969792 5894 -1
1700969334.969792 3320 -1
1700969334.969792 4434 -1
1700969334.969792 3844 -1
1700969334.970121 54 1
1700969334.971193 924 -1
1700969334.971231 66 1
1700969336.530390 231 1
1700969336.531143 232 1
1700969336.533189 258 1
1700969336.533465 60 -1
1700969336.535497 235 1
1700969336.535648 960 -1
1700969336.535703 2974 -1
1700969336.535725 54 1
1700969336.536124 7354 -1
1700969336.536175 54 1
1700969336.536450 122 -1
1700969336.542799 859 -1
1700969336.542799 4434 -1
1700969336.542989 54 1
1700969336.543265 1514 -1
1700969336.543265 7354 -1
1700969336.543332 54 1
1700969336.543739 1514 -1
1700969336.543769 54 1
1700969336.543918 1860 -1
1700969336.543957 54 1
1700969336.544056 85 -1
1700969336.544056 7354 -1
1700969336.544092 54 1
1700969336.544619 9160 -1
1700969336.544694 54 1
1700969336.545414 14654 -1
1700969336.545465 54 1
1700969336.546818 7354 -1
1700969336.547069 54 1
1700969336.547241 5894 -1
1700969336.547293 54 1
1700969336.547749 5188 -1
1700969336.547800 54 1
1700969336.548160 7354 -1
1700969336.548223 54 1
1700969336.548754 7354 -1
1700969336.548804 54 1
1700969336.549388 7354 -1
1700969336.549428 54 1
1700969336.549970 7354 -1
1700969336.550019 54 1
1700969336.550562 7354 -1
1700969336.550600 54 1
1700969336.551173 5894 -1
1700969336.551211 54 1
1700969336.551844 7056 -1
1700969336.552037 54 1
1700969336.552240 7354 -1
1700969336.552280 54 1
1700969336.552835 7354 -1
1700969336.552891 54 1
1700969336.553449 5894 -1
1700969336.553517 54 1
1700969336.554124 7354 -1
1700969336.554186 54 1
1700969336.554594 7354 -1
1700969336.554746 54 1
1700969336.555136 7354 -1
1700969336.555208 54 1
1700969336.555763 7354 -1
1700969336.555814 54 1
1700969336.556360 1514 -1
1700969336.556666 7354 -1
1700969336.556704 54 1
1700969336.557373 5894 -1
1700969336.557409 54 1
1700969336.557568 7354 -1
1700969336.557606 54 1
1700969336.558182 7354 -1
1700969336.558238 54 1
1700969336.558843 4434 -1
1700969336.559077 54 1
1700969336.559188 2974 -1
1700969336.559217 54 1
1700969336.559482 4434 -1
1700969336.559521 54 1
1700969336.560060 7354 -1
1700969336.560113 54 1
1700969336.560354 3769 -1
1700969336.560400 54 1
1700969336.560761 908 -1
1700969336.567628 1514 -1
1700969336.567628 7354 -1
1700969336.567628 2667 -1
1700969336.567751 54 1
1700969338.669910 235 1
1700969338.670109 230 1
1700969338.670192 232 1
1700969338.670574 230 1
1700969338.677034 60 -1
1700969338.678629 904 -1
1700969338.678629 10274 -1
1700969338.678741 54 1
1700969338.680957 60 -1
1700969338.680957 10986 -1
1700969338.681111 54 1
1700969338.689786 1054 -1
1700969338.689786 731 -1
1700969338.690021 54 1
1700969338.693013 89 1
1700969338.700633 929 -1
1700969338.700633 4434 -1
1700969338.700633 4286 -1
1700969338.700633 7354 -1
1700969338.700633 1532 -1
1700969338.700816 54 1
1700969338.736102 60 -1
1700969340.261305 232 1
1700969340.261400 231 1
1700969340.261484 229 1
1700969340.267097 232 1
1700969340.302598 60 -1
1700969340.302598 60 -1
1700969340.302598 60 -1
1700969340.302598 854 -1
1700969340.302598 7354 -1
1700969340.302598 1528 -1
1700969340.302598 60 -1
1700969340.302598 856 -1
1700969340.302598 2974 -1
1700969340.302598 4769 -1
1700969340.302598 951 -1
1700969340.302598 5894 -1
1700969340.302598 3680 -1
1700969340.302598 760 -1
1700969340.302853 66 1
1700969340.353586 1104 -1
1700969340.353586 659 -1
1700969340.353834 54 1
1700969340.353882 4434 -1
1700969340.354047 54 1
1700969340.354104 3681 -1
1700969340.354131 54 1
1700969342.558245 54 1
1700969342.591507 78 -1
1700969342.591507 60 -1
1700969342.592332 54 1
1700969343.651640 66 1
1700969343.656238 66 -1
1700969343.656419 54 1
1700969343.657303 934 1
1700969343.660200 60 -1
1700969343.660200 318 -1
1700969343.661522 134 1
1700969343.662078 146 1
1700969343.662895 587 1
1700969343.663002 234 1
1700969343.663090 222 1
1700969343.663192 234 1
1700969343.663285 234 1
1700969343.664325 60 -1
1700969343.664325 60 -1
1700969343.664325 341 -1
1700969343.664325 115 -1
1700969343.664325 85 -1
1700969343.664411 54 1
1700969343.673484 60 -1
1700969343.673484 60 -1
1700969343.673484 60 -1
1700969343.673484 60 -1
1700969343.673484 60 -1
1700969343.673484 931 -1
1700969343.673612 54 1
1700969343.674572 85 1
1700969343.675044 7354 -1
1700969343.675114 54 1
1700969343.675164 7354 -1
1700969343.675234 54 1
1700969343.675746 7354 -1
1700969343.675793 54 1
1700969343.676715 7354 -1
1700969343.676754 54 1
1700969343.676857 2558 -1
1700969343.676884 54 1
1700969343.677588 60 -1
1700969343.678820 925 -1
1700969343.678820 8712 -1
1700969343.678898 54 1
1700969343.691206 1054 -1
1700969343.691206 723 -1
1700969343.691324 54 1
1700969343.694116 4434 -1
1700969343.694116 3845 -1
1700969343.694198 54 1
1700969345.763032 220 1
1700969345.799756 1081 -1
1700969345.799756 695 -1
1700969345.799756 7354 -1
1700969345.799756 3916 -1
1700969345.799756 996 -1
1700969345.799879 66 1
1700969345.801967 229 1
1700969345.802071 222 1
1700969345.802171 231 1
1700969345.805552 60 -1
1700969345.809327 959 -1
1700969345.809327 1514 -1
1700969345.809389 54 1
1700969345.809498 5073 -1
1700969345.809526 54 1
1700969345.809731 929 -1
1700969345.809900 7354 -1
1700969345.809964 54 1
1700969345.810417 4221 -1
1700969345.810442 54 1
1700969345.820955 1037 -1
1700969345.820955 734 -1
1700969345.821157 54 1
1700969345.822992 7354 -1
1700969345.823111 54 1
1700969345.823419 5200 -1
1700969345.823451 54 1
1700969347.372080 230 1
1700969347.372220 232 1
1700969347.397954 60 -1
1700969347.407114 928 -1
1700969347.407212 1514 -1
1700969347.407212 7354 -1
1700969347.407260 54 1
1700969347.407640 6462 -1
1700969347.407689 54 1
1700969347.413852 863 -1
1700969347.413852 14098 -1
1700969347.414155 54 1
1700969349.009654 222 1
1700969349.018894 1037 -1
1700969349.018894 733 -1
1700969349.018996 54 1
1700969349.019212 7354 -1
1700969349.019263 54 1
1700969349.019541 2358 -1
1700969349.019567 54 1
1700969349.025157 231 1
1700969349.025887 89 1
1700969349.028028 898 -1
1700969349.028063 66 1
1700969349.030797 60 -1
1700969349.031495 215 1
1700969349.034748 856 -1
1700969349.034748 1514 -1
1700969349.034748 3964 -1
1700969349.034805 54 1
1700969349.080999 878 -1
1700969349.080999 7354 -1
1700969349.080999 5894 -1
1700969349.080999 3320 -1
1700969349.080999 16491 -1
1700969349.080999 85 -1
1700969349.080999 14654 -1
1700969349.080999 8814 -1
1700969349.081282 54 1
1700969349.084301 9537 -1
1700969349.084301 4434 -1
1700969349.084301 44985 -1
1700969349.084301 7354 -1
1700969349.084301 7354 -1
1700969349.084301 7354 -1
1700969349.084301 7354 -1
1700969349.084301 7354 -1
1700969349.084301 7354 -1
1700969349.084301 5322 -1
1700969349.084301 942 -1
1700969349.084871 66 1
1700969349.111343 54 1
1700969350.706494 231 1
1700969350.708581 231 1
1700969350.708707 231 1
1700969350.708841 231 1
1700969350.709264 958 -1
1700969350.709337 5894 -1
1700969350.709385 54 1
1700969350.709475 224 1
1700969350.710183 1459 -1
1700969350.711344 60 -1
1700969350.713461 958 -1
1700969350.713461 5894 -1
1700969350.713552 54 1
1700969350.713782 8814 -1
1700969350.713835 54 1
1700969350.714478 1860 -1
1700969350.714535 54 1
1700969350.714637 3717 -1
1700969350.714668 54 1
1700969350.715250 925 -1
1700969350.715284 54 1
1700969350.715565 2974 -1
1700969350.715565 2105 -1
1700969350.715611 54 1
1700969350.725662 1057 -1
1700969350.725662 731 -1
1700969350.725662 4880 -1
1700969350.725763 54 1
1700969350.730584 1105 -1
1700969350.730584 660 -1
1700969350.730669 54 1
1700969350.734940 7354 -1
1700969350.735052 54 1
1700969350.735259 1549 -1
1700969350.735301 54 1
1700969352.582588 54 1
1700969352.588581 78 -1
1700969352.588581 60 -1
1700969352.588670 54 1
1700969353.212684 66 1
1700969353.221842 66 -1
1700969353.222026 54 1
1700969353.223453 870 1
1700969353.225255 60 -1
1700969353.225255 318 -1
1700969353.226762 134 1
1700969353.227093 146 1
1700969353.227878 60 -1
1700969353.228089 577 1
1700969353.228180 224 1
1700969353.228282 224 1
1700969353.228383 223 1
1700969353.229333 341 -1
1700969353.229333 60 -1
1700969353.229333 60 -1
1700969353.229333 60 -1
1700969353.229549 60 -1
1700969353.229549 60 -1
1700969353.231781 115 -1
1700969353.231781 85 -1
1700969353.231833 54 1
1700969353.232059 85 1
1700969353.233402 927 -1
1700969353.233402 5495 -1
1700969353.233402 927 -1
1700969353.233572 54 1
1700969353.233612 12684 -1
1700969353.233662 54 1
1700969353.234631 60 -1
1700969353.238969 1103 -1
1700969353.238969 660 -1
1700969353.239209 54 1
1700969353.239628 7354 -1
1700969353.239685 54 1
1700969353.239892 2984 -1
1700969353.239919 54 1
1700969353.246657 858 -1
1700969353.246657 2704 -1
1700969353.246805 54 1
1700969357.034298 230 1
1700969357.034404 229 1
1700969357.035911 60 -1
1700969357.035911 60 -1
1700969357.036301 224 1
1700969357.037421 60 -1
1700969357.045108 862 -1
1700969357.045108 4434 -1
1700969357.045800 54 1
1700969357.046043 7381 -1
1700969357.046257 54 1
1700969357.046730 1054 -1
1700969357.046730 721 -1
1700969357.046772 54 1
1700969357.046834 7354 -1
1700969357.046893 54 1
1700969357.047272 3041 -1
1700969357.047314 54 1
1700969357.047732 928 -1
1700969357.047732 4434 -1
1700969357.047771 54 1
1700969357.047898 1953 -1
1700969357.047929 54 1
1700969358.681336 234 1
1700969358.681484 231 1
1700969358.694329 60 -1
1700969358.699577 929 -1
1700969358.699577 16460 -1
1700969358.699577 4423 -1
1700969358.699705 54 1
1700969358.701419 826 -1
1700969358.701419 2605 -1
1700969358.701476 54 1
1700969358.708403 89 1
1700969358.751190 60 -1
1700969360.852602 223 1
1700969360.852784 232 1
1700969360.853764 60 -1
1700969360.853892 60 -1
1700969360.855657 222 1
1700969360.855749 229 1
1700969360.857709 60 -1
1700969360.857709 60 -1
1700969360.858920 2974 -1
1700969360.859000 66 1
1700969360.862754 926 -1
1700969360.862834 74 1
1700969360.863199 7354 -1
1700969360.863270 74 1
1700969360.863407 2311 -1
1700969360.863439 74 1
1700969360.864385 856 -1
1700969360.864418 74 1
1700969360.864889 1514 -1
1700969360.864889 1795 -1
1700969360.864889 2974 -1
1700969360.864889 2858 -1
1700969360.864959 66 1
1700969360.865009 54 1
1700969360.865184 54 1
1700969360.867045 2974 -1
1700969360.867246 54 1
1700969360.870381 1514 -1
1700969360.870381 1514 -1
1700969360.870381 259 -1
1700969360.870504 54 1
1700969360.880125 259 -1
1700969360.880191 66 1
1700969362.504166 231 1
1700969362.506126 221 1
1700969362.506359 60 -1
1700969362.506644 218 1
1700969362.507312 60 -1
1700969362.507812 60 -1
1700969362.508098 235 1
1700969362.508193 229 1
1700969362.509461 60 -1
1700969362.509461 60 -1
1700969362.520596 901 -1
1700969362.520596 5305 -1
1700969362.520697 54 1
1700969362.521566 905 -1
1700969362.521600 54 1
1700969362.521676 7354 -1
1700969362.521703 54 1
1700969362.522225 2127 -1
1700969362.522269 54 1
1700969362.522325 855 -1
1700969362.522347 54 1
1700969362.522439 4879 -1
1700969362.522467 54 1
1700969362.526331 1052 -1
1700969362.526331 729 -1
1700969362.526401 54 1
1700969362.529038 7354 -1
1700969362.530888 54 1
1700969362.530968 3261 -1
1700969362.531216 54 1
1700969362.544588 886 -1
1700969362.544588 1514 -1
1700969362.544673 54 1
1700969362.544738 7354 -1
1700969362.544787 54 1
1700969362.545731 7354 -1
1700969362.545731 400 -1
1700969362.545995 54 1
1700969362.546085 85 -1
1700969362.546085 11734 -1
1700969362.546124 54 1
1700969362.546755 4780 -1
1700969362.546795 54 1
1700969362.547283 7354 -1
1700969362.547318 54 1
1700969362.547752 7354 -1
1700969362.547786 54 1
1700969362.548355 4434 -1
1700969362.548389 54 1
1700969362.548779 1514 -1
1700969362.548807 54 1
1700969362.548871 4434 -1
1700969362.548909 54 1
1700969362.549276 7354 -1
1700969362.549313 54 1
1700969362.549899 808 -1
1700969362.549899 7354 -1
1700969362.549939 54 1
1700969362.550477 1514 -1
1700969362.550594 7354 -1
1700969362.550626 54 1
1700969362.551211 4434 -1
1700969362.551250 54 1
1700969362.551739 7354 -1
1700969362.551854 54 1
1700969362.552351 1514 -1
1700969362.552351 3759 -1
1700969362.552381 54 1
1700969362.552625 7354 -1
1700969362.552679 54 1
1700969362.553312 7354 -1
1700969362.553355 54 1
1700969362.553810 1891 -1
1700969362.553844 54 1
1700969362.553957 2974 -1
1700969362.553982 54 1
1700969362.554351 7354 -1
1700969362.554383 54 1
1700969362.554818 7354 -1
1700969362.554988 54 1
1700969362.555818 29254 -1
1700969362.555923 54 1
1700969362.557854 7354 -1
1700969362.557907 54 1
1700969362.559352 4434 -1
1700969362.559352 5894 -1
1700969362.559426 54 1
1700969362.559505 7354 -1
1700969362.559554 54 1
1700969362.560080 7354 -1
1700969362.560121 54 1
1700969362.560613 7354 -1
1700969362.560661 54 1
1700969362.561330 7354 -1
1700969362.561464 54 1
1700969362.561823 7354 -1
1700969362.562028 54 1
1700969362.569385 7354 -1
1700969362.569385 8814 -1
1700969362.569385 7354 -1
1700969362.569385 7354 -1
1700969362.569385 7354 -1
1700969362.569385 1514 -1
1700969362.569385 7354 -1
1700969362.569385 653 -1
1700969362.569385 7354 -1
1700969362.569385 9160 -1
1700969362.569385 85 -1
1700969362.569385 10274 -1
1700969362.569385 6240 -1
1700969362.570571 54 1
1700969362.570692 7354 -1
1700969362.570957 54 1
1700969362.571060 6302 -1
1700969362.571091 54 1
1700969362.571060 7354 -1
1700969362.571060 7354 -1
1700969362.571222 66 1
1700969362.571261 66 1
1700969362.571344 66 1
1700969362.571656 2974 -1
1700969362.571697 66 1
1700969362.577638 7354 -1
1700969362.577638 7354 -1
1700969362.577638 777 -1
1700969362.577638 7354 -1
1700969362.577638 7354 -1
1700969362.577638 7354 -1
1700969362.577638 2974 -1
1700969362.577638 4434 -1
1700969362.577638 7354 -1
1700969362.577638 7354 -1
1700969362.577638 7354 -1
1700969362.577638 5894 -1
1700969362.577904 66 1
1700969362.577987 66 1
1700969362.578022 66 1
1700969362.578093 66 1
1700969362.578152 66 1
1700969362.578202 66 1
1700969362.578269 66 1
1700969362.578313 74 1
1700969362.578378 74 1
1700969362.579403 74 1
1700969362.579465 74 1
1700969362.579506 74 1
1700969362.579643 1514 -1
1700969362.579643 4434 -1
1700969362.579643 5894 -1
1700969362.579643 7354 -1
1700969362.579643 7354 -1
1700969362.579720 82 1
1700969362.579777 90 1
1700969362.579844 90 1
1700969362.579878 90 1
1700969362.579921 90 1
1700969362.580002 7354 -1
1700969362.580074 90 1
1700969362.582898 1514 -1
1700969362.582898 1514 -1
1700969362.582898 5894 -1
1700969362.582898 7354 -1
1700969362.582898 7354 -1
1700969362.582898 14654 -1
1700969362.583042 90 1
1700969362.583334 90 1
1700969362.583399 90 1
1700969362.583460 90 1
1700969362.583529 90 1
1700969362.583608 90 1
1700969362.585157 7354 -1
1700969362.585233 90 1
1700969362.598952 7354 -1
1700969362.598952 7354 -1
1700969362.598952 7354 -1
1700969362.598952 2974 -1
1700969362.598952 1514 -1
1700969362.598952 7354 -1
1700969362.598952 4201 -1
1700969362.598952 2652 -1
1700969362.598952 5894 -1
1700969362.598952 7354 -1
1700969362.598952 2974 -1
1700969362.598952 1514 -1
1700969362.598952 2974 -1
1700969362.598952 1514 -1
1700969362.598952 7354 -1
1700969362.598952 1514 -1
1700969362.598952 5894 -1
1700969362.598952 2974 -1
1700969362.598952 1514 -1
1700969362.598952 1514 -1
1700969362.598952 1514 -1
1700969362.598952 2974 -1
1700969362.599476 90 1
1700969362.599771 90 1
1700969362.599831 90 1
1700969362.600039 90 1
1700969362.600227 90 1
1700969362.600282 90 1
1700969362.600597 90 1
1700969362.600635 90 1
1700969362.600679 90 1
1700969362.600759 90 1
1700969362.600819 90 1
1700969362.600861 90 1
1700969362.600911 90 1
1700969362.600959 90 1
1700969362.601283 90 1
1700969362.601325 90 1
1700969362.601371 90 1
1700969362.601489 90 1
1700969362.601561 82 1
1700969362.601620 74 1
1700969362.601698 66 1
1700969362.602003 54 1
1700969362.602881 54 1
1700969362.603367 54 1
1700969362.603444 4434 -1
1700969362.603444 2974 -1
1700969362.603444 7354 -1
1700969362.603444 2080 -1
1700969362.603566 54 1
1700969362.611126 54 1
1700969364.130945 222 1
1700969364.131243 229 1
1700969364.132275 60 -1
1700969364.132658 60 -1
1700969364.134106 222 1
1700969364.135364 60 -1
1700969364.138790 956 -1
1700969364.139283 2974 -1
1700969364.139307 54 1
1700969364.139886 3785 -1
1700969364.139907 54 1
1700969364.141149 929 -1
1700969364.141326 5513 -1
1700969364.141365 89 1
1700969364.141922 927 -1
1700969364.142228 7354 -1
1700969364.142271 54 1
1700969364.142703 1735 -1
1700969364.142726 54 1
1700969364.183869 60 -1
1700969366.673021 228 1
1700969366.673170 229 1
1700969366.673269 223 1
1700969366.673617 230 1
1700969366.674501 60 -1
1700969366.674501 60 -1
1700969366.674501 60 -1
1700969366.674652 221 1
1700969366.674699 60 -1
1700969366.675673 60 -1
1700969366.679511 856 -1
1700969366.679511 6821 -1
1700969366.679607 54 1
1700969366.680363 988 -1
1700969366.680363 7354 -1
1700969366.680419 54 1
1700969366.680516 9160 -1
1700969366.680557 54 1
1700969366.681397 5827 -1
1700969366.681427 54 1
1700969366.682375 927 -1
1700969366.682375 7354 -1
1700969366.682415 54 1
1700969366.682487 1526 -1
1700969366.682507 54 1
1700969366.682691 986 -1
1700969366.682691 7354 -1
1700969366.682740 54 1
1700969366.683418 3027 -1
1700969366.683451 54 1
1700969366.691385 908 -1
1700969366.691385 3686 -1
1700969366.691475 54 1
1700969369.123727 230 1
1700969369.125066 60 -1
1700969369.126064 231 1
1700969369.126604 229 1
1700969369.127319 60 -1
1700969369.128120 60 -1
1700969369.129881 217 1
1700969369.131476 60 -1
1700969369.132988 956 -1
1700969369.132988 5182 -1
1700969369.133090 54 1
1700969369.137543 878 -1
1700969369.137543 4301 -1
1700969369.137543 859 -1
1700969369.137543 7354 -1
1700969369.137657 54 1
1700969369.138108 7354 -1
1700969369.138166 54 1
1700969369.138717 1860 -1
1700969369.138753 54 1
1700969369.139063 85 -1
1700969369.139063 8814 -1
1700969369.139133 54 1
1700969369.139701 7354 -1
1700969369.139723 54 1
1700969369.140276 400 -1
1700969369.140276 85 -1
1700969369.140297 54 1
1700969369.140326 7354 -1
1700969369.140356 54 1
1700969369.140841 7354 -1
1700969369.140867 54 1
1700969369.141460 1860 -1
1700969369.141478 54 1
1700969369.141620 2974 -1
1700969369.141646 54 1
1700969369.141841 7354 -1
1700969369.141883 54 1
1700969369.142034 89 1
1700969369.142446 1514 -1
1700969369.142486 54 1
1700969369.142556 7354 -1
1700969369.142590 54 1
1700969369.143212 7354 -1
1700969369.143254 54 1
1700969369.143770 6648 -1
1700969369.143812 54 1
1700969369.144403 7354 -1
1700969369.144438 54 1
1700969369.144939 7354 -1
1700969369.144984 54 1
1700969369.145546 7354 -1
1700969369.145595 54 1
1700969369.146256 7354 -1
1700969369.146386 54 1
1700969369.146758 7354 -1
1700969369.146871 54 1
1700969369.147462 1514 -1
1700969369.147504 54 1
1700969369.147538 4434 -1
1700969369.147566 54 1
1700969369.147845 7056 -1
1700969369.147956 54 1
1700969369.148516 7354 -1
1700969369.148560 54 1
1700969369.149057 7354 -1
1700969369.149089 54 1
1700969369.149825 13194 -1
1700969369.150293 54 1
1700969369.151016 4434 -1
1700969369.151048 54 1
1700969369.151926 7354 -1
1700969369.151926 7354 -1
1700969369.152053 54 1
1700969369.152690 1514 -1
1700969369.152690 16114 -1
1700969369.153205 54 1
1700969369.153816 7354 -1
1700969369.153863 54 1
1700969369.154426 7354 -1
1700969369.154468 54 1
1700969369.155030 7354 -1
1700969369.155081 54 1
1700969369.155765 7354 -1
1700969369.155813 54 1
1700969369.156327 7354 -1
1700969369.156371 54 1
1700969369.156859 7354 -1
1700969369.156907 54 1
1700969369.157455 7354 -1
1700969369.157490 54 1
1700969369.158348 2974 -1
1700969369.158394 54 1
1700969369.158439 7354 -1
1700969369.158501 54 1
1700969369.158924 2974 -1
1700969369.158955 54 1
1700969369.159279 7354 -1
1700969369.159308 54 1
1700969369.161175 7354 -1
1700969369.161175 7354 -1
1700969369.161287 54 1
1700969369.161342 2974 -1
1700969369.161342 60 -1
1700969369.161342 1514 -1
1700969369.161387 54 1
1700969369.161804 4434 -1
1700969369.161804 7354 -1
1700969369.161849 54 1
1700969369.162710 7354 -1
1700969369.162815 54 1
1700969369.162990 7354 -1
1700969369.163042 54 1
1700969369.163966 1514 -1
1700969369.163966 7354 -1
1700969369.164046 54 1
1700969369.164916 2974 -1
1700969369.164916 7354 -1
1700969369.164962 54 1
1700969369.165261 7354 -1
1700969369.165323 54 1
1700969369.165839 4434 -1
1700969369.166013 54 1
1700969369.166314 7354 -1
1700969369.166340 54 1
1700969369.166813 7354 -1
1700969369.166874 54 1
1700969369.167428 7354 -1
1700969369.167481 54 1
1700969369.168065 5894 -1
1700969369.168220 54 1
1700969369.168481 7354 -1
1700969369.168520 54 1
1700969369.169042 7354 -1
1700969369.169078 54 1
1700969369.170252 2974 -1
1700969369.170252 5894 -1
1700969369.170344 54 1
1700969369.170494 7354 -1
1700969369.170524 54 1
1700969369.170979 1514 -1
1700969369.171002 54 1
1700969369.171301 2974 -1
1700969369.171338 54 1
1700969369.171898 7354 -1
1700969369.171961 54 1
1700969369.172669 4434 -1
1700969369.172669 7354 -1
1700969369.172907 54 1
1700969369.179569 7354 -1
1700969369.179569 2974 -1
1700969369.179569 5894 -1
1700969369.179569 7354 -1
1700969369.179569 1514 -1
1700969369.179569 2974 -1
1700969369.179569 7354 -1
1700969369.179569 7354 -1
1700969369.179569 4434 -1
1700969369.179569 7354 -1
1700969369.179569 7354 -1
1700969369.179569 5894 -1
1700969369.179569 1514 -1
1700969369.179569 5894 -1
1700969369.179569 7354 -1
1700969369.179984 54 1
1700969369.180087 7354 -1
1700969369.180151 54 1
1700969369.180340 54 1
1700969369.184538 2974 -1
1700969369.184538 2974 -1
1700969369.184538 2974 -1
1700969369.184538 1514 -1
1700969369.184538 7354 -1
1700969369.184538 2974 -1
1700969369.184538 7354 -1
1700969369.184538 2974 -1
1700969369.184538 7354 -1
1700969369.184538 4434 -1
1700969369.184538 4434 -1
1700969369.184538 2974 -1
1700969369.184753 54 1
1700969369.184829 7354 -1
1700969369.184862 54 1
1700969369.185525 2974 -1
1700969369.185525 4434 -1
1700969369.185589 54 1
1700969369.185720 2974 -1
1700969369.186573 54 1
1700969369.186620 13194 -1
1700969369.186693 54 1
1700969369.187309 2974 -1
1700969369.187309 7354 -1
1700969369.187358 54 1
1700969369.190914 7354 -1
1700969369.190914 5894 -1
1700969369.190914 7354 -1
1700969369.190914 7354 -1
1700969369.190914 2974 -1
1700969369.190914 1514 -1
1700969369.190914 7354 -1
1700969369.191459 54 1
1700969369.191547 1514 -1
1700969369.191547 4434 -1
1700969369.191593 54 1
1700969369.191690 2974 -1
1700969369.191733 54 1
1700969369.191823 7354 -1
1700969369.191930 54 1
1700969369.192724 4434 -1
1700969369.192782 54 1
1700969369.192829 7354 -1
1700969369.192867 54 1
1700969369.193580 7354 -1
1700969369.193647 54 1
1700969369.194057 7354 -1
1700969369.194284 54 1
1700969369.198240 2974 -1
1700969369.198240 7354 -1
1700969369.198240 7354 -1
1700969369.198240 5894 -1
1700969369.198240 7354 -1
1700969369.198240 7354 -1
1700969369.198240 7354 -1
1700969369.198461 54 1
1700969369.198533 7354 -1
1700969369.198580 54 1
1700969369.198967 7354 -1
1700969369.199003 54 1
1700969369.199955 7354 -1
1700969369.200009 54 1
1700969369.200889 7354 -1
1700969369.200889 7354 -1
1700969369.200942 54 1
1700969369.201520 4434 -1
1700969369.201564 54 1
1700969369.201735 1514 -1
1700969369.201752 54 1
1700969369.201863 7354 -1
1700969369.201890 54 1
1700969369.202836 2974 -1
1700969369.202836 7354 -1
1700969369.202890 54 1
1700969369.203353 7354 -1
1700969369.203401 54 1
1700969369.204001 7354 -1
1700969369.204045 54 1
1700969369.204618 14654 -1
1700969369.204687 54 1
1700969369.205770 7354 -1
1700969369.205832 54 1
1700969369.206376 10274 -1
1700969369.206434 54 1
1700969369.207247 7354 -1
1700969369.207310 54 1
1700969369.211857 5894 -1
1700969369.211857 2974 -1
1700969369.211857 7354 -1
1700969369.211857 7354 -1
1700969369.211857 7354 -1
1700969369.211857 7354 -1
1700969369.211857 7354 -1
1700969369.212059 54 1
1700969369.215453 7354 -1
1700969369.215453 4434 -1
1700969369.215453 7354 -1
1700969369.215453 7354 -1
1700969369.215453 7354 -1
1700969369.215453 1514 -1
1700969369.215453 4434 -1
1700969369.215453 7354 -1
1700969369.215692 54 1
1700969369.217686 7354 -1
1700969369.217686 7354 -1
1700969369.217686 4434 -1
1700969369.217686 4434 -1
1700969369.217686 1514 -1
1700969369.217831 54 1
1700969369.217886 4434 -1
1700969369.217920 54 1
1700969369.223562 7354 -1
1700969369.223562 7354 -1
1700969369.223562 2974 -1
1700969369.223562 7354 -1
1700969369.223562 1514 -1
1700969369.223562 7354 -1
1700969369.223562 7354 -1
1700969369.223562 2974 -1
1700969369.223562 1514 -1
1700969369.223562 7354 -1
1700969369.223562 7354 -1
1700969369.223562 4434 -1
1700969369.223562 5894 -1
1700969369.223784 54 1
1700969369.223857 7354 -1
1700969369.223951 54 1
1700969369.224365 1514 -1
1700969369.224388 54 1
1700969369.224478 7354 -1
1700969369.224796 54 1
1700969369.228503 4434 -1
1700969369.228503 1514 -1
1700969369.228503 7354 -1
1700969369.228503 1514 -1
1700969369.228503 7354 -1
1700969369.228503 7354 -1
1700969369.228697 54 1
1700969369.229789 2974 -1
1700969369.229789 7354 -1
1700969369.229789 2974 -1
1700969369.229789 2974 -1
1700969369.229789 2974 -1
1700969369.229789 2974 -1
1700969369.229789 2974 -1
1700969369.229789 2974 -1
1700969369.229898 54 1
1700969369.229963 2974 -1
1700969369.230006 54 1
1700969369.230040 2974 -1
1700969369.230077 54 1
1700969369.230442 2974 -1
1700969369.230472 54 1
1700969369.230541 1514 -1
1700969369.230643 1514 -1
1700969369.230666 54 1
1700969369.230749 2974 -1
1700969369.230772 54 1
1700969369.231045 1514 -1
1700969369.231350 1514 -1
1700969369.231350 2974 -1
1700969369.231379 54 1
1700969369.231549 2974 -1
1700969369.231576 54 1
1700969369.231803 2974 -1
1700969369.231826 54 1
1700969369.231986 2974 -1
1700969369.232007 54 1
1700969369.232307 2974 -1
1700969369.232497 54 1
1700969369.232984 2974 -1
1700969369.233205 54 1
1700969369.233347 7354 -1
1700969369.233387 54 1
1700969369.235242 7354 -1
1700969369.235242 7354 -1
1700969369.235242 4434 -1
1700969369.235346 54 1
1700969369.235398 2974 -1
1700969369.235418 54 1
1700969369.235542 7354 -1
1700969369.235580 54 1
1700969369.236150 7354 -1
1700969369.236197 54 1
1700969369.236739 7354 -1
1700969369.236787 54 1
1700969369.237456 7354 -1
1700969369.237495 54 1
1700969369.239317 7354 -1
1700969369.239317 7354 -1
1700969369.239317 5894 -1
1700969369.239439 54 1
1700969369.239855 2974 -1
1700969369.239880 54 1
1700969369.239911 1514 -1
1700969369.239996 1514 -1
1700969369.240015 54 1
1700969369.240312 5894 -1
1700969369.240438 54 1
1700969369.240604 2974 -1
1700969369.240625 54 1
1700969369.241362 7354 -1
1700969369.241486 54 1
1700969369.241526 2974 -1
1700969369.241558 54 1
1700969369.241730 4434 -1
1700969369.241772 54 1
1700969369.242343 7354 -1
1700969369.242398 54 1
1700969369.242707 7354 -1
1700969369.242754 54 1
1700969369.243465 1514 -1
1700969369.243691 13194 -1
1700969369.243775 54 1
1700969369.244556 5894 -1
1700969369.244596 54 1
1700969369.244980 7354 -1
1700969369.245017 54 1
1700969369.245585 1514 -1
1700969369.245613 54 1
1700969369.245696 7354 -1
1700969369.245733 54 1
1700969369.246444 1514 -1
1700969369.246444 1514 -1
1700969369.246479 54 1
1700969369.246552 7354 -1
1700969369.246570 54 1
1700969369.248641 1514 -1
1700969369.248641 7354 -1
1700969369.248641 1514 -1
1700969369.248641 1514 -1
1700969369.248641 5894 -1
1700969369.248641 5894 -1
1700969369.248757 54 1
1700969369.250962 1514 -1
1700969369.250962 1514 -1
1700969369.250962 7354 -1
1700969369.250962 1514 -1
1700969369.250962 2974 -1
1700969369.250962 11734 -1
1700969369.251135 54 1
1700969369.251475 7354 -1
1700969369.251505 54 1
1700969369.251973 4434 -1
1700969369.252004 54 1
1700969369.252539 7354 -1
1700969369.252596 54 1
1700969369.253040 4434 -1
1700969369.253070 54 1
1700969369.253360 7354 -1
1700969369.253381 54 1
1700969369.253803 4434 -1
1700969369.253845 54 1
1700969369.254481 7354 -1
1700969369.254546 54 1
1700969369.254778 4434 -1
1700969369.254799 54 1
1700969369.255290 1514 -1
1700969369.255290 4434 -1
1700969369.255355 54 1
1700969369.255691 11734 -1
1700969369.255724 54 1
1700969369.256611 11734 -1
1700969369.256666 54 1
1700969369.257682 5894 -1
1700969369.257728 54 1
1700969369.258069 5894 -1
1700969369.258122 54 1
1700969369.258737 2974 -1
1700969369.258784 54 1
1700969369.258840 4434 -1
1700969369.259353 54 1
1700969369.259389 2974 -1
1700969369.259426 54 1
1700969369.259489 2974 -1
1700969369.259509 54 1
1700969369.259691 1514 -1
1700969369.259730 54 1
1700969369.260037 2974 -1
1700969369.260037 1514 -1
1700969369.260067 54 1
1700969369.260687 7354 -1
1700969369.260726 54 1
1700969369.260769 2974 -1
1700969369.260799 54 1
1700969369.261061 7354 -1
1700969369.261245 54 1
1700969369.261644 1514 -1
1700969369.261671 54 1
1700969369.261814 2974 -1
1700969369.261872 66 1
1700969369.262039 7354 -1
1700969369.262071 66 1
1700969369.262552 1514 -1
1700969369.262586 66 1
1700969369.262684 6747 -1
1700969369.262750 74 1
1700969369.263442 2974 -1
1700969369.263510 66 1
1700969369.268627 2974 -1
1700969369.268757 54 1
1700969372.632426 54 1
1700969372.640639 78 -1
1700969372.640639 60 -1
1700969372.640698 54 1
1700969372.807850 66 1
1700969372.816875 66 -1
1700969372.816976 54 1
1700969372.817555 966 1
1700969372.820271 60 -1
1700969372.820271 318 -1
1700969372.820905 134 1
1700969372.823614 146 1
1700969372.828026 589 1
1700969372.828353 224 1
1700969372.828437 229 1
1700969372.828515 217 1
1700969372.830444 60 -1
1700969372.830444 341 -1
1700969372.831538 60 -1
1700969372.831538 60 -1
1700969372.831538 60 -1
1700969372.831538 60 -1
1700969372.831538 60 -1
1700969372.834022 115 -1
1700969372.834022 85 -1
1700969372.834087 54 1
1700969372.834381 85 1
1700969372.835045 927 -1
1700969372.835045 7354 -1
1700969372.835088 54 1
1700969372.835375 1185 -1
1700969372.835534 855 -1
1700969372.835560 54 1
1700969372.835898 6207 -1
1700969372.835926 54 1
1700969372.839485 60 -1
1700969372.839485 857 -1
1700969372.839485 7354 -1
1700969372.839485 7354 -1
1700969372.839650 54 1
1700969372.842513 1860 -1
1700969372.842513 85 -1
1700969372.842513 10274 -1
1700969372.842513 6240 -1
1700969372.842513 2974 -1
1700969372.842718 54 1
1700969372.843036 7354 -1
1700969372.843074 54 1
1700969372.845885 7354 -1
1700969372.845885 7354 -1
1700969372.845995 54 1
1700969372.846938 2974 -1
1700969372.846967 54 1
1700969372.847277 5188 -1
1700969372.847311 54 1
1700969372.848328 13194 -1
1700969372.848402 54 1
1700969372.854326 7354 -1
1700969372.854326 4434 -1
1700969372.854326 5894 -1
1700969372.854326 7354 -1
1700969372.854466 54 1
1700969372.855239 2974 -1
1700969372.855261 54 1
1700969372.855396 1514 -1
1700969372.855500 2974 -1
1700969372.855517 54 1
1700969372.856507 7354 -1
1700969372.856552 54 1
1700969372.857196 2974 -1
1700969372.857225 54 1
1700969372.858015 7354 -1
1700969372.858054 54 1
1700969372.870284 7354 -1
1700969372.870284 2974 -1
1700969372.870284 1514 -1
1700969372.870284 2974 -1
1700969372.870284 7354 -1
1700969372.870284 4434 -1
1700969372.870284 7354 -1
1700969372.870284 7354 -1
1700969372.870284 7354 -1
1700969372.870284 7354 -1
1700969372.870284 7354 -1
1700969372.870284 7354 -1
1700969372.870660 54 1
1700969372.870757 5894 -1
1700969372.870790 54 1
1700969372.871387 7354 -1
1700969372.871416 54 1
1700969372.872840 7354 -1
1700969372.872909 54 1
1700969372.880467 7354 -1
1700969372.880467 7354 -1
1700969372.880467 7354 -1
1700969372.880467 2974 -1
1700969372.880467 7354 -1
1700969372.880467 7354 -1
1700969372.880734 54 1
1700969372.880967 7354 -1
1700969372.881051 54 1
1700969372.888606 7354 -1
1700969372.888606 7354 -1
1700969372.888606 2974 -1
1700969372.888606 11734 -1
1700969372.888606 7354 -1
1700969372.888606 7354 -1
1700969372.888862 54 1
1700969372.890013 7354 -1
1700969372.890013 7354 -1
1700969372.890071 54 1
1700969372.890340 7354 -1
1700969372.890377 54 1
1700969372.891068 7354 -1
1700969372.891290 54 1
1700969372.891667 1514 -1
1700969372.891934 54 1
1700969372.891947 54 1
1700969372.891987 1514 -1
1700969372.891987 2974 -1
1700969372.892023 54 1
1700969372.902908 2974 -1
1700969372.902908 7354 -1
1700969372.902908 4434 -1
1700969372.902908 4434 -1
1700969372.902908 1514 -1
1700969372.902908 1514 -1
1700969372.902908 7354 -1
1700969372.902908 7354 -1
1700969372.902908 2974 -1
1700969372.902908 7354 -1
1700969372.902908 7354 -1
1700969372.902908 7354 -1
1700969372.902908 5894 -1
1700969372.902908 7354 -1
1700969372.902908 7354 -1
1700969372.902908 2974 -1
1700969372.902908 1514 -1
1700969372.902908 7354 -1
1700969372.902908 7354 -1
1700969372.902908 7354 -1
1700969372.902908 7354 -1
1700969372.903774 54 1
1700969372.904294 4434 -1
1700969372.904341 54 1
1700969372.904596 4434 -1
1700969372.904626 54 1
1700969372.905001 7354 -1
1700969372.905015 54 1
1700969372.905111 54 1
1700969372.906344 7354 -1
1700969372.906395 54 1
1700969372.906445 54 1
1700969372.907720 8814 -1
1700969372.907773 54 1
1700969372.908988 7354 -1
1700969372.909033 54 1
1700969372.910371 7354 -1
1700969372.910439 54 1
1700969372.911679 7354 -1
1700969372.911722 54 1
1700969372.912626 21954 -1
1700969372.912749 54 1
1700969372.916997 4434 -1
1700969372.917069 54 1
1700969372.917496 7354 -1
1700969372.917546 54 1
1700969372.918481 4434 -1
1700969372.918519 54 1
1700969372.919020 1514 -1
1700969372.919020 5894 -1
1700969372.919093 54 1
1700969372.921311 1514 -1
1700969372.921311 4434 -1
1700969372.921311 5894 -1
1700969372.921408 54 1
1700969372.922437 7354 -1
1700969372.922493 54 1
1700969372.923338 5894 -1
1700969372.923396 54 1
1700969372.924378 7354 -1
1700969372.924440 54 1
1700969372.925610 7354 -1
1700969372.925656 54 1
1700969372.926751 2974 -1
1700969372.926796 54 1
1700969372.927384 2974 -1
1700969372.927433 54 1
1700969372.927773 7354 -1
1700969372.927813 54 1
1700969372.928639 14654 -1
1700969372.928713 54 1
1700969372.931099 5894 -1
1700969372.931170 54 1
1700969372.931955 7354 -1
1700969372.932068 54 1
1700969372.933507 1514 -1
1700969372.933561 54 1
1700969372.934072 1514 -1
1700969372.934072 7354 -1
1700969372.934377 54 1
1700969372.934811 7354 -1
1700969372.935020 54 1
1700969372.936736 2974 -1
1700969372.936769 54 1
1700969372.936840 5894 -1
1700969372.936874 54 1
1700969372.937960 2974 -1
1700969372.938008 54 1
1700969372.938479 7354 -1
1700969372.938526 54 1
1700969372.939359 7354 -1
1700969372.939400 54 1
1700969372.940815 2974 -1
1700969372.940865 54 1
1700969372.941057 7354 -1
1700969372.941111 54 1
1700969372.942453 7354 -1
1700969372.942503 54 1
1700969372.943982 7354 -1
1700969372.944033 54 1
1700969372.944910 1514 -1
1700969372.944974 7354 -1
1700969372.945020 54 1
1700969372.946098 1514 -1
1700969372.946384 7354 -1
1700969372.946419 54 1
1700969372.948038 7354 -1
1700969372.948085 54 1
1700969372.949344 5894 -1
1700969372.949400 54 1
1700969372.949753 1514 -1
1700969372.949793 54 1
1700969372.949931 7354 -1
1700969372.949981 54 1
1700969372.951299 19034 -1
1700969372.951395 54 1
1700969372.954654 5894 -1
1700969372.954707 54 1
1700969372.955713 2974 -1
1700969372.955750 54 1
1700969372.955901 2974 -1
1700969372.955955 54 1
1700969372.956690 7354 -1
1700969372.956740 54 1
1700969372.969984 4434 -1
1700969372.969984 7354 -1
1700969372.969984 2974 -1
1700969372.969984 1514 -1
1700969372.969984 1514 -1
1700969372.969984 1514 -1
1700969372.969984 1514 -1
1700969372.969984 4434 -1
1700969372.969984 7354 -1
1700969372.969984 7354 -1
1700969372.969984 2974 -1
1700969372.969984 5894 -1
1700969372.969984 7354 -1
1700969372.969984 7354 -1
1700969372.969984 4434 -1
1700969372.969984 5894 -1
1700969372.970924 54 1
1700969372.970993 1514 -1
1700969372.970993 1514 -1
1700969372.970993 5894 -1
1700969372.971033 54 1
1700969372.971492 7354 -1
1700969372.971534 54 1
1700969372.972743 7354 -1
1700969372.972799 54 1
1700969372.973235 54 1
1700969372.973993 1514 -1
1700969372.974023 54 1
1700969372.974780 2974 -1
1700969372.974780 5894 -1
1700969372.974827 54 1
1700969372.976483 2974 -1
1700969372.976483 2974 -1
1700969372.976483 1514 -1
1700969372.976551 66 1
1700969372.976597 66 1
1700969372.976979 1514 -1
1700969372.977007 66 1
1700969372.977110 2974 -1
1700969372.977158 66 1
1700969372.979096 2974 -1
1700969372.979096 2974 -1
1700969372.979096 1514 -1
1700969372.979096 1514 -1
1700969372.979096 1514 -1
1700969372.979358 66 1
1700969372.979407 66 1
1700969372.979432 66 1
1700969372.979463 66 1
1700969372.979502 66 1
1700969372.979537 1514 -1
1700969372.979537 2974 -1
1700969372.979564 66 1
1700969372.979599 66 1
1700969372.979812 2974 -1
1700969372.979840 66 1
1700969372.981055 2974 -1
1700969372.981055 2974 -1
1700969372.981097 66 1
1700969372.981280 66 1
1700969372.981500 2974 -1
1700969372.981545 66 1
1700969372.981683 2974 -1
1700969372.981711 66 1
1700969372.982680 1514 -1
1700969372.982680 1514 -1
1700969372.982718 66 1
1700969372.982771 66 1
1700969372.983303 2974 -1
1700969372.983339 66 1
1700969372.983408 1514 -1
1700969372.983466 66 1
1700969372.983856 1514 -1
1700969372.983856 2974 -1
1700969372.983925 66 1
1700969372.983975 66 1
1700969372.987585 1514 -1
1700969372.987585 1514 -1
1700969372.987585 1514 -1
1700969372.987585 1514 -1
1700969372.987585 2974 -1
1700969372.987585 2974 -1
1700969372.987585 2974 -1
1700969372.987585 2974 -1
1700969372.987585 2974 -1
1700969372.987895 66 1
1700969372.987936 66 1
1700969372.987951 66 1
1700969372.987966 66 1
1700969372.987996 66 1
1700969372.988036 66 1
1700969372.988093 66 1
1700969372.988256 66 1
1700969372.988326 66 1
1700969372.988373 2974 -1
1700969372.988373 1514 -1
1700969372.988404 66 1
1700969372.988622 54 1
1700969372.988783 1514 -1
1700969372.988783 1514 -1
1700969372.988811 54 1
1700969372.989406 54 1
1700969372.989471 1514 -1
1700969372.989471 1514 -1
1700969372.989471 2974 -1
1700969372.989511 66 1
1700969372.990036 2974 -1
1700969372.990067 66 1
1700969372.990614 2974 -1
1700969372.990649 66 1
1700969372.990694 1514 -1
1700969372.990727 74 1
1700969372.991433 2974 -1
1700969372.991464 74 1
1700969372.991953 2974 -1
1700969372.991985 74 1
1700969372.992460 1514 -1
1700969372.992460 1514 -1
1700969372.992668 74 1
1700969372.992718 74 1
1700969372.993582 2974 -1
1700969372.993582 5894 -1
1700969372.993835 74 1
1700969372.993891 74 1
1700969372.993940 5894 -1
1700969372.993993 74 1
1700969372.994599 1514 -1
1700969372.994674 66 1
1700969372.995806 2974 -1
1700969372.995928 54 1
1700969372.995994 2974 -1
1700969372.996018 54 1
1700969372.996068 2974 -1
1700969372.996105 54 1
1700969372.996337 2974 -1
1700969372.996362 54 1
1700969372.996630 1514 -1
1700969372.996630 1514 -1
1700969372.996669 54 1
1700969372.997108 1514 -1
1700969372.997351 1514 -1
1700969372.997373 54 1
1700969372.998237 1514 -1
1700969372.998307 66 1
1700969372.998390 1514 -1
1700969372.998390 5894 -1
1700969372.998448 74 1
1700969372.998494 74 1
1700969372.998724 2974 -1
1700969372.998760 74 1
1700969372.999559 5894 -1
1700969372.999627 74 1
1700969373.000151 5894 -1
1700969373.000199 74 1
1700969373.001114 5894 -1
1700969373.002027 74 1
1700969373.002067 7354 -1
1700969373.002101 74 1
1700969373.003396 1514 -1
1700969373.003396 1514 -1
1700969373.003396 1514 -1
1700969373.003396 5894 -1
1700969373.003453 74 1
1700969373.003509 66 1
1700969373.003629 54 1
1700969373.003859 54 1
1700969373.004054 2974 -1
1700969373.004077 54 1
1700969373.004878 7354 -1
1700969373.005286 54 1
1700969373.008315 1514 -1
1700969373.008315 5894 -1
1700969373.008315 7354 -1
1700969373.008315 1514 -1
1700969373.008315 2974 -1
1700969373.008406 54 1
1700969373.008974 2974 -1
1700969373.008974 5894 -1
1700969373.009006 54 1
1700969373.010092 2001 -1
1700969373.010260 54 1
1700969373.010820 1514 -1
1700969373.010820 1514 -1
1700969373.010862 54 1
1700969373.013028 5894 -1
1700969373.013028 8814 -1
1700969373.013096 54 1
1700969373.014378 7354 -1
1700969373.014426 54 1
1700969373.014853 1514 -1
1700969373.015041 54 1
1700969373.015093 7354 -1
1700969373.015330 54 1
1700969373.017007 1514 -1
1700969373.017304 54 1
1700969373.017355 4434 -1
1700969373.017380 54 1
1700969373.017577 4434 -1
1700969373.017598 54 1
1700969373.017849 1514 -1
1700969373.017965 2974 -1
1700969373.017992 54 1
1700969373.018477 7354 -1
1700969373.018535 54 1
1700969373.019536 7354 -1
1700969373.019569 54 1
1700969373.021829 1514 -1
1700969373.021868 54 1
1700969373.021899 7354 -1
1700969373.021924 54 1
1700969373.022901 7354 -1
1700969373.022944 54 1
1700969373.023604 7354 -1
1700969373.023648 54 1
1700969373.024830 7354 -1
1700969373.024976 54 1
1700969373.026032 7354 -1
1700969373.026081 54 1
1700969373.027508 2974 -1
1700969373.027554 54 1
1700969373.028381 4434 -1
1700969373.028433 54 1
1700969373.028474 2974 -1
1700969373.028493 54 1
1700969373.029408 4434 -1
1700969373.029486 54 1
1700969373.029944 7354 -1
1700969373.029976 54 1
1700969373.031086 5894 -1
1700969373.031374 54 1
1700969373.032033 7354 -1
1700969373.032087 54 1
1700969373.032867 7354 -1
1700969373.032899 54 1
1700969373.034556 7354 -1
1700969373.034589 54 1
1700969373.035630 7354 -1
1700969373.035728 54 1
1700969373.036949 4434 -1
1700969373.036996 54 1
1700969373.037495 4434 -1
1700969373.037562 54 1
1700969373.038001 7354 -1
1700969373.038059 54 1
1700969373.039477 1514 -1
1700969373.039507 54 1
1700969373.039591 4434 -1
1700969373.039865 54 1
1700969373.040561 4434 -1
1700969373.040598 54 1
1700969373.040935 4434 -1
1700969373.040986 54 1
1700969373.041887 4434 -1
1700969373.041943 54 1
1700969373.042515 7354 -1
1700969373.042569 54 1
1700969373.043519 1514 -1
1700969373.043566 54 1
1700969373.043907 2974 -1
1700969373.043936 54 1
1700969373.044310 2974 -1
1700969373.044352 54 1
1700969373.045018 7354 -1
1700969373.045083 54 1
1700969373.046812 7354 -1
1700969373.046897 54 1
1700969373.047461 7354 -1
1700969373.047509 54 1
1700969373.048700 7354 -1
1700969373.048746 54 1
1700969373.049741 7354 -1
1700969373.049778 54 1
1700969373.050890 7354 -1
1700969373.050943 54 1
1700969373.053042 5894 -1
1700969373.053042 7354 -1
1700969373.053296 54 1
1700969373.054605 7354 -1
1700969373.054659 54 1
1700969373.055773 7354 -1
1700969373.055803 54 1
1700969373.057005 7354 -1
1700969373.057044 54 1
1700969373.057843 7354 -1
1700969373.057962 54 1
1700969373.059452 1514 -1
1700969373.059503 54 1
1700969373.059818 7354 -1
1700969373.059864 54 1
1700969373.063997 1514 -1
1700969373.063997 4434 -1
1700969373.063997 2377 -1
1700969373.064369 54 1
1700969378.741539 235 1
1700969378.744907 927 -1
1700969378.744907 7354 -1
1700969378.744997 54 1
1700969378.747384 503 -1
1700969378.751874 89 1
1700969378.751990 222 1
1700969378.752787 223 1
1700969378.753574 60 -1
1700969378.782799 877 -1
1700969378.783044 7354 -1
1700969378.783116 54 1
1700969378.786313 7354 -1
1700969378.786313 1453 -1
1700969378.786389 54 1
1700969381.556761 231 1
1700969381.556825 223 1
1700969381.559729 60 -1
1700969381.586701 1051 -1
1700969381.586701 736 -1
1700969381.586701 1023 -1
1700969381.586701 771 -1
1700969381.586701 7354 -1
1700969381.586701 2133 -1
1700969381.586701 4434 -1
1700969381.586701 403 -1
1700969381.586820 54 1
1700969382.701175 54 1
1700969382.702616 78 -1
1700969382.702616 60 -1
1700969382.702656 54 1
1700969385.280325 66 1
1700969385.305400 66 -1
1700969385.305637 54 1
1700969385.306954 902 1
1700969385.309200 60 -1
1700969385.309200 318 -1
1700969385.310096 134 1
1700969385.310896 146 1
1700969385.311237 585 1
1700969385.311359 230 1
1700969385.311475 230 1
1700969385.312459 60 -1
1700969385.312602 60 -1
1700969385.312639 60 -1
1700969385.312639 60 -1
1700969385.312639 60 -1
1700969385.312786 341 -1
1700969385.315412 115 -1
1700969385.315412 85 -1
1700969385.315452 54 1
1700969385.316474 85 1
1700969385.318063 60 -1
1700969385.346818 980 -1
1700969385.346897 812 -1
1700969385.346935 54 1
1700969385.347079 4434 -1
1700969385.347129 54 1
1700969385.347360 1869 -1
1700969385.347397 54 1
1700969385.352578 1138 -1
1700969385.352578 618 -1
1700969385.352636 54 1
1700969385.362474 1514 -1
1700969385.362474 2974 -1
1700969385.362474 5382 -1
1700969385.362627 54 1
1700969386.139988 1105 -1
1700969386.150086 7354 -1
1700969386.150369 66 1
1700969386.150439 2333 -1
1700969386.150475 66 1
1700969386.151835 471 -1
1700969386.151922 54 1
1700969386.909868 228 1
1700969386.910010 229 1
1700969386.911851 60 -1
1700969386.911851 60 -1
1700969386.911888 229 1
1700969386.912879 60 -1
1700969386.942786 963 -1
1700969386.942786 6650 -1
1700969386.942882 54 1
1700969386.956033 932 -1
1700969386.956033 7354 -1
1700969386.956134 54 1
1700969386.956550 2136 -1
1700969386.956595 54 1
1700969386.956665 929 -1
1700969386.956712 2974 -1
1700969386.956735 54 1
1700969386.956988 5016 -1
1700969386.957049 54 1
1700969388.546219 218 1
1700969388.548641 225 1
1700969388.548770 224 1
1700969388.549348 223 1
1700969388.549832 60 -1
1700969388.554026 859 -1
1700969388.554098 5894 -1
1700969388.554133 54 1
1700969388.554631 7354 -1
1700969388.554681 54 1
1700969388.554976 3320 -1
1700969388.555016 54 1
1700969388.555532 85 -1
1700969388.555532 1514 -1
1700969388.555532 5894 -1
1700969388.555591 54 1
1700969388.555885 9160 -1
1700969388.555918 54 1
1700969388.556637 7354 -1
1700969388.556668 54 1
1700969388.557246 5894 -1
1700969388.557440 54 1
1700969388.557747 1514 -1
1700969388.557775 54 1
1700969388.557931 5894 -1
1700969388.557960 54 1
1700969388.558406 7354 -1
1700969388.558469 54 1
1700969388.558945 7354 -1
1700969388.558999 54 1
1700969388.559674 13194 -1
1700969388.559767 54 1
1700969388.560872 7354 -1
1700969388.560936 54 1
1700969388.561393 5894 -1
1700969388.561443 54 1
1700969388.561806 7354 -1
1700969388.561866 54 1
1700969388.562391 4434 -1
1700969388.562431 54 1
1700969388.562872 7354 -1
1700969388.562916 54 1
1700969388.563394 1514 -1
1700969388.563429 54 1
1700969388.563453 1514 -1
1700969388.563541 7354 -1
1700969388.563585 54 1
1700969388.564504 4434 -1
1700969388.564545 54 1
1700969388.564578 7354 -1
1700969388.564620 54 1
1700969388.565134 1514 -1
1700969388.565672 7354 -1
1700969388.565732 54 1
1700969388.565865 5894 -1
1700969388.565904 54 1
1700969388.566419 7354 -1
1700969388.566465 54 1
1700969388.566971 7354 -1
1700969388.567050 54 1
1700969388.567577 1514 -1
1700969388.568125 5894 -1
1700969388.568172 54 1
1700969388.568219 4434 -1
1700969388.568454 54 1
1700969388.568698 4434 -1
1700969388.568782 54 1
1700969388.568904 7354 -1
1700969388.568947 54 1
1700969388.569698 1514 -1
1700969388.569698 5894 -1
1700969388.569757 54 1
1700969388.570173 2974 -1
1700969388.570225 54 1
1700969388.570385 2974 -1
1700969388.570406 54 1
1700969388.570906 7354 -1
1700969388.570940 54 1
1700969388.571173 7354 -1
1700969388.571216 54 1
1700969388.571821 5894 -1
1700969388.571873 54 1
1700969388.572406 7354 -1
1700969388.572467 54 1
1700969388.572889 5894 -1
1700969388.572937 54 1
1700969388.573433 1514 -1
1700969388.573483 2974 -1
1700969388.573510 54 1
1700969388.575884 5894 -1
1700969388.575884 4434 -1
1700969388.575884 7354 -1
1700969388.575884 5894 -1
1700969388.575884 1514 -1
1700969388.575884 5894 -1
1700969388.576072 54 1
1700969388.576382 5894 -1
1700969388.576424 54 1
1700969388.576758 2974 -1
1700969388.576799 54 1
1700969388.577001 7354 -1
1700969388.577050 54 1
1700969388.577638 2974 -1
1700969388.577665 54 1
1700969388.577835 2974 -1
1700969388.577870 54 1
1700969388.578102 7204 -1
1700969388.578145 54 1
1700969388.578682 7354 -1
1700969388.578718 54 1
1700969388.581139 2974 -1
1700969388.581139 7354 -1
1700969388.581139 2974 -1
1700969388.581139 1514 -1
1700969388.581139 2974 -1
1700969388.581139 7354 -1
1700969388.581301 54 1
1700969388.581600 1514 -1
1700969388.581600 7354 -1
1700969388.581661 54 1
1700969388.582071 1514 -1
1700969388.582196 7354 -1
1700969388.582252 54 1
1700969388.582929 7354 -1
1700969388.582960 54 1
1700969388.583763 1514 -1
1700969388.583763 5894 -1
1700969388.583807 54 1
1700969388.584192 5894 -1
1700969388.584227 54 1
1700969388.585428 5894 -1
1700969388.585428 7354 -1
1700969388.585482 54 1
1700969388.586080 7354 -1
1700969388.586136 54 1
1700969388.590537 7354 -1
1700969388.590537 1514 -1
1700969388.590537 7354 -1
1700969388.590537 7354 -1
1700969388.590537 2974 -1
1700969388.590537 4434 -1
1700969388.590537 7354 -1
1700969388.590537 7354 -1
1700969388.590537 7354 -1
1700969388.590759 54 1
1700969388.590952 7354 -1
1700969388.590998 54 1
1700969388.591566 1514 -1
1700969388.591566 7354 -1
1700969388.591635 54 1
1700969388.592010 4434 -1
1700969388.592058 54 1
1700969388.601736 1514 -1
1700969388.601736 7354 -1
1700969388.601736 7354 -1
1700969388.601736 4434 -1
1700969388.601736 7354 -1
1700969388.601736 1514 -1
1700969388.601736 7354 -1
1700969388.601736 7354 -1
1700969388.601736 7354 -1
1700969388.601736 7354 -1
1700969388.601736 5894 -1
1700969388.601736 5894 -1
1700969388.601736 7354 -1
1700969388.601736 5894 -1
1700969388.601736 7354 -1
1700969388.601736 2974 -1
1700969388.601736 4434 -1
1700969388.601736 1514 -1
1700969388.601736 1514 -1
1700969388.601736 7354 -1
1700969388.601736 7354 -1
1700969388.602262 66 1
1700969388.602325 74 1
1700969388.602375 74 1
1700969388.602442 74 1
1700969388.602507 7354 -1
1700969388.602589 74 1
1700969388.606281 74 1
1700969388.609874 7354 -1
1700969388.609874 5894 -1
1700969388.609874 7354 -1
1700969388.609874 7354 -1
1700969388.609874 4434 -1
1700969388.609874 2974 -1
1700969388.609874 7354 -1
1700969388.609874 7354 -1
1700969388.609874 1514 -1
1700969388.609874 7354 -1
1700969388.609874 21954 -1
1700969388.609874 5894 -1
1700969388.609874 7354 -1
1700969388.610127 74 1
1700969388.610178 74 1
1700969388.610203 74 1
1700969388.610217 74 1
1700969388.610261 74 1
1700969388.610291 74 1
1700969388.610324 74 1
1700969388.610356 74 1
1700969388.610396 74 1
1700969388.610458 74 1
1700969388.610540 74 1
1700969388.610587 74 1
1700969388.610677 74 1
1700969388.611466 2974 -1
1700969388.611466 7354 -1
1700969388.611466 5894 -1
1700969388.611547 74 1
1700969388.611618 74 1
1700969388.611639 74 1
1700969388.611665 7354 -1
1700969388.611717 74 1
1700969388.612219 14654 -1
1700969388.612402 74 1
1700969388.613526 1514 -1
1700969388.613526 1514 -1
1700969388.613581 66 1
1700969388.613737 54 1
1700969388.613943 7354 -1
1700969388.613994 54 1
1700969388.615119 54 1
1700969388.615198 7354 -1
1700969388.615198 7354 -1
1700969388.615603 54 1
1700969388.615652 7354 -1
1700969388.615689 54 1
1700969388.616082 4434 -1
1700969388.616110 54 1
1700969388.616398 1514 -1
1700969388.616682 7354 -1
1700969388.616746 54 1
1700969388.621881 1514 -1
1700969388.621881 5894 -1
1700969388.621881 4434 -1
1700969388.621881 2974 -1
1700969388.621881 2974 -1
1700969388.621881 4434 -1
1700969388.621881 7354 -1
1700969388.621881 2091 -1
1700969388.622073 54 1
1700969390.725640 232 1
1700969390.728554 224 1
1700969390.728665 225 1
1700969390.739181 60 -1
1700969390.746456 901 -1
1700969390.746456 5119 -1
1700969390.746565 54 1
1700969390.749815 89 1
1700969390.764429 961 -1
1700969390.764429 3088 -1
1700969390.764429 857 -1
1700969390.764429 7354 -1
1700969390.764429 700 -1
1700969390.764567 54 1
1700969392.370440 230 1
1700969392.370760 221 1
1700969392.370869 224 1
1700969392.372768 222 1
1700969392.385560 60 -1
1700969392.391598 927 -1
1700969392.391598 7354 -1
1700969392.391598 2729 -1
1700969392.391762 54 1
1700969392.400096 932 -1
1700969392.400096 10502 -1
1700969392.400219 54 1
1700969392.405089 929 -1
1700969392.405089 5118 -1
1700969392.405182 54 1
1700969392.410831 985 -1
1700969392.410831 807 -1
1700969392.410922 54 1
1700969392.417979 2974 -1
1700969392.418062 54 1
1700969392.418125 7354 -1
1700969392.418179 54 1
1700969392.418607 1616 -1
1700969392.418642 54 1
1700969392.729335 54 1
1700969392.772687 60 -1
1700969392.772888 78 -1
1700969392.772940 54 1
1700969392.773015 60 -1
1700969396.902660 66 1
1700969396.904047 66 -1
1700969396.904154 54 1
1700969396.906847 966 1
1700969396.908814 60 -1
1700969396.909627 318 -1
1700969396.912050 134 1
1700969396.913693 60 -1
1700969396.914545 146 1
1700969396.914903 586 1
1700969396.915628 60 -1
1700969396.917211 60 -1
1700969396.920897 341 -1
1700969396.931940 115 -1
1700969396.931940 85 -1
1700969396.932056 54 1
1700969396.932965 85 1
1700969396.934161 60 -1
1700969396.941981 1081 -1
1700969396.942063 693 -1
1700969396.942108 54 1
1700969396.944437 7014 -1
1700969396.944509 54 1
1700969398.995094 230 1
1700969398.995216 228 1
1700969399.002645 60 -1
1700969399.002645 60 -1
1700969399.004436 224 1
1700969399.004635 229 1
1700969399.004718 223 1
1700969399.006745 60 -1
1700969399.006745 60 -1
1700969399.006745 60 -1
1700969399.019090 1050 -1
1700969399.019090 733 -1
1700969399.019090 1023 -1
1700969399.019090 774 -1
1700969399.019257 54 1
1700969399.033205 6306 -1
1700969399.033368 54 1
1700969399.033501 7354 -1
1700969399.033546 54 1
1700969399.034054 3000 -1
1700969399.034099 54 1
1700969399.035967 1057 -1
1700969399.035967 729 -1
1700969399.035967 3103 -1
1700969399.036034 54 1
1700969399.041031 7354 -1
1700969399.041151 54 1
1700969399.041637 2294 -1
1700969399.041720 66 1
1700969399.041792 1514 -1
1700969399.041832 54 1
1700969399.054963 1086 -1
1700969399.054963 691 -1
1700969399.055089 54 1
1700969399.055174 7354 -1
1700969399.055222 54 1
1700969399.055528 1730 -1
1700969399.055563 54 1
1700969400.648355 232 1
1700969400.650547 231 1
1700969400.650789 226 1
1700969400.665502 60 -1
1700969400.686825 1050 -1
1700969400.686825 724 -1
1700969400.686950 54 1
1700969400.694537 4880 -1
1700969400.694537 1052 -1
1700969400.694537 732 -1
1700969400.694748 54 1
1700969400.700827 5131 -1
1700969400.700912 54 1
1700969400.710716 1083 -1
1700969400.710716 693 -1
1700969400.710810 54 1
1700969400.723044 1514 -1
1700969400.723044 4906 -1
1700969400.723158 54 1
1700969402.303361 232 1
1700969402.303488 222 1
1700969402.303575 224 1
1700969402.303651 231 1
1700969402.303850 224 1
1700969402.323058 60 -1
1700969402.348516 979 -1
1700969402.348516 813 -1
1700969402.348516 930 -1
1700969402.348638 54 1
1700969402.348695 883 -1
1700969402.348695 1030 -1
1700969402.348695 741 -1
1700969402.348695 1055 -1
1700969402.348732 54 1
1700969402.348792 5894 -1
1700969402.348843 54 1
1700969402.349240 5292 -1
1700969402.349279 54 1
1700969402.349679 729 -1
1700969402.349697 54 1
1700969402.352072 89 1
1700969402.366494 7354 -1
1700969402.366494 616 -1
1700969402.366494 7273 -1
1700969402.366494 7354 -1
1700969402.366494 2547 -1
1700969402.366636 54 1
1700969402.367288 1728 -1
1700969402.367311 54 1
1700969402.379317 5875 -1
1700969402.379528 54 1
1700969402.760701 54 1
1700969402.796563 78 -1
1700969402.796563 60 -1
1700969402.796651 54 1
