1700967269.535799 66 1
1700967269.536903 66 -1
1700967269.537006 54 1
1700967269.549459 631 1
1700967269.550575 60 -1
1700967269.560394 2780 -1
1700967269.560458 54 1
1700967269.623198 134 1
1700967269.624378 60 -1
1700967269.624600 341 -1
1700967269.624600 341 -1
1700967269.624641 54 1
1700967269.642722 146 1
1700967269.643689 60 -1
1700967269.643737 115 -1
1700967269.643958 85 -1
1700967269.643984 54 1
1700967269.646582 572 1
1700967269.647628 60 -1
1700967269.664006 85 1
1700967269.665265 60 -1
1700967269.703564 951 -1
1700967269.703564 850 -1
1700967269.703614 54 1
1700967269.706492 5894 -1
1700967269.706492 7354 -1
1700967269.706492 3320 -1
1700967269.706492 7354 -1
1700967269.706492 7354 -1
1700967269.706631 54 1
1700967269.707468 1891 -1
1700967269.707468 7354 -1
1700967269.707468 7354 -1
1700967269.707629 54 1
1700967269.708076 5894 -1
1700967269.708139 54 1
1700967269.713303 1514 -1
1700967269.713303 4434 -1
1700967269.713303 4434 -1
1700967269.713303 7354 -1
1700967269.713303 7354 -1
1700967269.713303 2974 -1
1700967269.713303 1185 -1
1700967269.713303 5894 -1
1700967269.713303 5894 -1
1700967269.713303 7354 -1
1700967269.713303 7354 -1
1700967269.713303 7354 -1
1700967269.713967 54 1
1700967269.714127 4434 -1
1700967269.714188 54 1
1700967269.714650 7354 -1
1700967269.714724 54 1
1700967269.714797 1514 -1
1700967269.714822 54 1
1700967269.715378 17574 -1
1700967269.715517 54 1
1700967269.716712 5894 -1
1700967269.717106 54 1
1700967269.717184 7354 -1
1700967269.717252 54 1
1700967269.719902 7354 -1
1700967269.719902 7354 -1
1700967269.719902 4434 -1
1700967269.719902 7354 -1
1700967269.719902 7354 -1
1700967269.720079 54 1
1700967269.720256 7354 -1
1700967269.720308 54 1
1700967269.721040 4434 -1
1700967269.721104 54 1
1700967269.721261 7354 -1
1700967269.721314 54 1
1700967269.722555 4434 -1
1700967269.722555 30714 -1
1700967269.722745 54 1
1700967269.724782 1514 -1
1700967269.724858 54 1
1700967269.725249 7354 -1
1700967269.725305 54 1
1700967269.725507 7354 -1
1700967269.725575 54 1
1700967269.726377 14356 -1
1700967269.726480 54 1
1700967269.730039 54 1
1700967269.731008 7354 -1
1700967269.731008 7354 -1
1700967269.731008 7354 -1
1700967269.731008 7354 -1
1700967269.731008 4434 -1
1700967269.731008 2974 -1
1700967269.731008 7354 -1
1700967269.731008 1514 -1
1700967269.731404 54 1
1700967269.731487 7354 -1
1700967269.731572 54 1
1700967269.731626 3560 -1
1700967269.731655 54 1
1700967269.732361 2974 -1
1700967269.732361 1514 -1
1700967269.732361 3848 -1
1700967269.732467 54 1
1700967269.732580 92 -1
1700967269.732596 54 1
1700967269.765743 54 1
1700967269.974287 231 1
1700967269.974374 231 1
1700967269.974464 234 1
1700967269.974553 231 1
1700967269.974653 232 1
1700967269.981495 60 -1
1700967269.985879 231 1
1700967269.985972 231 1
1700967269.986057 231 1
1700967269.986182 230 1
1700967269.986289 230 1
1700967270.011864 1015 -1
1700967270.011864 811 -1
1700967270.011864 4345 -1
1700967270.011864 1026 -1
1700967270.011864 764 -1
1700967270.011864 7354 -1
1700967270.011864 1003 -1
1700967270.011864 60 -1
1700967270.011864 1103 -1
1700967270.011864 660 -1
1700967270.011864 5358 -1
1700967270.011864 1102 -1
1700967270.011864 660 -1
1700967270.011864 982 -1
1700967270.011864 816 -1
1700967270.011864 3127 -1
1700967270.011864 7354 -1
1700967270.011864 1054 -1
1700967270.011864 1072 -1
1700967270.011864 697 -1
1700967270.011864 1028 -1
1700967270.011864 766 -1
1700967270.011864 1514 -1
1700967270.011864 6083 -1
1700967270.012646 54 1
1700967270.012888 6322 -1
1700967270.012932 54 1
1700967270.015931 1103 -1
1700967270.015931 660 -1
1700967270.016000 54 1
1700967270.016529 4202 -1
1700967270.016592 54 1
1700967270.038707 1052 -1
1700967270.038707 728 -1
1700967270.038763 54 1
1700967270.045276 7354 -1
1700967270.045688 54 1
1700967270.045907 4806 -1
1700967270.045954 54 1
1700967270.254651 210 1
1700967270.273840 1076 -1
1700967270.273840 703 -1
1700967270.273840 2264 -1
1700967270.273923 54 1
1700967270.501394 1088 -1
1700967270.501394 488 -1
1700967270.501394 780 -1
1700967270.501394 2974 -1
1700967270.501394 5915 -1
1700967270.501511 54 1
1700967277.480773 54 1
1700967277.486144 78 -1
1700967277.486144 60 -1
1700967277.486360 54 1
1700967278.192267 66 1
1700967278.200265 66 -1
1700967278.200473 54 1
1700967278.201075 934 1
1700967278.202197 60 -1
1700967278.203304 318 -1
1700967278.204668 134 1
1700967278.205612 146 1
1700967278.206217 587 1
1700967278.206277 234 1
1700967278.208207 60 -1
1700967278.208207 341 -1
1700967278.215116 60 -1
1700967278.215116 115 -1
1700967278.215116 60 -1
1700967278.215116 85 -1
1700967278.215378 54 1
1700967278.216815 85 1
1700967278.218091 60 -1
1700967278.221130 930 -1
1700967278.221185 883 -1
1700967278.221206 54 1
1700967278.222424 2974 -1
1700967278.222464 54 1
1700967278.222623 6678 -1
1700967278.222662 54 1
1700967278.239250 950 -1
1700967278.239250 851 -1
1700967278.239376 54 1
1700967278.239429 6777 -1
1700967278.239474 54 1
1700967280.791288 230 1
1700967280.795182 231 1
1700967280.795320 230 1
1700967280.796310 60 -1
1700967280.796643 229 1
1700967280.797707 60 -1
1700967280.804379 1031 -1
1700967280.804379 734 -1
1700967280.804456 54 1
1700967280.804511 2974 -1
1700967280.804511 8415 -1
1700967280.804560 54 1
1700967280.807899 1052 -1
1700967280.807899 727 -1
1700967280.807968 54 1
1700967280.809552 4434 -1
1700967280.809585 54 1
1700967280.809729 4107 -1
1700967280.809758 54 1
1700967280.810181 1050 -1
1700967280.810181 733 -1
1700967280.810205 54 1
1700967280.810230 6374 -1
1700967280.810255 54 1
1700967280.811111 1024 -1
1700967280.811111 771 -1
1700967280.811136 54 1
1700967280.811262 2974 -1
1700967280.811289 54 1
1700967280.811367 4434 -1
1700967280.811387 54 1
1700967280.811742 2547 -1
1700967280.811769 54 1
1700967282.366033 230 1
1700967282.371663 230 1
1700967282.371790 229 1
1700967282.371870 231 1
1700967282.373796 60 -1
1700967282.376369 979 -1
1700967282.376369 810 -1
1700967282.376369 4434 -1
1700967282.376430 54 1
1700967282.376515 1257 -1
1700967282.376534 54 1
1700967282.379339 976 -1
1700967282.379339 816 -1
1700967282.379414 54 1
1700967282.380106 1514 -1
1700967282.380106 1514 -1
1700967282.380106 1372 -1
1700967282.380144 54 1
1700967282.382208 1053 -1
1700967282.382208 727 -1
1700967282.382260 54 1
1700967282.382509 10405 -1
1700967282.382568 54 1
1700967282.386361 1013 -1
1700967282.386361 762 -1
1700967282.386446 54 1
1700967282.386502 2974 -1
1700967282.386523 54 1
1700967282.386598 7354 -1
1700967282.388755 54 1
1700967282.388819 1567 -1
1700967282.388839 54 1
1700967282.397474 107 -1
1700967282.397525 66 1
1700967284.472526 230 1
1700967284.472647 231 1
1700967284.472742 232 1
1700967284.472858 231 1
1700967284.472972 225 1
1700967284.479505 60 -1
1700967284.479505 60 -1
1700967284.486280 1029 -1
1700967284.486280 765 -1
1700967284.486391 54 1
1700967284.486457 7354 -1
1700967284.486494 54 1
1700967284.488608 89 1
1700967284.489038 1391 -1
1700967284.489038 961 -1
1700967284.489038 842 -1
1700967284.489038 7354 -1
1700967284.489038 3050 -1
1700967284.489129 54 1
1700967284.499430 986 -1
1700967284.499430 808 -1
1700967284.499430 7354 -1
1700967284.499430 7354 -1
1700967284.499430 1860 -1
1700967284.499430 7354 -1
1700967284.499430 7354 -1
1700967284.499430 1891 -1
1700967284.499430 7354 -1
1700967284.499622 54 1
1700967284.499870 7354 -1
1700967284.499919 54 1
1700967284.500349 7354 -1
1700967284.500378 54 1
1700967284.501321 4434 -1
1700967284.501321 6648 -1
1700967284.501361 54 1
1700967284.502306 7354 -1
1700967284.502357 54 1
1700967284.502803 7354 -1
1700967284.502873 54 1
1700967284.503827 7354 -1
1700967284.503827 7354 -1
1700967284.504021 54 1
1700967284.504442 3759 -1
1700967284.504484 54 1
1700967284.504590 7354 -1
1700967284.504609 54 1
1700967284.505763 7354 -1
1700967284.505811 54 1
1700967284.505848 7354 -1
1700967284.506005 54 1
1700967284.506481 7354 -1
1700967284.506546 54 1
1700967284.507262 3874 -1
1700967284.507297 54 1
1700967284.507442 7354 -1
1700967284.507465 54 1
1700967284.508133 7354 -1
1700967284.508165 54 1
1700967284.508554 7354 -1
1700967284.508591 54 1
1700967284.509174 7354 -1
1700967284.509219 54 1
1700967284.509840 7354 -1
1700967284.509870 54 1
1700967284.510449 4434 -1
1700967284.510482 54 1
1700967284.510733 7354 -1
1700967284.510773 54 1
1700967284.511349 1154 -1
1700967284.511381 54 1
1700967284.511493 7354 -1
1700967284.511515 54 1
1700967284.512144 768 -1
1700967284.512144 1023 -1
1700967284.512202 54 1
1700967284.512239 774 -1
1700967284.512263 54 1
1700967284.512296 7354 -1
1700967284.512319 54 1
1700967284.512856 1490 -1
1700967284.513009 54 1
1700967284.513041 7354 -1
1700967284.513067 54 1
1700967284.513645 7354 -1
1700967284.513706 54 1
1700967284.514219 1860 -1
1700967284.514252 54 1
1700967284.514341 85 -1
1700967284.514341 7354 -1
1700967284.514372 54 1
1700967284.515092 7354 -1
1700967284.515133 54 1
1700967284.515551 1581 -1
1700967284.515579 54 1
1700967284.515863 1054 -1
1700967284.515863 728 -1
1700967284.515863 7354 -1
1700967284.515920 54 1
1700967284.516480 2429 -1
1700967284.516518 54 1
1700967286.033334 231 1
1700967286.034058 230 1
1700967286.034541 234 1
1700967286.036393 60 -1
1700967286.036532 232 1
1700967286.036991 229 1
1700967286.038051 60 -1
1700967286.042598 978 -1
1700967286.042598 815 -1
1700967286.042666 54 1
1700967286.042710 7354 -1
1700967286.042744 54 1
1700967286.043163 5890 -1
1700967286.043215 54 1
1700967286.046286 981 -1
1700967286.046286 810 -1
1700967286.046347 54 1
1700967286.046403 5894 -1
1700967286.046436 54 1
1700967286.046736 7354 -1
1700967286.046773 54 1
1700967286.047336 3320 -1
1700967286.047361 54 1
1700967286.047651 85 -1
1700967286.047651 5894 -1
1700967286.047692 54 1
1700967286.048100 1628 -1
1700967286.048126 54 1
1700967286.052942 1052 -1
1700967286.052942 734 -1
1700967286.053019 54 1
1700967286.053063 4434 -1
1700967286.053083 54 1
1700967286.053355 4454 -1
1700967286.053382 54 1
1700967286.075554 978 -1
1700967286.075554 843 -1
1700967286.075554 7354 -1
1700967286.075683 54 1
1700967286.076647 7354 -1
1700967286.076647 1860 -1
1700967286.076647 3890 -1
1700967286.076699 54 1
1700967286.267967 1022 -1
1700967286.267967 772 -1
1700967286.268068 54 1
1700967286.270168 1514 -1
1700967286.270288 6100 -1
1700967286.270325 54 1
1700967287.488725 54 1
1700967287.490148 78 -1
1700967287.490148 60 -1
1700967287.490172 54 1
1700967287.602299 66 1
1700967287.603462 66 -1
1700967287.603577 54 1
1700967287.604360 966 1
1700967287.605304 60 -1
1700967287.606281 318 -1
1700967287.606982 134 1
1700967287.607557 146 1
1700967287.608100 60 -1
1700967287.608230 341 -1
1700967287.608451 586 1
1700967287.608558 230 1
1700967287.608595 60 -1
1700967287.608595 115 -1
1700967287.608644 85 -1
1700967287.608667 54 1
1700967287.608825 261 1
1700967287.608960 230 1
1700967287.609350 85 1
1700967287.609421 60 -1
1700967287.609626 60 -1
1700967287.609662 231 1
1700967287.609778 60 -1
1700967287.609866 60 -1
1700967287.610375 60 -1
1700967287.610596 60 -1
1700967287.622496 1082 -1
1700967287.622496 690 -1
1700967287.622592 54 1
1700967287.623246 2974 -1
1700967287.623246 6817 -1
1700967287.623305 54 1
1700967287.623629 983 -1
1700967287.623670 54 1
1700967287.623738 809 -1
1700967287.623883 984 -1
1700967287.623883 804 -1
1700967287.623903 54 1
1700967287.623978 4434 -1
1700967287.624003 54 1
1700967287.624487 5155 -1
1700967287.624518 54 1
1700967287.624691 1514 -1
1700967287.624808 7354 -1
1700967287.624848 54 1
1700967287.625473 7354 -1
1700967287.625503 54 1
1700967287.626124 400 -1
1700967287.626124 7354 -1
1700967287.626159 54 1
1700967287.626749 7354 -1
1700967287.626792 54 1
1700967287.627261 1891 -1
1700967287.627289 54 1
1700967287.627419 4434 -1
1700967287.627456 54 1
1700967287.627794 7354 -1
1700967287.627834 54 1
1700967287.628400 5280 -1
1700967287.628458 54 1
1700967287.628840 14654 -1
1700967287.628895 54 1
1700967287.630089 7354 -1
1700967287.630124 54 1
1700967287.630648 7354 -1
1700967287.630676 54 1
1700967287.631265 7354 -1
1700967287.631293 54 1
1700967287.631852 1514 -1
1700967287.631890 54 1
1700967287.632126 2974 -1
1700967287.632161 54 1
1700967287.632229 5894 -1
1700967287.632256 54 1
1700967287.632719 7354 -1
1700967287.632783 54 1
1700967287.633441 4434 -1
1700967287.633483 54 1
1700967287.633713 4434 -1
1700967287.633785 54 1
1700967287.634101 7354 -1
1700967287.634137 54 1
1700967287.634682 7354 -1
1700967287.634720 54 1
1700967287.635365 4434 -1
1700967287.635400 54 1
1700967287.635645 7354 -1
1700967287.635746 54 1
1700967287.636232 7354 -1
1700967287.636262 54 1
1700967287.636848 5894 -1
1700967287.636884 54 1
1700967287.637336 2974 -1
1700967287.637376 54 1
1700967287.637575 1514 -1
1700967287.637753 7354 -1
1700967287.637781 54 1
1700967287.638321 4434 -1
1700967287.638360 54 1
1700967287.638680 4434 -1
1700967287.638719 54 1
1700967287.639032 2974 -1
1700967287.639061 54 1
1700967287.639284 7354 -1
1700967287.639325 54 1
1700967287.639889 7354 -1
1700967287.640053 54 1
1700967287.640490 7354 -1
1700967287.640527 54 1
1700967287.641133 2974 -1
1700967287.641169 54 1
1700967287.641323 4787 -1
1700967287.641355 54 1
1700967287.641806 1032 -1
1700967287.641806 760 -1
1700967287.641843 54 1
1700967287.641909 5894 -1
1700967287.642093 54 1
1700967287.642354 4434 -1
1700967287.642383 54 1
1700967287.642716 532 -1
1700967287.690127 54 1
1700967287.789344 1156 -1
1700967287.789344 389 -1
1700967287.789463 54 1
1700967287.789532 292 -1
1700967287.836368 7354 -1
1700967287.836462 54 1
1700967287.836733 3724 -1
1700967287.836766 54 1
1700967289.668328 232 1
1700967289.668854 231 1
1700967289.669612 60 -1
1700967289.670885 60 -1
1700967289.673058 234 1
1700967289.675292 60 -1
1700967289.680831 1052 -1
1700967289.680831 729 -1
1700967289.680888 54 1
1700967289.681088 949 -1
1700967289.681088 849 -1
1700967289.681118 54 1
1700967289.681216 1514 -1
1700967289.681316 2974 -1
1700967289.681341 54 1
1700967289.681417 8765 -1
1700967289.681472 54 1
1700967289.688449 1057 -1
1700967289.688449 722 -1
1700967289.688449 7354 -1
1700967289.688449 2171 -1
1700967289.688562 54 1
1700967289.690423 8022 -1
1700967289.690491 54 1
1700967291.252201 234 1
1700967291.253211 228 1
1700967291.257147 60 -1
1700967291.266554 1036 -1
1700967291.266554 738 -1
1700967291.266554 1072 -1
1700967291.266554 702 -1
1700967291.266669 54 1
1700967291.268262 2974 -1
1700967291.268324 54 1
1700967291.268354 7354 -1
1700967291.268395 54 1
1700967291.268900 381 -1
1700967291.268900 8903 -1
1700967291.268963 54 1
1700967293.948389 230 1
1700967293.949515 230 1
1700967293.951157 224 1
1700967293.954287 60 -1
1700967293.981557 1051 -1
1700967293.981557 1057 -1
1700967293.981557 731 -1
1700967293.981557 732 -1
1700967293.981699 66 1
1700967293.981759 54 1
1700967293.981782 54 1
1700967293.983559 89 1
1700967294.002434 7354 -1
1700967294.002434 766 -1
1700967294.002434 8987 -1
1700967294.002434 982 -1
1700967294.002434 812 -1
1700967294.002434 8415 -1
1700967294.002591 54 1
1700967294.043881 60 -1
1700967296.055475 223 1
1700967296.055559 230 1
1700967296.055637 231 1
1700967296.056826 60 -1
1700967296.056826 60 -1
1700967296.057252 60 -1
1700967296.075288 1036 -1
1700967296.075288 732 -1
1700967296.075371 54 1
1700967296.078699 12035 -1
1700967296.078699 1085 -1
1700967296.078699 690 -1
1700967296.078699 5928 -1
1700967296.078839 54 1
1700967296.082897 1056 -1
1700967296.082897 726 -1
1700967296.082897 2974 -1
1700967296.082897 7960 -1
1700967296.083027 54 1
1700967297.502057 54 1
1700967297.508151 78 -1
1700967297.508151 60 -1
1700967297.508226 54 1
1700967297.633690 66 1
1700967297.634816 66 -1
1700967297.634929 54 1
1700967297.636664 934 1
1700967297.637737 60 -1
1700967297.638709 318 -1
1700967297.639546 134 1
1700967297.640298 146 1
1700967297.640636 60 -1
1700967297.640907 587 1
1700967297.640980 341 -1
1700967297.641081 223 1
1700967297.641195 222 1
1700967297.641292 60 -1
1700967297.641533 115 -1
1700967297.641533 85 -1
1700967297.641561 54 1
1700967297.641886 85 1
1700967297.641969 60 -1
1700967297.642077 60 -1
1700967297.642232 60 -1
1700967297.642936 60 -1
1700967297.651478 1054 -1
1700967297.651478 727 -1
1700967297.651538 54 1
1700967297.651617 2974 -1
1700967297.651638 54 1
1700967297.651698 4006 -1
1700967297.651737 54 1
1700967297.656712 1054 -1
1700967297.656712 731 -1
1700967297.656787 54 1
1700967297.657359 1514 -1
1700967297.657359 7354 -1
1700967297.657436 54 1
1700967297.658190 1514 -1
1700967297.658190 4356 -1
1700967297.658254 54 1
1700967297.659192 1057 -1
1700967297.659192 728 -1
1700967297.659192 1514 -1
1700967297.659192 4335 -1
1700967297.659255 54 1
1700967299.257382 224 1
1700967299.258423 60 -1
1700967299.258556 219 1
1700967299.258673 231 1
1700967299.259644 60 -1
1700967299.259644 60 -1
1700967299.268690 1001 -1
1700967299.268690 777 -1
1700967299.268760 54 1
1700967299.269443 5894 -1
1700967299.269519 54 1
1700967299.269569 7354 -1
1700967299.269614 54 1
1700967299.270012 3320 -1
1700967299.270131 54 1
1700967299.272317 85 -1
1700967299.272317 7354 -1
1700967299.272317 7354 -1
1700967299.272317 1860 -1
1700967299.272317 85 -1
1700967299.272317 7354 -1
1700967299.272317 7354 -1
1700967299.272506 54 1
1700967299.273751 1860 -1
1700967299.273751 7354 -1
1700967299.273751 7354 -1
1700967299.273850 54 1
1700967299.274633 1514 -1
1700967299.274633 1514 -1
1700967299.274633 2974 -1
1700967299.274716 54 1
1700967299.274765 7354 -1
1700967299.274826 54 1
1700967299.275301 5188 -1
1700967299.275359 54 1
1700967299.275754 7354 -1
1700967299.275804 54 1
1700967299.278398 7354 -1
1700967299.278398 7354 -1
1700967299.278398 7354 -1
1700967299.278398 3081 -1
1700967299.278545 54 1
1700967299.278615 2974 -1
1700967299.278643 54 1
1700967299.278822 1514 -1
1700967299.278822 5894 -1
1700967299.278877 54 1
1700967299.279438 7354 -1
1700967299.279473 54 1
1700967299.280196 7354 -1
1700967299.280247 54 1
1700967299.280476 7354 -1
1700967299.280515 54 1
1700967299.281229 7354 -1
1700967299.281291 54 1
1700967299.281689 5894 -1
1700967299.281725 54 1
1700967299.282273 3773 -1
1700967299.282322 54 1
1700967299.282477 1008 -1
1700967299.282551 806 -1
1700967299.282572 54 1
1700967299.282703 9699 -1
1700967299.282757 54 1
1700967299.283452 1036 -1
1700967299.283490 54 1
1700967299.284240 731 -1
1700967299.284240 5430 -1
1700967299.284280 54 1
1700967300.847061 232 1
1700967300.851404 230 1
1700967300.852419 60 -1
1700967300.859316 1082 -1
1700967300.859316 690 -1
1700967300.859399 54 1
1700967300.859463 2974 -1
1700967300.859507 54 1
1700967300.859533 10274 -1
1700967300.859575 54 1
1700967300.860341 3320 -1
1700967300.860385 54 1
1700967300.860584 3112 -1
1700967300.860619 54 1
1700967300.860835 1050 -1
1700967300.860854 54 1
1700967300.860909 733 -1
1700967300.862503 4377 -1
1700967300.862535 54 1
1700967303.331153 224 1
1700967303.333725 224 1
1700967303.337792 60 -1
1700967303.339074 224 1
1700967303.343373 981 -1
1700967303.343373 812 -1
1700967303.343373 1977 -1
1700967303.343417 54 1
1700967303.346493 89 1
1700967303.353880 60 -1
1700967303.359601 1052 -1
1700967303.359601 730 -1
1700967303.359601 981 -1
1700967303.359601 814 -1
1700967303.359686 54 1
1700967303.362679 7354 -1
1700967303.362759 54 1
1700967303.363204 4739 -1
1700967303.363252 54 1
1700967303.363590 1514 -1
1700967303.363627 54 1
1700967303.363668 3699 -1
1700967303.363698 54 1
1700967306.585236 230 1
1700967306.587104 229 1
1700967306.587549 230 1
1700967306.587662 222 1
1700967306.588760 60 -1
1700967306.593742 1050 -1
1700967306.596144 732 -1
1700967306.596144 1052 -1
1700967306.596144 731 -1
1700967306.596144 1514 -1
1700967306.596144 4227 -1
1700967306.596144 7338 -1
1700967306.596287 54 1
1700967306.596455 984 -1
1700967306.596455 802 -1
1700967306.596455 4434 -1
1700967306.596518 54 1
1700967306.596644 6664 -1
1700967306.596681 54 1
1700967306.601319 1082 -1
1700967306.601435 54 1
1700967306.603362 691 -1
1700967306.603362 6438 -1
1700967306.603445 54 1
1700967307.533584 54 1
1700967307.537078 78 -1
1700967307.537078 60 -1
1700967307.537131 54 1
1700967308.212686 66 1
1700967308.214353 66 -1
1700967308.214524 54 1
1700967308.215401 934 1
1700967308.217674 60 -1
1700967308.217814 318 -1
1700967308.218512 134 1
1700967308.218829 146 1
1700967308.219337 586 1
1700967308.219439 231 1
1700967308.219530 231 1
1700967308.219627 223 1
1700967308.221791 60 -1
1700967308.222091 341 -1
1700967308.222091 60 -1
1700967308.222091 115 -1
1700967308.222091 85 -1
1700967308.222154 54 1
1700967308.222462 85 1
1700967308.223417 60 -1
1700967308.223417 60 -1
1700967308.223417 60 -1
1700967308.223417 60 -1
1700967308.224608 60 -1
1700967308.225893 950 -1
1700967308.225936 855 -1
1700967308.225953 54 1
1700967308.226611 1053 -1
1700967308.226611 727 -1
1700967308.226611 1835 -1
1700967308.227476 54 1
1700967308.227526 7354 -1
1700967308.227526 7354 -1
1700967308.228077 54 1
1700967308.228148 1860 -1
1700967308.228148 3781 -1
1700967308.228181 54 1
1700967308.231324 1051 -1
1700967308.231324 729 -1
1700967308.231324 7354 -1
1700967308.231422 54 1
1700967308.231533 142 -1
1700967308.263945 949 -1
1700967308.263945 851 -1
1700967308.264247 54 1
1700967308.264702 5909 -1
1700967308.264753 54 1
1700967310.415962 222 1
1700967310.416098 230 1
1700967310.416423 231 1
1700967310.416489 223 1
1700967310.416553 230 1
1700967310.419848 60 -1
1700967310.419848 60 -1
1700967310.419848 60 -1
1700967310.419848 60 -1
1700967310.419848 60 -1
1700967310.426303 980 -1
1700967310.426303 814 -1
1700967310.426303 5446 -1
1700967310.426416 54 1
1700967310.426732 1052 -1
1700967310.426732 728 -1
1700967310.426755 54 1
1700967310.426953 2974 -1
1700967310.426974 54 1
1700967310.427041 1341 -1
1700967310.427471 1055 -1
1700967310.427471 729 -1
1700967310.427531 54 1
1700967310.427590 3693 -1
1700967310.427623 54 1
1700967310.429329 1051 -1
1700967310.429329 728 -1
1700967310.429390 54 1
1700967310.429759 7354 -1
1700967310.429786 54 1
1700967310.429983 1668 -1
1700967310.430004 54 1
1700967310.532741 981 -1
1700967310.532741 809 -1
1700967310.532741 4576 -1
1700967310.532897 54 1
1700967312.049261 234 1
1700967312.049390 217 1
1700967312.050557 60 -1
1700967312.065482 1024 -1
1700967312.065482 775 -1
1700967312.065591 54 1
1700967312.066727 4615 -1
1700967312.066779 54 1
1700967312.087428 235 -1
1700967312.087489 66 1
1700967312.160504 1012 -1
1700967312.160504 579 -1
1700967312.160644 54 1
1700967312.162438 7354 -1
1700967312.162491 54 1
1700967312.162865 7354 -1
1700967312.162893 54 1
1700967312.163385 1860 -1
1700967312.163411 54 1
1700967312.163576 603 -1
1700967312.163576 1514 -1
1700967312.163604 54 1
1700967312.163687 1514 -1
1700967312.163958 7354 -1
1700967312.164009 54 1
1700967312.164449 6240 -1
1700967312.164485 54 1
1700967312.165035 85 -1
1700967312.165035 1514 -1
1700967312.165061 54 1
1700967312.165271 7354 -1
1700967312.165315 54 1
1700967312.165673 7700 -1
1700967312.165727 54 1
1700967312.166403 4434 -1
1700967312.166463 54 1
1700967312.166890 7354 -1
1700967312.166934 54 1
1700967312.167353 4811 -1
1700967312.167479 54 1
1700967312.168008 1514 -1
1700967312.168008 2994 -1
1700967312.168069 54 1
1700967312.168281 7354 -1
1700967312.168313 54 1
1700967312.168663 2974 -1
1700967312.168688 54 1
1700967312.169246 6240 -1
1700967312.169305 54 1
1700967312.169448 85 -1
1700967312.169448 7354 -1
1700967312.169492 54 1
1700967312.170022 7354 -1
1700967312.170065 54 1
1700967312.171230 1860 -1
1700967312.171230 85 -1
1700967312.171230 2974 -1
1700967312.171230 5117 -1
1700967312.171321 54 1
1700967312.171492 1514 -1
1700967312.171940 7354 -1
1700967312.171983 54 1
1700967312.172403 7354 -1
1700967312.172470 54 1
1700967312.172853 400 -1
1700967312.172853 85 -1
1700967312.172853 7354 -1
1700967312.172914 54 1
1700967312.173696 9160 -1
1700967312.173769 54 1
1700967312.177359 85 -1
1700967312.177359 16460 -1
1700967312.177359 85 -1
1700967312.177359 4179 -1
1700967312.177359 7354 -1
1700967312.177359 7354 -1
1700967312.177359 1860 -1
1700967312.177359 85 -1
1700967312.177359 7354 -1
1700967312.177616 54 1
1700967312.188432 7354 -1
1700967312.188432 1860 -1
1700967312.188432 85 -1
1700967312.188432 7354 -1
1700967312.188432 7354 -1
1700967312.188432 1860 -1
1700967312.188432 85 -1
1700967312.188432 7354 -1
1700967312.188432 7354 -1
1700967312.188432 1860 -1
1700967312.188432 85 -1
1700967312.188432 7354 -1
1700967312.188432 7354 -1
1700967312.188432 1860 -1
1700967312.188432 85 -1
1700967312.188432 7439 -1
1700967312.188432 7354 -1
1700967312.188432 9160 -1
1700967312.188432 85 -1
1700967312.188432 7354 -1
1700967312.188432 4434 -1
1700967312.188432 4780 -1
1700967312.188432 85 -1
1700967312.188432 7354 -1
1700967312.188432 737 -1
1700967312.189115 54 1
1700967312.189700 16460 -1
1700967312.189796 54 1
1700967312.190413 54 1
1700967312.192698 85 -1
1700967312.192698 7354 -1
1700967312.192698 7354 -1
1700967312.192698 1860 -1
1700967312.192698 85 -1
1700967312.192698 7354 -1
1700967312.192698 7354 -1
1700967312.192871 54 1
1700967312.193368 1860 -1
1700967312.193416 54 1
1700967312.193467 1194 -1
1700967312.193495 54 1
1700967312.208951 4434 -1
1700967312.208951 7354 -1
1700967312.209085 54 1
1700967312.209698 4780 -1
1700967312.209774 54 1
1700967312.209854 85 -1
1700967312.211520 7354 -1
1700967312.211595 54 1
1700967312.212011 7354 -1
1700967312.212070 54 1
1700967312.212392 1860 -1
1700967312.212444 54 1
1700967312.212717 85 -1
1700967312.212717 7354 -1
1700967312.212775 54 1
1700967312.213400 7354 -1
1700967312.213457 54 1
1700967312.213729 1860 -1
1700967312.213776 54 1
1700967312.213866 85 -1
1700967312.223273 7354 -1
1700967312.223389 54 1
1700967312.223571 4434 -1
1700967312.223618 54 1
1700967312.223898 4780 -1
1700967312.223993 54 1
1700967312.224422 85 -1
1700967312.224441 54 1
1700967312.229483 16460 -1
1700967312.229699 54 1
1700967312.230629 85 -1
1700967312.239516 1514 -1
1700967312.239615 54 1
1700967312.240277 7354 -1
1700967312.240277 7700 -1
1700967312.240376 54 1
1700967312.240664 85 -1
1700967312.240705 54 1
1700967312.251143 5894 -1
1700967312.251247 54 1
1700967312.251389 7354 -1
1700967312.251435 54 1
1700967312.252049 3320 -1
1700967312.252113 54 1
1700967312.252339 85 -1
1700967312.252339 7354 -1
1700967312.252442 54 1
1700967312.252886 7354 -1
1700967312.252925 54 1
1700967312.253482 1860 -1
1700967312.253528 54 1
1700967312.253636 85 -1
1700967312.253636 7354 -1
1700967312.253674 54 1
1700967312.254342 1514 -1
1700967312.254372 54 1
1700967312.254395 7354 -1
1700967312.254418 54 1
1700967312.254979 400 -1
1700967312.254979 85 -1
1700967312.255018 54 1
1700967312.259693 7354 -1
1700967312.259769 54 1
1700967312.260250 7354 -1
1700967312.260309 54 1
1700967312.260767 1860 -1
1700967312.260832 54 1
1700967312.260893 85 -1
1700967312.260893 10274 -1
1700967312.260950 54 1
1700967312.261736 6240 -1
1700967312.261790 54 1
1700967312.262350 85 -1
1700967312.265021 1514 -1
1700967312.265062 54 1
1700967312.265133 7354 -1
1700967312.265177 54 1
1700967312.265931 5894 -1
1700967312.265964 54 1
1700967312.266041 1860 -1
1700967312.266068 54 1
1700967312.266321 85 -1
1700967312.266321 2974 -1
1700967312.266477 54 1
1700967312.266577 5894 -1
1700967312.266629 54 1
1700967312.266990 7354 -1
1700967312.268549 54 1
1700967312.268603 400 -1
1700967312.268603 85 -1
1700967312.268632 54 1
1700967312.272901 2974 -1
1700967312.272901 13540 -1
1700967312.273031 54 1
1700967312.274268 85 -1
1700967312.274268 5519 -1
1700967312.274327 54 1
1700967313.657348 223 1
1700967313.662184 231 1
1700967313.662624 1080 -1
1700967313.662624 693 -1
1700967313.662624 6097 -1
1700967313.662709 54 1
1700967313.664084 224 1
1700967313.665243 60 -1
1700967313.666201 89 1
1700967313.674603 1034 -1
1700967313.674603 738 -1
1700967313.674603 8801 -1
1700967313.674603 1051 -1
1700967313.674603 733 -1
1700967313.674603 7354 -1
1700967313.674603 1087 -1
1700967313.674841 54 1
1700967313.716451 60 -1
1700967316.166733 221 1
1700967316.173149 224 1
1700967316.173479 222 1
1700967316.176359 60 -1
1700967316.176359 60 -1
1700967316.176359 60 -1
1700967316.184111 1031 -1
1700967316.184111 745 -1
1700967316.184111 1514 -1
1700967316.184111 1566 -1
1700967316.184240 54 1
1700967316.340476 1122 -1
1700967316.340476 416 -1
1700967316.340565 54 1
1700967316.340610 4434 -1
1700967316.340627 54 1
1700967316.340827 5616 -1
1700967316.340865 54 1
1700967316.383134 1124 -1
1700967316.383134 415 -1
1700967316.383134 2974 -1
1700967316.383134 7354 -1
1700967316.383134 2974 -1
1700967316.383134 3320 -1
1700967316.383134 5497 -1
1700967316.383314 54 1
1700967316.388605 1117 -1
1700967316.388672 66 1
1700967317.545785 54 1
1700967317.547474 78 -1
1700967317.547474 60 -1
1700967317.547504 54 1
1700967319.775786 66 1
1700967319.776989 66 -1
1700967319.777072 54 1
1700967319.778346 870 1
1700967319.799581 60 -1
1700967319.799581 318 -1
1700967319.801238 134 1
1700967319.801644 146 1
1700967319.802437 60 -1
1700967319.802724 60 -1
1700967319.802738 586 1
1700967319.802847 232 1
1700967319.802943 230 1
1700967319.803785 341 -1
1700967319.803785 60 -1
1700967319.803882 60 -1
1700967319.804562 60 -1
1700967319.804562 115 -1
1700967319.804562 85 -1
1700967319.804651 54 1
1700967319.805035 85 1
1700967319.806577 60 -1
1700967319.815181 1080 -1
1700967319.815181 694 -1
1700967319.815181 1050 -1
1700967319.815181 730 -1
1700967319.815181 6228 -1
1700967319.815181 4573 -1
1700967319.815324 54 1
1700967319.821676 1003 -1
1700967319.821676 819 -1
1700967319.821676 3567 -1
1700967319.821746 54 1
1700967321.435014 230 1
1700967321.436183 221 1
1700967321.436388 60 -1
1700967321.437000 232 1
1700967321.437399 60 -1
1700967321.438089 60 -1
1700967321.439559 222 1
1700967321.440842 60 -1
1700967321.445815 1052 -1
1700967321.445815 727 -1
1700967321.445885 54 1
1700967321.446126 7354 -1
1700967321.446368 54 1
1700967321.446599 543 -1
1700967321.446632 54 1
1700967321.453811 982 -1
1700967321.453811 801 -1
1700967321.453811 1052 -1
1700967321.453811 732 -1
1700967321.453916 54 1
1700967321.453976 11734 -1
1700967321.454047 54 1
1700967321.454755 4780 -1
1700967321.454800 54 1
1700967321.455104 2974 -1
1700967321.455165 54 1
1700967321.455348 7354 -1
1700967321.455394 54 1
1700967321.455993 6271 -1
1700967321.456054 54 1
1700967321.456533 85 -1
1700967321.456533 13194 -1
1700967321.456590 54 1
1700967321.457578 7354 -1
1700967321.457626 54 1
1700967321.458168 2974 -1
1700967321.458286 54 1
1700967321.458494 5894 -1
1700967321.458535 54 1
1700967321.459439 7354 -1
1700967321.459504 54 1
1700967321.459557 7354 -1
1700967321.459587 54 1
1700967321.460112 7354 -1
1700967321.460151 54 1
1700967321.460746 7354 -1
1700967321.460816 54 1
1700967321.461558 7354 -1
1700967321.461615 54 1
1700967321.461933 7354 -1
1700967321.461988 54 1
1700967321.462523 2974 -1
1700967321.462571 54 1
1700967321.462768 7354 -1
1700967321.462799 54 1
1700967321.463382 4434 -1
1700967321.463415 54 1
1700967321.463736 1514 -1
1700967321.463772 54 1
1700967321.463940 4434 -1
1700967321.463995 54 1
1700967321.464455 7354 -1
1700967321.464487 54 1
1700967321.464906 7354 -1
1700967321.464929 54 1
1700967321.465508 7354 -1
1700967321.465563 54 1
1700967321.466040 7354 -1
1700967321.466077 54 1
1700967321.466761 2974 -1
1700967321.466814 54 1
1700967321.466900 7354 -1
1700967321.466939 54 1
1700967321.467530 4434 -1
1700967321.467587 54 1
1700967321.467856 2974 -1
1700967321.467878 54 1
1700967321.468133 7354 -1
1700967321.468311 54 1
1700967321.468819 7354 -1
1700967321.468877 54 1
1700967321.469383 2974 -1
1700967321.469428 54 1
1700967321.469563 7354 -1
1700967321.469603 54 1
1700967321.470500 7354 -1
1700967321.470552 54 1
1700967321.471106 2974 -1
1700967321.471139 54 1
1700967321.471345 7354 -1
1700967321.471384 54 1
1700967321.471713 1514 -1
1700967321.471747 7354 -1
1700967321.471764 54 1
1700967321.472544 2974 -1
1700967321.472598 54 1
1700967321.472721 24874 -1
1700967321.472842 54 1
1700967321.474755 2974 -1
1700967321.474816 54 1
1700967321.474968 7354 -1
1700967321.474999 54 1
1700967321.475596 7354 -1
1700967321.475635 54 1
1700967321.483352 7354 -1
1700967321.483352 1514 -1
1700967321.483352 4434 -1
1700967321.483352 4250 -1
1700967321.483352 7354 -1
1700967321.483352 1514 -1
1700967321.483352 7354 -1
1700967321.483352 400 -1
1700967321.483352 5894 -1
1700967321.483352 21954 -1
1700967321.483352 7354 -1
1700967321.483352 1514 -1
1700967321.483352 5894 -1
1700967321.483352 4434 -1
1700967321.483352 7354 -1
1700967321.483786 54 1
1700967321.483870 5894 -1
1700967321.483912 54 1
1700967321.483960 7354 -1
1700967321.483990 54 1
1700967321.484839 2974 -1
1700967321.484839 7354 -1
1700967321.484886 54 1
1700967321.487125 2974 -1
1700967321.487125 7354 -1
1700967321.487125 7354 -1
1700967321.487219 54 1
1700967321.487631 7354 -1
1700967321.487670 54 1
1700967321.488461 4434 -1
1700967321.488461 7354 -1
1700967321.488522 54 1
1700967321.489265 2974 -1
1700967321.489265 7354 -1
1700967321.489531 54 1
1700967321.490131 2974 -1
1700967321.490131 5894 -1
1700967321.490180 54 1
1700967321.491390 1514 -1
1700967321.491390 7354 -1
1700967321.491464 54 1
1700967321.491939 5894 -1
1700967321.491939 23414 -1
1700967321.492045 54 1
1700967321.494169 27794 -1
1700967321.494257 54 1
1700967321.495350 54 1
1700967321.496090 26334 -1
1700967321.496217 54 1
1700967321.496469 54 1
1700967321.504125 10274 -1
1700967321.504125 7354 -1
1700967321.504125 2974 -1
1700967321.504125 7354 -1
1700967321.504125 7354 -1
1700967321.504125 2974 -1
1700967321.504125 7354 -1
1700967321.504125 7354 -1
1700967321.504125 7354 -1
1700967321.504125 5894 -1
1700967321.504125 1514 -1
1700967321.504125 5834 -1
1700967321.504506 54 1
1700967321.504721 54 1
1700967321.504852 7354 -1
1700967321.504852 7354 -1
1700967321.504960 54 1
1700967321.508949 2974 -1
1700967321.508949 7354 -1
1700967321.508949 4494 -1
1700967321.508949 7354 -1
1700967321.508949 7354 -1
1700967321.508949 7354 -1
1700967321.508949 7354 -1
1700967321.509149 54 1
1700967321.509477 7354 -1
1700967321.509521 54 1
1700967321.509777 7354 -1
1700967321.509828 54 1
1700967321.510309 7354 -1
1700967321.510596 54 1
1700967321.511032 7354 -1
1700967321.511131 54 1
1700967321.512381 5894 -1
1700967321.512381 7354 -1
1700967321.512447 54 1
1700967321.515482 7354 -1
1700967321.515482 7354 -1
1700967321.515482 7354 -1
1700967321.515482 7354 -1
1700967321.515482 7354 -1
1700967321.515620 54 1
1700967321.515929 7354 -1
1700967321.515959 54 1
1700967321.516836 7354 -1
1700967321.516899 54 1
1700967321.516942 5894 -1
1700967321.516971 54 1
1700967321.517527 7354 -1
1700967321.517577 54 1
1700967321.517990 7354 -1
1700967321.518041 54 1
1700967321.522090 7354 -1
1700967321.522090 4434 -1
1700967321.522090 7354 -1
1700967321.522090 2974 -1
1700967321.522090 2974 -1
1700967321.522090 7354 -1
1700967321.522090 4434 -1
1700967321.522090 7354 -1
1700967321.522266 54 1
1700967321.522331 4539 -1
1700967321.522374 54 1
1700967321.522878 7354 -1
1700967321.522918 54 1
1700967321.523170 7354 -1
1700967321.523205 54 1
1700967321.523909 7354 -1
1700967321.523978 54 1
1700967321.524577 7354 -1
1700967321.524623 54 1
1700967321.524769 54 1
1700967321.524970 7354 -1
1700967321.525033 54 1
1700967321.525579 1514 -1
1700967321.525757 54 1
1700967321.525801 2974 -1
1700967321.525853 54 1
1700967321.525976 4434 -1
1700967321.526009 54 1
1700967321.526317 4434 -1
1700967321.526350 54 1
1700967321.526759 4434 -1
1700967321.526817 54 1
1700967321.527040 4434 -1
1700967321.527108 54 1
1700967321.528042 4434 -1
1700967321.528042 1514 -1
1700967321.528042 4434 -1
1700967321.528101 54 1
1700967321.528596 4434 -1
1700967321.528627 54 1
1700967321.529007 4434 -1
1700967321.529007 4434 -1
1700967321.529047 54 1
1700967321.529342 2974 -1
1700967321.529389 54 1
1700967321.531390 1514 -1
1700967321.531390 1514 -1
1700967321.531390 2974 -1
1700967321.531390 4434 -1
1700967321.531390 4434 -1
1700967321.531390 1514 -1
1700967321.531390 4434 -1
1700967321.531390 2974 -1
1700967321.531492 54 1
1700967321.534149 2974 -1
1700967321.534149 7354 -1
1700967321.534149 4434 -1
1700967321.534149 5894 -1
1700967321.534149 7354 -1
1700967321.534149 7354 -1
1700967321.534277 54 1
1700967321.534490 7354 -1
1700967321.534523 54 1
1700967321.535108 7354 -1
1700967321.535141 54 1
1700967321.535634 1514 -1
1700967321.535804 7354 -1
1700967321.535837 54 1
1700967321.539791 2974 -1
1700967321.539791 2974 -1
1700967321.539791 7354 -1
1700967321.539791 7354 -1
1700967321.539791 2974 -1
1700967321.539791 2974 -1
1700967321.539791 5894 -1
1700967321.539791 11734 -1
1700967321.539933 54 1
1700967321.546438 7354 -1
1700967321.546438 2974 -1
1700967321.546438 7354 -1
1700967321.546438 7354 -1
1700967321.546438 2974 -1
1700967321.546438 2974 -1
1700967321.546438 4434 -1
1700967321.546438 7354 -1
1700967321.546438 2974 -1
1700967321.546438 1514 -1
1700967321.546438 7354 -1
1700967321.546438 7354 -1
1700967321.546438 4434 -1
1700967321.546438 7354 -1
1700967321.546438 2974 -1
1700967321.546438 7354 -1
1700967321.546753 54 1
1700967321.547280 7354 -1
1700967321.547292 54 1
1700967321.547320 54 1
1700967321.548091 7354 -1
1700967321.548126 54 1
1700967321.548343 7354 -1
1700967321.548376 54 1
1700967321.548967 5894 -1
1700967321.549003 54 1
1700967321.549262 54 1
1700967321.549506 7354 -1
1700967321.549535 54 1
1700967321.549995 7354 -1
1700967321.550027 54 1
1700967321.550581 2974 -1
1700967321.550615 54 1
1700967321.552427 7354 -1
1700967321.552427 4434 -1
1700967321.552427 5894 -1
1700967321.552491 54 1
1700967321.553927 7354 -1
1700967321.553927 1514 -1
1700967321.553927 2974 -1
1700967321.553927 1514 -1
1700967321.553927 7354 -1
1700967321.553998 54 1
1700967321.558643 2974 -1
1700967321.558643 2974 -1
1700967321.558643 1514 -1
1700967321.558643 1514 -1
1700967321.558643 7354 -1
1700967321.558643 7354 -1
1700967321.558643 1514 -1
1700967321.558643 7354 -1
1700967321.558643 5894 -1
1700967321.558643 7354 -1
1700967321.558643 7354 -1
1700967321.558643 7354 -1
1700967321.558842 54 1
1700967321.559119 7354 -1
1700967321.559148 54 1
1700967321.559927 5894 -1
1700967321.559959 54 1
1700967321.560315 7354 -1
1700967321.560362 54 1
1700967321.560969 7354 -1
1700967321.561027 54 1
1700967321.561428 2974 -1
1700967321.561466 54 1
1700967321.561825 7354 -1
1700967321.561880 54 1
1700967321.562513 4434 -1
1700967321.562536 54 1
1700967321.562624 7354 -1
1700967321.562660 54 1
1700967321.563537 7354 -1
1700967321.563576 54 1
1700967321.563843 7354 -1
1700967321.563867 54 1
1700967321.564478 7354 -1
1700967321.564538 54 1
1700967321.565107 2974 -1
1700967321.565149 54 1
1700967321.565306 2974 -1
1700967321.565334 54 1
1700967321.565543 7354 -1
1700967321.565571 54 1
1700967321.566148 7354 -1
1700967321.566352 54 1
1700967321.566900 4434 -1
1700967321.566941 54 1
1700967321.567344 1514 -1
1700967321.567371 54 1
1700967321.568009 5894 -1
1700967321.568009 2974 -1
1700967321.568063 54 1
1700967321.568108 7354 -1
1700967321.568185 54 1
1700967321.568833 2974 -1
1700967321.568833 1514 -1
1700967321.568898 54 1
1700967321.569099 2974 -1
1700967321.569123 54 1
1700967321.569918 1514 -1
1700967321.569918 7354 -1
1700967321.569981 54 1
1700967321.570030 5894 -1
1700967321.570078 54 1
1700967321.570743 2737 -1
1700967321.570743 7354 -1
1700967321.570798 54 1
1700967321.571556 1514 -1
1700967321.571556 5894 -1
1700967321.571613 54 1
1700967321.571923 2974 -1
1700967321.571945 54 1
1700967321.573122 6227 -1
1700967321.573300 54 1
1700967321.581722 1200 -1
1700967321.581722 291 -1
1700967321.581722 6637 -1
1700967321.581841 54 1
1700967323.108878 232 1
1700967323.115430 223 1
1700967323.115550 223 1
1700967323.115645 230 1
1700967323.115845 235 1
1700967323.117587 60 -1
1700967323.123985 999 -1
1700967323.124420 786 -1
1700967323.124474 54 1
1700967323.124771 7279 -1
1700967323.124807 54 1
1700967323.130492 1051 -1
1700967323.130492 729 -1
1700967323.130492 2974 -1
1700967323.130492 1514 -1
1700967323.130492 2779 -1
1700967323.130704 54 1
1700967323.140509 1054 -1
1700967323.140509 731 -1
1700967323.140509 2974 -1
1700967323.140509 3684 -1
1700967323.140692 54 1
1700967323.157562 982 -1
1700967323.157606 54 1
1700967323.157652 807 -1
1700967323.158384 7354 -1
1700967323.158435 54 1
1700967323.158880 741 -1
1700967323.210608 54 1
1700967323.991431 1195 -1
1700967323.991431 299 -1
1700967323.991431 5894 -1
1700967323.991431 1514 -1
1700967323.991431 7354 -1
1700967323.991431 60 -1
1700967323.991601 54 1
1700967325.297820 229 1
1700967325.299146 231 1
1700967325.299555 231 1
1700967325.299623 235 1
1700967325.303289 60 -1
1700967325.310918 1086 -1
1700967325.310918 689 -1
1700967325.310918 6046 -1
1700967325.311095 54 1
1700967325.311328 1082 -1
1700967325.311356 54 1
1700967325.311657 4646 -1
1700967325.311689 54 1
1700967325.314480 1052 -1
1700967325.314480 730 -1
1700967325.314553 54 1
1700967325.314625 7291 -1
1700967325.314756 54 1
1700967325.316458 89 1
1700967325.358129 60 -1
1700967325.447673 1119 -1
1700967325.447673 419 -1
1700967325.447762 54 1
1700967325.447913 5836 -1
1700967325.447933 54 1
1700967326.910742 218 1
1700967326.912045 223 1
1700967326.912652 60 -1
1700967326.912850 222 1
1700967326.913032 234 1
1700967326.923740 60 -1
1700967326.923740 1074 -1
1700967326.923740 735 -1
1700967326.923740 2974 -1
1700967326.923740 2974 -1
1700967326.923740 5894 -1
1700967326.923740 1884 -1
1700967326.923740 983 -1
1700967326.923740 801 -1
1700967326.923740 7354 -1
1700967326.923740 7354 -1
1700967326.923740 2974 -1
1700967326.923740 2974 -1
1700967326.923740 7354 -1
1700967326.924059 54 1
1700967326.924133 1514 -1
1700967326.924133 14654 -1
1700967326.924245 54 1
1700967326.927469 2974 -1
1700967326.927469 7354 -1
1700967326.927469 4434 -1
1700967326.927469 7354 -1
1700967326.927469 7354 -1
1700967326.927581 54 1
1700967326.927740 7354 -1
1700967326.927764 54 1
1700967326.928668 7354 -1
1700967326.928705 54 1
1700967326.929518 7354 -1
1700967326.929576 54 1
1700967326.929611 2974 -1
1700967326.929630 54 1
1700967326.929815 4434 -1
1700967326.929836 54 1
1700967326.930173 1514 -1
1700967326.930387 7354 -1
1700967326.930420 54 1
1700967326.930900 5894 -1
1700967326.930927 54 1
1700967326.931385 7354 -1
1700967326.931415 54 1
1700967326.932003 7354 -1
1700967326.932027 54 1
1700967326.932603 7354 -1
1700967326.932647 54 1
1700967326.933331 7354 -1
1700967326.933362 54 1
1700967326.937640 5894 -1
1700967326.937640 7354 -1
1700967326.937640 7354 -1
1700967326.937640 2974 -1
1700967326.937640 7354 -1
1700967326.937640 2974 -1
1700967326.937640 1514 -1
1700967326.937640 8814 -1
1700967326.937640 2974 -1
1700967326.937846 54 1
1700967326.937892 2974 -1
1700967326.937910 54 1
1700967326.937935 7354 -1
1700967326.937961 54 1
1700967326.938554 4434 -1
1700967326.938581 54 1
1700967326.938925 7354 -1
1700967326.938945 54 1
1700967326.939607 1514 -1
1700967326.939635 54 1
1700967326.939682 2974 -1
1700967326.939707 54 1
1700967326.939875 7354 -1
1700967326.939902 54 1
1700967326.940520 1514 -1
1700967326.940559 54 1
1700967326.940595 5894 -1
1700967326.940621 54 1
1700967326.941149 4434 -1
1700967326.941173 54 1
1700967326.941481 1514 -1
1700967326.941502 54 1
1700967326.941589 7354 -1
1700967326.941616 54 1
1700967326.942184 4434 -1
1700967326.942230 54 1
1700967326.942881 2974 -1
1700967326.942881 5894 -1
1700967326.942930 54 1
1700967326.947480 5894 -1
1700967326.947480 7354 -1
1700967326.947480 1514 -1
1700967326.947480 5894 -1
1700967326.947480 7354 -1
1700967326.947480 1514 -1
1700967326.947480 2974 -1
1700967326.947480 2974 -1
1700967326.947480 7354 -1
1700967326.947480 7354 -1
1700967326.947480 8814 -1
1700967326.947688 54 1
1700967326.948114 2974 -1
1700967326.948135 54 1
1700967326.948347 2974 -1
1700967326.948365 54 1
1700967326.948619 7354 -1
1700967326.948659 54 1
1700967326.949219 4434 -1
1700967326.949363 54 1
1700967326.949566 4911 -1
1700967326.949600 54 1
1700967326.949973 7354 -1
1700967326.950006 54 1
1700967326.950611 4434 -1
1700967326.950634 54 1
1700967326.950956 7354 -1
1700967326.950991 54 1
1700967326.951554 4434 -1
1700967326.951590 54 1
1700967326.951927 7354 -1
1700967326.951964 54 1
1700967326.952539 4434 -1
1700967326.952568 54 1
1700967326.952957 4434 -1
1700967326.953008 54 1
1700967326.953534 7354 -1
1700967326.953559 54 1
1700967326.954013 7354 -1
1700967326.954041 54 1
1700967326.954544 4434 -1
1700967326.954574 54 1
1700967326.954814 2974 -1
1700967326.954841 54 1
1700967326.956114 2974 -1
1700967326.956114 7354 -1
1700967326.956114 4434 -1
1700967326.956168 54 1
1700967326.956340 7354 -1
1700967326.956367 54 1
1700967326.956870 4434 -1
1700967326.956900 54 1
1700967326.957372 7354 -1
1700967326.957413 54 1
1700967326.957846 4434 -1
1700967326.957886 54 1
1700967326.958355 7354 -1
1700967326.958388 54 1
1700967326.958814 4434 -1
1700967326.958852 54 1
1700967326.959176 1514 -1
1700967326.959396 1514 -1
1700967326.959417 54 1
1700967326.959484 1514 -1
1700967326.959555 7354 -1
1700967326.959584 54 1
1700967326.960155 1514 -1
1700967326.960338 1514 -1
1700967326.960354 54 1
1700967326.960425 2974 -1
1700967326.960450 54 1
1700967326.960630 7354 -1
1700967326.960671 54 1
1700967326.961307 4434 -1
1700967326.961338 54 1
1700967326.961598 1514 -1
1700967326.961790 2974 -1
1700967326.961824 54 1
1700967326.962024 2974 -1
1700967326.962060 54 1
1700967326.962408 4434 -1
1700967326.962448 54 1
1700967326.962567 4434 -1
1700967326.962593 54 1
1700967326.962934 7354 -1
1700967326.962958 54 1
1700967326.963556 7354 -1
1700967326.963596 54 1
1700967326.964157 4434 -1
1700967326.964185 54 1
1700967326.964552 7354 -1
1700967326.964603 54 1
1700967326.965178 4434 -1
1700967326.965218 54 1
1700967326.965550 4434 -1
1700967326.965587 54 1
1700967326.965839 1514 -1
1700967326.965864 54 1
1700967326.965960 4434 -1
1700967326.965998 54 1
1700967326.966346 7354 -1
1700967326.966381 54 1
1700967326.966937 1514 -1
1700967326.967084 7354 -1
1700967326.967124 54 1
1700967326.967665 2974 -1
1700967326.967695 54 1
1700967326.967901 7354 -1
1700967326.967936 54 1
1700967326.969638 4434 -1
1700967326.969638 7354 -1
1700967326.969638 4434 -1
1700967326.969701 54 1
1700967326.969956 7354 -1
1700967326.969985 54 1
1700967326.970499 4434 -1
1700967326.970525 54 1
1700967326.970840 1514 -1
1700967326.970920 4434 -1
1700967326.970944 54 1
1700967326.971299 7354 -1
1700967326.971334 54 1
1700967326.975087 1514 -1
1700967326.975087 7354 -1
1700967326.975087 4434 -1
1700967326.975087 7354 -1
1700967326.975087 4434 -1
1700967326.975087 7354 -1
1700967326.975087 4434 -1
1700967326.975087 10274 -1
1700967326.975276 54 1
1700967326.975776 1514 -1
1700967326.975805 54 1
1700967326.975888 5894 -1
1700967326.975913 54 1
1700967326.976738 2974 -1
1700967326.976738 7354 -1
1700967326.976800 54 1
1700967326.984904 4434 -1
1700967326.984904 7354 -1
1700967326.984904 4434 -1
1700967326.984904 4434 -1
1700967326.984904 4434 -1
1700967326.984904 2974 -1
1700967326.984904 7354 -1
1700967326.984904 4434 -1
1700967326.984904 4434 -1
1700967326.984904 7354 -1
1700967326.984904 1514 -1
1700967326.984904 4434 -1
1700967326.984904 14654 -1
1700967326.984904 1514 -1
1700967326.984904 5894 -1
1700967326.984904 5894 -1
1700967326.984904 1514 -1
1700967326.984904 2974 -1
1700967326.984904 7354 -1
1700967326.985244 54 1
1700967326.985284 54 1
1700967326.985476 2974 -1
1700967326.985512 54 1
1700967326.985565 1514 -1
1700967326.985592 54 1
1700967326.985863 54 1
1700967326.995368 5841 -1
1700967326.995469 54 1
1700967327.564853 54 1
1700967327.567872 78 -1
1700967327.567872 60 -1
1700967327.567914 54 1
1700967328.547536 66 1
1700967328.549471 66 -1
1700967328.549563 54 1
1700967328.550339 966 1
1700967328.551664 60 -1
1700967328.552181 318 -1
1700967328.553192 134 1
1700967328.553965 146 1
1700967328.554735 60 -1
1700967328.554858 341 -1
1700967328.555062 60 -1
1700967328.555280 587 1
1700967328.555985 115 -1
1700967328.555985 85 -1
1700967328.561235 60 -1
1700967328.561830 54 1
1700967328.562011 224 1
1700967328.563055 60 -1
1700967328.563385 85 1
1700967328.564967 60 -1
1700967328.570125 1025 -1
1700967328.570225 773 -1
1700967328.570225 4431 -1
1700967328.570274 54 1
1700967328.832601 1089 -1
1700967328.832601 486 -1
1700967328.832601 2687 -1
1700967328.832718 54 1
1700967331.386060 223 1
1700967331.386139 224 1
1700967331.391396 60 -1
1700967331.410654 1057 -1
1700967331.410654 727 -1
1700967331.410734 54 1
1700967331.413749 9860 -1
1700967331.413813 54 1
1700967331.416583 1052 -1
1700967331.416583 730 -1
1700967331.416628 54 1
1700967331.418812 7354 -1
1700967331.418845 54 1
1700967331.419198 2084 -1
1700967331.419223 54 1
1700967331.424849 223 1
1700967331.424972 223 1
1700967331.426746 60 -1
1700967331.431864 1053 -1
1700967331.431864 731 -1
1700967331.431947 54 1
1700967331.432006 7354 -1
1700967331.432048 54 1
1700967331.432401 925 -1
1700967331.432427 54 1
1700967331.438492 1052 -1
1700967331.438492 733 -1
1700967331.438563 54 1
1700967331.439134 4470 -1
1700967331.439174 54 1
1700967336.255017 231 1
1700967336.255141 234 1
1700967336.257222 232 1
1700967336.259443 230 1
1700967336.263769 60 -1
1700967336.268759 1012 -1
1700967336.268759 770 -1
1700967336.268860 54 1
1700967336.269675 7354 -1
1700967336.269675 2323 -1
1700967336.269760 54 1
1700967336.277068 89 1
1700967336.286079 983 -1
1700967336.286079 818 -1
1700967336.286079 1081 -1
1700967336.286079 694 -1
1700967336.286079 7013 -1
1700967336.286079 2974 -1
1700967336.286079 1514 -1
1700967336.286079 1269 -1
1700967336.286230 54 1
1700967336.288192 1051 -1
1700967336.288192 733 -1
1700967336.288272 54 1
1700967336.288315 6032 -1
1700967336.288334 54 1
1700967337.580518 54 1
1700967337.581793 78 -1
1700967337.581858 54 1
1700967337.582074 60 -1
1700967337.932371 66 1
1700967337.933440 66 -1
1700967337.933550 54 1
1700967337.937810 934 1
1700967337.938948 60 -1
1700967337.939816 318 -1
1700967337.941044 134 1
1700967337.941580 146 1
1700967337.941995 60 -1
1700967337.942244 341 -1
1700967337.942502 585 1
1700967337.942597 60 -1
1700967337.942654 230 1
1700967337.942724 115 -1
1700967337.942724 85 -1
1700967337.942730 223 1
1700967337.942769 54 1
1700967337.943089 85 1
1700967337.943784 60 -1
1700967337.943784 60 -1
1700967337.943822 60 -1
1700967337.943985 60 -1
1700967337.947955 1050 -1
1700967337.947955 733 -1
1700967337.948001 54 1
1700967337.948495 6306 -1
1700967337.948539 54 1
1700967337.950664 1085 -1
1700967337.950664 692 -1
1700967337.950664 7354 -1
1700967337.950725 54 1
1700967337.951172 1729 -1
1700967337.951205 54 1
1700967337.954001 1022 -1
1700967337.954001 774 -1
1700967337.954001 7354 -1
1700967337.954062 54 1
1700967337.954618 1326 -1
1700967337.954646 54 1
1700967340.114030 230 1
1700967340.115115 231 1
1700967340.119517 60 -1
1700967340.171948 981 -1
1700967340.171948 808 -1
1700967340.171948 4085 -1
1700967340.172039 54 1
1700967340.241845 1094 -1
1700967340.241845 470 -1
1700967340.241845 800 -1
1700967340.241945 54 1
1700967340.243655 5874 -1
1700967340.243715 54 1
1700967341.763556 232 1
1700967341.764515 224 1
1700967341.764581 223 1
1700967341.777121 60 -1
1700967341.777121 983 -1
1700967341.777121 798 -1
1700967341.777121 4434 -1
1700967341.777121 1514 -1
1700967341.777121 2091 -1
1700967341.777268 54 1
1700967341.787538 934 -1
1700967341.787538 870 -1
1700967341.787538 1034 -1
1700967341.787538 11145 -1
1700967341.787538 730 -1
1700967341.787538 7284 -1
1700967341.787538 1444 -1
1700967341.787728 66 1
1700967343.409350 222 1
1700967343.410835 230 1
1700967343.411048 222 1
1700967343.411414 230 1
1700967343.412299 60 -1
1700967343.422251 1056 -1
1700967343.422251 1514 -1
1700967343.422251 720 -1
1700967343.422251 5176 -1
1700967343.422941 66 1
1700967343.423008 54 1
1700967343.423078 54 1
1700967343.424778 89 1
1700967343.452249 1056 -1
1700967343.452249 728 -1
1700967343.452353 54 1
1700967343.452615 5056 -1
1700967343.452644 54 1
1700967343.462984 1138 -1
1700967343.462984 464 -1
1700967343.462984 4892 -1
1700967343.463104 54 1
1700967343.829460 1092 -1
1700967343.829460 487 -1
1700967343.829554 54 1
1700967343.829650 781 -1
1700967343.829891 4567 -1
1700967343.829923 54 1
1700967345.043617 231 1
1700967345.046595 235 1
1700967345.052876 60 -1
1700967345.082865 1029 -1
1700967345.082865 764 -1
1700967345.082953 54 1
1700967345.084265 4846 -1
1700967345.084561 54 1
1700967345.084628 1056 -1
1700967345.086091 727 -1
1700967345.086133 54 1
1700967345.087548 1514 -1
1700967345.087548 3157 -1
1700967345.087635 54 1
1700967347.609300 54 1
1700967347.612583 78 -1
1700967347.612639 54 1
1700967347.612728 60 -1
1700967347.749455 66 1
1700967347.750639 66 -1
1700967347.750780 54 1
1700967347.751276 902 1
1700967347.752331 60 -1
1700967347.753116 318 -1
1700967347.753674 134 1
1700967347.754723 60 -1
1700967347.755075 341 -1
1700967347.755966 146 1
1700967347.757339 587 1
1700967347.757463 231 1
1700967347.757743 230 1
1700967347.758630 60 -1
1700967347.758630 60 -1
1700967347.758630 60 -1
1700967347.758769 60 -1
1700967347.760330 115 -1
1700967347.760330 85 -1
1700967347.760384 54 1
1700967347.760787 85 1
1700967347.761815 60 -1
1700967347.771684 1057 -1
1700967347.771684 724 -1
1700967347.771684 5051 -1
1700967347.771684 1055 -1
1700967347.771684 727 -1
1700967347.771684 7354 -1
1700967347.771684 2211 -1
1700967347.771827 54 1
1700967347.792488 1054 -1
1700967347.792488 727 -1
1700967347.792566 54 1
1700967347.796463 7354 -1
1700967347.796463 1155 -1
1700967347.796567 54 1
1700967352.057273 232 1
1700967352.060609 232 1
1700967352.060734 226 1
1700967352.061919 60 -1
1700967352.073916 1056 -1
1700967352.073916 728 -1
1700967352.074008 54 1
1700967352.074083 7354 -1
1700967352.074124 54 1
1700967352.074631 3017 -1
1700967352.074670 54 1
1700967352.080990 1051 -1
1700967352.080990 734 -1
1700967352.080990 5569 -1
1700967352.081103 54 1
1700967352.084637 979 -1
1700967352.084637 809 -1
1700967352.084637 4785 -1
1700967352.084735 54 1
1700967353.733981 231 1
1700967353.735658 234 1
1700967353.735749 234 1
1700967353.737256 60 -1
1700967353.746030 985 -1
1700967353.746133 799 -1
1700967353.746164 54 1
1700967353.747267 89 1
1700967353.747892 2297 -1
1700967353.747943 54 1
1700967353.757311 1056 -1
1700967353.757311 727 -1
1700967353.757523 54 1
1700967353.757599 2974 -1
1700967353.757599 1514 -1
1700967353.757664 54 1
1700967353.757714 2497 -1
1700967353.757733 54 1
1700967353.758961 1050 -1
1700967353.758961 734 -1
1700967353.758992 54 1
1700967353.759046 6525 -1
1700967353.759078 54 1
1700967355.939600 223 1
1700967355.941776 230 1
1700967355.941868 231 1
1700967355.942972 60 -1
1700967355.953814 1049 -1
1700967355.953929 734 -1
1700967355.953970 54 1
1700967355.954670 8038 -1
1700967355.954735 54 1
1700967355.955749 1058 -1
1700967355.955749 719 -1
1700967355.955786 54 1
1700967355.955824 7354 -1
1700967355.955878 54 1
1700967355.956321 3009 -1
1700967355.956358 54 1
1700967355.987012 985 -1
1700967355.987012 803 -1
1700967355.987095 54 1
1700967355.987266 7354 -1
1700967355.987309 54 1
1700967355.987715 3901 -1
1700967355.987743 54 1
1700967357.570630 237 1
1700967357.574210 223 1
1700967357.574330 236 1
1700967357.576048 60 -1
1700967357.588907 1055 -1
1700967357.588907 6457 -1
1700967357.588996 54 1
1700967357.611122 1058 -1
1700967357.611122 726 -1
1700967357.611192 54 1
1700967357.612118 5894 -1
1700967357.612161 54 1
1700967357.612572 7354 -1
1700967357.612615 54 1
1700967357.613070 3080 -1
1700967357.613100 54 1
1700967357.628101 980 -1
1700967357.628101 810 -1
1700967357.628180 54 1
1700967357.628289 5086 -1
1700967357.628316 54 1
1700967358.741285 54 1
