1700971237.211372 66 1
1700971237.218491 66 -1
1700971237.218839 54 1
1700971237.224390 572 1
1700971237.226830 60 -1
1700971237.240223 2779 -1
1700971237.240270 54 1
1700971237.257907 134 1
1700971237.267045 60 -1
1700971237.267045 341 -1
1700971237.267045 341 -1
1700971237.267109 54 1
1700971237.267327 146 1
1700971237.275354 574 1
1700971237.276390 60 -1
1700971237.276390 115 -1
1700971237.276390 85 -1
1700971237.276475 54 1
1700971237.277478 60 -1
1700971237.299244 85 1
1700971237.307831 60 -1
1700971237.329926 951 -1
1700971237.329926 850 -1
1700971237.330096 54 1
1700971237.344701 7354 -1
1700971237.344701 9160 -1
1700971237.344800 54 1
1700971237.355924 7354 -1
1700971237.355924 7354 -1
1700971237.355924 1891 -1
1700971237.355924 7354 -1
1700971237.355924 5894 -1
1700971237.355924 1514 -1
1700971237.355924 1922 -1
1700971237.355924 7354 -1
1700971237.355924 7354 -1
1700971237.355924 4434 -1
1700971237.355924 4434 -1
1700971237.355924 7354 -1
1700971237.356318 54 1
1700971237.356394 7354 -1
1700971237.356472 54 1
1700971237.366741 1514 -1
1700971237.366741 4434 -1
1700971237.366741 5894 -1
1700971237.366741 7354 -1
1700971237.366741 7354 -1
1700971237.366741 2974 -1
1700971237.367024 54 1
1700971237.377805 7354 -1
1700971237.377805 7354 -1
1700971237.377805 1514 -1
1700971237.377805 7354 -1
1700971237.377805 7354 -1
1700971237.377805 1514 -1
1700971237.377805 2974 -1
1700971237.377805 1514 -1
1700971237.377805 4434 -1
1700971237.377805 1514 -1
1700971237.377805 13194 -1
1700971237.377805 2974 -1
1700971237.377805 5894 -1
1700971237.378137 54 1
1700971237.379310 7354 -1
1700971237.379368 54 1
1700971237.391112 5894 -1
1700971237.391112 7354 -1
1700971237.391112 2974 -1
1700971237.391112 7354 -1
1700971237.391112 7354 -1
1700971237.391112 1514 -1
1700971237.391112 1514 -1
1700971237.391112 5894 -1
1700971237.391112 7354 -1
1700971237.391112 5894 -1
1700971237.391112 4434 -1
1700971237.391112 4434 -1
1700971237.391112 1514 -1
1700971237.391112 2974 -1
1700971237.391540 54 1
1700971237.431819 2974 -1
1700971237.431819 7354 -1
1700971237.431819 2974 -1
1700971237.431819 1514 -1
1700971237.431819 7354 -1
1700971237.431819 7354 -1
1700971237.431819 2974 -1
1700971237.431819 2974 -1
1700971237.431819 5894 -1
1700971237.431819 7354 -1
1700971237.431819 1514 -1
1700971237.432013 54 1
1700971237.433261 23414 -1
1700971237.433358 54 1
1700971237.434903 7354 -1
1700971237.434966 54 1
1700971237.436174 7354 -1
1700971237.436222 54 1
1700971237.437267 517 -1
1700971237.483128 54 1
1700971237.700213 230 1
1700971237.700350 230 1
1700971237.700422 230 1
1700971237.700660 231 1
1700971237.700789 231 1
1700971237.700873 231 1
1700971237.700954 231 1
1700971237.701038 231 1
1700971237.701163 228 1
1700971237.701280 230 1
1700971237.723050 60 -1
1700971237.723050 1025 -1
1700971237.723050 764 -1
1700971237.723050 60 -1
1700971237.723050 7354 -1
1700971237.723050 1003 -1
1700971237.723226 54 1
1700971237.732617 980 -1
1700971237.732617 814 -1
1700971237.732700 54 1
1700971237.739478 1103 -1
1700971237.739478 660 -1
1700971237.739478 1071 -1
1700971237.739561 54 1
1700971237.739608 4202 -1
1700971237.739650 54 1
1700971237.747700 14887 -1
1700971237.747797 54 1
1700971237.758830 6320 -1
1700971237.758830 982 -1
1700971237.758830 814 -1
1700971237.758830 1103 -1
1700971237.758830 660 -1
1700971237.758830 1104 -1
1700971237.758830 7354 -1
1700971237.758830 1056 -1
1700971237.758830 660 -1
1700971237.758990 54 1
1700971237.773808 235 1
1700971237.775805 1055 -1
1700971237.775805 727 -1
1700971237.775805 3127 -1
1700971237.775805 5358 -1
1700971237.775929 54 1
1700971237.786830 1514 -1
1700971237.786830 7354 -1
1700971237.786830 7500 -1
1700971237.787093 54 1
1700971237.791743 1053 -1
1700971237.791743 728 -1
1700971237.791907 54 1
1700971237.795867 1083 -1
1700971237.795867 690 -1
1700971237.795923 54 1
1700971237.802859 7354 -1
1700971237.802859 5088 -1
1700971237.802967 54 1
1700971237.808233 7354 -1
1700971237.808233 2028 -1
1700971237.808361 54 1
1700971237.808442 1029 -1
1700971237.808442 762 -1
1700971237.808478 54 1
1700971237.810786 1514 -1
1700971237.810786 2974 -1
1700971237.810786 3167 -1
1700971237.810863 54 1
1700971240.303409 54 1
1700971240.319074 78 -1
1700971240.319074 60 -1
1700971240.319131 54 1
1700971248.145265 66 1
1700971248.146441 66 -1
1700971248.146537 54 1
1700971248.147269 902 1
1700971248.148422 60 -1
1700971248.149737 318 -1
1700971248.150302 134 1
1700971248.150752 146 1
1700971248.151380 60 -1
1700971248.151633 341 -1
1700971248.151657 587 1
1700971248.151763 231 1
1700971248.151863 229 1
1700971248.152049 60 -1
1700971248.152049 115 -1
1700971248.152137 85 -1
1700971248.152160 54 1
1700971248.152455 85 1
1700971248.153399 60 -1
1700971248.153399 60 -1
1700971248.153399 60 -1
1700971248.153593 60 -1
1700971248.162518 823 -1
1700971248.162518 4434 -1
1700971248.162518 3163 -1
1700971248.162794 54 1
1700971248.164087 7354 -1
1700971248.164144 54 1
1700971248.164476 2974 -1
1700971248.164505 54 1
1700971248.164851 926 -1
1700971248.183542 826 -1
1700971248.183542 7354 -1
1700971248.183671 54 1
1700971248.186561 5072 -1
1700971248.186867 54 1
1700971250.314230 54 1
1700971250.326846 78 -1
1700971250.326846 60 -1
1700971250.326985 54 1
1700971251.021816 66 1
1700971251.023627 66 -1
1700971251.023705 54 1
1700971251.024592 966 1
1700971251.027868 60 -1
1700971251.027868 318 -1
1700971251.028377 134 1
1700971251.028880 146 1
1700971251.029146 587 1
1700971251.029629 60 -1
1700971251.029698 341 -1
1700971251.030075 60 -1
1700971251.030153 115 -1
1700971251.030153 85 -1
1700971251.030183 54 1
1700971251.030538 60 -1
1700971251.031305 85 1
1700971251.031406 229 1
1700971251.032526 60 -1
1700971251.032526 60 -1
1700971251.036092 231 1
1700971251.037226 60 -1
1700971251.040078 1052 -1
1700971251.040078 725 -1
1700971251.040132 54 1
1700971251.040365 1514 -1
1700971251.040365 4922 -1
1700971251.040403 54 1
1700971251.047424 916 -1
1700971251.047424 2974 -1
1700971251.047424 4095 -1
1700971251.047510 54 1
1700971251.048932 1054 -1
1700971251.048932 721 -1
1700971251.048986 54 1
1700971251.052489 1514 -1
1700971251.052489 7033 -1
1700971251.052588 54 1
1700971252.649413 234 1
1700971252.650084 229 1
1700971252.651187 60 -1
1700971252.652141 60 -1
1700971252.656429 887 -1
1700971252.656493 4434 -1
1700971252.656529 54 1
1700971252.662993 7354 -1
1700971252.662993 784 -1
1700971252.663687 54 1
1700971252.669465 929 -1
1700971252.669465 7354 -1
1700971252.669465 1514 -1
1700971252.669465 2287 -1
1700971252.669616 54 1
1700971254.827385 231 1
1700971254.828876 231 1
1700971254.829007 229 1
1700971254.834086 60 -1
1700971254.846961 960 -1
1700971254.846961 841 -1
1700971254.846961 1052 -1
1700971254.847017 54 1
1700971254.847159 728 -1
1700971254.847159 7354 -1
1700971254.847192 54 1
1700971254.848267 3051 -1
1700971254.848288 54 1
1700971254.848547 7354 -1
1700971254.848586 54 1
1700971254.849718 2429 -1
1700971254.849745 54 1
1700971255.240547 1024 -1
1700971255.240547 774 -1
1700971255.240833 54 1
1700971255.240885 7354 -1
1700971255.240922 54 1
1700971255.241024 1490 -1
1700971255.241047 54 1
1700971256.388357 232 1
1700971256.397900 231 1
1700971256.398033 234 1
1700971256.398671 230 1
1700971256.429385 60 -1
1700971256.442170 851 -1
1700971256.442384 7354 -1
1700971256.442466 54 1
1700971256.442969 7354 -1
1700971256.443011 54 1
1700971256.443289 1860 -1
1700971256.443330 54 1
1700971256.443441 4648 -1
1700971256.443480 54 1
1700971256.444617 89 1
1700971256.447649 928 -1
1700971256.447649 9483 -1
1700971256.447778 54 1
1700971256.448294 857 -1
1700971256.448379 7354 -1
1700971256.448416 54 1
1700971256.448977 2974 -1
1700971256.449006 54 1
1700971256.449218 2974 -1
1700971256.449249 54 1
1700971256.449449 1514 -1
1700971256.449568 1860 -1
1700971256.449591 54 1
1700971256.449853 1514 -1
1700971256.449853 6764 -1
1700971256.449902 54 1
1700971256.705795 980 -1
1700971256.705795 813 -1
1700971256.705902 54 1
1700971256.714299 7354 -1
1700971256.714402 54 1
1700971256.714785 5892 -1
1700971256.714857 54 1
1700971257.969157 230 1
1700971257.969293 231 1
1700971257.969375 232 1
1700971257.970496 261 1
1700971257.970611 230 1
1700971257.983245 60 -1
1700971257.988161 857 -1
1700971257.988161 4434 -1
1700971257.988161 5879 -1
1700971257.988301 54 1
1700971257.998099 976 -1
1700971257.998099 5894 -1
1700971257.998099 2139 -1
1700971257.998099 906 -1
1700971257.998099 7354 -1
1700971257.998099 2974 -1
1700971257.998099 1207 -1
1700971257.998281 54 1
1700971258.009533 957 -1
1700971258.009533 10342 -1
1700971258.009665 54 1
1700971258.053698 983 -1
1700971258.053698 802 -1
1700971258.053762 54 1
1700971258.057601 7354 -1
1700971258.057833 54 1
1700971258.058129 7354 -1
1700971258.058168 54 1
1700971258.059084 1860 -1
1700971258.059084 11734 -1
1700971258.059180 54 1
1700971258.060426 4811 -1
1700971258.060426 85 -1
1700971258.060426 7354 -1
1700971258.060500 54 1
1700971258.062427 7354 -1
1700971258.062427 1891 -1
1700971258.062427 4434 -1
1700971258.062427 7354 -1
1700971258.062526 54 1
1700971258.062573 4811 -1
1700971258.062616 54 1
1700971258.062967 7354 -1
1700971258.063009 54 1
1700971258.069009 7354 -1
1700971258.069009 1891 -1
1700971258.069009 7354 -1
1700971258.069009 7354 -1
1700971258.069009 7354 -1
1700971258.069009 7354 -1
1700971258.069009 3697 -1
1700971258.069009 7354 -1
1700971258.069009 7354 -1
1700971258.069009 1891 -1
1700971258.069009 7354 -1
1700971258.069267 54 1
1700971258.070069 7354 -1
1700971258.070069 7354 -1
1700971258.070136 54 1
1700971258.070254 7354 -1
1700971258.070279 54 1
1700971258.071279 7354 -1
1700971258.071309 54 1
1700971258.071443 7354 -1
1700971258.071469 54 1
1700971258.072069 1514 -1
1700971258.072095 54 1
1700971258.072197 2974 -1
1700971258.072224 54 1
1700971258.072392 7354 -1
1700971258.072433 54 1
1700971258.073975 54 1
1700971258.074119 7354 -1
1700971258.074119 1514 -1
1700971258.074119 1593 -1
1700971258.074119 5894 -1
1700971258.074219 54 1
1700971258.074236 54 1
1700971258.074919 1838 -1
1700971258.074942 54 1
1700971258.077051 54 1
1700971260.077145 231 1
1700971260.078388 230 1
1700971260.084911 60 -1
1700971260.093051 230 1
1700971260.107761 927 -1
1700971260.107761 8666 -1
1700971260.107896 54 1
1700971260.109069 904 -1
1700971260.109069 7354 -1
1700971260.109069 2974 -1
1700971260.109069 60 -1
1700971260.109135 54 1
1700971260.126191 1054 -1
1700971260.126191 731 -1
1700971260.126277 54 1
1700971260.126931 8832 -1
1700971260.126979 54 1
1700971260.338225 54 1
1700971260.352360 78 -1
1700971260.352360 60 -1
1700971260.352459 54 1
1700971261.682931 66 1
1700971261.691780 66 -1
1700971261.692763 54 1
1700971261.714303 902 1
1700971261.717326 60 -1
1700971261.718474 318 -1
1700971261.719568 134 1
1700971261.719801 146 1
1700971261.720268 585 1
1700971261.720353 231 1
1700971261.720436 231 1
1700971261.720520 231 1
1700971261.722313 60 -1
1700971261.722313 60 -1
1700971261.722313 60 -1
1700971261.722313 60 -1
1700971261.722313 60 -1
1700971261.722313 60 -1
1700971261.722313 341 -1
1700971261.726068 115 -1
1700971261.726068 85 -1
1700971261.726181 54 1
1700971261.727654 85 1
1700971261.728865 60 -1
1700971261.732633 854 -1
1700971261.732888 7354 -1
1700971261.732944 54 1
1700971261.732998 1528 -1
1700971261.733023 54 1
1700971261.752257 1076 -1
1700971261.752257 694 -1
1700971261.752355 54 1
1700971261.758860 7354 -1
1700971261.758860 1611 -1
1700971261.758994 54 1
1700971261.771486 857 -1
1700971261.771486 7689 -1
1700971261.771632 54 1
1700971261.775385 980 -1
1700971261.775385 8635 -1
1700971261.775487 54 1
1700971264.498743 235 1
1700971264.498875 229 1
1700971264.498952 222 1
1700971264.501121 60 -1
1700971264.501121 60 -1
1700971264.501121 60 -1
1700971264.513347 980 -1
1700971264.513347 811 -1
1700971264.513393 54 1
1700971264.514115 7354 -1
1700971264.514171 54 1
1700971264.514540 1116 -1
1700971264.514560 54 1
1700971264.515472 932 -1
1700971264.515664 7354 -1
1700971264.515698 54 1
1700971264.516122 2334 -1
1700971264.516157 54 1
1700971264.542209 926 -1
1700971264.542209 8712 -1
1700971264.542310 54 1
1700971266.573340 221 1
1700971266.573515 222 1
1700971266.575078 237 1
1700971266.575203 222 1
1700971266.575293 232 1
1700971266.576682 60 -1
1700971266.612651 912 -1
1700971266.612651 1514 -1
1700971266.612651 1514 -1
1700971266.612651 5894 -1
1700971266.612834 54 1
1700971266.613095 4389 -1
1700971266.613162 54 1
1700971266.619596 960 -1
1700971266.619596 6533 -1
1700971266.619861 54 1
1700971266.647506 957 -1
1700971266.647506 7354 -1
1700971266.647659 54 1
1700971266.648024 4526 -1
1700971266.648070 54 1
1700971266.648278 930 -1
1700971266.648354 11521 -1
1700971266.648388 54 1
1700971266.869045 1037 -1
1700971266.869045 737 -1
1700971266.869166 54 1
1700971266.871931 89 1
1700971266.878396 7354 -1
1700971266.878507 54 1
1700971266.878955 4730 -1
1700971266.879007 54 1
1700971268.155863 235 1
1700971268.156049 222 1
1700971268.159768 223 1
1700971268.167893 60 -1
1700971268.172592 896 -1
1700971268.172730 7354 -1
1700971268.172796 54 1
1700971268.173457 2333 -1
1700971268.173490 54 1
1700971268.220040 6438 -1
1700971268.220040 932 -1
1700971268.220120 66 1
1700971268.220173 54 1
1700971268.221213 932 -1
1700971268.221252 66 1
1700971268.235397 863 -1
1700971268.235489 5894 -1
1700971268.235543 54 1
1700971268.235797 7354 -1
1700971268.235848 54 1
1700971268.236377 958 -1
1700971268.287620 54 1
1700971269.759811 226 1
1700971269.760622 232 1
1700971269.762886 222 1
1700971269.765945 60 -1
1700971269.776003 910 -1
1700971269.776003 6076 -1
1700971269.776220 54 1
1700971269.783536 914 -1
1700971269.783536 10306 -1
1700971269.783623 54 1
1700971269.820135 981 -1
1700971269.820135 808 -1
1700971269.820238 54 1
1700971269.821009 4701 -1
1700971269.821067 54 1
1700971270.357694 54 1
1700971270.388605 78 -1
1700971270.388605 60 -1
1700971270.388779 54 1
1700971271.378731 66 1
1700971271.380326 66 -1
1700971271.380422 54 1
1700971271.380964 934 1
1700971271.382751 60 -1
1700971271.383429 318 -1
1700971271.384037 134 1
1700971271.384358 146 1
1700971271.384796 585 1
1700971271.384892 230 1
1700971271.385000 231 1
1700971271.386689 60 -1
1700971271.386689 60 -1
1700971271.386689 60 -1
1700971271.386689 60 -1
1700971271.386689 60 -1
1700971271.386689 341 -1
1700971271.392052 115 -1
1700971271.392052 85 -1
1700971271.392052 958 -1
1700971271.392052 7299 -1
1700971271.392052 958 -1
1700971271.392052 1514 -1
1700971271.392052 4434 -1
1700971271.392052 10274 -1
1700971271.392229 54 1
1700971271.393230 85 1
1700971271.394893 400 -1
1700971271.394893 3717 -1
1700971271.394893 980 -1
1700971271.394893 7354 -1
1700971271.394893 2124 -1
1700971271.395015 54 1
1700971271.396242 60 -1
1700971273.835152 224 1
1700971273.836981 224 1
1700971273.837296 60 -1
1700971273.838321 60 -1
1700971273.876740 857 -1
1700971273.876988 5888 -1
1700971273.877065 54 1
1700971273.927251 980 -1
1700971273.927251 5894 -1
1700971273.927347 54 1
1700971273.927594 5019 -1
1700971273.927645 54 1
1700971276.704418 231 1
1700971276.704489 229 1
1700971276.704754 227 1
1700971276.705457 60 -1
1700971276.705499 60 -1
1700971276.706014 60 -1
1700971276.711539 926 -1
1700971276.711539 2974 -1
1700971276.711606 54 1
1700971276.711653 5065 -1
1700971276.711696 54 1
1700971276.715777 89 1
1700971276.726665 860 -1
1700971276.726764 7354 -1
1700971276.726839 54 1
1700971276.727194 1514 -1
1700971276.727311 2974 -1
1700971276.727339 54 1
1700971276.727543 81 -1
1700971276.727569 54 1
1700971276.780614 1052 -1
1700971276.780614 729 -1
1700971276.780702 54 1
1700971276.794979 7354 -1
1700971276.795092 54 1
1700971276.800653 3033 -1
1700971276.803169 54 1
1700971276.805562 113 -1
1700971276.805620 66 1
1700971278.319184 231 1
1700971278.323190 860 -1
1700971278.323253 4434 -1
1700971278.323287 54 1
1700971278.323576 7354 -1
1700971278.323632 54 1
1700971278.324164 2674 -1
1700971278.324198 54 1
1700971278.324989 225 1
1700971278.367516 60 -1
1700971278.374489 928 -1
1700971278.374489 8086 -1
1700971278.374639 54 1
1700971280.400516 54 1
1700971280.402411 60 -1
1700971280.402411 78 -1
1700971280.402450 54 1
1700971280.402531 54 1
1700971280.447101 66 1
1700971280.448337 66 -1
1700971280.448437 54 1
1700971280.450793 934 1
1700971280.452236 60 -1
1700971280.453917 318 -1
1700971280.454481 134 1
1700971280.454772 146 1
1700971280.455345 577 1
1700971280.455464 223 1
1700971280.455542 60 -1
1700971280.455571 231 1
1700971280.455758 60 -1
1700971280.456363 60 -1
1700971280.456484 60 -1
1700971280.456733 341 -1
1700971280.456733 60 -1
1700971280.460336 115 -1
1700971280.460336 85 -1
1700971280.460382 54 1
1700971280.461311 85 1
1700971280.461331 928 -1
1700971280.461331 1514 -1
1700971280.461331 3444 -1
1700971280.461415 54 1
1700971280.475889 60 -1
1700971280.475889 524 -1
1700971280.475889 927 -1
1700971280.475889 7354 -1
1700971280.475889 2311 -1
1700971280.475981 66 1
1700971280.476059 54 1
1700971280.493102 854 -1
1700971280.493102 1514 -1
1700971280.493102 3840 -1
1700971280.493223 54 1
1700971280.493728 920 -1
1700971280.493757 66 1
1700971282.040297 234 1
1700971282.041147 221 1
1700971282.041449 60 -1
1700971282.041736 219 1
1700971282.042144 60 -1
1700971282.042771 60 -1
1700971282.045733 234 1
1700971282.046801 60 -1
1700971282.103945 901 -1
1700971282.103945 5305 -1
1700971282.104054 54 1
1700971282.123312 980 -1
1700971282.123312 812 -1
1700971282.123475 54 1
1700971282.137624 886 -1
1700971282.137735 54 1
1700971282.137815 4434 -1
1700971282.137859 54 1
1700971282.138087 7354 -1
1700971282.138136 54 1
1700971282.138502 4780 -1
1700971282.138582 54 1
1700971282.138942 7354 -1
1700971282.139003 54 1
1700971282.139600 7354 -1
1700971282.139728 54 1
1700971282.140103 1891 -1
1700971282.140124 54 1
1700971282.140239 7354 -1
1700971282.140275 54 1
1700971282.140952 7354 -1
1700971282.141016 54 1
1700971282.141452 1922 -1
1700971282.141494 54 1
1700971282.141616 7354 -1
1700971282.141665 54 1
1700971282.142264 7354 -1
1700971282.142300 54 1
1700971282.143053 7354 -1
1700971282.143100 54 1
1700971282.143471 7354 -1
1700971282.143526 54 1
1700971282.144035 4434 -1
1700971282.144064 54 1
1700971282.144397 4434 -1
1700971282.144437 54 1
1700971282.144774 7354 -1
1700971282.144821 54 1
1700971282.145370 4074 -1
1700971282.145402 54 1
1700971282.145717 85 -1
1700971282.145717 7354 -1
1700971282.145756 54 1
1700971282.146334 14654 -1
1700971282.146392 54 1
1700971282.147549 2974 -1
1700971282.147619 54 1
1700971282.147757 1514 -1
1700971282.147898 4434 -1
1700971282.147939 54 1
1700971282.148262 2974 -1
1700971282.148293 54 1
1700971282.148499 7354 -1
1700971282.148546 54 1
1700971282.149100 1514 -1
1700971282.149138 54 1
1700971282.149214 7354 -1
1700971282.149251 54 1
1700971282.149839 7354 -1
1700971282.149978 54 1
1700971282.150716 4434 -1
1700971282.150752 54 1
1700971282.150822 1514 -1
1700971282.150996 54 1
1700971282.151036 7354 -1
1700971282.151090 54 1
1700971282.151556 7354 -1
1700971282.151619 54 1
1700971282.152278 7354 -1
1700971282.152317 54 1
1700971282.152744 7354 -1
1700971282.152783 54 1
1700971282.153343 2974 -1
1700971282.153378 54 1
1700971282.153591 7354 -1
1700971282.153620 54 1
1700971282.154191 7354 -1
1700971282.154243 54 1
1700971282.154966 7354 -1
1700971282.155012 54 1
1700971282.155400 1514 -1
1700971282.155436 54 1
1700971282.155509 1514 -1
1700971282.155687 7354 -1
1700971282.155727 54 1
1700971282.156252 7354 -1
1700971282.156323 54 1
1700971282.157057 4434 -1
1700971282.157132 54 1
1700971282.157342 5894 -1
1700971282.157396 54 1
1700971282.158151 7354 -1
1700971282.158235 54 1
1700971282.158327 7354 -1
1700971282.158353 54 1
1700971282.166180 4434 -1
1700971282.166180 5128 -1
1700971282.166180 928 -1
1700971282.166180 5894 -1
1700971282.166180 5365 -1
1700971282.166180 1514 -1
1700971282.166180 5894 -1
1700971282.166180 1514 -1
1700971282.166180 1514 -1
1700971282.166180 6240 -1
1700971282.166180 7354 -1
1700971282.166180 7354 -1
1700971282.166180 1891 -1
1700971282.166180 7354 -1
1700971282.166180 7354 -1
1700971282.166180 7354 -1
1700971282.166180 2974 -1
1700971282.166597 54 1
1700971282.166866 7354 -1
1700971282.166988 54 1
1700971282.167002 808 -1
1700971282.167002 7354 -1
1700971282.167049 54 1
1700971282.167485 54 1
1700971282.167654 7354 -1
1700971282.167694 54 1
1700971282.168259 2974 -1
1700971282.168290 54 1
1700971282.168428 54 1
1700971282.168438 7354 -1
1700971282.168475 54 1
1700971282.169156 7354 -1
1700971282.169230 54 1
1700971282.169634 7354 -1
1700971282.169663 54 1
1700971282.174535 7354 -1
1700971282.174535 7354 -1
1700971282.174535 1514 -1
1700971282.174535 7354 -1
1700971282.174535 1514 -1
1700971282.174535 7354 -1
1700971282.174535 7354 -1
1700971282.174535 7354 -1
1700971282.174535 7354 -1
1700971282.174783 54 1
1700971282.174874 7354 -1
1700971282.174906 54 1
1700971282.175337 7354 -1
1700971282.175396 54 1
1700971282.176236 7354 -1
1700971282.176281 54 1
1700971282.176811 2974 -1
1700971282.177054 54 1
1700971282.177235 2974 -1
1700971282.177235 1514 -1
1700971282.177235 5894 -1
1700971282.177295 54 1
1700971282.178169 54 1
1700971282.184154 7354 -1
1700971282.184154 4434 -1
1700971282.184154 7354 -1
1700971282.184154 2974 -1
1700971282.184154 7354 -1
1700971282.184154 7354 -1
1700971282.184154 7354 -1
1700971282.184154 7354 -1
1700971282.184154 7354 -1
1700971282.184154 7354 -1
1700971282.184154 5716 -1
1700971282.184500 54 1
1700971282.184697 54 1
1700971282.190855 7354 -1
1700971282.190932 54 1
1700971282.191224 1514 -1
1700971282.191364 7700 -1
1700971282.191441 54 1
1700971282.192118 85 -1
1700971282.192118 7354 -1
1700971282.192192 54 1
1700971282.192540 7354 -1
1700971282.192583 54 1
1700971282.193239 1860 -1
1700971282.193314 54 1
1700971282.195077 7354 -1
1700971282.195077 7354 -1
1700971282.195077 5737 -1
1700971282.195177 54 1
1700971283.700993 221 1
1700971283.702182 60 -1
1700971283.704756 231 1
1700971283.706226 60 -1
1700971283.811571 957 -1
1700971283.811571 6705 -1
1700971283.811689 54 1
1700971283.847208 911 -1
1700971283.847208 2974 -1
1700971283.847307 54 1
1700971283.847373 6534 -1
1700971283.847421 54 1
1700971286.231752 225 1
1700971286.233157 231 1
1700971286.233210 60 -1
1700971286.233651 231 1
1700971286.233743 221 1
1700971286.234196 60 -1
1700971286.234694 60 -1
1700971286.234694 60 -1
1700971286.316824 928 -1
1700971286.316979 7354 -1
1700971286.317031 54 1
1700971286.317406 1526 -1
1700971286.317449 54 1
1700971286.318737 89 1
1700971286.319760 60 -1
1700971286.325280 1032 -1
1700971286.325280 744 -1
1700971286.325280 987 -1
1700971286.325369 54 1
1700971286.325435 1514 -1
1700971286.325463 54 1
1700971286.325540 7354 -1
1700971286.325599 54 1
1700971286.326149 1567 -1
1700971286.326174 54 1
1700971286.344671 3027 -1
1700971286.344671 857 -1
1700971286.344671 5894 -1
1700971286.344794 54 1
1700971286.345100 981 -1
1700971286.345120 54 1
1700971289.518234 232 1
1700971289.520474 230 1
1700971289.520815 230 1
1700971289.536939 60 -1
1700971289.546344 956 -1
1700971289.546403 1514 -1
1700971289.546426 54 1
1700971289.546526 3722 -1
1700971289.546552 54 1
1700971289.546828 878 -1
1700971289.546853 54 1
1700971289.547107 4301 -1
1700971289.547151 54 1
1700971289.567301 927 -1
1700971289.567301 6873 -1
1700971289.567430 54 1
1700971290.407219 54 1
1700971290.448929 60 -1
1700971290.461464 78 -1
1700971290.461464 60 -1
1700971290.461556 54 1
1700971291.145402 66 1
1700971291.146717 66 -1
1700971291.146816 54 1
1700971291.147348 966 1
1700971291.149173 60 -1
1700971291.149591 318 -1
1700971291.150529 134 1
1700971291.151834 60 -1
1700971291.152360 146 1
1700971291.152525 341 -1
1700971291.152845 590 1
1700971291.152973 234 1
1700971291.153131 229 1
1700971291.153221 218 1
1700971291.155800 60 -1
1700971291.155800 60 -1
1700971291.155800 60 -1
1700971291.155800 60 -1
1700971291.155800 85 -1
1700971291.155800 115 -1
1700971291.155866 66 1
1700971291.156087 54 1
1700971291.157071 85 1
1700971291.157631 60 -1
1700971291.159599 60 -1
1700971291.162506 857 -1
1700971291.162506 2974 -1
1700971291.162506 1514 -1
1700971291.162622 54 1
1700971291.164669 5894 -1
1700971291.164669 5894 -1
1700971291.164794 54 1
1700971291.166418 7354 -1
1700971291.166477 54 1
1700971291.166927 4434 -1
1700971291.166967 54 1
1700971291.167278 2974 -1
1700971291.167310 54 1
1700971291.167413 2974 -1
1700971291.167442 54 1
1700971291.167901 2974 -1
1700971291.167901 2974 -1
1700971291.167957 54 1
1700971291.171122 5894 -1
1700971291.171122 1514 -1
1700971291.171122 2974 -1
1700971291.171122 4434 -1
1700971291.171122 7354 -1
1700971291.171122 7354 -1
1700971291.171283 54 1
1700971291.188349 1514 -1
1700971291.188579 4434 -1
1700971291.188630 54 1
1700971291.188896 7748 -1
1700971291.189094 54 1
1700971291.189366 1766 -1
1700971291.189366 16460 -1
1700971291.189447 54 1
1700971291.190976 85 -1
1700971291.190976 16491 -1
1700971291.191062 54 1
1700971291.192222 14654 -1
1700971291.192282 54 1
1700971291.193622 1860 -1
1700971291.193622 7354 -1
1700971291.193679 54 1
1700971291.194117 7354 -1
1700971291.196351 54 1
1700971291.196430 1891 -1
1700971291.196430 7354 -1
1700971291.196430 7354 -1
1700971291.196430 7354 -1
1700971291.196536 54 1
1700971291.197069 11734 -1
1700971291.197120 54 1
1700971291.197644 7354 -1
1700971291.197671 54 1
1700971291.199604 2974 -1
1700971291.199604 1514 -1
1700971291.199604 7354 -1
1700971291.199669 54 1
1700971291.201442 2974 -1
1700971291.201442 7354 -1
1700971291.201442 7354 -1
1700971291.201442 7354 -1
1700971291.201442 7354 -1
1700971291.201604 54 1
1700971291.201926 7354 -1
1700971291.201960 54 1
1700971291.202492 5894 -1
1700971291.202537 54 1
1700971291.203253 7354 -1
1700971291.203299 54 1
1700971291.203580 5894 -1
1700971291.203619 54 1
1700971291.212345 4120 -1
1700971291.212345 5482 -1
1700971291.212345 4434 -1
1700971291.212345 4434 -1
1700971291.212345 7354 -1
1700971291.212345 400 -1
1700971291.212345 5894 -1
1700971291.212345 5894 -1
1700971291.212345 7354 -1
1700971291.212345 7354 -1
1700971291.212345 7354 -1
1700971291.212345 5894 -1
1700971291.212345 4434 -1
1700971291.212345 7354 -1
1700971291.212345 1514 -1
1700971291.212345 5894 -1
1700971291.212345 5894 -1
1700971291.212345 1593 -1
1700971291.212345 7354 -1
1700971291.217440 54 1
1700971291.217593 7354 -1
1700971291.217593 7354 -1
1700971291.217593 2974 -1
1700971291.217593 1514 -1
1700971291.217593 5894 -1
1700971291.217593 7354 -1
1700971291.217593 7354 -1
1700971291.217593 2974 -1
1700971291.217593 2974 -1
1700971291.217593 5894 -1
1700971291.217593 2974 -1
1700971291.217593 7354 -1
1700971291.217805 54 1
1700971291.218069 7354 -1
1700971291.218107 54 1
1700971291.218176 4434 -1
1700971291.218206 54 1
1700971291.218335 7354 -1
1700971291.218374 54 1
1700971291.219188 4434 -1
1700971291.219230 54 1
1700971291.219305 2974 -1
1700971291.219330 54 1
1700971291.219610 1514 -1
1700971291.219654 54 1
1700971291.219710 4434 -1
1700971291.219741 54 1
1700971291.220252 5894 -1
1700971291.220306 54 1
1700971291.221336 7354 -1
1700971291.221336 7354 -1
1700971291.221400 54 1
1700971291.221711 4434 -1
1700971291.221750 54 1
1700971291.222383 7354 -1
1700971291.222415 54 1
1700971291.222750 4434 -1
1700971291.222786 54 1
1700971291.223046 7354 -1
1700971291.223092 54 1
1700971291.223661 7354 -1
1700971291.223685 54 1
1700971291.224457 7354 -1
1700971291.224479 54 1
1700971291.224870 7354 -1
1700971291.225105 54 1
1700971291.225466 4434 -1
1700971291.225498 54 1
1700971291.225844 7354 -1
1700971291.225878 54 1
1700971291.226474 7354 -1
1700971291.226514 54 1
1700971291.227196 7354 -1
1700971291.227247 54 1
1700971291.227687 7354 -1
1700971291.227719 54 1
1700971291.228272 4434 -1
1700971291.228304 54 1
1700971291.228647 7354 -1
1700971291.228681 54 1
1700971291.229344 4434 -1
1700971291.229368 54 1
1700971291.229609 1514 -1
1700971291.229751 7354 -1
1700971291.229844 54 1
1700971291.230662 7354 -1
1700971291.230697 54 1
1700971291.231074 1514 -1
1700971291.231074 7354 -1
1700971291.231106 54 1
1700971291.231679 1514 -1
1700971291.231706 54 1
1700971291.231798 7354 -1
1700971291.231826 54 1
1700971291.232493 7354 -1
1700971291.232525 54 1
1700971291.233212 1514 -1
1700971291.233212 1514 -1
1700971291.233247 54 1
1700971291.233399 7354 -1
1700971291.233437 54 1
1700971291.233871 7354 -1
1700971291.234019 54 1
1700971291.234496 7354 -1
1700971291.234554 54 1
1700971291.235180 7354 -1
1700971291.235218 54 1
1700971291.235684 7354 -1
1700971291.235715 54 1
1700971291.236301 7354 -1
1700971291.236332 54 1
1700971291.237360 2974 -1
1700971291.237360 7354 -1
1700971291.237396 54 1
1700971291.237818 7354 -1
1700971291.237849 54 1
1700971291.238492 7354 -1
1700971291.238531 54 1
1700971291.238957 7354 -1
1700971291.238987 54 1
1700971291.239551 7354 -1
1700971291.239588 54 1
1700971291.240166 7354 -1
1700971291.240194 54 1
1700971291.240755 7354 -1
1700971291.240778 54 1
1700971291.241454 7354 -1
1700971291.241484 54 1
1700971291.242161 1514 -1
1700971291.242161 4434 -1
1700971291.242195 54 1
1700971291.242461 7354 -1
1700971291.242498 54 1
1700971291.243069 4434 -1
1700971291.243256 54 1
1700971291.243433 7354 -1
1700971291.243455 54 1
1700971291.244217 7354 -1
1700971291.244254 54 1
1700971291.244666 7354 -1
1700971291.244695 54 1
1700971291.245278 7354 -1
1700971291.245308 54 1
1700971291.245983 11734 -1
1700971291.246026 54 1
1700971291.247056 7354 -1
1700971291.247101 54 1
1700971291.247583 4434 -1
1700971291.247607 54 1
1700971291.248033 7354 -1
1700971291.248067 54 1
1700971291.248432 7354 -1
1700971291.248468 54 1
1700971291.249026 5894 -1
1700971291.249047 54 1
1700971291.249785 1514 -1
1700971291.249785 2987 -1
1700971291.249817 54 1
1700971291.250124 2974 -1
1700971291.250159 54 1
1700971291.250188 2974 -1
1700971291.250205 54 1
1700971291.250368 2974 -1
1700971291.250395 54 1
1700971291.250677 7354 -1
1700971291.250710 54 1
1700971291.251332 7354 -1
1700971291.251372 54 1
1700971291.251902 2974 -1
1700971291.252020 54 1
1700971291.252121 7354 -1
1700971291.252158 54 1
1700971291.252706 7354 -1
1700971291.252756 54 1
1700971291.253426 2974 -1
1700971291.253456 54 1
1700971291.253523 7354 -1
1700971291.253545 54 1
1700971291.254151 7354 -1
1700971291.254172 54 1
1700971291.254738 4434 -1
1700971291.254781 54 1
1700971291.255091 2974 -1
1700971291.255132 54 1
1700971291.255348 7354 -1
1700971291.255404 54 1
1700971291.256100 7354 -1
1700971291.256135 54 1
1700971291.256766 7354 -1
1700971291.256809 54 1
1700971291.257241 7354 -1
1700971291.257306 54 1
1700971291.257847 2974 -1
1700971291.257882 54 1
1700971291.258610 7354 -1
1700971291.258662 54 1
1700971291.258776 7354 -1
1700971291.258932 54 1
1700971291.259215 7354 -1
1700971291.259253 54 1
1700971291.260706 7354 -1
1700971291.260706 7354 -1
1700971291.260772 54 1
1700971291.261666 2974 -1
1700971291.261666 1514 -1
1700971291.261666 7354 -1
1700971291.261715 54 1
1700971291.262480 7354 -1
1700971291.262526 54 1
1700971291.262655 1514 -1
1700971291.262676 54 1
1700971291.262789 7354 -1
1700971291.262825 54 1
1700971291.263554 4434 -1
1700971291.263579 54 1
1700971291.263699 7354 -1
1700971291.263726 54 1
1700971291.264314 7354 -1
1700971291.264354 54 1
1700971291.265192 1514 -1
1700971291.265271 7354 -1
1700971291.265296 54 1
1700971291.265818 7354 -1
1700971291.265842 54 1
1700971291.266280 4434 -1
1700971291.266316 54 1
1700971291.266730 7354 -1
1700971291.267020 54 1
1700971291.267363 5894 -1
1700971291.267395 54 1
1700971291.272086 4434 -1
1700971291.272086 7354 -1
1700971291.272086 7354 -1
1700971291.272086 5894 -1
1700971291.272086 7354 -1
1700971291.272086 1514 -1
1700971291.272086 2974 -1
1700971291.272086 2974 -1
1700971291.272086 7354 -1
1700971291.272795 54 1
1700971291.272860 4434 -1
1700971291.272860 1514 -1
1700971291.272860 1514 -1
1700971291.272895 54 1
1700971291.272943 2974 -1
1700971291.272958 54 1
1700971291.273150 2974 -1
1700971291.273171 54 1
1700971291.273339 1514 -1
1700971291.275591 1514 -1
1700971291.275591 1514 -1
1700971291.275591 1514 -1
1700971291.275591 5894 -1
1700971291.275591 7354 -1
1700971291.275591 5894 -1
1700971291.275591 4434 -1
1700971291.275801 54 1
1700971291.275863 7354 -1
1700971291.276415 54 1
1700971291.276455 2974 -1
1700971291.276472 54 1
1700971291.276645 4434 -1
1700971291.276686 54 1
1700971291.277465 7354 -1
1700971291.277689 54 1
1700971291.277734 4434 -1
1700971291.277781 54 1
1700971291.279654 7354 -1
1700971291.279654 5894 -1
1700971291.279654 7354 -1
1700971291.279772 54 1
1700971291.279828 7354 -1
1700971291.279871 54 1
1700971291.280478 7354 -1
1700971291.280508 54 1
1700971291.281211 7354 -1
1700971291.281274 54 1
1700971291.281563 4434 -1
1700971291.281613 54 1
1700971291.282226 2974 -1
1700971291.282226 7354 -1
1700971291.282288 54 1
1700971291.283254 4434 -1
1700971291.283254 2974 -1
1700971291.283302 54 1
1700971291.283407 24874 -1
1700971291.283500 54 1
1700971291.289664 7354 -1
1700971291.289664 7354 -1
1700971291.289664 1514 -1
1700971291.289664 7354 -1
1700971291.289664 7354 -1
1700971291.289664 4434 -1
1700971291.289664 4434 -1
1700971291.289664 1514 -1
1700971291.289664 11734 -1
1700971291.290166 54 1
1700971291.290238 1514 -1
1700971291.290238 19034 -1
1700971291.290314 54 1
1700971291.291643 7354 -1
1700971291.291692 54 1
1700971291.292371 5894 -1
1700971291.292414 54 1
1700971291.292634 1514 -1
1700971291.292725 1514 -1
1700971291.292758 54 1
1700971291.292830 7354 -1
1700971291.292860 54 1
1700971291.293438 5894 -1
1700971291.293483 54 1
1700971291.294028 1514 -1
1700971291.294058 54 1
1700971291.294089 5894 -1
1700971291.294126 54 1
1700971291.294551 7354 -1
1700971291.294620 54 1
1700971291.295229 21954 -1
1700971291.295335 54 1
1700971291.296957 7354 -1
1700971291.297042 54 1
1700971291.297813 5894 -1
1700971291.297857 54 1
1700971291.298100 7354 -1
1700971291.298156 54 1
1700971291.298635 7354 -1
1700971291.298670 54 1
1700971291.299256 919 -1
1700971291.299287 54 1
1700971291.299310 7354 -1
1700971291.299336 54 1
1700971291.300056 7354 -1
1700971291.300090 54 1
1700971291.300854 7354 -1
1700971291.300892 54 1
1700971291.301151 7354 -1
1700971291.301191 54 1
1700971291.301957 1514 -1
1700971291.301957 5894 -1
1700971291.302003 54 1
1700971291.302338 1514 -1
1700971291.302367 54 1
1700971291.302447 2716 -1
1700971291.302470 54 1
1700971292.797807 232 1
1700971292.798479 223 1
1700971292.825513 60 -1
1700971292.836774 926 -1
1700971292.836850 5894 -1
1700971292.836879 54 1
1700971292.837240 1963 -1
1700971292.837269 54 1
1700971292.844562 930 -1
1700971292.844562 7250 -1
1700971292.844651 54 1
1700971294.935650 231 1
1700971294.938799 230 1
1700971294.938884 230 1
1700971294.939070 232 1
1700971294.940558 60 -1
1700971294.943467 958 -1
1700971294.943561 4615 -1
1700971294.943588 54 1
1700971294.953170 927 -1
1700971294.953170 4434 -1
1700971294.953271 54 1
1700971294.953304 1514 -1
1700971294.953358 54 1
1700971294.953401 1514 -1
1700971294.954197 636 -1
1700971294.954235 54 1
1700971294.957565 963 -1
1700971294.957565 6650 -1
1700971294.957682 54 1
1700971294.997205 985 -1
1700971294.997710 6170 -1
1700971294.997761 54 1
1700971296.553810 219 1
1700971296.554984 224 1
1700971296.556743 222 1
1700971296.557440 60 -1
1700971296.558381 232 1
1700971296.561848 60 -1
1700971296.570354 1028 -1
1700971296.570443 764 -1
1700971296.570492 54 1
1700971296.572740 951 -1
1700971296.572740 4434 -1
1700971296.572740 5894 -1
1700971296.573005 54 1
1700971296.573118 2974 -1
1700971296.573152 54 1
1700971296.573441 6308 -1
1700971296.573496 54 1
1700971296.575200 89 1
1700971296.580315 965 -1
1700971296.580315 5894 -1
1700971296.580315 4849 -1
1700971296.580411 54 1
1700971296.605215 983 -1
1700971296.605215 805 -1
1700971296.605327 54 1
1700971296.615328 4434 -1
1700971296.615434 54 1
1700971296.615484 7354 -1
1700971296.615516 54 1
1700971296.615816 4434 -1
1700971296.615835 54 1
1700971296.616266 431 -1
1700971296.616266 7354 -1
1700971296.616348 54 1
1700971296.616901 5894 -1
1700971296.616941 54 1
1700971296.617300 7354 -1
1700971296.617333 54 1
1700971296.618142 5894 -1
1700971296.618169 54 1
1700971296.618408 7354 -1
1700971296.618443 54 1
1700971296.619293 5894 -1
1700971296.619321 54 1
1700971296.619481 7354 -1
1700971296.619515 54 1
1700971296.620216 5894 -1
1700971296.620250 54 1
1700971296.620569 7354 -1
1700971296.620589 54 1
1700971296.621179 5894 -1
1700971296.621198 54 1
1700971296.622061 13194 -1
1700971296.622198 54 1
1700971296.623466 2974 -1
1700971296.623466 4434 -1
1700971296.623518 54 1
1700971296.623688 5894 -1
1700971296.623730 54 1
1700971296.624275 5894 -1
1700971296.624308 54 1
1700971296.624822 5894 -1
1700971296.624854 54 1
1700971296.625129 4434 -1
1700971296.625154 54 1
1700971296.625603 2974 -1
1700971296.625640 54 1
1700971296.625750 1514 -1
1700971296.625784 54 1
1700971296.625860 3193 -1
1700971296.625906 54 1
1700971296.631615 7354 -1
1700971296.631696 54 1
1700971296.632082 4434 -1
1700971296.632115 54 1
1700971296.632464 2974 -1
1700971296.632490 54 1
1700971296.632622 1891 -1
1700971296.632648 54 1
1700971296.632781 1514 -1
1700971296.632804 54 1
1700971296.632911 7354 -1
1700971296.632941 54 1
1700971296.633559 2974 -1
1700971296.633598 54 1
1700971296.633888 7354 -1
1700971296.633925 54 1
1700971296.634359 4434 -1
1700971296.634393 54 1
1700971296.634743 7354 -1
1700971296.634775 54 1
1700971296.635333 4434 -1
1700971296.635369 54 1
1700971296.635707 7354 -1
1700971296.635740 54 1
1700971296.636318 4434 -1
1700971296.636368 54 1
1700971296.636678 7354 -1
1700971296.636772 54 1
1700971296.637352 4434 -1
1700971296.637381 54 1
1700971296.637668 7354 -1
1700971296.637714 54 1
1700971296.638274 4434 -1
1700971296.638469 54 1
1700971296.638780 7354 -1
1700971296.638817 54 1
1700971296.639272 4434 -1
1700971296.639330 54 1
1700971296.639615 7354 -1
1700971296.639644 54 1
1700971296.640215 7354 -1
1700971296.640237 54 1
1700971296.640831 2974 -1
1700971296.640859 54 1
1700971296.641073 7354 -1
1700971296.641110 54 1
1700971296.641691 4434 -1
1700971296.641733 54 1
1700971296.642068 2974 -1
1700971296.642092 54 1
1700971296.642382 7354 -1
1700971296.642411 54 1
1700971296.642885 7354 -1
1700971296.642927 54 1
1700971296.643612 2974 -1
1700971296.643649 54 1
1700971296.643743 7354 -1
1700971296.643780 54 1
1700971296.644345 4434 -1
1700971296.644382 54 1
1700971296.644710 7354 -1
1700971296.644747 54 1
1700971296.645315 7354 -1
1700971296.645351 54 1
1700971296.645915 5894 -1
1700971296.645940 54 1
1700971296.646414 7354 -1
1700971296.646446 54 1
1700971296.647364 7354 -1
1700971296.647396 54 1
1700971296.647604 7354 -1
1700971296.647635 54 1
1700971296.648235 7354 -1
1700971296.648278 54 1
1700971296.648829 7354 -1
1700971296.648876 54 1
1700971296.649550 7354 -1
1700971296.649591 54 1
1700971296.650265 7354 -1
1700971296.650312 54 1
1700971296.650638 4434 -1
1700971296.650907 54 1
1700971296.651113 4434 -1
1700971296.651143 54 1
1700971296.651357 4434 -1
1700971296.651386 54 1
1700971296.651741 5894 -1
1700971296.651770 54 1
1700971296.652211 5894 -1
1700971296.652414 54 1
1700971296.652701 1514 -1
1700971296.652728 54 1
1700971296.652808 5709 -1
1700971296.652836 54 1
1700971296.655139 7354 -1
1700971296.655213 54 1
1700971296.655254 4434 -1
1700971296.655276 54 1
1700971296.655591 4811 -1
1700971296.655617 54 1
1700971296.656202 7354 -1
1700971296.656254 54 1
1700971296.656718 4434 -1
1700971296.656760 54 1
1700971296.657503 7354 -1
1700971296.657548 54 1
1700971296.657592 4434 -1
1700971296.657636 54 1
1700971296.658405 7354 -1
1700971296.658448 54 1
1700971296.658535 4434 -1
1700971296.658556 54 1
1700971296.659396 7354 -1
1700971296.659448 54 1
1700971296.659515 4434 -1
1700971296.659532 54 1
1700971296.660192 4434 -1
1700971296.660218 54 1
1700971296.660256 7354 -1
1700971296.660294 54 1
1700971296.660982 2974 -1
1700971296.661089 54 1
1700971296.661227 7354 -1
1700971296.661256 54 1
1700971296.662172 7354 -1
1700971296.662205 54 1
1700971296.662617 7354 -1
1700971296.662657 54 1
1700971296.662914 7354 -1
1700971296.662947 54 1
1700971296.663684 7354 -1
1700971296.663737 54 1
1700971296.664239 1514 -1
1700971296.664239 7354 -1
1700971296.664289 54 1
1700971296.664866 7354 -1
1700971296.665240 54 1
1700971296.665707 7354 -1
1700971296.665741 54 1
1700971296.673565 4434 -1
1700971296.673565 2974 -1
1700971296.673565 7354 -1
1700971296.673565 7354 -1
1700971296.673565 7354 -1
1700971296.673565 7354 -1
1700971296.673565 5894 -1
1700971296.673565 1514 -1
1700971296.673565 2974 -1
1700971296.673565 1514 -1
1700971296.673565 5894 -1
1700971296.673565 7354 -1
1700971296.673565 4434 -1
1700971296.673565 5894 -1
1700971296.673565 5894 -1
1700971296.674144 54 1
1700971296.674521 54 1
1700971296.675540 2974 -1
1700971296.675615 54 1
1700971296.675788 4434 -1
1700971296.675836 54 1
1700971296.676270 1514 -1
1700971296.676270 1514 -1
1700971296.676270 1514 -1
1700971296.676270 7354 -1
1700971296.676343 54 1
1700971296.676880 4434 -1
1700971296.676917 54 1
1700971296.677473 5894 -1
1700971296.677522 54 1
1700971296.680312 1514 -1
1700971296.680312 1514 -1
1700971296.680312 5894 -1
1700971296.680312 2974 -1
1700971296.680312 7169 -1
1700971296.680394 54 1
1700971296.682684 7354 -1
1700971296.682684 1514 -1
1700971296.682684 2974 -1
1700971296.682740 54 1
1700971296.682938 7354 -1
1700971296.683101 54 1
1700971296.683533 2974 -1
1700971296.683767 54 1
1700971296.684432 1514 -1
1700971296.684432 7354 -1
1700971296.684481 54 1
1700971296.684518 2268 -1
1700971296.684533 54 1
1700971296.684667 7354 -1
1700971296.684713 54 1
1700971296.685490 4434 -1
1700971296.685545 54 1
1700971296.686187 7354 -1
1700971296.686187 4434 -1
1700971296.686263 54 1
1700971296.686544 7354 -1
1700971296.686572 54 1
1700971296.687328 4434 -1
1700971296.687356 54 1
1700971296.687668 1514 -1
1700971296.687668 7354 -1
1700971296.687707 54 1
1700971296.688299 4434 -1
1700971296.688347 54 1
1700971296.689799 1514 -1
1700971296.689799 7354 -1
1700971296.689799 7354 -1
1700971296.689870 54 1
1700971296.689903 2017 -1
1700971296.689919 54 1
1700971298.185671 235 1
1700971298.194827 234 1
1700971298.194948 229 1
1700971298.197732 225 1
1700971298.200219 60 -1
1700971298.209734 1050 -1
1700971298.209734 733 -1
1700971298.209867 54 1
1700971298.214067 3976 -1
1700971298.214115 54 1
1700971298.214418 1085 -1
1700971298.214418 688 -1
1700971298.214448 54 1
1700971298.217056 2485 -1
1700971298.217095 54 1
1700971298.220173 857 -1
1700971298.220232 54 1
1700971298.220377 1514 -1
1700971298.220377 6540 -1
1700971298.220424 54 1
1700971298.276212 1104 -1
1700971298.276212 658 -1
1700971298.276322 54 1
1700971298.291836 6335 -1
1700971298.291935 54 1
1700971300.435671 54 1
1700971300.444483 78 -1
1700971300.444483 60 -1
1700971300.444574 54 1
1700971300.865531 66 1
1700971300.867838 66 -1
1700971300.867940 54 1
1700971300.868905 902 1
1700971300.883188 60 -1
1700971300.883188 318 -1
1700971300.885121 134 1
1700971300.885479 146 1
1700971300.885831 577 1
1700971300.885911 224 1
1700971300.886039 221 1
1700971300.893072 60 -1
1700971300.893072 60 -1
1700971300.893072 60 -1
1700971300.893072 60 -1
1700971300.893072 60 -1
1700971300.900465 341 -1
1700971300.906663 115 -1
1700971300.906738 54 1
1700971300.906792 85 -1
1700971300.906792 932 -1
1700971300.906792 5894 -1
1700971300.906837 54 1
1700971300.907249 85 1
1700971300.907285 4662 -1
1700971300.907329 54 1
1700971300.911373 60 -1
1700971300.927017 1053 -1
1700971300.927017 732 -1
1700971300.927102 54 1
1700971300.935791 4471 -1
1700971300.935878 54 1
1700971300.967069 930 -1
1700971300.967069 5894 -1
1700971300.967069 3031 -1
1700971300.967178 54 1
1700971300.985238 111 -1
1700971300.985302 66 1
1700971304.886082 235 1
1700971304.887427 60 -1
1700971304.892515 231 1
1700971304.892613 222 1
1700971304.892696 231 1
1700971304.893913 60 -1
1700971304.893913 60 -1
1700971304.893913 60 -1
1700971304.899720 1011 -1
1700971304.899720 769 -1
1700971304.899720 925 -1
1700971304.899720 8089 -1
1700971304.899858 54 1
1700971304.911772 7354 -1
1700971304.911877 54 1
1700971304.912107 2324 -1
1700971304.912143 54 1
1700971304.918845 1080 -1
1700971304.918845 693 -1
1700971304.918934 54 1
1700971304.924195 858 -1
1700971304.924195 6382 -1
1700971304.924297 54 1
1700971304.924607 7014 -1
1700971304.924641 54 1
1700971306.527446 229 1
1700971306.527625 223 1
1700971306.529242 231 1
1700971306.529390 226 1
1700971306.530379 60 -1
1700971306.532387 60 -1
1700971306.533642 925 -1
1700971306.533642 6954 -1
1700971306.533710 54 1
1700971306.534800 897 -1
1700971306.534854 89 1
1700971306.534941 7354 -1
1700971306.534969 54 1
1700971306.535369 2015 -1
1700971306.535397 54 1
1700971306.555454 729 -1
1700971306.555454 1052 -1
1700971306.555560 66 1
1700971306.555647 54 1
1700971306.556613 3103 -1
1700971306.556664 54 1
1700971306.594248 1056 -1
1700971306.594248 729 -1
1700971306.594248 1514 -1
1700971306.594248 7354 -1
1700971306.594248 2294 -1
1700971306.594395 54 1
1700971308.698287 232 1
1700971308.698419 229 1
1700971308.699675 60 -1
1700971308.700093 230 1
1700971308.701588 231 1
1700971308.702226 221 1
1700971308.703792 60 -1
1700971308.707759 958 -1
1700971308.707759 6974 -1
1700971308.707853 54 1
1700971308.712421 856 -1
1700971308.712489 4808 -1
1700971308.712526 54 1
1700971308.734388 732 -1
1700971308.734388 1048 -1
1700971308.734465 66 1
1700971308.734535 54 1
1700971308.735697 981 -1
1700971308.735730 54 1
1700971308.735806 815 -1
1700971308.735832 4872 -1
1700971308.735850 54 1
1700971308.736256 1052 -1
1700971308.736256 732 -1
1700971308.736279 54 1
1700971308.744821 6164 -1
1700971308.744887 54 1
1700971308.745181 5131 -1
1700971308.745206 54 1
1700971310.336014 230 1
1700971310.338380 230 1
1700971310.339855 854 -1
1700971310.339928 7354 -1
1700971310.339980 54 1
1700971310.341358 1344 -1
1700971310.346344 1054 -1
1700971310.346344 729 -1
1700971310.346404 54 1
1700971310.346493 7354 -1
1700971310.346541 54 1
1700971310.346952 2547 -1
1700971310.346981 54 1
1700971310.463873 54 1
1700971310.470944 78 -1
1700971310.471022 54 1
1700971310.471299 60 -1
1700971311.971589 66 1
1700971311.975733 66 -1
1700971311.975838 54 1
1700971311.976949 966 1
1700971311.979139 60 -1
1700971311.979139 318 -1
1700971311.979846 134 1
1700971311.980130 146 1
1700971311.980402 578 1
1700971311.983663 232 1
1700971311.986375 60 -1
1700971311.986375 341 -1
1700971311.986375 60 -1
1700971311.986375 115 -1
1700971311.986375 85 -1
1700971311.986437 223 1
1700971311.986514 54 1
1700971311.987745 85 1
1700971311.987968 231 1
1700971311.988740 60 -1
1700971311.988740 60 -1
1700971311.988740 60 -1
1700971311.989809 60 -1
1700971311.989809 60 -1
1700971311.998902 926 -1
1700971311.998998 4434 -1
1700971311.999044 54 1
1700971311.999422 2891 -1
1700971311.999450 54 1
1700971312.007023 1012 -1
1700971312.007273 5271 -1
1700971312.007324 54 1
1700971312.007420 961 -1
1700971312.007420 5665 -1
1700971312.007477 54 1
1700971312.014018 929 -1
1700971312.014018 5699 -1
1700971312.014435 54 1
1700971313.604957 227 1
1700971313.606093 60 -1
1700971313.606516 232 1
1700971313.607295 230 1
1700971313.607598 60 -1
1700971313.608468 60 -1
1700971313.623880 930 -1
1700971313.623880 5259 -1
1700971313.623993 54 1
1700971313.634377 1054 -1
1700971313.634377 728 -1
1700971313.634474 54 1
1700971313.638657 7354 -1
1700971313.638759 54 1
1700971313.639032 1983 -1
1700971313.639197 54 1
1700971313.757578 979 -1
1700971313.757578 817 -1
1700971313.757682 54 1
1700971313.767663 4078 -1
1700971313.767789 54 1
1700971316.426594 232 1
1700971316.426682 229 1
1700971316.427890 60 -1
1700971316.451085 981 -1
1700971316.451085 813 -1
1700971316.451339 54 1
1700971316.451474 1514 -1
1700971316.451474 5683 -1
1700971316.451523 54 1
1700971316.451611 1303 -1
1700971316.451638 66 1
1700971316.451674 930 -1
1700971316.451692 54 1
1700971316.451788 5894 -1
1700971316.451823 54 1
1700971316.452836 4313 -1
1700971316.452863 54 1
1700971320.472365 54 1
1700971320.474642 78 -1
1700971320.474642 60 -1
1700971320.474720 54 1
1700971320.495050 66 1
1700971320.501598 66 -1
1700971320.501748 54 1
1700971320.502888 934 1
1700971320.504371 60 -1
1700971320.505618 318 -1
1700971320.506769 134 1
1700971320.507390 146 1
1700971320.508111 586 1
1700971320.508246 231 1
1700971320.508334 223 1
1700971320.508452 60 -1
1700971320.508500 231 1
1700971320.508623 230 1
1700971320.508813 60 -1
1700971320.509313 60 -1
1700971320.509446 60 -1
1700971320.509446 60 -1
1700971320.509589 60 -1
1700971320.509771 60 -1
1700971320.511937 341 -1
1700971320.515532 115 -1
1700971320.515780 54 1
1700971320.516054 85 1
1700971320.517211 60 -1
1700971320.524930 932 -1
1700971320.525015 66 1
1700971320.525111 1514 -1
1700971320.525111 1514 -1
1700971320.525111 1514 -1
1700971320.525332 66 1
1700971320.525394 66 1
1700971320.525420 66 1
1700971320.525506 6580 -1
1700971320.525884 66 1
1700971320.526898 85 -1
1700971320.526982 54 1
1700971320.533035 1051 -1
1700971320.533035 732 -1
1700971320.533035 854 -1
1700971320.533035 1514 -1
1700971320.533093 54 1
1700971320.533247 4049 -1
1700971320.533275 54 1
1700971320.533995 927 -1
1700971320.533995 2974 -1
1700971320.533995 3298 -1
1700971320.534530 54 1
1700971320.543044 2974 -1
1700971320.543044 2852 -1
1700971320.543278 54 1
1700971320.543553 1059 -1
1700971320.543553 721 -1
1700971320.543613 54 1
1700971320.548791 4434 -1
1700971320.548791 2974 -1
1700971320.549649 66 1
1700971320.549728 168 -1
1700971320.549794 74 1
1700971320.551414 1514 -1
1700971320.551487 66 1
1700971320.552952 1514 -1
1700971320.553015 54 1
1700971322.126402 225 1
1700971322.127466 60 -1
1700971322.129996 232 1
1700971322.130068 229 1
1700971322.130259 226 1
1700971322.130321 232 1
1700971322.131283 60 -1
1700971322.131283 60 -1
1700971322.131370 60 -1
1700971322.131370 60 -1
1700971322.199372 930 -1
1700971322.199372 7519 -1
1700971322.199536 54 1
1700971322.249524 1051 -1
1700971322.249831 728 -1
1700971322.249831 856 -1
1700971322.249831 3011 -1
1700971322.249896 54 1
1700971322.277960 6803 -1
1700971322.278088 54 1
1700971322.280693 1055 -1
1700971322.280693 728 -1
1700971322.280693 926 -1
1700971322.280693 5894 -1
1700971322.280693 1334 -1
1700971322.280801 54 1
1700971322.331787 7354 -1
1700971322.331874 54 1
1700971322.332450 5917 -1
1700971322.332492 54 1
1700971324.346739 228 1
1700971324.346845 230 1
1700971324.346941 234 1
1700971324.347778 60 -1
1700971324.347778 60 -1
1700971324.348019 60 -1
1700971324.459469 1050 -1
1700971324.459469 730 -1
1700971324.459469 1086 -1
1700971324.459469 688 -1
1700971324.459597 54 1
1700971324.489456 1514 -1
1700971324.489866 4488 -1
1700971324.489866 1514 -1
1700971324.489866 8706 -1
1700971324.489988 54 1
1700971324.490589 859 -1
1700971324.490589 11919 -1
1700971324.490656 54 1
1700971325.993357 226 1
1700971325.994615 60 -1
1700971326.001507 231 1
1700971326.001601 230 1
1700971326.003409 60 -1
1700971326.004581 60 -1
1700971326.067109 930 -1
1700971326.067109 1514 -1
1700971326.067490 54 1
1700971326.067539 4966 -1
1700971326.067574 54 1
1700971326.068715 1059 -1
1700971326.068715 729 -1
1700971326.068780 54 1
1700971326.070713 89 1
1700971326.074460 60 -1
1700971326.081114 7354 -1
1700971326.081338 54 1
1700971326.081612 7137 -1
1700971326.081654 54 1
1700971326.141191 1056 -1
1700971326.141191 728 -1
1700971326.141272 54 1
1700971326.142667 7354 -1
1700971326.142739 54 1
1700971326.143089 3004 -1
1700971326.143128 54 1
1700971326.546745 54 1
