1700971716.343093 66 1
1700971716.344570 66 -1
1700971716.344651 54 1
1700971716.346862 572 1
1700971716.348084 60 -1
1700971716.359995 2779 -1
1700971716.360049 54 1
1700971716.378956 134 1
1700971716.379677 146 1
1700971716.380111 60 -1
1700971716.381275 586 1
1700971716.385872 60 -1
1700971716.385872 341 -1
1700971716.385872 341 -1
1700971716.385872 115 -1
1700971716.385872 85 -1
1700971716.385960 54 1
1700971716.387287 60 -1
1700971716.394363 1047 -1
1700971716.394557 735 -1
1700971716.394557 7354 -1
1700971716.394617 54 1
1700971716.395753 204 -1
1700971716.395793 54 1
1700971716.398000 85 1
1700971716.412502 60 -1
1700971716.491752 230 1
1700971716.491908 230 1
1700971716.492013 230 1
1700971716.492144 231 1
1700971716.494516 60 -1
1700971716.499174 231 1
1700971716.500714 60 -1
1700971716.503348 231 1
1700971716.503479 230 1
1700971716.514916 60 -1
1700971716.514916 1057 -1
1700971716.514916 720 -1
1700971716.514916 1017 -1
1700971716.514916 811 -1
1700971716.515005 54 1
1700971716.515675 11734 -1
1700971716.515734 54 1
1700971716.517585 716 -1
1700971716.517585 4345 -1
1700971716.517637 54 1
1700971716.518372 1729 -1
1700971716.518394 54 1
1700971716.523203 1072 -1
1700971716.523274 5894 -1
1700971716.523322 54 1
1700971716.524448 2974 -1
1700971716.524500 54 1
1700971716.524608 8145 -1
1700971716.524679 54 1
1700971716.527040 1742 -1
1700971716.527040 6320 -1
1700971716.527106 54 1
1700971716.527326 7354 -1
1700971716.527377 54 1
1700971716.534989 1056 -1
1700971716.535018 54 1
1700971716.537843 1104 -1
1700971716.537912 660 -1
1700971716.537933 54 1
1700971716.537983 979 -1
1700971716.538177 814 -1
1700971716.538206 54 1
1700971716.543472 4202 -1
1700971716.543472 7623 -1
1700971716.543581 54 1
1700971716.545749 231 1
1700971716.545891 230 1
1700971716.546026 231 1
1700971716.546152 235 1
1700971716.547208 60 -1
1700971716.570121 1104 -1
1700971716.570121 660 -1
1700971716.570222 54 1
1700971716.592629 981 -1
1700971716.592629 6118 -1
1700971716.592629 1053 -1
1700971716.592629 728 -1
1700971716.592629 7354 -1
1700971716.592629 2974 -1
1700971716.592629 1514 -1
1700971716.592629 2562 -1
1700971716.592629 1514 -1
1700971716.592629 7354 -1
1700971716.592629 3346 -1
1700971716.592629 1030 -1
1700971716.592629 762 -1
1700971716.592629 2974 -1
1700971716.592629 1514 -1
1700971716.592629 3167 -1
1700971716.592905 54 1
1700971716.808006 209 1
1700971716.833331 1077 -1
1700971716.833331 703 -1
1700971716.833425 54 1
1700971716.850916 2264 -1
1700971716.850958 54 1
1700971719.229026 54 1
1700971719.233065 78 -1
1700971719.233065 60 -1
1700971719.233110 54 1
1700971725.865740 66 1
1700971725.867025 66 -1
1700971725.867115 54 1
1700971725.868038 966 1
1700971725.871634 60 -1
1700971725.872098 318 -1
1700971725.872807 134 1
1700971725.873175 146 1
1700971725.873528 584 1
1700971725.873598 229 1
1700971725.873676 231 1
1700971725.875188 60 -1
1700971725.875188 60 -1
1700971725.875188 60 -1
1700971725.875188 60 -1
1700971725.875260 60 -1
1700971725.875392 341 -1
1700971725.880411 115 -1
1700971725.880411 85 -1
1700971725.880488 54 1
1700971725.882649 85 1
1700971725.883947 60 -1
1700971725.889568 948 -1
1700971725.889568 854 -1
1700971725.889568 1514 -1
1700971725.889568 5314 -1
1700971725.889568 933 -1
1700971725.889568 875 -1
1700971725.889568 7354 -1
1700971725.889568 2306 -1
1700971725.889743 54 1
1700971725.892711 1055 -1
1700971725.892711 730 -1
1700971725.892779 54 1
1700971725.894065 6965 -1
1700971725.894131 54 1
1700971728.618299 230 1
1700971728.618364 229 1
1700971728.619288 60 -1
1700971728.619320 60 -1
1700971728.627492 726 -1
1700971728.627563 66 1
1700971728.627619 7354 -1
1700971728.627676 66 1
1700971728.628024 4043 -1
1700971728.628062 66 1
1700971728.628737 1035 -1
1700971728.628808 54 1
1700971728.647758 1051 -1
1700971728.647758 733 -1
1700971728.647869 54 1
1700971728.647996 6374 -1
1700971728.648052 54 1
1700971729.258347 54 1
1700971729.281281 78 -1
1700971729.281281 60 -1
1700971729.281359 54 1
1700971730.144304 66 1
1700971730.146034 66 -1
1700971730.146149 54 1
1700971730.146950 934 1
1700971730.148096 60 -1
1700971730.148925 318 -1
1700971730.149407 134 1
1700971730.150091 146 1
1700971730.150493 60 -1
1700971730.150613 585 1
1700971730.150686 234 1
1700971730.150764 229 1
1700971730.151144 60 -1
1700971730.151716 60 -1
1700971730.151716 60 -1
1700971730.151716 60 -1
1700971730.152661 341 -1
1700971730.155280 115 -1
1700971730.155280 85 -1
1700971730.155320 54 1
1700971730.156127 85 1
1700971730.166968 60 -1
1700971730.166968 1053 -1
1700971730.166968 727 -1
1700971730.166968 4434 -1
1700971730.166968 6025 -1
1700971730.166968 979 -1
1700971730.166968 810 -1
1700971730.166968 1011 -1
1700971730.166968 769 -1
1700971730.166968 7354 -1
1700971730.166968 4480 -1
1700971730.166968 5637 -1
1700971730.167238 54 1
1700971730.171204 1257 -1
1700971730.171274 66 1
1700971732.286120 231 1
1700971732.289460 229 1
1700971732.289580 224 1
1700971732.289728 60 -1
1700971732.291367 60 -1
1700971732.291367 60 -1
1700971732.318231 1053 -1
1700971732.318231 728 -1
1700971732.318334 54 1
1700971732.319431 960 -1
1700971732.319431 841 -1
1700971732.319431 7354 -1
1700971732.319504 54 1
1700971732.319787 3051 -1
1700971732.319814 54 1
1700971732.329259 4434 -1
1700971732.329350 54 1
1700971732.329404 4434 -1
1700971732.329447 54 1
1700971732.329774 969 -1
1700971732.339412 985 -1
1700971732.339412 808 -1
1700971732.339505 54 1
1700971732.342489 7354 -1
1700971732.342576 54 1
1700971732.343057 7354 -1
1700971732.343139 54 1
1700971732.343384 1860 -1
1700971732.343416 54 1
1700971732.343510 10274 -1
1700971732.343558 54 1
1700971732.344455 6271 -1
1700971732.344510 54 1
1700971732.345173 7354 -1
1700971732.345226 54 1
1700971732.345473 7354 -1
1700971732.345526 54 1
1700971732.346090 1922 -1
1700971732.346144 54 1
1700971732.346321 8814 -1
1700971732.346363 54 1
1700971732.347087 5894 -1
1700971732.347137 54 1
1700971732.347464 7354 -1
1700971732.347528 54 1
1700971732.348064 7354 -1
1700971732.348120 54 1
1700971732.348655 3697 -1
1700971732.348677 54 1
1700971732.348971 7354 -1
1700971732.349022 54 1
1700971732.349679 14654 -1
1700971732.349749 54 1
1700971732.350795 14654 -1
1700971732.350860 54 1
1700971732.352028 7354 -1
1700971732.352076 54 1
1700971732.352654 5742 -1
1700971732.352716 54 1
1700971732.353270 7354 -1
1700971732.353312 54 1
1700971732.353818 5894 -1
1700971732.353857 54 1
1700971732.354207 3320 -1
1700971732.354241 54 1
1700971732.354441 85 -1
1700971732.354474 7354 -1
1700971732.354497 54 1
1700971732.357851 1514 -1
1700971732.357851 7354 -1
1700971732.357851 7354 -1
1700971732.357851 7354 -1
1700971732.357851 7354 -1
1700971732.357851 4434 -1
1700971732.358236 54 1
1700971732.360344 7354 -1
1700971732.360344 7354 -1
1700971732.360344 1514 -1
1700971732.360344 7354 -1
1700971732.360344 7797 -1
1700971732.360458 54 1
1700971733.894823 231 1
1700971733.895013 234 1
1700971733.904870 60 -1
1700971733.918104 1052 -1
1700971733.918104 732 -1
1700971733.918104 977 -1
1700971733.918199 54 1
1700971733.918264 848 -1
1700971733.918285 54 1
1700971733.920497 7354 -1
1700971733.920548 54 1
1700971733.920867 1536 -1
1700971733.920914 54 1
1700971733.920998 11734 -1
1700971733.921068 54 1
1700971733.922139 4780 -1
1700971733.922189 54 1
1700971733.922362 3885 -1
1700971733.922395 54 1
1700971735.473575 261 1
1700971735.486795 984 -1
1700971735.486795 802 -1
1700971735.486851 54 1
1700971735.487449 7354 -1
1700971735.487490 54 1
1700971735.488152 1514 -1
1700971735.488191 54 1
1700971735.489926 1514 -1
1700971735.489926 1860 -1
1700971735.489926 85 -1
1700971735.489926 7354 -1
1700971735.489926 9160 -1
1700971735.490101 66 1
1700971735.490158 74 1
1700971735.490194 74 1
1700971735.490230 74 1
1700971735.490293 74 1
1700971735.490380 2974 -1
1700971735.490431 82 1
1700971735.492317 7762 -1
1700971735.492317 7354 -1
1700971735.492317 7354 -1
1700971735.492479 90 1
1700971735.492572 90 1
1700971735.492806 90 1
1700971735.492842 4434 -1
1700971735.492842 4434 -1
1700971735.492934 90 1
1700971735.492999 90 1
1700971735.493459 7354 -1
1700971735.493506 90 1
1700971735.496525 89 1
1700971735.498153 2268 -1
1700971735.498153 7354 -1
1700971735.498153 7354 -1
1700971735.498153 7354 -1
1700971735.498153 7354 -1
1700971735.498153 4434 -1
1700971735.498153 7354 -1
1700971735.498153 7354 -1
1700971735.498153 1185 -1
1700971735.498153 7354 -1
1700971735.498347 90 1
1700971735.498409 90 1
1700971735.498454 90 1
1700971735.498507 90 1
1700971735.498554 90 1
1700971735.498611 90 1
1700971735.498671 90 1
1700971735.498727 90 1
1700971735.498774 90 1
1700971735.498832 90 1
1700971735.502396 7354 -1
1700971735.502396 7354 -1
1700971735.502396 5894 -1
1700971735.502396 7354 -1
1700971735.502396 7354 -1
1700971735.502396 7354 -1
1700971735.502396 7354 -1
1700971735.502631 90 1
1700971735.502718 90 1
1700971735.502790 90 1
1700971735.502860 90 1
1700971735.502944 90 1
1700971735.503053 90 1
1700971735.503123 90 1
1700971735.503172 7354 -1
1700971735.503251 90 1
1700971735.504633 7354 -1
1700971735.504633 1886 -1
1700971735.504633 2974 -1
1700971735.504633 1514 -1
1700971735.504633 2974 -1
1700971735.504752 90 1
1700971735.504833 90 1
1700971735.504910 82 1
1700971735.505071 74 1
1700971735.505123 66 1
1700971735.505193 2974 -1
1700971735.505431 54 1
1700971735.539188 60 -1
1700971737.630758 231 1
1700971737.631975 230 1
1700971737.632230 231 1
1700971737.632310 230 1
1700971737.640696 60 -1
1700971737.640696 60 -1
1700971737.640696 60 -1
1700971737.640696 60 -1
1700971737.647211 1057 -1
1700971737.647211 723 -1
1700971737.647211 7354 -1
1700971737.647323 54 1
1700971737.649770 1540 -1
1700971737.649770 1056 -1
1700971737.649770 726 -1
1700971737.649844 54 1
1700971737.650776 7354 -1
1700971737.650776 2167 -1
1700971737.650850 54 1
1700971737.663167 1053 -1
1700971737.663167 729 -1
1700971737.663167 8022 -1
1700971737.663368 54 1
1700971737.687553 1029 -1
1700971737.687553 764 -1
1700971737.687553 9596 -1
1700971737.687668 54 1
1700971739.209391 229 1
1700971739.209519 230 1
1700971739.210449 231 1
1700971739.212167 60 -1
1700971739.212167 60 -1
1700971739.212167 60 -1
1700971739.224250 1036 -1
1700971739.224250 736 -1
1700971739.224341 54 1
1700971739.225849 4434 -1
1700971739.225905 54 1
1700971739.226180 6223 -1
1700971739.226227 54 1
1700971739.226478 1104 -1
1700971739.226548 659 -1
1700971739.226564 54 1
1700971739.226638 7354 -1
1700971739.226681 54 1
1700971739.227398 761 -1
1700971739.227426 54 1
1700971739.231098 982 -1
1700971739.231098 814 -1
1700971739.231098 6960 -1
1700971739.231213 54 1
1700971739.279960 54 1
1700971739.302124 78 -1
1700971739.302124 60 -1
1700971739.302217 54 1
1700971742.535569 66 1
1700971742.536694 66 -1
1700971742.536802 54 1
1700971742.537831 934 1
1700971742.538760 60 -1
1700971742.539596 318 -1
1700971742.540259 134 1
1700971742.540512 146 1
1700971742.540797 586 1
1700971742.540850 230 1
1700971742.541444 60 -1
1700971742.541444 60 -1
1700971742.541444 341 -1
1700971742.542071 115 -1
1700971742.542071 85 -1
1700971742.542071 60 -1
1700971742.542071 60 -1
1700971742.542183 54 1
1700971742.543419 85 1
1700971742.545065 60 -1
1700971742.547196 983 -1
1700971742.547196 810 -1
1700971742.547225 54 1
1700971742.547284 10758 -1
1700971742.547324 54 1
1700971742.678209 1053 -1
1700971742.678209 731 -1
1700971742.678306 54 1
1700971742.692322 7354 -1
1700971742.692444 54 1
1700971742.692506 917 -1
1700971742.692537 54 1
1700971744.657820 221 1
1700971744.658915 60 -1
1700971744.660127 222 1
1700971744.660224 237 1
1700971744.660280 222 1
1700971744.660354 232 1
1700971744.661672 60 -1
1700971744.661672 60 -1
1700971744.661672 60 -1
1700971744.661672 60 -1
1700971744.695144 1081 -1
1700971744.695298 695 -1
1700971744.695298 1037 -1
1700971744.695298 734 -1
1700971744.695298 1054 -1
1700971744.695352 54 1
1700971744.695721 728 -1
1700971744.695754 54 1
1700971744.698831 7354 -1
1700971744.698831 3916 -1
1700971744.698951 54 1
1700971744.699191 1035 -1
1700971744.699191 737 -1
1700971744.699231 54 1
1700971744.699533 10878 -1
1700971744.699592 54 1
1700971744.700707 7354 -1
1700971744.700707 4730 -1
1700971744.700770 54 1
1700971744.701199 1514 -1
1700971744.701220 54 1
1700971744.701304 5894 -1
1700971744.701368 54 1
1700971744.701607 1514 -1
1700971744.702034 1514 -1
1700971744.702034 2280 -1
1700971744.702065 54 1
1700971744.708345 1087 -1
1700971744.708345 681 -1
1700971744.708428 54 1
1700971744.736809 5937 -1
1700971744.736880 54 1
1700971746.282236 223 1
1700971746.282680 223 1
1700971746.286075 60 -1
1700971746.293326 1020 -1
1700971746.293484 7354 -1
1700971746.293541 54 1
1700971746.293828 2364 -1
1700971746.293850 54 1
1700971746.294936 1052 -1
1700971746.294936 729 -1
1700971746.295006 54 1
1700971746.297479 6924 -1
1700971746.297565 54 1
1700971747.884570 232 1
1700971747.885163 222 1
1700971747.886419 234 1
1700971747.890944 60 -1
1700971747.910566 980 -1
1700971747.910566 808 -1
1700971747.910566 4701 -1
1700971747.910566 1005 -1
1700971747.910566 813 -1
1700971747.910566 4434 -1
1700971747.910566 5312 -1
1700971747.910566 1035 -1
1700971747.910566 731 -1
1700971747.910566 1514 -1
1700971747.910566 3970 -1
1700971747.910566 1050 -1
1700971747.911039 66 1
1700971747.925339 89 1
1700971747.967434 60 -1
1700971749.303426 54 1
1700971749.306225 78 -1
1700971749.306225 60 -1
1700971749.306259 54 1
1700971749.470521 66 1
1700971749.471936 66 -1
1700971749.472061 54 1
1700971749.473200 902 1
1700971749.474469 60 -1
1700971749.475528 318 -1
1700971749.477545 134 1
1700971749.478430 146 1
1700971749.478742 60 -1
1700971749.478907 341 -1
1700971749.479014 585 1
1700971749.479204 229 1
1700971749.479314 230 1
1700971749.479435 224 1
1700971749.479551 231 1
1700971749.479851 60 -1
1700971749.479851 115 -1
1700971749.479851 85 -1
1700971749.479922 54 1
1700971749.480424 85 1
1700971749.480820 60 -1
1700971749.480820 60 -1
1700971749.480820 60 -1
1700971749.480930 60 -1
1700971749.480930 60 -1
1700971749.481618 60 -1
1700971749.491698 1056 -1
1700971749.491698 731 -1
1700971749.491795 54 1
1700971749.491893 4880 -1
1700971749.491938 54 1
1700971749.492197 1082 -1
1700971749.492197 690 -1
1700971749.492197 2974 -1
1700971749.492239 54 1
1700971749.492362 4434 -1
1700971749.492399 54 1
1700971749.492748 4434 -1
1700971749.492774 54 1
1700971749.493357 1514 -1
1700971749.493357 3320 -1
1700971749.493393 54 1
1700971749.493502 3112 -1
1700971749.493540 54 1
1700971749.495525 1050 -1
1700971749.495525 733 -1
1700971749.495570 54 1
1700971749.496366 4377 -1
1700971749.496400 54 1
1700971749.499354 1108 -1
1700971749.499354 652 -1
1700971749.499422 54 1
1700971749.499506 7354 -1
1700971749.499546 54 1
1700971749.499914 1557 -1
1700971749.499948 54 1
1700971749.515266 1083 -1
1700971749.515266 691 -1
1700971749.515331 54 1
1700971749.515620 6693 -1
1700971749.515657 54 1
1700971751.965185 224 1
1700971752.005911 1135 -1
1700971752.005911 618 -1
1700971752.006158 54 1
1700971752.017594 7354 -1
1700971752.017701 54 1
1700971752.017824 3026 -1
1700971752.017851 54 1
1700971755.149894 231 1
1700971755.150079 231 1
1700971755.150863 227 1
1700971755.153457 60 -1
1700971755.160391 983 -1
1700971755.160391 807 -1
1700971755.160391 11039 -1
1700971755.160523 54 1
1700971755.160665 1054 -1
1700971755.160665 721 -1
1700971755.160665 1052 -1
1700971755.160708 54 1
1700971755.160755 731 -1
1700971755.160777 54 1
1700971755.162553 7354 -1
1700971755.162553 3041 -1
1700971755.162553 5687 -1
1700971755.162635 54 1
1700971755.165688 89 1
1700971755.209840 60 -1
1700971756.836793 231 1
1700971756.837839 230 1
1700971756.837939 225 1
1700971756.838365 60 -1
1700971756.839259 60 -1
1700971756.839259 60 -1
1700971756.846506 1051 -1
1700971756.846506 729 -1
1700971756.846506 7442 -1
1700971756.846601 54 1
1700971756.853489 1054 -1
1700971756.853489 727 -1
1700971756.853583 54 1
1700971756.854769 7354 -1
1700971756.854858 54 1
1700971756.855224 9160 -1
1700971756.855289 54 1
1700971756.855947 85 -1
1700971756.855947 3750 -1
1700971756.855993 54 1
1700971756.881171 985 -1
1700971756.881171 807 -1
1700971756.881171 5894 -1
1700971756.881171 7792 -1
1700971756.881171 492 -1
1700971756.881936 66 1
1700971758.958405 231 1
1700971758.960127 234 1
1700971758.960384 60 -1
1700971758.961521 60 -1
1700971758.972590 1052 -1
1700971758.972590 728 -1
1700971758.972590 4261 -1
1700971758.972590 1055 -1
1700971758.972590 729 -1
1700971758.972590 3693 -1
1700971758.972767 54 1
1700971759.335460 54 1
1700971759.337688 78 -1
1700971759.337688 60 -1
1700971759.337715 54 1
1700971760.575396 66 1
1700971760.584721 66 -1
1700971760.584855 54 1
1700971760.586604 934 1
1700971760.597010 60 -1
1700971760.597010 318 -1
1700971760.598050 134 1
1700971760.598386 146 1
1700971760.598828 576 1
1700971760.598905 234 1
1700971760.598977 228 1
1700971760.599105 219 1
1700971760.607925 60 -1
1700971760.608091 60 -1
1700971760.608091 60 -1
1700971760.608091 60 -1
1700971760.608552 60 -1
1700971760.608552 60 -1
1700971760.611598 341 -1
1700971760.616370 115 -1
1700971760.616370 85 -1
1700971760.616519 54 1
1700971760.617001 85 1
1700971760.618221 60 -1
1700971760.626382 1051 -1
1700971760.626382 729 -1
1700971760.626382 979 -1
1700971760.626382 812 -1
1700971760.626514 54 1
1700971760.634552 7354 -1
1700971760.634658 54 1
1700971760.635034 3261 -1
1700971760.635224 54 1
1700971760.635541 5128 -1
1700971760.635590 54 1
1700971760.635805 737 -1
1700971760.638979 1514 -1
1700971760.639034 54 1
1700971760.639078 5894 -1
1700971760.639116 54 1
1700971760.639451 1475 -1
1700971760.639758 1010 -1
1700971760.639758 771 -1
1700971760.639798 54 1
1700971760.644319 2974 -1
1700971760.644407 54 1
1700971760.644489 1514 -1
1700971760.644489 7354 -1
1700971760.644530 54 1
1700971760.645125 4780 -1
1700971760.645224 54 1
1700971760.645548 85 -1
1700971760.645548 7354 -1
1700971760.645605 54 1
1700971760.646109 7354 -1
1700971760.646160 54 1
1700971760.646707 1860 -1
1700971760.646735 54 1
1700971760.646833 1514 -1
1700971760.647090 2974 -1
1700971760.647128 54 1
1700971760.647230 7354 -1
1700971760.647264 54 1
1700971760.647814 2974 -1
1700971760.647840 54 1
1700971760.648042 7354 -1
1700971760.648244 54 1
1700971760.648660 4434 -1
1700971760.648693 54 1
1700971760.649041 7354 -1
1700971760.649255 54 1
1700971760.649631 7354 -1
1700971760.649675 54 1
1700971760.650259 7354 -1
1700971760.650312 54 1
1700971760.650873 2974 -1
1700971760.650916 54 1
1700971760.651210 1514 -1
1700971760.651248 54 1
1700971760.651566 7354 -1
1700971760.651618 54 1
1700971760.651802 7354 -1
1700971760.651848 54 1
1700971760.652420 7354 -1
1700971760.652461 54 1
1700971760.653013 4434 -1
1700971760.653052 54 1
1700971760.653397 1514 -1
1700971760.653491 7354 -1
1700971760.653534 54 1
1700971760.654324 4434 -1
1700971760.654375 54 1
1700971760.654465 5894 -1
1700971760.654491 54 1
1700971760.654940 2974 -1
1700971760.654968 54 1
1700971760.655187 2974 -1
1700971760.655226 54 1
1700971760.655426 7354 -1
1700971760.655464 54 1
1700971760.656044 5894 -1
1700971760.656099 54 1
1700971760.656680 2974 -1
1700971760.656745 54 1
1700971760.662691 1514 -1
1700971760.662691 7354 -1
1700971760.662691 7354 -1
1700971760.662691 7354 -1
1700971760.662691 7354 -1
1700971760.662691 21954 -1
1700971760.662691 4434 -1
1700971760.662691 7354 -1
1700971760.662691 7354 -1
1700971760.663118 54 1
1700971760.663327 7354 -1
1700971760.663327 4434 -1
1700971760.663424 54 1
1700971760.684735 1514 -1
1700971760.684735 2974 -1
1700971760.684735 1514 -1
1700971760.684735 7354 -1
1700971760.684735 7354 -1
1700971760.684735 7354 -1
1700971760.684735 4434 -1
1700971760.684735 1514 -1
1700971760.684735 4434 -1
1700971760.684735 1514 -1
1700971760.684735 7354 -1
1700971760.684735 5894 -1
1700971760.684735 2974 -1
1700971760.684735 4434 -1
1700971760.684735 2974 -1
1700971760.684735 361 -1
1700971760.684735 4434 -1
1700971760.684735 7354 -1
1700971760.684735 2974 -1
1700971760.684735 4434 -1
1700971760.684735 2974 -1
1700971760.684735 7354 -1
1700971760.684735 1514 -1
1700971760.684735 7354 -1
1700971760.684735 5894 -1
1700971760.684735 1514 -1
1700971760.684735 7354 -1
1700971760.684735 7354 -1
1700971760.684735 4434 -1
1700971760.684735 5894 -1
1700971760.684735 7354 -1
1700971760.684735 7354 -1
1700971760.684735 4434 -1
1700971760.684735 7354 -1
1700971760.684735 5894 -1
1700971760.687311 66 1
1700971760.687422 74 1
1700971760.687456 74 1
1700971760.687513 74 1
1700971760.687568 74 1
1700971760.687620 74 1
1700971760.687674 74 1
1700971760.687735 74 1
1700971760.687813 74 1
1700971760.687874 74 1
1700971760.687992 74 1
1700971760.688055 74 1
1700971760.688126 74 1
1700971760.688203 74 1
1700971760.688298 74 1
1700971760.688367 74 1
1700971760.688451 74 1
1700971760.688562 74 1
1700971760.688663 74 1
1700971760.689036 74 1
1700971760.689139 74 1
1700971760.689224 74 1
1700971760.689316 7354 -1
1700971760.689316 4434 -1
1700971760.689424 74 1
1700971760.689500 74 1
1700971760.689826 74 1
1700971760.693323 1514 -1
1700971760.693323 7354 -1
1700971760.693459 66 1
1700971760.693546 66 1
1700971760.693621 7354 -1
1700971760.693698 66 1
1700971760.693985 7354 -1
1700971760.694093 66 1
1700971760.694568 4434 -1
1700971760.694618 66 1
1700971760.695010 1514 -1
1700971760.695049 66 1
1700971760.695102 7354 -1
1700971760.695175 66 1
1700971760.696201 1514 -1
1700971760.696201 7354 -1
1700971760.696276 66 1
1700971760.696328 66 1
1700971760.696510 4434 -1
1700971760.696564 66 1
1700971760.700568 4434 -1
1700971760.700568 2974 -1
1700971760.700568 5894 -1
1700971760.700568 7354 -1
1700971760.700568 2974 -1
1700971760.700568 5894 -1
1700971760.700568 4434 -1
1700971760.700568 4434 -1
1700971760.700568 7354 -1
1700971760.700843 66 1
1700971760.701360 54 1
1700971760.701457 54 1
1700971760.701809 7354 -1
1700971760.701809 7354 -1
1700971760.701809 7354 -1
1700971760.701908 54 1
1700971760.702803 4434 -1
1700971760.702803 4434 -1
1700971760.702906 54 1
1700971760.702961 54 1
1700971760.703226 7354 -1
1700971760.703281 54 1
1700971760.703446 54 1
1700971760.703685 7354 -1
1700971760.703732 54 1
1700971760.704399 1063 -1
1700971760.704399 5894 -1
1700971760.704444 54 1
1700971760.704953 505 -1
1700971760.704953 2974 -1
1700971760.705002 54 1
1700971760.705348 7354 -1
1700971760.705378 54 1
1700971760.705735 5894 -1
1700971760.705785 54 1
1700971760.706625 4839 -1
1700971760.706692 54 1
1700971762.207877 231 1
1700971762.208230 231 1
1700971762.208321 224 1
1700971762.209971 60 -1
1700971762.209971 60 -1
1700971762.209971 60 -1
1700971762.222287 1054 -1
1700971762.222287 730 -1
1700971762.222388 54 1
1700971762.227408 4868 -1
1700971762.227489 54 1
1700971762.236303 1052 -1
1700971762.236303 733 -1
1700971762.236389 54 1
1700971762.236672 1035 -1
1700971762.236672 737 -1
1700971762.236695 54 1
1700971762.236724 7354 -1
1700971762.236774 54 1
1700971762.237341 1087 -1
1700971762.237341 7354 -1
1700971762.237392 54 1
1700971762.238000 1502 -1
1700971762.238033 54 1
1700971764.852328 225 1
1700971764.852447 223 1
1700971764.854356 60 -1
1700971764.864838 1081 -1
1700971764.864838 693 -1
1700971764.864838 2974 -1
1700971764.864939 54 1
1700971764.865005 10274 -1
1700971764.865054 54 1
1700971764.865777 7354 -1
1700971764.865825 54 1
1700971764.882620 1032 -1
1700971764.882620 744 -1
1700971764.882620 3027 -1
1700971764.882725 66 1
1700971764.882781 66 1
1700971764.882812 66 1
1700971764.889917 1185 -1
1700971764.890014 54 1
1700971764.890365 221 1
1700971764.932579 1111 -1
1700971764.932579 651 -1
1700971764.932676 54 1
1700971764.938096 1514 -1
1700971764.938244 7354 -1
1700971764.938290 54 1
1700971764.938650 1001 -1
1700971764.993214 54 1
1700971769.160102 230 1
1700971769.161295 230 1
1700971769.164404 219 1
1700971769.186892 60 -1
1700971769.186892 1002 -1
1700971769.186892 818 -1
1700971769.186892 1053 -1
1700971769.186892 722 -1
1700971769.186892 3568 -1
1700971769.186892 6236 -1
1700971769.186892 1734 -1
1700971769.186892 7354 -1
1700971769.186892 1514 -1
1700971769.186892 4434 -1
1700971769.186892 2974 -1
1700971769.186892 7354 -1
1700971769.186892 2974 -1
1700971769.186892 4434 -1
1700971769.186892 2237 -1
1700971769.186892 7354 -1
1700971769.186892 5894 -1
1700971769.186892 5894 -1
1700971769.186892 7354 -1
1700971769.186892 2974 -1
1700971769.186892 1514 -1
1700971769.186892 2974 -1
1700971769.187655 54 1
1700971769.188290 54 1
1700971769.193705 89 1
1700971769.217153 2974 -1
1700971769.217153 4434 -1
1700971769.217153 1514 -1
1700971769.217153 2974 -1
1700971769.217153 7354 -1
1700971769.217153 5894 -1
1700971769.217153 7354 -1
1700971769.217153 5894 -1
1700971769.217153 13194 -1
1700971769.217153 4434 -1
1700971769.217153 13194 -1
1700971769.217153 13194 -1
1700971769.217153 13194 -1
1700971769.217153 4434 -1
1700971769.217153 2974 -1
1700971769.217153 4434 -1
1700971769.217153 1514 -1
1700971769.217153 7354 -1
1700971769.217153 4434 -1
1700971769.217153 5894 -1
1700971769.217153 2974 -1
1700971769.217153 2974 -1
1700971769.217153 1514 -1
1700971769.217153 4434 -1
1700971769.217153 4434 -1
1700971769.217153 2974 -1
1700971769.217153 1514 -1
1700971769.217866 66 1
1700971769.217940 66 1
1700971769.217979 66 1
1700971769.218016 66 1
1700971769.218050 66 1
1700971769.218086 66 1
1700971769.218120 66 1
1700971769.218188 66 1
1700971769.218254 66 1
1700971769.218290 66 1
1700971769.218335 66 1
1700971769.218375 66 1
1700971769.218417 66 1
1700971769.218457 66 1
1700971769.218495 66 1
1700971769.218534 66 1
1700971769.218582 66 1
1700971769.218626 66 1
1700971769.218667 66 1
1700971769.218703 66 1
1700971769.218754 66 1
1700971769.218796 66 1
1700971769.218838 66 1
1700971769.218873 66 1
1700971769.228439 7354 -1
1700971769.228699 66 1
1700971769.228873 7354 -1
1700971769.228957 66 1
1700971769.229260 1514 -1
1700971769.229294 66 1
1700971769.229378 1514 -1
1700971769.229406 66 1
1700971769.229745 7354 -1
1700971769.229819 66 1
1700971769.230153 7354 -1
1700971769.230220 66 1
1700971769.232295 1514 -1
1700971769.232295 2974 -1
1700971769.232295 2974 -1
1700971769.232295 1514 -1
1700971769.232295 7354 -1
1700971769.232295 7354 -1
1700971769.232527 54 1
1700971769.232624 54 1
1700971769.233007 7354 -1
1700971769.233042 54 1
1700971769.233239 54 1
1700971769.233325 7354 -1
1700971769.233375 54 1
1700971769.233865 1514 -1
1700971769.233894 54 1
1700971769.234036 4434 -1
1700971769.234070 54 1
1700971769.234358 2974 -1
1700971769.234395 54 1
1700971769.234591 1514 -1
1700971769.234618 54 1
1700971769.234724 4434 -1
1700971769.234766 54 1
1700971769.235078 2974 -1
1700971769.235118 54 1
1700971769.235313 7354 -1
1700971769.235373 54 1
1700971769.235927 7354 -1
1700971769.235976 54 1
1700971769.236522 1514 -1
1700971769.236554 54 1
1700971769.236660 4434 -1
1700971769.236685 54 1
1700971769.237120 7354 -1
1700971769.237185 54 1
1700971769.237655 4434 -1
1700971769.237687 54 1
1700971769.238032 2974 -1
1700971769.238075 54 1
1700971769.238224 1514 -1
1700971769.238252 54 1
1700971769.238332 1370 -1
1700971769.238449 2974 -1
1700971769.238478 54 1
1700971769.238698 2974 -1
1700971769.238736 54 1
1700971769.239022 2974 -1
1700971769.239064 54 1
1700971769.239192 7354 -1
1700971769.239232 54 1
1700971769.239826 4434 -1
1700971769.239859 54 1
1700971769.240324 4434 -1
1700971769.240385 54 1
1700971769.240558 7354 -1
1700971769.240632 54 1
1700971769.241275 7354 -1
1700971769.241304 54 1
1700971769.241774 3118 -1
1700971769.241802 54 1
1700971769.241993 7354 -1
1700971769.242014 54 1
1700971769.242652 4434 -1
1700971769.242703 54 1
1700971769.243028 7354 -1
1700971769.243070 54 1
1700971769.243562 4434 -1
1700971769.243602 54 1
1700971769.243934 7354 -1
1700971769.243986 54 1
1700971769.244542 4434 -1
1700971769.244602 54 1
1700971769.244898 7354 -1
1700971769.244922 54 1
1700971769.245623 2974 -1
1700971769.245652 54 1
1700971769.245720 1514 -1
1700971769.245892 7354 -1
1700971769.245929 54 1
1700971769.246567 4434 -1
1700971769.246597 54 1
1700971769.246822 5894 -1
1700971769.246843 54 1
1700971769.247306 1514 -1
1700971769.247454 54 1
1700971769.247490 7354 -1
1700971769.247520 54 1
1700971769.248044 4434 -1
1700971769.248072 54 1
1700971769.248399 1514 -1
1700971769.248538 7354 -1
1700971769.248585 54 1
1700971769.249179 7354 -1
1700971769.249223 54 1
1700971769.249757 5894 -1
1700971769.249814 54 1
1700971769.250266 7354 -1
1700971769.250290 54 1
1700971769.250827 1514 -1
1700971769.250971 7354 -1
1700971769.250996 54 1
1700971769.251559 7354 -1
1700971769.251600 54 1
1700971769.252296 5894 -1
1700971769.252335 54 1
1700971769.252657 7354 -1
1700971769.252784 54 1
1700971769.253256 7354 -1
1700971769.253305 54 1
1700971769.253907 7354 -1
1700971769.253941 54 1
1700971769.254560 7354 -1
1700971769.254593 54 1
1700971769.255245 7354 -1
1700971769.255302 54 1
1700971769.255664 1514 -1
1700971769.255797 5894 -1
1700971769.255841 54 1
1700971769.259135 7354 -1
1700971769.259135 4434 -1
1700971769.259135 5894 -1
1700971769.259135 1347 -1
1700971769.259135 7354 -1
1700971769.259135 4434 -1
1700971769.259135 7354 -1
1700971769.259552 54 1
1700971769.259680 2974 -1
1700971769.259680 1514 -1
1700971769.259723 54 1
1700971769.259818 1514 -1
1700971769.260129 7354 -1
1700971769.260262 54 1
1700971769.260498 2974 -1
1700971769.260526 54 1
1700971769.260859 7354 -1
1700971769.260900 54 1
1700971769.261792 4434 -1
1700971769.261792 4434 -1
1700971769.261845 54 1
1700971769.271581 7354 -1
1700971769.271581 5894 -1
1700971769.271581 7354 -1
1700971769.271581 4434 -1
1700971769.271581 2974 -1
1700971769.271581 7354 -1
1700971769.271581 1514 -1
1700971769.271581 7354 -1
1700971769.271581 4434 -1
1700971769.271581 7354 -1
1700971769.271581 4434 -1
1700971769.271581 2974 -1
1700971769.271581 7354 -1
1700971769.271581 1514 -1
1700971769.271581 4434 -1
1700971769.271581 1514 -1
1700971769.271581 2974 -1
1700971769.271581 5894 -1
1700971769.271581 4434 -1
1700971769.271581 4434 -1
1700971769.271581 7354 -1
1700971769.271581 1514 -1
1700971769.271581 1514 -1
1700971769.271581 7354 -1
1700971769.271581 4434 -1
1700971769.272464 54 1
1700971769.272674 4434 -1
1700971769.272674 7354 -1
1700971769.272765 54 1
1700971769.272997 1514 -1
1700971769.272997 7354 -1
1700971769.273058 54 1
1700971769.273694 54 1
1700971769.274225 1514 -1
1700971769.274225 2974 -1
1700971769.274225 7354 -1
1700971769.274310 54 1
1700971769.274437 1514 -1
1700971769.274485 54 1
1700971769.274577 1514 -1
1700971769.274759 7354 -1
1700971769.274809 54 1
1700971769.275858 54 1
1700971769.277309 7354 -1
1700971769.277309 1514 -1
1700971769.277309 2974 -1
1700971769.277309 5894 -1
1700971769.277309 8814 -1
1700971769.277506 54 1
1700971769.277577 8814 -1
1700971769.277656 54 1
1700971769.278436 5894 -1
1700971769.278491 54 1
1700971769.280276 5649 -1
1700971769.280276 2974 -1
1700971769.280276 7354 -1
1700971769.280276 1514 -1
1700971769.280276 7354 -1
1700971769.280434 54 1
1700971769.280780 4434 -1
1700971769.280831 54 1
1700971769.281087 4434 -1
1700971769.281215 54 1
1700971769.281808 7354 -1
1700971769.281857 54 1
1700971769.282046 7354 -1
1700971769.282077 54 1
1700971769.282738 4434 -1
1700971769.282780 54 1
1700971769.283772 5894 -1
1700971769.283772 5894 -1
1700971769.283829 54 1
1700971769.284096 5894 -1
1700971769.284167 54 1
1700971769.284494 7354 -1
1700971769.284550 54 1
1700971769.285364 4434 -1
1700971769.285440 54 1
1700971769.285475 7354 -1
1700971769.285512 54 1
1700971769.286439 4434 -1
1700971769.286439 7354 -1
1700971769.286506 54 1
1700971769.287033 4434 -1
1700971769.287076 54 1
1700971769.287542 7354 -1
1700971769.287589 54 1
1700971769.288184 4434 -1
1700971769.288231 54 1
1700971769.288429 7354 -1
1700971769.288468 54 1
1700971769.290598 4434 -1
1700971769.290598 5894 -1
1700971769.290598 7354 -1
1700971769.290598 2974 -1
1700971769.290797 54 1
1700971769.290847 1514 -1
1700971769.290872 54 1
1700971769.290917 7354 -1
1700971769.290975 54 1
1700971769.291644 4434 -1
1700971769.291730 54 1
1700971769.291991 7354 -1
1700971769.292038 54 1
1700971769.292565 7354 -1
1700971769.292611 54 1
1700971769.292952 1514 -1
1700971769.293448 7354 -1
1700971769.293481 54 1
1700971769.293719 5894 -1
1700971769.293757 54 1
1700971769.294171 7354 -1
1700971769.294202 54 1
1700971769.294765 1514 -1
1700971769.294791 54 1
1700971769.294879 2974 -1
1700971769.294907 54 1
1700971769.295343 7354 -1
1700971769.295388 54 1
1700971769.295740 4434 -1
1700971769.295783 54 1
1700971769.296764 7354 -1
1700971769.296764 4434 -1
1700971769.296837 54 1
1700971769.297785 7354 -1
1700971769.297785 4434 -1
1700971769.297836 54 1
1700971769.299611 7354 -1
1700971769.299611 4434 -1
1700971769.299611 7354 -1
1700971769.299706 54 1
1700971769.299754 4434 -1
1700971769.299791 54 1
1700971769.300449 5894 -1
1700971769.300449 5894 -1
1700971769.300530 54 1
1700971769.301588 5894 -1
1700971769.301588 1514 -1
1700971769.301588 7354 -1
1700971769.301661 54 1
1700971769.302211 2974 -1
1700971769.302421 54 1
1700971769.302755 1514 -1
1700971769.302755 7354 -1
1700971769.302828 54 1
1700971769.303244 2974 -1
1700971769.303342 54 1
1700971769.303451 7354 -1
1700971769.303492 54 1
1700971769.304028 4434 -1
1700971769.304084 54 1
1700971769.304572 7354 -1
1700971769.304615 54 1
1700971769.304949 4434 -1
1700971769.305002 54 1
1700971769.305668 5894 -1
1700971769.305716 54 1
1700971769.305880 7354 -1
1700971769.305936 54 1
1700971769.306677 7354 -1
1700971769.306728 54 1
1700971769.307000 7354 -1
1700971769.307027 54 1
1700971769.307675 7354 -1
1700971769.307737 54 1
1700971769.308593 8814 -1
1700971769.308658 54 1
1700971769.308946 5894 -1
1700971769.308986 54 1
1700971769.309973 2974 -1
1700971769.309973 1514 -1
1700971769.310041 54 1
1700971769.310072 2974 -1
1700971769.310072 1514 -1
1700971769.310092 54 1
1700971769.310714 7354 -1
1700971769.310765 54 1
1700971769.310803 1514 -1
1700971769.310822 54 1
1700971769.310920 2974 -1
1700971769.310945 54 1
1700971769.311112 4434 -1
1700971769.311157 54 1
1700971769.311539 2974 -1
1700971769.311560 54 1
1700971769.311809 4434 -1
1700971769.311848 54 1
1700971769.312346 7354 -1
1700971769.312394 54 1
1700971769.312725 4434 -1
1700971769.312787 54 1
1700971769.313049 2974 -1
1700971769.313084 54 1
1700971769.313369 4434 -1
1700971769.313389 54 1
1700971769.313682 2974 -1
1700971769.313708 54 1
1700971769.313902 1514 -1
1700971769.313941 54 1
1700971769.314071 7354 -1
1700971769.314119 54 1
1700971769.314628 4434 -1
1700971769.314664 54 1
1700971769.315082 10274 -1
1700971769.315242 54 1
1700971769.316334 1514 -1
1700971769.316334 5894 -1
1700971769.316408 54 1
1700971769.316459 7354 -1
1700971769.316488 54 1
1700971769.317989 4434 -1
1700971769.317989 1514 -1
1700971769.317989 1514 -1
1700971769.317989 4434 -1
1700971769.318071 54 1
1700971769.318120 4434 -1
1700971769.318172 54 1
1700971769.318723 7354 -1
1700971769.318761 54 1
1700971769.319132 4434 -1
1700971769.319198 54 1
1700971769.319379 7354 -1
1700971769.319407 54 1
1700971769.320000 7354 -1
1700971769.320040 54 1
1700971769.320563 1514 -1
1700971769.320678 7354 -1
1700971769.320704 54 1
1700971769.321546 1514 -1
1700971769.321546 4434 -1
1700971769.321607 54 1
1700971769.321779 7354 -1
1700971769.321809 54 1
1700971769.322377 4434 -1
1700971769.322433 54 1
1700971769.322746 7354 -1
1700971769.322773 54 1
1700971769.323351 4434 -1
1700971769.323431 54 1
1700971769.323705 2974 -1
1700971769.323733 54 1
1700971769.323973 8814 -1
1700971769.324009 54 1
1700971769.324723 1514 -1
1700971769.324833 7354 -1
1700971769.324868 54 1
1700971769.325411 2974 -1
1700971769.325448 54 1
1700971769.325654 7354 -1
1700971769.325688 54 1
1700971769.326263 4434 -1
1700971769.326295 54 1
1700971769.326619 5894 -1
1700971769.326662 54 1
1700971769.327126 7354 -1
1700971769.327170 54 1
1700971769.327760 4434 -1
1700971769.327798 54 1
1700971769.328129 11734 -1
1700971769.328309 54 1
1700971769.329049 7354 -1
1700971769.329090 54 1
1700971769.329663 4434 -1
1700971769.329703 54 1
1700971769.330004 1514 -1
1700971769.330128 2974 -1
1700971769.330261 54 1
1700971769.330357 7354 -1
1700971769.330378 54 1
1700971769.330996 2974 -1
1700971769.331016 54 1
1700971769.331329 7354 -1
1700971769.331376 54 1
1700971769.331827 4434 -1
1700971769.331864 54 1
1700971769.332312 1514 -1
1700971769.332370 1514 -1
1700971769.332384 54 1
1700971769.332412 1514 -1
1700971769.332543 5894 -1
1700971769.332574 54 1
1700971769.333037 1514 -1
1700971769.333074 54 1
1700971769.333141 7354 -1
1700971769.333183 54 1
1700971769.333766 1514 -1
1700971769.333793 54 1
1700971769.333859 1514 -1
1700971769.334040 7354 -1
1700971769.334079 54 1
1700971769.334613 6693 -1
1700971769.334645 54 1
1700971769.336541 54 1
1700971769.345338 78 -1
1700971769.345430 54 1
1700971769.345516 60 -1
1700971770.790771 66 1
1700971770.797473 66 -1
1700971770.797740 54 1
1700971770.798407 966 1
1700971770.800690 318 -1
1700971770.801306 134 1
1700971770.801689 146 1
1700971770.802098 573 1
1700971770.802380 60 -1
1700971770.802438 222 1
1700971770.802692 341 -1
1700971770.803104 60 -1
1700971770.803402 115 -1
1700971770.803402 85 -1
1700971770.803402 60 -1
1700971770.803462 54 1
1700971770.803843 60 -1
1700971770.804350 85 1
1700971770.805547 60 -1
1700971770.810931 981 -1
1700971770.810931 801 -1
1700971770.811020 54 1
1700971770.824564 7354 -1
1700971770.824653 54 1
1700971770.824784 9160 -1
1700971770.824842 54 1
1700971770.825611 16491 -1
1700971770.825660 54 1
1700971770.826954 7354 -1
1700971770.827000 54 1
1700971770.827521 5894 -1
1700971770.827558 54 1
1700971770.828000 3382 -1
1700971770.828044 54 1
1700971770.828284 7354 -1
1700971770.828305 54 1
1700971770.828900 7354 -1
1700971770.828929 54 1
1700971770.829502 7354 -1
1700971770.829534 54 1
1700971770.830117 7354 -1
1700971770.830176 54 1
1700971770.830778 3697 -1
1700971770.830818 54 1
1700971770.830986 7354 -1
1700971770.831028 54 1
1700971770.831621 4434 -1
1700971770.831669 54 1
1700971770.832003 2974 -1
1700971770.832050 54 1
1700971770.832371 4434 -1
1700971770.832397 54 1
1700971770.832570 7354 -1
1700971770.832600 54 1
1700971770.833393 1514 -1
1700971770.833393 1514 -1
1700971770.833482 54 1
1700971770.833529 7354 -1
1700971770.833561 54 1
1700971770.835561 7354 -1
1700971770.835561 1514 -1
1700971770.835561 4434 -1
1700971770.835561 7354 -1
1700971770.835660 54 1
1700971770.835751 7354 -1
1700971770.835782 54 1
1700971770.836492 7354 -1
1700971770.836539 54 1
1700971770.836958 7354 -1
1700971770.836991 54 1
1700971770.837670 7354 -1
1700971770.837720 54 1
1700971770.838460 2974 -1
1700971770.838500 54 1
1700971770.839195 7354 -1
1700971770.839195 2974 -1
1700971770.839288 54 1
1700971770.839333 19034 -1
1700971770.839387 54 1
1700971770.840969 7354 -1
1700971770.840999 54 1
1700971770.841637 7354 -1
1700971770.841669 54 1
1700971770.842011 1514 -1
1700971770.842168 7354 -1
1700971770.842204 54 1
1700971770.842744 1514 -1
1700971770.842857 7354 -1
1700971770.842889 54 1
1700971770.843523 14654 -1
1700971770.843595 54 1
1700971770.844704 7354 -1
1700971770.844745 54 1
1700971770.845352 5894 -1
1700971770.845394 54 1
1700971770.845774 7354 -1
1700971770.845803 54 1
1700971770.846426 7354 -1
1700971770.846454 54 1
1700971770.846979 4434 -1
1700971770.847020 54 1
1700971770.847359 7354 -1
1700971770.847394 54 1
1700971770.847950 2974 -1
1700971770.847976 54 1
1700971770.848413 7354 -1
1700971770.848457 54 1
1700971770.848803 7354 -1
1700971770.848849 54 1
1700971770.849411 7354 -1
1700971770.849453 54 1
1700971770.850011 7354 -1
1700971770.850047 54 1
1700971770.850769 7354 -1
1700971770.850819 54 1
1700971770.851462 1514 -1
1700971770.851462 7354 -1
1700971770.851522 54 1
1700971770.851950 2974 -1
1700971770.851989 54 1
1700971770.852393 7354 -1
1700971770.852451 54 1
1700971770.852804 7354 -1
1700971770.852841 54 1
1700971770.853462 1514 -1
1700971770.853563 7354 -1
1700971770.853591 54 1
1700971770.854137 7354 -1
1700971770.854198 54 1
1700971770.854751 1514 -1
1700971770.854786 54 1
1700971770.854934 7354 -1
1700971770.854974 54 1
1700971770.855464 7354 -1
1700971770.855511 54 1
1700971770.856066 7354 -1
1700971770.856105 54 1
1700971770.856675 1514 -1
1700971770.856707 54 1
1700971770.856864 1514 -1
1700971770.857045 1514 -1
1700971770.857045 2974 -1
1700971770.857080 54 1
1700971770.857708 1514 -1
1700971770.857708 2974 -1
1700971770.857708 7354 -1
1700971770.857769 54 1
1700971770.858517 7354 -1
1700971770.858552 54 1
1700971770.858865 7354 -1
1700971770.858900 54 1
1700971770.862055 2974 -1
1700971770.862055 2974 -1
1700971770.862055 7354 -1
1700971770.862055 7354 -1
1700971770.862055 1514 -1
1700971770.862055 7354 -1
1700971770.862055 7354 -1
1700971770.862198 54 1
1700971770.862519 5894 -1
1700971770.862548 54 1
1700971770.863351 2974 -1
1700971770.863351 7354 -1
1700971770.863395 54 1
1700971770.863906 1514 -1
1700971770.863961 2974 -1
1700971770.863980 54 1
1700971770.864438 7354 -1
1700971770.864471 54 1
1700971770.879787 7354 -1
1700971770.879787 1514 -1
1700971770.879787 7354 -1
1700971770.879787 2974 -1
1700971770.879787 4434 -1
1700971770.879787 5894 -1
1700971770.879787 7354 -1
1700971770.879787 7354 -1
1700971770.879787 1514 -1
1700971770.879787 7354 -1
1700971770.879787 4434 -1
1700971770.879787 7354 -1
1700971770.879787 7354 -1
1700971770.879787 1514 -1
1700971770.879787 5894 -1
1700971770.879787 4434 -1
1700971770.879787 1514 -1
1700971770.879787 5894 -1
1700971770.879787 1514 -1
1700971770.879787 2974 -1
1700971770.879787 7354 -1
1700971770.879787 1514 -1
1700971770.879787 7354 -1
1700971770.879787 7354 -1
1700971770.879787 2974 -1
1700971770.879787 4434 -1
1700971770.879787 7354 -1
1700971770.879787 1514 -1
1700971770.879787 1514 -1
1700971770.879787 7354 -1
1700971770.879787 7354 -1
1700971770.879787 7354 -1
1700971770.879787 1514 -1
1700971770.879787 7354 -1
1700971770.879787 7354 -1
1700971770.879787 7354 -1
1700971770.880485 54 1
1700971770.880659 54 1
1700971770.880716 4434 -1
1700971770.880716 7354 -1
1700971770.880809 54 1
1700971770.880858 7354 -1
1700971770.880916 54 1
1700971770.880929 54 1
1700971770.883042 54 1
1700971770.887642 7354 -1
1700971770.887642 7354 -1
1700971770.887642 1514 -1
1700971770.887642 7354 -1
1700971770.887642 7354 -1
1700971770.887642 7354 -1
1700971770.887642 5894 -1
1700971770.887642 5894 -1
1700971770.887642 5894 -1
1700971770.887642 7354 -1
1700971770.887642 5894 -1
1700971770.887642 7354 -1
1700971770.887925 54 1
1700971770.888033 54 1
1700971770.887990 27794 -1
1700971770.888152 54 1
1700971770.890041 7354 -1
1700971770.890090 54 1
1700971770.898042 2974 -1
1700971770.898042 7354 -1
1700971770.898042 7354 -1
1700971770.898042 7354 -1
1700971770.898042 7354 -1
1700971770.898042 7354 -1
1700971770.898042 7354 -1
1700971770.898042 7354 -1
1700971770.898042 2974 -1
1700971770.898042 7354 -1
1700971770.898042 2974 -1
1700971770.898042 7354 -1
1700971770.898042 5894 -1
1700971770.898042 7354 -1
1700971770.898042 5894 -1
1700971770.898432 54 1
1700971770.898504 5894 -1
1700971770.898551 54 1
1700971770.899207 54 1
1700971770.901952 7354 -1
1700971770.901952 7354 -1
1700971770.901952 5894 -1
1700971770.901952 7354 -1
1700971770.901952 4434 -1
1700971770.901952 2974 -1
1700971770.901952 1514 -1
1700971770.901952 8814 -1
1700971770.902114 54 1
1700971770.902648 7354 -1
1700971770.902670 54 1
1700971770.903828 5894 -1
1700971770.903828 7354 -1
1700971770.903888 54 1
1700971770.904890 5894 -1
1700971770.904890 4434 -1
1700971770.904945 54 1
1700971770.905146 54 1
1700971770.905168 2974 -1
1700971770.905199 54 1
1700971770.905947 1514 -1
1700971770.905947 4434 -1
1700971770.905947 7354 -1
1700971770.906016 54 1
1700971770.906473 4434 -1
1700971770.906494 54 1
1700971770.906870 7354 -1
1700971770.906920 54 1
1700971770.907486 1514 -1
1700971770.907702 4434 -1
1700971770.907752 54 1
1700971770.907928 7354 -1
1700971770.907989 54 1
1700971770.908529 5894 -1
1700971770.908562 54 1
1700971770.909025 13194 -1
1700971770.909094 54 1
1700971770.910152 7354 -1
1700971770.910347 54 1
1700971770.910719 5894 -1
1700971770.910751 54 1
1700971770.911388 7354 -1
1700971770.911450 54 1
1700971770.911981 4434 -1
1700971770.912037 54 1
1700971770.912273 7354 -1
1700971770.912295 54 1
1700971770.912861 5894 -1
1700971770.912901 54 1
1700971770.913556 2974 -1
1700971770.913556 1514 -1
1700971770.913592 54 1
1700971770.913750 7354 -1
1700971770.913801 54 1
1700971770.914370 1514 -1
1700971770.914417 7354 -1
1700971770.914445 54 1
1700971770.914973 5894 -1
1700971770.915019 54 1
1700971770.915436 7354 -1
1700971770.915481 54 1
1700971770.916060 5894 -1
1700971770.916100 54 1
1700971770.916629 7354 -1
1700971770.916679 54 1
1700971770.917180 4434 -1
1700971770.917220 54 1
1700971770.917639 1514 -1
1700971770.917639 5894 -1
1700971770.917709 66 1
1700971770.918111 4434 -1
1700971770.918142 66 1
1700971770.918459 1514 -1
1700971770.918488 66 1
1700971770.918559 2974 -1
1700971770.918586 66 1
1700971770.918823 4434 -1
1700971770.918846 66 1
1700971770.919348 4434 -1
1700971770.919373 66 1
1700971770.919632 7354 -1
1700971770.919671 66 1
1700971770.920341 5894 -1
1700971770.920371 66 1
1700971770.920657 7354 -1
1700971770.920711 66 1
1700971770.921396 7354 -1
1700971770.921431 66 1
1700971770.921878 1514 -1
1700971770.921901 66 1
1700971770.921970 7354 -1
1700971770.921997 66 1
1700971770.922598 1514 -1
1700971770.922619 66 1
1700971770.922678 7354 -1
1700971770.922701 66 1
1700971770.923379 2974 -1
1700971770.923421 66 1
1700971770.923547 7354 -1
1700971770.923595 66 1
1700971770.924153 2974 -1
1700971770.924188 66 1
1700971770.924422 4434 -1
1700971770.924457 74 1
1700971770.924887 2974 -1
1700971770.924925 74 1
1700971770.925183 7354 -1
1700971770.925225 74 1
1700971770.925626 1514 -1
1700971770.925647 74 1
1700971770.925711 1514 -1
1700971770.925733 74 1
1700971770.925835 7354 -1
1700971770.925858 74 1
1700971770.926541 5894 -1
1700971770.926596 74 1
1700971770.926956 7354 -1
1700971770.926995 74 1
1700971770.927560 7354 -1
1700971770.927601 74 1
1700971770.928283 5894 -1
1700971770.928331 74 1
1700971770.928629 7354 -1
1700971770.928670 74 1
1700971770.929415 2974 -1
1700971770.929448 74 1
1700971770.929482 2974 -1
1700971770.929505 74 1
1700971770.929711 7354 -1
1700971770.929748 74 1
1700971770.930348 5894 -1
1700971770.930384 74 1
1700971770.930819 1514 -1
1700971770.930940 66 1
1700971770.931054 5894 -1
1700971770.931083 66 1
1700971770.931490 1514 -1
1700971770.931523 66 1
1700971770.931573 1514 -1
1700971770.931604 66 1
1700971770.931682 2974 -1
1700971770.931711 66 1
1700971770.931905 1514 -1
1700971770.931934 66 1
1700971770.932020 1514 -1
1700971770.932067 66 1
1700971770.932142 7354 -1
1700971770.932274 66 1
1700971770.932758 2974 -1
1700971770.932791 66 1
1700971770.933002 5894 -1
1700971770.933050 66 1
1700971770.933482 7354 -1
1700971770.933517 66 1
1700971770.934080 5894 -1
1700971770.934132 66 1
1700971770.934583 7354 -1
1700971770.934625 66 1
1700971770.935294 1514 -1
1700971770.935294 7354 -1
1700971770.935332 66 1
1700971770.935372 66 1
1700971770.935903 1514 -1
1700971770.935932 66 1
1700971770.936015 7354 -1
1700971770.936047 66 1
1700971770.936636 2974 -1
1700971770.936668 66 1
1700971770.936865 7354 -1
1700971770.936892 66 1
1700971770.937494 2974 -1
1700971770.937526 66 1
1700971770.937715 1514 -1
1700971770.937769 66 1
1700971770.937841 2974 -1
1700971770.937872 66 1
1700971770.938087 1514 -1
1700971770.938235 54 1
1700971770.938499 1514 -1
1700971770.938499 5894 -1
1700971770.938535 54 1
1700971770.938812 1514 -1
1700971770.938836 54 1
1700971770.938915 1514 -1
1700971770.939043 7354 -1
1700971770.939081 54 1
1700971770.939174 54 1
1700971770.939648 1514 -1
1700971770.939770 5894 -1
1700971770.939801 54 1
1700971770.940372 7354 -1
1700971770.940401 54 1
1700971770.940878 7354 -1
1700971770.940922 54 1
1700971770.941481 2974 -1
1700971770.941523 54 1
1700971770.941714 2974 -1
1700971770.941752 54 1
1700971770.941969 4767 -1
1700971770.942024 54 1
1700971772.422929 232 1
1700971772.423981 60 -1
1700971772.424751 222 1
1700971772.424853 223 1
1700971772.425062 230 1
1700971772.426011 60 -1
1700971772.426055 60 -1
1700971772.426104 60 -1
1700971772.435830 999 -1
1700971772.435830 784 -1
1700971772.435932 54 1
1700971772.437334 7281 -1
1700971772.437414 54 1
1700971772.438747 1050 -1
1700971772.438779 54 1
1700971772.438810 729 -1
1700971772.439715 7159 -1
1700971772.439750 54 1
1700971772.447611 1053 -1
1700971772.447611 731 -1
1700971772.447719 54 1
1700971772.458156 6604 -1
1700971772.458508 54 1
1700971772.458955 1143 -1
1700971772.458955 453 -1
1700971772.458998 54 1
1700971772.467518 7354 -1
1700971772.467518 2627 -1
1700971772.467625 54 1
1700971774.619647 231 1
1700971774.623004 230 1
1700971774.623627 230 1
1700971774.624402 232 1
1700971774.627081 60 -1
1700971774.646868 1110 -1
1700971774.646975 655 -1
1700971774.646975 1053 -1
1700971774.647007 54 1
1700971774.647041 734 -1
1700971774.647056 54 1
1700971774.650624 5600 -1
1700971774.650683 54 1
1700971774.650923 7287 -1
1700971774.650945 54 1
1700971774.660353 1088 -1
1700971774.660353 688 -1
1700971774.660460 54 1
1700971774.687116 4434 -1
1700971774.687116 1667 -1
1700971774.687116 207 -1
1700971774.687341 66 1
1700971774.714376 1084 -1
1700971774.714376 690 -1
1700971774.714486 54 1
1700971774.731557 4010 -1
1700971774.731666 54 1
1700971776.239737 222 1
1700971776.240576 224 1
1700971776.241227 232 1
1700971776.246760 60 -1
1700971776.251829 1051 -1
1700971776.252033 732 -1
1700971776.252056 54 1
1700971776.252085 6646 -1
1700971776.252105 54 1
1700971776.253874 89 1
1700971776.260848 1076 -1
1700971776.260848 735 -1
1700971776.260848 7354 -1
1700971776.260920 54 1
1700971776.262145 5894 -1
1700971776.262189 54 1
1700971776.263861 424 -1
1700971776.264016 54 1
1700971776.265779 1030 -1
1700971776.275974 764 -1
1700971776.275974 5288 -1
1700971776.276371 54 1
1700971777.942067 235 1
1700971777.948128 225 1
1700971777.949142 60 -1
1700971777.970984 1051 -1
1700971777.970984 733 -1
1700971777.970984 3976 -1
1700971777.970984 982 -1
1700971777.970984 811 -1
1700971777.970984 7274 -1
1700971777.971131 54 1
1700971779.386154 54 1
1700971779.391670 78 -1
1700971779.391736 54 1
1700971779.391877 60 -1
1700971780.604303 66 1
1700971780.607460 66 -1
1700971780.607607 54 1
1700971780.608178 966 1
1700971780.609374 60 -1
1700971780.610411 318 -1
1700971780.610931 134 1
1700971780.611334 146 1
1700971780.611911 585 1
1700971780.611945 60 -1
1700971780.612010 221 1
1700971780.612106 227 1
1700971780.612207 222 1
1700971780.612318 224 1
1700971780.612355 341 -1
1700971780.612355 60 -1
1700971780.612668 115 -1
1700971780.612668 85 -1
1700971780.612706 54 1
1700971780.612890 60 -1
1700971780.612961 85 1
1700971780.613005 60 -1
1700971780.613094 60 -1
1700971780.613377 60 -1
1700971780.613408 60 -1
1700971780.613993 60 -1
1700971780.618175 927 -1
1700971780.618175 10029 -1
1700971780.618427 54 1
1700971780.625756 928 -1
1700971780.625756 5118 -1
1700971780.625756 929 -1
1700971780.625849 54 1
1700971780.625903 7354 -1
1700971780.625934 54 1
1700971780.626367 1571 -1
1700971780.626404 54 1
1700971780.633255 985 -1
1700971780.633255 807 -1
1700971780.633349 54 1
1700971780.637102 4434 -1
1700971780.637165 54 1
1700971780.637411 7456 -1
1700971780.637449 54 1
1700971780.654730 933 -1
1700971780.654730 10502 -1
1700971780.654926 54 1
1700971784.587247 235 1
1700971784.587377 231 1
1700971784.587590 222 1
1700971784.588138 231 1
1700971784.598705 60 -1
1700971784.598705 60 -1
1700971784.598705 60 -1
1700971784.598705 60 -1
1700971784.612910 1081 -1
1700971784.612910 693 -1
1700971784.612910 7014 -1
1700971784.613048 54 1
1700971784.618726 983 -1
1700971784.618726 817 -1
1700971784.618816 54 1
1700971784.622482 1514 -1
1700971784.622482 4190 -1
1700971784.622557 54 1
1700971784.629047 1013 -1
1700971784.629047 769 -1
1700971784.629123 54 1
1700971784.631695 1051 -1
1700971784.631787 54 1
1700971784.631845 730 -1
1700971784.632905 9624 -1
1700971784.632998 54 1
1700971784.642675 5894 -1
1700971784.642806 54 1
1700971784.642918 1604 -1
1700971784.642941 54 1
1700971786.206059 223 1
1700971786.207244 226 1
1700971786.215139 60 -1
1700971786.233154 1023 -1
1700971786.233154 774 -1
1700971786.233237 54 1
1700971786.236185 89 1
1700971786.236600 8626 -1
1700971786.236689 54 1
1700971786.239949 1057 -1
1700971786.239949 729 -1
1700971786.239949 1514 -1
1700971786.240068 54 1
1700971786.241002 7354 -1
1700971786.241002 2294 -1
1700971786.241054 54 1
1700971788.448497 232 1
1700971788.448672 229 1
1700971788.450116 230 1
1700971788.451618 231 1
1700971788.454480 60 -1
1700971788.472971 1083 -1
1700971788.472971 693 -1
1700971788.473058 54 1
1700971788.484343 1514 -1
1700971788.484343 4906 -1
1700971788.484343 1049 -1
1700971788.484343 732 -1
1700971788.484343 4872 -1
1700971788.484483 54 1
1700971788.499272 982 -1
1700971788.499272 815 -1
1700971788.499272 2974 -1
1700971788.499272 3244 -1
1700971788.499555 54 1
1700971788.506795 982 -1
1700971788.506795 811 -1
1700971788.506904 54 1
1700971788.508544 4082 -1
1700971788.508582 54 1
1700971789.403750 54 1
1700971789.405806 78 -1
1700971789.405806 60 -1
1700971789.405843 54 1
1700971790.109725 66 1
1700971790.113568 66 -1
1700971790.113728 54 1
1700971790.116345 934 1
1700971790.118696 60 -1
1700971790.118696 318 -1
1700971790.122792 134 1
1700971790.123316 146 1
1700971790.123847 585 1
1700971790.123920 223 1
1700971790.123953 60 -1
1700971790.124011 224 1
1700971790.124099 223 1
1700971790.125122 60 -1
1700971790.125122 60 -1
1700971790.125122 60 -1
1700971790.125122 60 -1
1700971790.125410 60 -1
1700971790.125482 341 -1
1700971790.128556 115 -1
1700971790.128556 85 -1
1700971790.128627 54 1
1700971790.128804 85 1
1700971790.129893 60 -1
1700971790.134903 929 -1
1700971790.134903 883 -1
1700971790.135008 54 1
1700971790.135113 7354 -1
1700971790.135139 54 1
1700971790.135654 3832 -1
1700971790.135683 54 1
1700971790.142899 979 -1
1700971790.142899 813 -1
1700971790.142899 7916 -1
1700971790.143038 54 1
1700971790.143900 1051 -1
1700971790.143949 730 -1
1700971790.143949 5875 -1
1700971790.143980 54 1
1700971790.149678 1030 -1
1700971790.149678 741 -1
1700971790.149762 54 1
1700971790.150532 1514 -1
1700971790.150633 2974 -1
1700971790.150662 54 1
1700971790.150762 2893 -1
1700971790.150797 54 1
1700971791.805882 223 1
1700971791.806024 232 1
1700971791.806692 223 1
1700971791.806803 230 1
1700971791.806885 231 1
1700971791.807228 60 -1
1700971791.807228 60 -1
1700971791.808166 60 -1
1700971791.808166 60 -1
1700971791.808166 60 -1
1700971791.819295 1051 -1
1700971791.819470 731 -1
1700971791.819501 54 1
1700971791.821548 4417 -1
1700971791.821548 1136 -1
1700971791.821548 1643 -1
1700971791.821548 4744 -1
1700971791.821548 689 -1
1700971791.821548 1514 -1
1700971791.821548 3601 -1
1700971791.821724 54 1
1700971791.833861 1054 -1
1700971791.833861 730 -1
1700971791.833960 54 1
1700971791.837821 5054 -1
1700971791.837904 54 1
1700971791.845237 1051 -1
1700971791.845237 732 -1
1700971791.845337 54 1
1700971791.856921 2974 -1
1700971791.856921 3704 -1
1700971791.857052 54 1
1700971793.451624 232 1
1700971793.452794 231 1
1700971793.455642 60 -1
1700971793.456533 230 1
1700971793.466052 1028 -1
1700971793.466052 764 -1
1700971793.466105 54 1
1700971793.477583 1514 -1
1700971793.477583 3386 -1
1700971793.477583 1054 -1
1700971793.477583 731 -1
1700971793.477583 1049 -1
1700971793.477583 732 -1
1700971793.477583 4613 -1
1700971793.477583 7354 -1
1700971793.477583 388 -1
1700971793.477713 54 1
1700971796.253502 235 1
1700971796.255577 231 1
1700971796.256468 232 1
1700971796.256565 232 1
1700971796.272530 60 -1
1700971796.272530 1053 -1
1700971796.272530 729 -1
1700971796.272530 981 -1
1700971796.272530 813 -1
1700971796.272678 54 1
1700971796.275844 7354 -1
1700971796.275844 1153 -1
1700971796.275844 7143 -1
1700971796.276004 54 1
1700971796.278382 1056 -1
1700971796.278382 730 -1
1700971796.278459 54 1
1700971796.280490 9055 -1
1700971796.280563 54 1
1700971796.285948 89 1
1700971796.319308 1055 -1
1700971796.319308 732 -1
1700971796.319413 54 1
1700971796.325687 4434 -1
1700971796.325781 54 1
1700971796.325883 663 -1
1700971796.325902 54 1
1700971799.432665 54 1
1700971799.463026 78 -1
1700971799.463026 60 -1
1700971799.463128 54 1
1700971800.511847 66 1
1700971800.513315 66 -1
1700971800.513518 54 1
1700971800.514315 934 1
1700971800.515540 60 -1
1700971800.516123 318 -1
1700971800.517079 134 1
1700971800.517702 146 1
1700971800.518031 586 1
1700971800.518116 230 1
1700971800.518146 60 -1
1700971800.518866 60 -1
1700971800.519365 60 -1
1700971800.519365 60 -1
1700971800.519732 341 -1
1700971800.522647 115 -1
1700971800.522647 85 -1
1700971800.522709 54 1
1700971800.524053 85 1
1700971800.525789 60 -1
1700971800.527367 1050 -1
1700971800.527367 732 -1
1700971800.527586 54 1
1700971800.531765 4434 -1
1700971800.531765 1392 -1
1700971800.531876 54 1
1700971800.546763 1057 -1
1700971800.546763 726 -1
1700971800.546841 54 1
1700971800.546904 7354 -1
1700971800.546961 54 1
1700971800.547282 3019 -1
1700971800.547311 54 1
1700971802.230715 225 1
1700971802.232028 60 -1
1700971802.235615 232 1
1700971802.235693 229 1
1700971802.236748 60 -1
1700971802.236748 60 -1
1700971802.261017 1054 -1
1700971802.261017 731 -1
1700971802.261118 54 1
1700971802.262941 6873 -1
1700971802.263046 54 1
1700971802.274849 1051 -1
1700971802.274849 728 -1
1700971802.274849 980 -1
1700971802.274849 814 -1
1700971802.274959 54 1
1700971802.281414 6803 -1
1700971802.281533 54 1
1700971802.306328 2282 -1
1700971802.306328 822 -1
1700971802.306432 66 1
1700971804.432815 228 1
1700971804.436143 230 1
1700971804.436263 234 1
1700971804.439818 60 -1
1700971804.445049 1049 -1
1700971804.445049 730 -1
1700971804.445049 5948 -1
1700971804.445158 54 1
1700971804.447092 982 -1
1700971804.447092 805 -1
1700971804.447340 54 1
1700971804.447386 7354 -1
1700971804.447608 54 1
1700971804.447819 2974 -1
1700971804.447854 54 1
1700971804.448025 979 -1
1700971804.448077 1053 -1
1700971804.448098 54 1
1700971804.448175 731 -1
1700971804.451796 4434 -1
1700971804.451892 54 1
1700971804.451951 5743 -1
1700971804.451999 54 1
1700971805.546872 54 1
