1700972078.385462 66 1
1700972078.386616 66 -1
1700972078.386693 54 1
1700972078.390859 663 1
1700972078.394124 60 -1
1700972078.406324 2779 -1
1700972078.406397 54 1
1700972078.416481 134 1
1700972078.417543 60 -1
1700972078.421996 341 -1
1700972078.422120 341 -1
1700972078.422144 54 1
1700972078.433422 146 1
1700972078.434432 60 -1
1700972078.434625 115 -1
1700972078.434625 85 -1
1700972078.434637 574 1
1700972078.434668 54 1
1700972078.434954 85 1
1700972078.435645 60 -1
1700972078.436109 60 -1
1700972078.449266 952 -1
1700972078.449266 849 -1
1700972078.449322 54 1
1700972078.449816 4434 -1
1700972078.450020 54 1
1700972078.450267 7354 -1
1700972078.450427 54 1
1700972078.451507 4780 -1
1700972078.451546 54 1
1700972078.451906 7354 -1
1700972078.451986 54 1
1700972078.453101 7354 -1
1700972078.453160 54 1
1700972078.454792 1891 -1
1700972078.454813 54 1
1700972078.454961 7354 -1
1700972078.455007 54 1
1700972078.456645 5894 -1
1700972078.456692 54 1
1700972078.457008 3382 -1
1700972078.457029 54 1
1700972078.464079 5894 -1
1700972078.464079 7354 -1
1700972078.464079 7354 -1
1700972078.464079 7354 -1
1700972078.464079 1514 -1
1700972078.464079 7354 -1
1700972078.464079 1514 -1
1700972078.464079 5894 -1
1700972078.464299 54 1
1700972078.473625 7354 -1
1700972078.473625 1514 -1
1700972078.473625 7354 -1
1700972078.473625 2974 -1
1700972078.473625 7354 -1
1700972078.473625 1514 -1
1700972078.473625 7354 -1
1700972078.473625 4434 -1
1700972078.473625 1514 -1
1700972078.473625 7354 -1
1700972078.473625 7354 -1
1700972078.474373 54 1
1700972078.478889 2974 -1
1700972078.478889 7354 -1
1700972078.478889 4434 -1
1700972078.478889 7354 -1
1700972078.478889 7354 -1
1700972078.479154 54 1
1700972078.479258 1514 -1
1700972078.479258 5894 -1
1700972078.479338 54 1
1700972078.480834 4434 -1
1700972078.480876 54 1
1700972078.481180 7354 -1
1700972078.481257 54 1
1700972078.481872 1514 -1
1700972078.482012 54 1
1700972078.482608 7354 -1
1700972078.482688 54 1
1700972078.487332 5894 -1
1700972078.487332 4434 -1
1700972078.487332 2974 -1
1700972078.487332 7354 -1
1700972078.487332 7354 -1
1700972078.487611 54 1
1700972078.487954 7354 -1
1700972078.488037 54 1
1700972078.489176 7354 -1
1700972078.489250 54 1
1700972078.490791 7354 -1
1700972078.490865 54 1
1700972078.491817 7354 -1
1700972078.491866 54 1
1700972078.498259 1514 -1
1700972078.498259 2974 -1
1700972078.498259 1514 -1
1700972078.498259 7354 -1
1700972078.498259 4434 -1
1700972078.498259 7354 -1
1700972078.498259 7354 -1
1700972078.498610 54 1
1700972078.498687 2974 -1
1700972078.498866 54 1
1700972078.499186 2974 -1
1700972078.499214 54 1
1700972078.499743 1514 -1
1700972078.500171 4434 -1
1700972078.500220 54 1
1700972078.501714 1514 -1
1700972078.501714 4434 -1
1700972078.501714 1514 -1
1700972078.501767 54 1
1700972078.502134 2974 -1
1700972078.502179 54 1
1700972078.502378 4434 -1
1700972078.502415 54 1
1700972078.503131 54 1
1700972078.511783 230 1
1700972078.512175 4434 -1
1700972078.512175 2974 -1
1700972078.512175 2974 -1
1700972078.512175 7354 -1
1700972078.512175 3438 -1
1700972078.512349 54 1
1700972078.523743 1056 -1
1700972078.523743 720 -1
1700972078.523786 54 1
1700972078.524481 7354 -1
1700972078.524552 54 1
1700972078.524853 5096 -1
1700972078.524893 54 1
1700972078.560044 230 1
1700972078.560165 230 1
1700972078.560332 231 1
1700972078.560460 230 1
1700972078.560549 231 1
1700972078.560622 231 1
1700972078.560723 228 1
1700972078.560813 230 1
1700972078.560900 231 1
1700972078.561036 235 1
1700972078.578561 60 -1
1700972078.578561 1026 -1
1700972078.578561 764 -1
1700972078.578561 7354 -1
1700972078.578561 1003 -1
1700972078.578561 1055 -1
1700972078.578561 727 -1
1700972078.578561 7354 -1
1700972078.578561 7354 -1
1700972078.578561 1660 -1
1700972078.578813 54 1
1700972078.583629 60 -1
1700972078.583629 60 -1
1700972078.590647 54 1
1700972078.590915 54 1
1700972078.597338 1017 -1
1700972078.597338 811 -1
1700972078.597338 1083 -1
1700972078.597338 690 -1
1700972078.597338 1104 -1
1700972078.597338 660 -1
1700972078.597338 981 -1
1700972078.597338 814 -1
1700972078.597338 9328 -1
1700972078.597471 54 1
1700972078.599676 5358 -1
1700972078.599676 14242 -1
1700972078.599813 54 1
1700972078.600411 1053 -1
1700972078.600442 54 1
1700972078.600507 728 -1
1700972078.600577 1030 -1
1700972078.600661 54 1
1700972078.600722 762 -1
1700972078.601599 7547 -1
1700972078.601665 54 1
1700972078.602294 7354 -1
1700972078.602362 54 1
1700972078.602838 4806 -1
1700972078.602883 54 1
1700972078.603953 4345 -1
1700972078.603990 54 1
1700972078.604299 979 -1
1700972078.604319 54 1
1700972078.604353 814 -1
1700972078.605168 7623 -1
1700972078.605242 54 1
1700972078.605254 54 1
1700972078.607194 54 1
1700972078.612471 1107 -1
1700972078.612499 54 1
1700972078.612706 652 -1
1700972078.613160 1514 -1
1700972078.613182 54 1
1700972078.613371 1675 -1
1700972078.613397 54 1
1700972078.939757 209 1
1700972078.948860 1076 -1
1700972078.948954 703 -1
1700972078.948979 54 1
1700972078.949376 2264 -1
1700972078.949402 54 1
1700972086.438033 54 1
1700972086.442190 78 -1
1700972086.442233 54 1
1700972086.442574 60 -1
1700972086.959478 66 1
1700972086.960646 66 -1
1700972086.960701 54 1
1700972086.961956 870 1
1700972086.963661 60 -1
1700972086.964265 318 -1
1700972086.964943 134 1
1700972086.965365 146 1
1700972086.965700 584 1
1700972086.965783 229 1
1700972086.966153 60 -1
1700972086.966673 341 -1
1700972086.966673 60 -1
1700972086.966673 115 -1
1700972086.966673 85 -1
1700972086.966735 54 1
1700972086.966935 85 1
1700972086.967257 60 -1
1700972086.967257 60 -1
1700972086.968201 60 -1
1700972087.004288 1055 -1
1700972087.004374 730 -1
1700972087.004403 54 1
1700972087.009286 4434 -1
1700972087.009286 2585 -1
1700972087.009383 54 1
1700972087.039443 949 -1
1700972087.039443 854 -1
1700972087.039531 54 1
1700972087.043991 6774 -1
1700972087.044077 54 1
1700972089.959835 232 1
1700972089.961416 60 -1
1700972089.962616 230 1
1700972089.964709 229 1
1700972089.965870 231 1
1700972089.968242 60 -1
1700972089.969458 60 -1
1700972089.969458 60 -1
1700972089.976980 1041 -1
1700972089.976980 778 -1
1700972089.977228 54 1
1700972089.977295 6322 -1
1700972089.977341 54 1
1700972089.979637 1051 -1
1700972089.979637 729 -1
1700972089.979637 1053 -1
1700972089.979637 725 -1
1700972089.979702 54 1
1700972089.981814 7354 -1
1700972089.981914 54 1
1700972089.988969 1185 -1
1700972089.988969 6382 -1
1700972089.988969 1033 -1
1700972089.988969 734 -1
1700972089.988969 8814 -1
1700972089.988969 2575 -1
1700972089.989123 54 1
1700972089.992321 1115 -1
1700972089.992380 66 1
1700972091.563490 229 1
1700972091.605361 60 -1
1700972091.641937 1054 -1
1700972091.642073 727 -1
1700972091.642114 54 1
1700972091.661924 10405 -1
1700972091.662230 54 1
1700972093.684386 230 1
1700972093.685719 60 -1
1700972093.693312 231 1
1700972093.693558 224 1
1700972093.695930 60 -1
1700972093.695930 60 -1
1700972093.719383 1030 -1
1700972093.719383 765 -1
1700972093.719474 54 1
1700972093.720702 89 1
1700972093.722075 60 -1
1700972093.728284 7354 -1
1700972093.728382 54 1
1700972093.728591 1391 -1
1700972093.728635 54 1
1700972093.728683 986 -1
1700972093.728731 808 -1
1700972093.728751 54 1
1700972093.743862 1023 -1
1700972093.743942 774 -1
1700972093.743942 7354 -1
1700972093.743998 54 1
1700972093.744458 7354 -1
1700972093.744513 54 1
1700972093.745244 1860 -1
1700972093.745280 54 1
1700972093.745304 85 -1
1700972093.745304 1514 -1
1700972093.745318 54 1
1700972093.745381 7354 -1
1700972093.745419 54 1
1700972093.745955 7354 -1
1700972093.746002 54 1
1700972093.746551 400 -1
1700972093.746581 7354 -1
1700972093.746602 54 1
1700972093.747242 7354 -1
1700972093.747281 54 1
1700972093.747930 7354 -1
1700972093.747995 54 1
1700972093.748402 7354 -1
1700972093.748443 54 1
1700972093.749001 1514 -1
1700972093.749040 54 1
1700972093.749113 2268 -1
1700972093.749128 54 1
1700972093.749396 7354 -1
1700972093.749443 54 1
1700972093.749914 7354 -1
1700972093.749950 54 1
1700972093.750525 1891 -1
1700972093.750562 54 1
1700972093.750695 85 -1
1700972093.750695 7354 -1
1700972093.750734 54 1
1700972093.751384 5894 -1
1700972093.751440 54 1
1700972093.751776 7354 -1
1700972093.751821 54 1
1700972093.752386 7354 -1
1700972093.752442 54 1
1700972093.752992 7354 -1
1700972093.753039 54 1
1700972093.753613 17574 -1
1700972093.753695 54 1
1700972093.755088 5894 -1
1700972093.755145 54 1
1700972093.755656 1514 -1
1700972093.755656 4434 -1
1700972093.755708 54 1
1700972093.756024 1514 -1
1700972093.756071 54 1
1700972093.756933 7354 -1
1700972093.756933 7354 -1
1700972093.757006 54 1
1700972093.767894 7354 -1
1700972093.767894 7354 -1
1700972093.767894 2974 -1
1700972093.767894 7354 -1
1700972093.767894 13194 -1
1700972093.767894 2974 -1
1700972093.767894 7354 -1
1700972093.767894 4434 -1
1700972093.767894 6500 -1
1700972093.767894 7354 -1
1700972093.767894 1490 -1
1700972093.768248 54 1
1700972095.252299 232 1
1700972095.252468 234 1
1700972095.253023 230 1
1700972095.253122 230 1
1700972095.253997 60 -1
1700972095.253997 60 -1
1700972095.254290 60 -1
1700972095.254319 60 -1
1700972095.271173 977 -1
1700972095.271173 848 -1
1700972095.271173 981 -1
1700972095.271173 808 -1
1700972095.271318 54 1
1700972095.279568 2974 -1
1700972095.279568 11734 -1
1700972095.279568 1860 -1
1700972095.279724 54 1
1700972095.279818 85 -1
1700972095.279818 3854 -1
1700972095.279851 54 1
1700972095.279944 7354 -1
1700972095.279971 54 1
1700972095.280529 9160 -1
1700972095.280592 54 1
1700972095.281324 7501 -1
1700972095.281377 54 1
1700972095.315434 1020 -1
1700972095.315434 772 -1
1700972095.315521 54 1
1700972095.329373 7354 -1
1700972095.329508 54 1
1700972095.329743 260 -1
1700972095.329767 54 1
1700972095.332628 979 -1
1700972095.332702 813 -1
1700972095.332729 54 1
1700972095.344453 8814 -1
1700972095.344560 54 1
1700972095.344951 4432 -1
1700972095.345014 54 1
1700972096.458528 54 1
1700972096.463751 78 -1
1700972096.463751 60 -1
1700972096.463789 54 1
1700972096.832023 66 1
1700972096.833252 66 -1
1700972096.833353 54 1
1700972096.834447 870 1
1700972096.835552 60 -1
1700972096.836828 318 -1
1700972096.837699 134 1
1700972096.838198 146 1
1700972096.838709 585 1
1700972096.838774 232 1
1700972096.838780 60 -1
1700972096.838830 261 1
1700972096.839042 341 -1
1700972096.839153 60 -1
1700972096.839486 115 -1
1700972096.839486 85 -1
1700972096.839526 54 1
1700972096.839694 85 1
1700972096.840258 60 -1
1700972096.840258 60 -1
1700972096.840296 60 -1
1700972096.841508 60 -1
1700972096.856937 1132 -1
1700972096.856937 620 -1
1700972096.857047 54 1
1700972096.866614 7354 -1
1700972096.866750 54 1
1700972096.866942 144 -1
1700972096.866942 984 -1
1700972096.866942 802 -1
1700972096.867246 54 1
1700972096.875060 1082 -1
1700972096.875060 689 -1
1700972096.875060 11734 -1
1700972096.876309 54 1
1700972096.876373 1514 -1
1700972096.876373 3320 -1
1700972096.876373 10274 -1
1700972096.876427 54 1
1700972096.877407 6271 -1
1700972096.877469 54 1
1700972096.877709 85 -1
1700972096.877709 5894 -1
1700972096.877750 54 1
1700972096.879538 2974 -1
1700972096.879538 1514 -1
1700972096.879538 7354 -1
1700972096.879538 4434 -1
1700972096.879538 7354 -1
1700972096.879668 54 1
1700972096.880442 3697 -1
1700972096.880442 7354 -1
1700972096.880505 54 1
1700972096.881001 7354 -1
1700972096.881058 54 1
1700972096.882287 7354 -1
1700972096.882355 54 1
1700972096.883534 7354 -1
1700972096.883534 5894 -1
1700972096.883534 1514 -1
1700972096.883534 4434 -1
1700972096.883616 54 1
1700972096.883930 7354 -1
1700972096.883971 54 1
1700972096.886226 7354 -1
1700972096.886226 7354 -1
1700972096.886226 1514 -1
1700972096.886226 7354 -1
1700972096.886667 54 1
1700972096.887493 7354 -1
1700972096.887493 7354 -1
1700972096.887565 54 1
1700972096.887611 7354 -1
1700972096.887663 54 1
1700972096.889727 1514 -1
1700972096.889727 1514 -1
1700972096.889727 2974 -1
1700972096.889727 7354 -1
1700972096.889727 7354 -1
1700972096.889834 54 1
1700972096.890022 7354 -1
1700972096.890052 54 1
1700972096.890482 7354 -1
1700972096.890664 54 1
1700972096.891492 7354 -1
1700972096.891531 54 1
1700972096.891742 3425 -1
1700972096.891772 54 1
1700972096.900566 7354 -1
1700972096.900655 54 1
1700972096.900808 2438 -1
1700972096.900834 54 1
1700972098.937497 231 1
1700972098.939277 234 1
1700972098.941690 230 1
1700972098.942491 231 1
1700972098.942513 60 -1
1700972098.942707 230 1
1700972098.944610 60 -1
1700972098.948521 1052 -1
1700972098.948600 729 -1
1700972098.948632 54 1
1700972098.948740 7354 -1
1700972098.948788 54 1
1700972098.949385 722 -1
1700972098.949424 54 1
1700972098.950904 1054 -1
1700972098.950904 731 -1
1700972098.950935 54 1
1700972098.950969 1514 -1
1700972098.951005 1514 -1
1700972098.951019 54 1
1700972098.951164 5912 -1
1700972098.951200 54 1
1700972098.956550 950 -1
1700972098.956550 849 -1
1700972098.956686 54 1
1700972098.957871 7354 -1
1700972098.957871 5845 -1
1700972098.957955 54 1
1700972098.959592 1029 -1
1700972098.959592 764 -1
1700972098.959592 7354 -1
1700972098.959592 2296 -1
1700972098.959853 54 1
1700972099.033860 1057 -1
1700972099.033860 726 -1
1700972099.033944 54 1
1700972099.058883 9467 -1
1700972099.058985 54 1
1700972100.537939 229 1
1700972100.539867 230 1
1700972100.541233 231 1
1700972100.564510 231 1
1700972100.564688 231 1
1700972100.566066 60 -1
1700972100.578292 60 -1
1700972100.586017 1036 -1
1700972100.586017 702 -1
1700972100.586017 736 -1
1700972100.586017 1072 -1
1700972100.586017 1514 -1
1700972100.586017 7354 -1
1700972100.586017 1843 -1
1700972100.586017 981 -1
1700972100.586017 814 -1
1700972100.586017 8903 -1
1700972100.586311 66 1
1700972100.586379 66 1
1700972100.586451 54 1
1700972100.587378 54 1
1700972100.589977 1514 -1
1700972100.589977 2974 -1
1700972100.590054 54 1
1700972100.590124 2580 -1
1700972100.590150 54 1
1700972100.612005 982 -1
1700972100.612005 804 -1
1700972100.612308 54 1
1700972100.615040 7354 -1
1700972100.615147 54 1
1700972100.616474 809 -1
1700972100.660488 54 1
1700972100.674895 1135 -1
1700972100.674895 617 -1
1700972100.675013 54 1
1700972100.699728 4434 -1
1700972100.699855 54 1
1700972100.699928 3723 -1
1700972100.699950 54 1
1700972103.696337 235 1
1700972103.697745 231 1
1700972103.701712 222 1
1700972103.702404 230 1
1700972103.717101 60 -1
1700972103.740083 1053 -1
1700972103.740357 723 -1
1700972103.740357 981 -1
1700972103.740357 811 -1
1700972103.740401 54 1
1700972103.742487 89 1
1700972103.772580 7354 -1
1700972103.772696 54 1
1700972103.772754 925 -1
1700972103.772776 54 1
1700972103.772970 8416 -1
1700972103.773032 54 1
1700972103.815677 1050 -1
1700972103.815677 731 -1
1700972103.815677 984 -1
1700972103.815677 810 -1
1700972103.815777 54 1
1700972103.838504 7354 -1
1700972103.838504 766 -1
1700972103.838632 54 1
1700972103.838677 7354 -1
1700972103.838719 54 1
1700972103.839255 3458 -1
1700972103.839291 54 1
1700972105.758430 221 1
1700972105.769778 237 1
1700972105.770481 232 1
1700972105.778652 60 -1
1700972105.795493 1084 -1
1700972105.795493 687 -1
1700972105.795584 54 1
1700972105.795904 7354 -1
1700972105.795947 54 1
1700972105.796726 3924 -1
1700972105.796760 54 1
1700972105.801404 1054 -1
1700972105.801404 728 -1
1700972105.801521 54 1
1700972105.819235 1084 -1
1700972105.819235 689 -1
1700972105.819235 4434 -1
1700972105.819235 6498 -1
1700972105.819451 54 1
1700972105.828011 5929 -1
1700972105.828574 54 1
1700972106.477563 54 1
1700972106.486377 78 -1
1700972106.486377 60 -1
1700972106.486437 54 1
1700972107.341527 66 1
1700972107.342708 66 -1
1700972107.342800 54 1
1700972107.343719 934 1
1700972107.345046 60 -1
1700972107.346725 318 -1
1700972107.347387 134 1
1700972107.347740 146 1
1700972107.348257 586 1
1700972107.348331 235 1
1700972107.348395 222 1
1700972107.348455 223 1
1700972107.351473 60 -1
1700972107.352606 60 -1
1700972107.352606 60 -1
1700972107.352606 60 -1
1700972107.352606 60 -1
1700972107.352606 60 -1
1700972107.354191 223 1
1700972107.355377 341 -1
1700972107.355767 60 -1
1700972107.363416 115 -1
1700972107.363416 85 -1
1700972107.363525 54 1
1700972107.363905 85 1
1700972107.369838 60 -1
1700972107.371092 1053 -1
1700972107.371092 729 -1
1700972107.371092 4434 -1
1700972107.371189 54 1
1700972107.371566 2544 -1
1700972107.371616 54 1
1700972107.375653 1020 -1
1700972107.375653 776 -1
1700972107.375725 54 1
1700972107.379175 4434 -1
1700972107.379245 54 1
1700972107.398877 4562 -1
1700972107.398877 990 -1
1700972107.398877 800 -1
1700972107.398877 7354 -1
1700972107.398877 6083 -1
1700972107.398877 243 -1
1700972107.399016 66 1
1700972107.418832 1056 -1
1700972107.418832 728 -1
1700972107.418927 54 1
1700972107.427676 5795 -1
1700972107.427766 54 1
1700972107.442333 1053 -1
1700972107.442333 731 -1
1700972107.442458 54 1
1700972107.480378 7354 -1
1700972107.480378 7276 -1
1700972107.480488 54 1
1700972107.482092 1436 -1
1700972107.482133 66 1
1700972108.958093 226 1
1700972108.958252 232 1
1700972108.959654 60 -1
1700972108.959654 60 -1
1700972108.966769 234 1
1700972108.969114 60 -1
1700972109.019616 1038 -1
1700972109.019616 733 -1
1700972109.019739 54 1
1700972109.028784 981 -1
1700972109.028884 808 -1
1700972109.028923 54 1
1700972109.035955 4434 -1
1700972109.036029 54 1
1700972109.036479 5278 -1
1700972109.036523 54 1
1700972109.036927 4701 -1
1700972109.036964 54 1
1700972109.050990 1006 -1
1700972109.050990 813 -1
1700972109.051105 54 1
1700972109.059954 1514 -1
1700972109.059954 8232 -1
1700972109.060093 54 1
1700972110.580509 229 1
1700972110.580611 230 1
1700972110.580702 224 1
1700972110.589664 60 -1
1700972110.589664 60 -1
1700972110.589664 60 -1
1700972110.616327 1050 -1
1700972110.616327 733 -1
1700972110.616450 54 1
1700972110.623606 4377 -1
1700972110.623733 54 1
1700972110.634096 1057 -1
1700972110.634096 731 -1
1700972110.634362 54 1
1700972110.640500 4880 -1
1700972110.640607 54 1
1700972110.661294 1105 -1
1700972110.661294 660 -1
1700972110.661432 54 1
1700972110.682232 4434 -1
1700972110.682232 4469 -1
1700972110.682232 89 -1
1700972110.682378 66 1
1700972113.080776 221 1
1700972113.080909 223 1
1700972113.081029 223 1
1700972113.082091 60 -1
1700972113.086033 224 1
1700972113.092945 1051 -1
1700972113.092945 732 -1
1700972113.093022 54 1
1700972113.094603 1514 -1
1700972113.094603 3388 -1
1700972113.094676 54 1
1700972113.096253 89 1
1700972113.104625 982 -1
1700972113.104625 811 -1
1700972113.104740 54 1
1700972113.110373 1135 -1
1700972113.110373 618 -1
1700972113.110482 54 1
1700972113.111060 2974 -1
1700972113.111060 7406 -1
1700972113.111108 54 1
1700972113.118722 1978 -1
1700972113.118809 54 1
1700972113.121061 1052 -1
1700972113.121061 730 -1
1700972113.121153 54 1
1700972113.121878 7354 -1
1700972113.121931 54 1
1700972113.122369 4739 -1
1700972113.122401 54 1
1700972116.283491 230 1
1700972116.286191 231 1
1700972116.286412 229 1
1700972116.286665 227 1
1700972116.301879 60 -1
1700972116.312161 1081 -1
1700972116.312161 691 -1
1700972116.312369 54 1
1700972116.318204 6438 -1
1700972116.318464 54 1
1700972116.318608 983 -1
1700972116.318608 807 -1
1700972116.318648 54 1
1700972116.320965 4434 -1
1700972116.321046 54 1
1700972116.321444 6659 -1
1700972116.321489 54 1
1700972116.337757 1051 -1
1700972116.337757 732 -1
1700972116.337854 54 1
1700972116.340725 7338 -1
1700972116.340791 54 1
1700972116.354406 1053 -1
1700972116.354406 731 -1
1700972116.354501 54 1
1700972116.365693 5687 -1
1700972116.365796 54 1
1700972116.489526 54 1
1700972116.496394 78 -1
1700972116.496394 60 -1
1700972116.496469 54 1
1700972117.898423 66 1
1700972117.902617 66 -1
1700972117.902723 54 1
1700972117.905401 966 1
1700972117.906736 60 -1
1700972117.907608 318 -1
1700972117.908517 134 1
1700972117.908979 146 1
1700972117.909530 60 -1
1700972117.909645 586 1
1700972117.909733 225 1
1700972117.909797 231 1
1700972117.909853 230 1
1700972117.909924 229 1
1700972117.911143 341 -1
1700972117.911143 60 -1
1700972117.911143 115 -1
1700972117.911143 85 -1
1700972117.911206 54 1
1700972117.911518 85 1
1700972117.912113 60 -1
1700972117.912113 60 -1
1700972117.912113 60 -1
1700972117.912113 60 -1
1700972117.912113 60 -1
1700972117.912792 60 -1
1700972117.925765 1051 -1
1700972117.925765 1625 -1
1700972117.925765 854 -1
1700972117.925879 54 1
1700972117.926411 4434 -1
1700972117.926443 54 1
1700972117.926929 2974 -1
1700972117.926985 54 1
1700972117.927109 1924 -1
1700972117.927142 54 1
1700972117.932850 949 -1
1700972117.932850 854 -1
1700972117.932929 54 1
1700972117.935970 5906 -1
1700972117.936053 54 1
1700972117.946029 985 -1
1700972117.946029 807 -1
1700972117.946116 54 1
1700972117.948585 1054 -1
1700972117.948585 727 -1
1700972117.948585 16460 -1
1700972117.948743 54 1
1700972117.950000 3781 -1
1700972117.950054 54 1
1700972117.950649 1514 -1
1700972117.950670 54 1
1700972117.950836 7354 -1
1700972117.950890 54 1
1700972117.955923 4872 -1
1700972117.956011 54 1
1700972120.101541 222 1
1700972120.118308 60 -1
1700972120.123696 978 -1
1700972120.123696 814 -1
1700972120.123772 54 1
1700972120.129494 4571 -1
1700972120.129579 54 1
1700972120.133259 231 1
1700972120.133554 234 1
1700972120.133663 223 1
1700972120.136007 60 -1
1700972120.145009 1058 -1
1700972120.145009 721 -1
1700972120.145009 1050 -1
1700972120.145009 732 -1
1700972120.145113 54 1
1700972120.147056 1052 -1
1700972120.147056 728 -1
1700972120.147056 3701 -1
1700972120.147135 54 1
1700972120.147394 8964 -1
1700972120.147452 54 1
1700972120.148601 4261 -1
1700972120.148644 54 1
1700972121.715365 234 1
1700972121.719937 221 1
1700972121.720058 219 1
1700972121.720192 234 1
1700972121.720366 228 1
1700972121.721642 60 -1
1700972121.735181 980 -1
1700972121.735181 812 -1
1700972121.735181 4152 -1
1700972121.735413 54 1
1700972121.737797 1010 -1
1700972121.737797 771 -1
1700972121.737884 54 1
1700972121.741124 7354 -1
1700972121.741190 54 1
1700972121.741629 7354 -1
1700972121.741665 54 1
1700972121.742211 1860 -1
1700972121.742242 54 1
1700972121.742473 4434 -1
1700972121.742508 54 1
1700972121.742674 7354 -1
1700972121.742709 54 1
1700972121.743476 4811 -1
1700972121.743531 54 1
1700972121.743711 16522 -1
1700972121.743795 54 1
1700972121.745072 1514 -1
1700972121.745106 54 1
1700972121.745176 1514 -1
1700972121.745534 7354 -1
1700972121.745582 54 1
1700972121.746001 1514 -1
1700972121.746101 4811 -1
1700972121.746129 54 1
1700972121.746571 1514 -1
1700972121.746609 54 1
1700972121.746650 7354 -1
1700972121.746674 54 1
1700972121.747249 7354 -1
1700972121.747482 54 1
1700972121.747899 2974 -1
1700972121.747949 54 1
1700972121.748089 7354 -1
1700972121.748135 54 1
1700972121.748707 7354 -1
1700972121.748772 54 1
1700972121.749616 14654 -1
1700972121.749678 54 1
1700972121.750514 1154 -1
1700972121.750677 7354 -1
1700972121.750742 54 1
1700972121.751203 2974 -1
1700972121.751230 54 1
1700972121.751453 7354 -1
1700972121.751482 54 1
1700972121.752071 7354 -1
1700972121.752113 54 1
1700972121.752674 7354 -1
1700972121.752727 54 1
1700972121.753448 7354 -1
1700972121.753478 54 1
1700972121.753872 7354 -1
1700972121.753933 54 1
1700972121.754575 2676 -1
1700972121.754605 54 1
1700972121.754686 4434 -1
1700972121.754707 54 1
1700972121.755091 2974 -1
1700972121.755118 54 1
1700972121.755290 4434 -1
1700972121.755308 54 1
1700972121.755666 7354 -1
1700972121.755707 54 1
1700972121.756298 1514 -1
1700972121.756589 7354 -1
1700972121.756614 54 1
1700972121.757033 7354 -1
1700972121.757093 54 1
1700972121.757902 4434 -1
1700972121.757958 54 1
1700972121.757993 7354 -1
1700972121.758033 54 1
1700972121.758629 7354 -1
1700972121.758681 54 1
1700972121.763013 2974 -1
1700972121.763013 7354 -1
1700972121.763013 7354 -1
1700972121.763013 7354 -1
1700972121.763013 5894 -1
1700972121.763013 7354 -1
1700972121.763013 7354 -1
1700972121.763281 54 1
1700972121.763349 7354 -1
1700972121.763420 54 1
1700972121.763682 7354 -1
1700972121.763715 54 1
1700972121.764217 7354 -1
1700972121.764249 54 1
1700972121.765042 5894 -1
1700972121.765084 54 1
1700972121.765341 7354 -1
1700972121.765375 54 1
1700972121.766239 7354 -1
1700972121.766301 54 1
1700972121.766897 2974 -1
1700972121.766897 4434 -1
1700972121.766958 54 1
1700972121.767154 1514 -1
1700972121.767182 54 1
1700972121.767446 7354 -1
1700972121.767495 54 1
1700972121.768568 4434 -1
1700972121.768568 7354 -1
1700972121.768625 54 1
1700972121.773277 7354 -1
1700972121.773277 7354 -1
1700972121.773277 7354 -1
1700972121.773277 7354 -1
1700972121.773277 4434 -1
1700972121.773277 7354 -1
1700972121.773277 1514 -1
1700972121.773277 1514 -1
1700972121.773277 4434 -1
1700972121.773277 7354 -1
1700972121.773618 54 1
1700972121.773929 7354 -1
1700972121.774006 54 1
1700972121.774204 2974 -1
1700972121.774227 54 1
1700972121.775345 7354 -1
1700972121.775345 7354 -1
1700972121.775413 54 1
1700972121.776674 7354 -1
1700972121.776674 4434 -1
1700972121.776674 7354 -1
1700972121.776782 54 1
1700972121.777217 7354 -1
1700972121.777266 54 1
1700972121.787690 1514 -1
1700972121.787690 7354 -1
1700972121.787690 7354 -1
1700972121.787690 4434 -1
1700972121.787690 7354 -1
1700972121.787690 2974 -1
1700972121.787690 7354 -1
1700972121.787690 7354 -1
1700972121.787690 7354 -1
1700972121.787690 7354 -1
1700972121.787690 5894 -1
1700972121.787690 7354 -1
1700972121.787690 7354 -1
1700972121.787690 5894 -1
1700972121.787690 1514 -1
1700972121.787690 1514 -1
1700972121.787690 7354 -1
1700972121.787690 7354 -1
1700972121.787690 4434 -1
1700972121.788276 54 1
1700972121.788387 7354 -1
1700972121.788387 4434 -1
1700972121.788387 7354 -1
1700972121.788524 54 1
1700972121.789250 2974 -1
1700972121.789250 7354 -1
1700972121.789250 7354 -1
1700972121.789358 54 1
1700972121.790474 1514 -1
1700972121.790474 7354 -1
1700972121.790550 54 1
1700972121.790785 16312 -1
1700972121.790913 54 1
1700972121.791872 54 1
1700972123.314334 221 1
1700972123.314546 231 1
1700972123.323445 60 -1
1700972123.344731 1081 -1
1700972123.344731 692 -1
1700972123.344731 1054 -1
1700972123.344731 730 -1
1700972123.344861 54 1
1700972123.344968 6098 -1
1700972123.344991 54 1
1700972123.345325 4868 -1
1700972123.345367 54 1
1700972123.347497 89 1
1700972123.391092 60 -1
1700972125.908415 225 1
1700972125.910137 231 1
1700972125.910673 221 1
1700972125.911792 60 -1
1700972125.911792 60 -1
1700972125.911792 60 -1
1700972125.919719 1031 -1
1700972125.919719 744 -1
1700972125.919809 54 1
1700972125.919862 3027 -1
1700972125.919891 54 1
1700972125.923710 1051 -1
1700972125.923710 732 -1
1700972125.923783 54 1
1700972125.923840 7354 -1
1700972125.923881 54 1
1700972125.924510 879 -1
1700972125.928223 1111 -1
1700972125.928223 651 -1
1700972125.928294 54 1
1700972125.930589 9761 -1
1700972125.930670 54 1
1700972126.504074 54 1
1700972126.507233 78 -1
1700972126.507233 60 -1
1700972126.507274 54 1
1700972129.342001 66 1
1700972129.343124 66 -1
1700972129.343177 54 1
1700972129.343573 966 1
1700972129.344896 60 -1
1700972129.345955 318 -1
1700972129.346398 134 1
1700972129.347372 146 1
1700972129.347799 586 1
1700972129.347899 230 1
1700972129.347989 219 1
1700972129.348171 60 -1
1700972129.348326 60 -1
1700972129.348728 341 -1
1700972129.348913 60 -1
1700972129.348959 60 -1
1700972129.349141 60 -1
1700972129.351774 115 -1
1700972129.351774 85 -1
1700972129.351819 54 1
1700972129.352023 85 1
1700972129.353168 60 -1
1700972129.377671 1051 -1
1700972129.377671 730 -1
1700972129.377671 984 -1
1700972129.377671 804 -1
1700972129.377671 1021 -1
1700972129.377671 774 -1
1700972129.377671 6228 -1
1700972129.377671 2974 -1
1700972129.377671 13540 -1
1700972129.377671 7354 -1
1700972129.377860 54 1
1700972129.377939 7354 -1
1700972129.377966 54 1
1700972129.387115 1891 -1
1700972129.387115 4434 -1
1700972129.387115 7354 -1
1700972129.387115 4811 -1
1700972129.387115 1514 -1
1700972129.387115 7354 -1
1700972129.387115 7354 -1
1700972129.387115 1514 -1
1700972129.387115 7354 -1
1700972129.387115 4434 -1
1700972129.387115 1514 -1
1700972129.387115 7354 -1
1700972129.387115 7354 -1
1700972129.387115 7354 -1
1700972129.387374 54 1
1700972129.387537 7354 -1
1700972129.387537 7354 -1
1700972129.387537 7354 -1
1700972129.387644 54 1
1700972129.387760 7354 -1
1700972129.388039 54 1
1700972129.388286 7354 -1
1700972129.388330 54 1
1700972129.389498 4434 -1
1700972129.389498 7354 -1
1700972129.389567 54 1
1700972129.390305 13194 -1
1700972129.390383 54 1
1700972129.391058 7354 -1
1700972129.391097 54 1
1700972129.392501 7354 -1
1700972129.392501 7354 -1
1700972129.392571 54 1
1700972129.392967 7354 -1
1700972129.393022 54 1
1700972129.393506 2974 -1
1700972129.393535 54 1
1700972129.393718 7354 -1
1700972129.393774 54 1
1700972129.394491 2974 -1
1700972129.394531 54 1
1700972129.394719 1514 -1
1700972129.394719 7354 -1
1700972129.394764 54 1
1700972129.395248 29254 -1
1700972129.395554 54 1
1700972129.397627 7354 -1
1700972129.397699 54 1
1700972129.398208 7354 -1
1700972129.398256 54 1
1700972129.398821 5894 -1
1700972129.398884 54 1
1700972129.399245 3330 -1
1700972129.399276 54 1
1700972129.399583 21954 -1
1700972129.399649 54 1
1700972129.408359 2974 -1
1700972129.408359 2974 -1
1700972129.408359 7354 -1
1700972129.408359 7354 -1
1700972129.408359 7354 -1
1700972129.408359 7354 -1
1700972129.408359 2974 -1
1700972129.408359 4434 -1
1700972129.408359 7354 -1
1700972129.408359 7354 -1
1700972129.408359 7354 -1
1700972129.408359 7354 -1
1700972129.408359 7354 -1
1700972129.408359 5894 -1
1700972129.408756 54 1
1700972129.411582 7354 -1
1700972129.411582 4434 -1
1700972129.411582 7354 -1
1700972129.411582 2974 -1
1700972129.411582 1514 -1
1700972129.411582 7354 -1
1700972129.411582 7354 -1
1700972129.411582 7354 -1
1700972129.411730 54 1
1700972129.411905 54 1
1700972129.418133 4434 -1
1700972129.418133 7354 -1
1700972129.418133 4434 -1
1700972129.418133 1514 -1
1700972129.418133 4434 -1
1700972129.418133 4434 -1
1700972129.418133 1514 -1
1700972129.418133 7354 -1
1700972129.418133 2974 -1
1700972129.418133 1514 -1
1700972129.418133 1514 -1
1700972129.418133 1514 -1
1700972129.418133 5894 -1
1700972129.418133 7354 -1
1700972129.418133 1514 -1
1700972129.418133 1514 -1
1700972129.418133 2974 -1
1700972129.418133 7354 -1
1700972129.418133 7354 -1
1700972129.418493 54 1
1700972129.418530 54 1
1700972129.418604 7354 -1
1700972129.418659 54 1
1700972129.425715 1514 -1
1700972129.425715 8814 -1
1700972129.425715 7354 -1
1700972129.425715 4434 -1
1700972129.425715 7354 -1
1700972129.425715 1514 -1
1700972129.425715 1514 -1
1700972129.425715 2974 -1
1700972129.425715 2974 -1
1700972129.425715 7354 -1
1700972129.425715 4290 -1
1700972129.425715 7354 -1
1700972129.425715 7354 -1
1700972129.425715 7354 -1
1700972129.425715 7354 -1
1700972129.425715 7354 -1
1700972129.426045 54 1
1700972129.426208 54 1
1700972129.430030 198 -1
1700972129.430030 7354 -1
1700972129.430030 7354 -1
1700972129.430030 7354 -1
1700972129.430030 7354 -1
1700972129.430030 5782 -1
1700972129.430030 1514 -1
1700972129.430030 1514 -1
1700972129.430030 2974 -1
1700972129.430030 7354 -1
1700972129.430191 54 1
1700972129.430270 1514 -1
1700972129.430285 54 1
1700972129.430494 7354 -1
1700972129.430521 54 1
1700972129.430931 7354 -1
1700972129.430960 54 1
1700972129.431601 166 -1
1700972129.431601 7354 -1
1700972129.431634 54 1
1700972129.432143 7354 -1
1700972129.432185 54 1
1700972129.432747 7354 -1
1700972129.432773 54 1
1700972129.434589 7354 -1
1700972129.434589 7354 -1
1700972129.434589 7354 -1
1700972129.434677 54 1
1700972129.435163 7354 -1
1700972129.435205 54 1
1700972129.435852 7354 -1
1700972129.435885 54 1
1700972129.436461 2974 -1
1700972129.436499 54 1
1700972129.436614 1514 -1
1700972129.436654 54 1
1700972129.437006 1514 -1
1700972129.437006 5894 -1
1700972129.437071 54 1
1700972129.437563 14654 -1
1700972129.437610 54 1
1700972129.438572 7354 -1
1700972129.438622 54 1
1700972129.439765 7354 -1
1700972129.439799 54 1
1700972129.439854 7354 -1
1700972129.439892 54 1
1700972129.440811 2974 -1
1700972129.440811 7354 -1
1700972129.440862 54 1
1700972129.441225 1514 -1
1700972129.441261 54 1
1700972129.441340 2974 -1
1700972129.441367 54 1
1700972129.441575 4434 -1
1700972129.441613 54 1
1700972129.441943 2974 -1
1700972129.441990 54 1
1700972129.442182 2974 -1
1700972129.442222 54 1
1700972129.442552 7354 -1
1700972129.442582 54 1
1700972129.443035 7354 -1
1700972129.443087 54 1
1700972129.443644 7354 -1
1700972129.443688 54 1
1700972129.444278 5894 -1
1700972129.444305 54 1
1700972129.444729 7354 -1
1700972129.444774 54 1
1700972129.445460 7354 -1
1700972129.445494 54 1
1700972129.445943 7354 -1
1700972129.445979 54 1
1700972129.446548 7354 -1
1700972129.446593 54 1
1700972129.447198 4434 -1
1700972129.447236 54 1
1700972129.447530 7354 -1
1700972129.447570 54 1
1700972129.448212 7354 -1
1700972129.448251 54 1
1700972129.448796 5894 -1
1700972129.448837 54 1
1700972129.449304 7354 -1
1700972129.449356 54 1
1700972129.449811 1514 -1
1700972129.449937 7354 -1
1700972129.449979 54 1
1700972129.450544 7354 -1
1700972129.450583 54 1
1700972129.452257 20494 -1
1700972129.452534 54 1
1700972129.452952 7354 -1
1700972129.453009 54 1
1700972129.453513 7354 -1
1700972129.453570 54 1
1700972129.454558 5750 -1
1700972129.454603 54 1
1700972129.454648 5894 -1
1700972129.454683 54 1
1700972129.456048 1514 -1
1700972129.456048 5894 -1
1700972129.456048 7354 -1
1700972129.456102 54 1
1700972129.457337 5894 -1
1700972129.457402 54 1
1700972129.460158 7354 -1
1700972129.460158 5894 -1
1700972129.460158 4434 -1
1700972129.460158 198 -1
1700972129.460158 2974 -1
1700972129.460158 7354 -1
1700972129.460158 7354 -1
1700972129.460158 1514 -1
1700972129.460158 5894 -1
1700972129.460639 54 1
1700972129.460969 54 1
1700972129.460998 2974 -1
1700972129.460998 4434 -1
1700972129.460998 7354 -1
1700972129.461049 54 1
1700972129.461131 54 1
1700972129.461514 7354 -1
1700972129.461555 54 1
1700972129.462971 7354 -1
1700972129.462971 2974 -1
1700972129.462971 4434 -1
1700972129.463052 54 1
1700972129.463404 2974 -1
1700972129.463482 54 1
1700972129.463593 7354 -1
1700972129.463628 54 1
1700972129.464151 1514 -1
1700972129.464199 54 1
1700972129.464487 2974 -1
1700972129.464519 54 1
1700972129.464938 1514 -1
1700972129.464938 7354 -1
1700972129.464938 1514 -1
1700972129.465034 66 1
1700972129.465093 66 1
1700972129.465146 54 1
1700972129.465788 2974 -1
1700972129.465788 1514 -1
1700972129.465788 1514 -1
1700972129.465859 54 1
1700972129.465903 7354 -1
1700972129.465929 54 1
1700972129.467073 7354 -1
1700972129.467123 54 1
1700972129.467592 7354 -1
1700972129.467655 54 1
1700972129.467816 2974 -1
1700972129.467845 54 1
1700972129.468698 5894 -1
1700972129.468698 1514 -1
1700972129.468698 4210 -1
1700972129.468772 54 1
1700972129.469175 1514 -1
1700972129.469175 2974 -1
1700972129.469226 54 1
1700972129.469263 2974 -1
1700972129.469292 54 1
1700972129.469544 4434 -1
1700972129.469575 54 1
1700972129.469876 7354 -1
1700972129.469909 54 1
1700972129.470936 5894 -1
1700972129.470967 54 1
1700972129.471001 1514 -1
1700972129.471275 1514 -1
1700972129.471275 7354 -1
1700972129.471499 54 1
1700972129.471819 2974 -1
1700972129.471848 54 1
1700972129.473598 2974 -1
1700972129.473598 7354 -1
1700972129.473598 7354 -1
1700972129.473598 7354 -1
1700972129.473701 54 1
1700972129.474195 1514 -1
1700972129.474269 7354 -1
1700972129.474287 54 1
1700972129.476681 7354 -1
1700972129.476681 7354 -1
1700972129.476681 2974 -1
1700972129.476681 7354 -1
1700972129.476811 54 1
1700972129.478103 7354 -1
1700972129.478103 5894 -1
1700972129.478103 5894 -1
1700972129.478183 54 1
1700972129.478586 7354 -1
1700972129.478618 54 1
1700972129.482865 5894 -1
1700972129.482865 1514 -1
1700972129.482865 4434 -1
1700972129.482865 2974 -1
1700972129.482865 4434 -1
1700972129.482865 1514 -1
1700972129.482865 5894 -1
1700972129.482865 5894 -1
1700972129.482865 5894 -1
1700972129.482865 1514 -1
1700972129.482865 5894 -1
1700972129.483133 66 1
1700972129.483211 66 1
1700972129.483278 66 1
1700972129.483325 66 1
1700972129.483390 66 1
1700972129.483433 66 1
1700972129.483489 66 1
1700972129.483556 5894 -1
1700972129.483628 66 1
1700972129.483974 1514 -1
1700972129.483974 5894 -1
1700972129.483974 5894 -1
1700972129.484018 66 1
1700972129.484075 66 1
1700972129.484102 66 1
1700972129.493152 2974 -1
1700972129.493152 5894 -1
1700972129.493152 5894 -1
1700972129.493152 4434 -1
1700972129.493152 1514 -1
1700972129.493152 5894 -1
1700972129.493152 5894 -1
1700972129.493152 5894 -1
1700972129.493152 5894 -1
1700972129.493152 5894 -1
1700972129.493152 5894 -1
1700972129.493152 5894 -1
1700972129.493152 5894 -1
1700972129.493152 5894 -1
1700972129.493152 5894 -1
1700972129.493152 5894 -1
1700972129.493152 2974 -1
1700972129.493152 5894 -1
1700972129.493152 2974 -1
1700972129.493152 2974 -1
1700972129.493152 1514 -1
1700972129.493152 4434 -1
1700972129.493625 66 1
1700972129.493712 66 1
1700972129.493764 66 1
1700972129.493833 66 1
1700972129.493869 66 1
1700972129.493922 66 1
1700972129.493976 66 1
1700972129.494034 66 1
1700972129.494100 66 1
1700972129.494204 66 1
1700972129.494288 66 1
1700972129.494443 66 1
1700972129.494537 66 1
1700972129.494612 66 1
1700972129.494671 66 1
1700972129.494743 66 1
1700972129.494988 54 1
1700972129.495058 54 1
1700972129.496578 5894 -1
1700972129.496578 5894 -1
1700972129.496578 2974 -1
1700972129.496578 2974 -1
1700972129.496578 1514 -1
1700972129.496578 1514 -1
1700972129.496578 2974 -1
1700972129.496578 1514 -1
1700972129.496578 1514 -1
1700972129.496578 1514 -1
1700972129.496578 1514 -1
1700972129.496578 1514 -1
1700972129.496578 4434 -1
1700972129.496578 5894 -1
1700972129.496740 54 1
1700972129.498342 54 1
1700972129.498803 5894 -1
1700972129.498803 5894 -1
1700972129.498860 54 1
1700972129.499048 4434 -1
1700972129.499099 54 1
1700972129.499286 1514 -1
1700972129.499997 5894 -1
1700972129.500044 54 1
1700972129.500831 1514 -1
1700972129.500831 7354 -1
1700972129.500872 54 1
1700972129.501470 7354 -1
1700972129.501545 54 1
1700972129.501928 5894 -1
1700972129.501960 54 1
1700972129.502994 7354 -1
1700972129.502994 7354 -1
1700972129.503081 54 1
1700972129.503866 7354 -1
1700972129.503912 54 1
1700972129.504625 1514 -1
1700972129.504625 7354 -1
1700972129.504689 54 1
1700972129.504909 236 -1
1700972129.504934 54 1
1700972131.011610 235 1
1700972131.012833 60 -1
1700972131.012985 234 1
1700972131.014111 60 -1
1700972131.015582 229 1
1700972131.015789 222 1
1700972131.016748 60 -1
1700972131.017198 60 -1
1700972131.026839 1050 -1
1700972131.026942 732 -1
1700972131.026964 54 1
1700972131.033363 1514 -1
1700972131.033526 2519 -1
1700972131.033552 54 1
1700972131.033701 980 -1
1700972131.033722 54 1
1700972131.033758 1811 -1
1700972131.033776 54 1
1700972131.033871 721 -1
1700972131.034704 5482 -1
1700972131.034749 54 1
1700972131.035159 1161 -1
1700972131.035159 577 -1
1700972131.035187 54 1
1700972131.036358 7354 -1
1700972131.036404 54 1
1700972131.036837 549 -1
1700972131.036884 6351 -1
1700972131.036930 54 1
1700972132.637742 232 1
1700972132.643559 230 1
1700972132.651211 60 -1
1700972132.667515 1050 -1
1700972132.667515 729 -1
1700972132.667515 2974 -1
1700972132.667515 4239 -1
1700972132.667515 1137 -1
1700972132.667515 618 -1
1700972132.667515 5894 -1
1700972132.667515 3922 -1
1700972132.667757 54 1
1700972134.841595 231 1
1700972134.841719 230 1
1700972134.842442 230 1
1700972134.845423 60 -1
1700972134.847183 230 1
1700972134.847904 232 1
1700972134.851624 1055 -1
1700972134.851624 730 -1
1700972134.851717 54 1
1700972134.853156 89 1
1700972134.854044 1514 -1
1700972134.854094 54 1
1700972134.854157 1514 -1
1700972134.854196 54 1
1700972134.854238 2974 -1
1700972134.854269 54 1
1700972134.854374 1514 -1
1700972134.854408 54 1
1700972134.854595 1491 -1
1700972134.854639 54 1
1700972134.863823 1090 -1
1700972134.863823 680 -1
1700972134.863823 1084 -1
1700972134.863823 690 -1
1700972134.863943 54 1
1700972134.865720 2974 -1
1700972134.865771 54 1
1700972134.865825 3135 -1
1700972134.865852 54 1
1700972134.913680 5667 -1
1700972134.913680 5600 -1
1700972134.913680 1733 -1
1700972134.913680 7287 -1
1700972134.913680 1447 -1
1700972134.913789 66 1
1700972136.499454 219 1
1700972136.508971 224 1
1700972136.509242 222 1
1700972136.515586 60 -1
1700972136.521190 1075 -1
1700972136.521190 735 -1
1700972136.521291 54 1
1700972136.523999 4434 -1
1700972136.524065 54 1
1700972136.524507 9184 -1
1700972136.524565 54 1
1700972136.578296 1090 -1
1700972136.578296 687 -1
1700972136.578543 54 1
1700972136.585005 984 -1
1700972136.585005 805 -1
1700972136.585005 10087 -1
1700972136.585126 54 1
1700972136.588576 7354 -1
1700972136.588675 54 1
1700972136.590387 7354 -1
1700972136.590387 1860 -1
1700972136.590437 54 1
1700972136.593571 7354 -1
1700972136.593571 2974 -1
1700972136.593571 5894 -1
1700972136.593571 431 -1
1700972136.593571 7354 -1
1700972136.593571 7354 -1
1700972136.593571 1514 -1
1700972136.593571 7354 -1
1700972136.593571 7354 -1
1700972136.593813 54 1
1700972136.593902 1514 -1
1700972136.593902 7354 -1
1700972136.593944 54 1
1700972136.595495 7354 -1
1700972136.595495 1514 -1
1700972136.595495 7354 -1
1700972136.595575 54 1
1700972136.595670 7354 -1
1700972136.595701 54 1
1700972136.596312 1514 -1
1700972136.596356 1514 -1
1700972136.596390 54 1
1700972136.596895 7354 -1
1700972136.596939 54 1
1700972136.597210 7354 -1
1700972136.597243 54 1
1700972136.598033 4434 -1
1700972136.598072 54 1
1700972136.598094 7354 -1
1700972136.598117 54 1
1700972136.598709 4434 -1
1700972136.598751 54 1
1700972136.599116 7354 -1
1700972136.599141 54 1
1700972136.599779 4434 -1
1700972136.599881 54 1
1700972136.599987 7354 -1
1700972136.600039 54 1
1700972136.600609 4434 -1
1700972136.600657 54 1
1700972136.601241 7354 -1
1700972136.601289 54 1
1700972136.601726 4434 -1
1700972136.601758 54 1
1700972136.601974 7354 -1
1700972136.602013 54 1
1700972136.602542 4434 -1
1700972136.602573 54 1
1700972136.602946 7354 -1
1700972136.603059 54 1
1700972136.603588 4434 -1
1700972136.603634 54 1
1700972136.603894 1514 -1
1700972136.603935 54 1
1700972136.604006 1514 -1
1700972136.604119 1972 -1
1700972136.604139 54 1
1700972136.604298 7354 -1
1700972136.604336 54 1
1700972136.605002 1514 -1
1700972136.605002 4434 -1
1700972136.605051 54 1
1700972136.605385 7354 -1
1700972136.605422 54 1
1700972136.605959 1514 -1
1700972136.605983 54 1
1700972136.606149 4434 -1
1700972136.606194 54 1
1700972136.606594 7354 -1
1700972136.606629 54 1
1700972136.607136 5894 -1
1700972136.607184 54 1
1700972136.608235 1514 -1
1700972136.608235 5894 -1
1700972136.608235 5894 -1
1700972136.608315 54 1
1700972136.608630 7354 -1
1700972136.608664 54 1
1700972136.609330 4434 -1
1700972136.609600 54 1
1700972136.609696 5894 -1
1700972136.609729 54 1
1700972136.610096 2974 -1
1700972136.610136 54 1
1700972136.612600 4434 -1
1700972136.612600 7354 -1
1700972136.612600 5894 -1
1700972136.612600 13194 -1
1700972136.612865 54 1
1700972136.612933 7354 -1
1700972136.612963 54 1
1700972136.614308 5894 -1
1700972136.614308 7354 -1
1700972136.614395 54 1
1700972136.615085 692 -1
1700972136.615085 7354 -1
1700972136.615156 54 1
1700972136.615535 7354 -1
1700972136.615564 54 1
1700972136.616243 2974 -1
1700972136.616243 7354 -1
1700972136.616297 54 1
1700972136.616770 5894 -1
1700972136.616812 54 1
1700972136.617198 5894 -1
1700972136.617231 54 1
1700972136.617660 7354 -1
1700972136.617689 54 1
1700972136.618272 13194 -1
1700972136.618316 54 1
1700972136.619456 7354 -1
1700972136.619501 54 1
1700972136.620103 4434 -1
1700972136.620141 54 1
1700972136.620308 2974 -1
1700972136.620341 54 1
1700972136.620678 4434 -1
1700972136.620796 54 1
1700972136.620952 7354 -1
1700972136.620985 54 1
1700972136.621559 5894 -1
1700972136.621607 54 1
1700972136.622192 7354 -1
1700972136.622235 54 1
1700972136.622628 5894 -1
1700972136.622658 54 1
1700972136.623103 7354 -1
1700972136.623143 54 1
1700972136.623721 2974 -1
1700972136.623751 54 1
1700972136.623950 2974 -1
1700972136.623975 54 1
1700972136.624201 6605 -1
1700972136.624238 54 1
1700972136.624776 7354 -1
1700972136.624808 54 1
1700972136.625483 5894 -1
1700972136.625524 54 1
1700972136.625848 7354 -1
1700972136.625900 54 1
1700972136.626507 7354 -1
1700972136.626559 54 1
1700972136.627132 2974 -1
1700972136.627169 54 1
1700972136.627337 5894 -1
1700972136.627547 54 1
1700972136.627781 7354 -1
1700972136.627827 54 1
1700972136.628496 4434 -1
1700972136.628525 54 1
1700972136.628749 7354 -1
1700972136.628786 54 1
1700972136.629359 5894 -1
1700972136.629498 54 1
1700972136.629865 2974 -1
1700972136.629908 54 1
1700972136.630209 7354 -1
1700972136.630243 54 1
1700972136.630815 5894 -1
1700972136.630859 54 1
1700972136.631152 7354 -1
1700972136.631190 54 1
1700972136.631753 5894 -1
1700972136.631784 54 1
1700972136.632297 7354 -1
1700972136.632327 54 1
1700972136.632848 5894 -1
1700972136.632877 54 1
1700972136.633359 7354 -1
1700972136.633398 54 1
1700972136.633930 5894 -1
1700972136.633984 54 1
1700972136.634659 7354 -1
1700972136.634696 54 1
1700972136.635054 2962 -1
1700972136.635095 54 1
1700972136.635543 4434 -1
1700972136.635564 54 1
1700972136.635647 7354 -1
1700972136.635688 54 1
1700972136.636240 1514 -1
1700972136.636357 7354 -1
1700972136.636399 54 1
1700972136.636990 5894 -1
1700972136.637035 54 1
1700972136.637612 7354 -1
1700972136.637642 54 1
1700972136.638067 5894 -1
1700972136.638117 54 1
1700972136.638746 2974 -1
1700972136.638789 54 1
1700972136.638857 7354 -1
1700972136.638908 54 1
1700972136.639510 7354 -1
1700972136.639532 54 1
1700972136.640340 7354 -1
1700972136.640380 54 1
1700972136.640665 5894 -1
1700972136.640694 54 1
1700972136.641085 4434 -1
1700972136.641109 54 1
1700972136.641708 7354 -1
1700972136.641745 54 1
1700972136.642070 1514 -1
1700972136.642168 7354 -1
1700972136.642214 54 1
1700972136.642790 5894 -1
1700972136.642833 54 1
1700972136.643270 13194 -1
1700972136.643320 54 1
1700972136.644643 7354 -1
1700972136.644702 54 1
1700972136.644971 5894 -1
1700972136.645003 54 1
1700972136.645605 5894 -1
1700972136.645656 54 1
1700972136.645945 7354 -1
1700972136.645986 54 1
1700972136.646801 1514 -1
1700972136.646801 4434 -1
1700972136.646844 54 1
1700972136.647007 2974 -1
1700972136.647042 54 1
1700972136.647423 7354 -1
1700972136.647463 54 1
1700972136.647887 2974 -1
1700972136.647924 54 1
1700972136.648178 7354 -1
1700972136.648229 54 1
1700972136.648741 5894 -1
1700972136.648781 54 1
1700972136.649203 1514 -1
1700972136.649231 54 1
1700972136.649312 1514 -1
1700972136.649486 7354 -1
1700972136.649574 54 1
1700972136.650173 2974 -1
1700972136.650210 54 1
1700972136.650292 7354 -1
1700972136.650316 54 1
1700972136.650965 2680 -1
1700972136.651011 54 1
1700972138.105470 234 1
1700972138.107555 226 1
1700972138.109665 60 -1
1700972138.115173 1107 -1
1700972138.115173 650 -1
1700972138.115249 54 1
1700972138.115848 4434 -1
1700972138.115877 54 1
1700972138.116099 1963 -1
1700972138.116140 54 1
1700972138.116261 1745 -1
1700972138.116279 54 1
1700972138.116893 4431 -1
1700972138.116928 54 1
1700972140.938609 230 1
1700972140.938756 222 1
1700972140.938840 221 1
1700972140.939117 224 1
1700972140.941384 60 -1
1700972140.942985 860 -1
1700972140.943116 7354 -1
1700972140.943150 54 1
1700972140.943833 1514 -1
1700972140.943833 3798 -1
1700972140.943871 54 1
1700972140.944060 929 -1
1700972140.944209 7354 -1
1700972140.944242 54 1
1700972140.944785 1571 -1
1700972140.944811 54 1
1700972140.946426 89 1
1700972140.977012 1057 -1
1700972140.977012 727 -1
1700972140.977012 7354 -1
1700972140.977012 2560 -1
1700972140.977128 54 1
1700972140.990961 928 -1
1700972140.990961 2974 -1
1700972140.990961 2198 -1
1700972140.991195 54 1
1700972144.801829 229 1
1700972144.801935 231 1
1700972144.802022 222 1
1700972144.802134 231 1
1700972144.806667 60 -1
1700972144.808658 959 -1
1700972144.808658 1514 -1
1700972144.808658 1514 -1
1700972144.808764 54 1
1700972144.808832 4702 -1
1700972144.808875 54 1
1700972144.811747 929 -1
1700972144.811747 7354 -1
1700972144.811826 54 1
1700972144.812200 789 -1
1700972144.812242 54 1
1700972144.817214 861 -1
1700972144.817214 6382 -1
1700972144.817306 54 1
1700972144.843748 926 -1
1700972144.843748 6680 -1
1700972144.843856 54 1
1700972146.475698 229 1
1700972146.476098 229 1
1700972146.477383 223 1
1700972146.477502 231 1
1700972146.477725 226 1
1700972146.483584 60 -1
1700972146.483584 964 -1
1700972146.483584 1514 -1
1700972146.483584 7354 -1
1700972146.483584 876 -1
1700972146.483584 1514 -1
1700972146.483584 7354 -1
1700972146.483794 54 1
1700972146.483912 3817 -1
1700972146.483952 54 1
1700972146.484184 5894 -1
1700972146.484217 54 1
1700972146.484846 7354 -1
1700972146.484895 54 1
1700972146.485296 1592 -1
1700972146.485325 54 1
1700972146.487653 926 -1
1700972146.487653 6954 -1
1700972146.487749 54 1
1700972146.488032 89 1
1700972146.529937 54 1
1700972146.531215 60 -1
1700972146.532243 78 -1
1700972146.532243 60 -1
1700972146.532283 54 1
1700972148.710326 66 1
1700972148.711426 66 -1
1700972148.711524 54 1
1700972148.712904 966 1
1700972148.715835 60 -1
1700972148.717438 318 -1
1700972148.718268 134 1
1700972148.718828 146 1
1700972148.719391 60 -1
1700972148.719541 587 1
1700972148.719629 221 1
1700972148.719723 230 1
1700972148.719802 60 -1
1700972148.719827 229 1
1700972148.720087 341 -1
1700972148.720658 60 -1
1700972148.720720 60 -1
1700972148.720720 60 -1
1700972148.720903 60 -1
1700972148.724662 115 -1
1700972148.724662 85 -1
1700972148.724717 54 1
1700972148.725077 85 1
1700972148.726119 60 -1
1700972148.739315 1084 -1
1700972148.739315 693 -1
1700972148.739408 54 1
1700972148.740955 1053 -1
1700972148.740955 732 -1
1700972148.740996 54 1
1700972148.741038 6366 -1
1700972148.741069 54 1
1700972148.746322 982 -1
1700972148.746322 815 -1
1700972148.746407 54 1
1700972148.748887 6164 -1
1700972148.748938 54 1
1700972148.751610 5131 -1
1700972148.751655 54 1
1700972148.756129 982 -1
1700972148.756129 811 -1
1700972148.756218 54 1
1700972148.767794 4082 -1
1700972148.767894 54 1
1700972150.339503 230 1
1700972150.343696 224 1
1700972150.343783 230 1
1700972150.343980 223 1
1700972150.355872 60 -1
1700972150.361154 979 -1
1700972150.361154 813 -1
1700972150.361284 54 1
1700972150.369035 1514 -1
1700972150.369035 2974 -1
1700972150.369035 3536 -1
1700972150.369035 1051 -1
1700972150.369035 730 -1
1700972150.369169 54 1
1700972150.369824 1054 -1
1700972150.369824 729 -1
1700972150.369824 5875 -1
1700972150.369881 54 1
1700972150.372746 7354 -1
1700972150.372746 2547 -1
1700972150.372847 54 1
1700972150.384063 1087 -1
1700972150.384134 66 1
1700972150.403196 1030 -1
1700972150.403196 741 -1
1700972150.403296 54 1
1700972150.405158 5894 -1
1700972150.405234 54 1
1700972150.405382 1433 -1
1700972150.405409 54 1
1700972152.031772 223 1
1700972152.033691 232 1
1700972152.042675 230 1
1700972152.043257 60 -1
1700972152.064391 1136 -1
1700972152.064391 612 -1
1700972152.064523 54 1
1700972152.069149 1514 -1
1700972152.069244 3284 -1
1700972152.069281 54 1
1700972152.085162 1054 -1
1700972152.085162 730 -1
1700972152.085162 1052 -1
1700972152.085162 731 -1
1700972152.085276 54 1
1700972152.088126 5054 -1
1700972152.088200 54 1
1700972152.088425 4417 -1
1700972152.088462 54 1
1700972153.645329 232 1
1700972153.645430 231 1
1700972153.645519 227 1
1700972153.645847 232 1
1700972153.645999 230 1
1700972153.646706 60 -1
1700972153.649704 60 -1
1700972153.658059 977 -1
1700972153.658059 817 -1
1700972153.658174 54 1
1700972153.658623 4078 -1
1700972153.658656 54 1
1700972153.660246 1050 -1
1700972153.660285 54 1
1700972153.665836 732 -1
1700972153.665836 1054 -1
1700972153.665836 728 -1
1700972153.665836 1054 -1
1700972153.665836 731 -1
1700972153.665836 4434 -1
1700972153.665836 4903 -1
1700972153.665836 4613 -1
1700972153.665836 7354 -1
1700972153.665836 388 -1
1700972153.666046 54 1
1700972153.674228 1029 -1
1700972153.674228 764 -1
1700972153.674228 4846 -1
1700972153.674342 54 1
1700972156.407275 231 1
1700972156.407481 232 1
1700972156.409801 60 -1
1700972156.417624 981 -1
1700972156.417624 813 -1
1700972156.417706 54 1
1700972156.417787 1514 -1
1700972156.417787 5683 -1
1700972156.417832 54 1
1700972156.419300 89 1
1700972156.420555 1055 -1
1700972156.420555 730 -1
1700972156.420555 7354 -1
1700972156.420634 54 1
1700972156.420889 1755 -1
1700972156.420961 54 1
1700972156.557919 54 1
1700972156.559453 78 -1
1700972156.559453 60 -1
1700972156.559504 54 1
1700972160.725279 66 1
1700972160.726568 66 -1
1700972160.726669 54 1
1700972160.727208 966 1
1700972160.728271 60 -1
1700972160.728861 318 -1
1700972160.729647 134 1
1700972160.730560 146 1
1700972160.730793 60 -1
1700972160.731195 585 1
1700972160.731285 223 1
1700972160.731303 341 -1
1700972160.731379 231 1
1700972160.731824 60 -1
1700972160.731824 115 -1
1700972160.731824 85 -1
1700972160.731863 54 1
1700972160.732006 85 1
1700972160.732577 60 -1
1700972160.732577 60 -1
1700972160.732577 60 -1
1700972160.733020 60 -1
1700972160.743676 1056 -1
1700972160.743676 729 -1
1700972160.743763 54 1
1700972160.743936 4434 -1
1700972160.743970 54 1
1700972160.744192 2974 -1
1700972160.744217 54 1
1700972160.744829 3080 -1
1700972160.744878 54 1
1700972160.774086 978 -1
1700972160.774086 814 -1
1700972160.774185 54 1
1700972160.777210 4780 -1
1700972160.777293 54 1
1700972160.831468 1057 -1
1700972160.831468 726 -1
1700972160.831584 54 1
1700972160.866590 4434 -1
1700972160.866698 54 1
1700972160.871784 5939 -1
1700972160.871784 99 -1
1700972160.871902 66 1
1700972162.389871 232 1
1700972162.396914 229 1
1700972162.399159 60 -1
1700972162.399254 226 1
1700972162.399354 232 1
1700972162.403859 60 -1
1700972162.416398 980 -1
1700972162.416398 814 -1
1700972162.416398 1054 -1
1700972162.416398 731 -1
1700972162.416522 54 1
1700972162.425340 2282 -1
1700972162.425340 6873 -1
1700972162.425479 54 1
1700972162.425857 1054 -1
1700972162.425857 728 -1
1700972162.425892 54 1
1700972162.429918 1514 -1
1700972162.429918 4434 -1
1700972162.430015 54 1
1700972162.430193 1514 -1
1700972162.430233 54 1
1700972162.430345 5917 -1
1700972162.430383 54 1
1700972162.440619 1050 -1
1700972162.440722 54 1
1700972162.440806 732 -1
1700972162.441380 6527 -1
1700972162.441427 54 1
1700972164.604847 226 1
1700972164.607724 228 1
1700972164.607844 230 1
1700972164.607913 234 1
1700972164.608350 230 1
1700972164.609092 60 -1
1700972164.611486 60 -1
1700972164.614197 1050 -1
1700972164.614197 724 -1
1700972164.614270 54 1
1700972164.618222 7354 -1
1700972164.618312 54 1
1700972164.618624 748 -1
1700972164.618668 54 1
1700972164.618940 1053 -1
1700972164.618940 725 -1
1700972164.618993 54 1
1700972164.619029 2974 -1
1700972164.619086 54 1
1700972164.619177 7354 -1
1700972164.619213 54 1
1700972164.619876 83 -1
1700972164.619876 982 -1
1700972164.619876 805 -1
1700972164.619900 54 1
1700972164.620392 1056 -1
1700972164.620392 723 -1
1700972164.620421 54 1
1700972164.620774 7354 -1
1700972164.620811 54 1
1700972164.621007 2831 -1
1700972164.621025 54 1
1700972164.622479 7354 -1
1700972164.622541 54 1
1700972164.622923 3899 -1
1700972164.622943 54 1
1700972164.624127 1050 -1
1700972164.624127 730 -1
1700972164.624163 54 1
1700972164.624240 5948 -1
1700972164.624267 54 1
1700972166.238189 230 1
1700972166.279649 60 -1
1700972166.282099 1054 -1
1700972166.282099 728 -1
1700972166.282171 54 1
1700972166.285138 7354 -1
1700972166.285249 54 1
1700972166.285302 3004 -1
1700972166.285333 54 1
1700972166.286209 89 1
1700972166.287374 60 -1
1700972166.582231 54 1
1700972166.587537 78 -1
1700972166.587537 60 -1
1700972166.587747 54 1
