1700972926.928011 66 1
1700972926.929124 66 -1
1700972926.929201 54 1
1700972926.931555 599 1
1700972926.932612 60 -1
1700972926.935033 2779 -1
1700972926.935068 54 1
1700972926.950818 134 1
1700972926.952003 60 -1
1700972926.953461 341 -1
1700972926.953461 341 -1
1700972926.953497 54 1
1700972927.023532 146 1
1700972927.024679 60 -1
1700972927.038432 115 -1
1700972927.038432 85 -1
1700972927.038571 54 1
1700972927.052289 586 1
1700972927.053554 60 -1
1700972927.079965 1048 -1
1700972927.079965 735 -1
1700972927.079965 7354 -1
1700972927.079965 204 -1
1700972927.080076 54 1
1700972927.080628 85 1
1700972927.080743 230 1
1700972927.080825 230 1
1700972927.080927 230 1
1700972927.081055 231 1
1700972927.084092 231 1
1700972927.084211 228 1
1700972927.091431 60 -1
1700972927.091431 60 -1
1700972927.091431 892 -1
1700972927.091431 5071 -1
1700972927.091618 54 1
1700972927.098365 230 1
1700972927.098653 231 1
1700972927.098964 235 1
1700972927.099626 982 -1
1700972927.099626 814 -1
1700972927.099626 8356 -1
1700972927.099626 1103 -1
1700972927.099626 660 -1
1700972927.099626 3127 -1
1700972927.100025 54 1
1700972927.100764 60 -1
1700972927.102339 959 -1
1700972927.102369 54 1
1700972927.102486 7354 -1
1700972927.102515 54 1
1700972927.103654 2633 -1
1700972927.103677 54 1
1700972927.104089 980 -1
1700972927.104089 5933 -1
1700972927.104124 54 1
1700972927.105361 905 -1
1700972927.105361 7354 -1
1700972927.105411 54 1
1700972927.106657 924 -1
1700972927.106657 930 -1
1700972927.106685 54 1
1700972927.106740 5894 -1
1700972927.106771 54 1
1700972927.108066 5894 -1
1700972927.108104 54 1
1700972927.108551 1351 -1
1700972927.108575 54 1
1700972927.109675 980 -1
1700972927.109675 4777 -1
1700972927.109771 54 1
1700972927.122023 1053 -1
1700972927.122023 728 -1
1700972927.122069 54 1
1700972927.122798 2974 -1
1700972927.122834 54 1
1700972927.122951 2974 -1
1700972927.122990 54 1
1700972927.123196 6266 -1
1700972927.123262 54 1
1700972927.399646 209 1
1700972927.423050 953 -1
1700972927.423050 2882 -1
1700972927.423126 54 1
1700972934.739751 54 1
1700972934.745954 78 -1
1700972934.745954 60 -1
1700972934.746062 54 1
1700972936.093131 66 1
1700972936.094356 66 -1
1700972936.094471 54 1
1700972936.095086 966 1
1700972936.096105 60 -1
1700972936.097302 318 -1
1700972936.098862 134 1
1700972936.099477 146 1
1700972936.100022 587 1
1700972936.100119 229 1
1700972936.100184 229 1
1700972936.100246 231 1
1700972936.100808 60 -1
1700972936.100808 341 -1
1700972936.101109 60 -1
1700972936.101109 115 -1
1700972936.101109 85 -1
1700972936.101143 54 1
1700972936.101433 85 1
1700972936.102030 60 -1
1700972936.102030 60 -1
1700972936.102030 60 -1
1700972936.102030 60 -1
1700972936.102775 60 -1
1700972936.111784 826 -1
1700972936.111784 4434 -1
1700972936.111906 54 1
1700972936.111968 2974 -1
1700972936.112000 54 1
1700972936.112189 5072 -1
1700972936.112230 54 1
1700972936.113198 1057 -1
1700972936.113198 722 -1
1700972936.113231 54 1
1700972936.118387 6973 -1
1700972936.118568 54 1
1700972936.118676 806 -1
1700972936.118702 54 1
1700972936.118734 7354 -1
1700972936.118768 54 1
1700972936.119464 3096 -1
1700972936.119502 54 1
1700972936.125562 825 -1
1700972936.125562 7354 -1
1700972936.125656 54 1
1700972936.125992 243 -1
1700972936.168166 54 1
1700972939.625792 232 1
1700972939.626620 230 1
1700972939.628778 60 -1
1700972939.630357 229 1
1700972939.630661 231 1
1700972939.632914 60 -1
1700972939.635464 926 -1
1700972939.635708 7022 -1
1700972939.635775 54 1
1700972939.638929 1032 -1
1700972939.638929 734 -1
1700972939.638929 917 -1
1700972939.638929 7015 -1
1700972939.639042 54 1
1700972939.640617 928 -1
1700972939.640681 7354 -1
1700972939.640723 54 1
1700972939.641170 1829 -1
1700972939.641217 54 1
1700972939.641311 4434 -1
1700972939.641353 54 1
1700972939.641677 6955 -1
1700972939.641727 54 1
1700972941.227117 230 1
1700972941.227276 229 1
1700972941.231031 60 -1
1700972941.232003 229 1
1700972941.239976 853 -1
1700972941.239976 5023 -1
1700972941.240024 54 1
1700972941.242217 89 1
1700972941.243519 929 -1
1700972941.243519 4434 -1
1700972941.243584 54 1
1700972941.243781 6633 -1
1700972941.243850 54 1
1700972941.244931 929 -1
1700972941.244956 54 1
1700972941.245139 4434 -1
1700972941.245171 54 1
1700972941.245346 6667 -1
1700972941.245399 54 1
1700972942.792825 230 1
1700972942.792991 231 1
1700972942.794037 231 1
1700972942.795866 60 -1
1700972942.798971 904 -1
1700972942.799070 2974 -1
1700972942.799104 54 1
1700972942.799353 6451 -1
1700972942.799408 54 1
1700972942.800534 897 -1
1700972942.800534 7354 -1
1700972942.800600 54 1
1700972942.801680 2179 -1
1700972942.801717 54 1
1700972942.808409 836 -1
1700972942.808856 7354 -1
1700972942.808918 54 1
1700972942.809196 3807 -1
1700972942.809236 54 1
1700972944.746855 54 1
1700972944.769915 78 -1
1700972944.769915 60 -1
1700972944.770011 54 1
1700972944.937924 66 1
1700972944.938993 66 -1
1700972944.939063 54 1
1700972944.939380 902 1
1700972944.940544 60 -1
1700972944.941287 318 -1
1700972944.941743 134 1
1700972944.942068 146 1
1700972944.942318 589 1
1700972944.942397 230 1
1700972944.942969 60 -1
1700972944.943651 60 -1
1700972944.943651 60 -1
1700972944.943651 60 -1
1700972944.951942 341 -1
1700972944.965323 115 -1
1700972944.965323 85 -1
1700972944.965449 54 1
1700972944.965716 85 1
1700972944.982245 85 -1
1700972944.982245 851 -1
1700972944.982245 7354 -1
1700972944.982245 2974 -1
1700972944.982245 6240 -1
1700972944.982245 4648 -1
1700972944.982245 857 -1
1700972944.982245 7354 -1
1700972944.982245 7354 -1
1700972944.982245 1860 -1
1700972944.982245 7354 -1
1700972944.982245 924 -1
1700972944.982418 66 1
1700972944.982560 54 1
1700972944.994644 60 -1
1700972946.565513 230 1
1700972946.565654 231 1
1700972946.565736 232 1
1700972946.565835 261 1
1700972946.565938 230 1
1700972946.570700 60 -1
1700972946.570700 60 -1
1700972946.570700 60 -1
1700972946.570700 60 -1
1700972946.570700 60 -1
1700972946.570805 906 -1
1700972946.570805 2974 -1
1700972946.570883 54 1
1700972946.571175 2974 -1
1700972946.571175 5587 -1
1700972946.571236 54 1
1700972946.571944 857 -1
1700972946.571944 7354 -1
1700972946.572019 54 1
1700972946.572273 2959 -1
1700972946.572302 54 1
1700972946.593379 946 -1
1700972946.593379 7354 -1
1700972946.593379 679 -1
1700972946.593512 54 1
1700972946.603351 983 -1
1700972946.603351 802 -1
1700972946.603461 54 1
1700972946.609942 2974 -1
1700972946.609942 7354 -1
1700972946.609942 4434 -1
1700972946.609942 1860 -1
1700972946.609942 4434 -1
1700972946.609942 7354 -1
1700972946.609942 4811 -1
1700972946.609942 8814 -1
1700972946.610175 54 1
1700972946.610245 5894 -1
1700972946.610291 54 1
1700972946.610580 1514 -1
1700972946.610629 66 1
1700972946.610666 4434 -1
1700972946.610705 66 1
1700972946.611006 2974 -1
1700972946.611046 74 1
1700972946.611220 6679 -1
1700972946.611295 74 1
1700972946.611748 7354 -1
1700972946.611775 74 1
1700972946.612388 2974 -1
1700972946.612416 74 1
1700972946.612728 7354 -1
1700972946.612792 74 1
1700972946.613402 7354 -1
1700972946.613434 74 1
1700972946.613856 7354 -1
1700972946.613913 74 1
1700972946.614413 7354 -1
1700972946.614452 74 1
1700972946.615025 7354 -1
1700972946.615076 74 1
1700972946.615805 2614 -1
1700972946.615833 74 1
1700972946.615860 7354 -1
1700972946.615894 74 1
1700972946.616440 7354 -1
1700972946.616501 74 1
1700972946.617059 7354 -1
1700972946.617114 74 1
1700972946.617769 7354 -1
1700972946.617800 74 1
1700972946.618265 7354 -1
1700972946.618348 82 1
1700972946.618866 7354 -1
1700972946.618940 82 1
1700972946.619636 4105 -1
1700972946.619695 82 1
1700972946.619835 7354 -1
1700972946.619920 82 1
1700972946.620427 4434 -1
1700972946.620465 82 1
1700972946.620873 7354 -1
1700972946.620930 82 1
1700972946.621376 2974 -1
1700972946.621413 82 1
1700972946.621706 7354 -1
1700972946.621777 82 1
1700972946.622280 7354 -1
1700972946.622330 82 1
1700972946.622856 4083 -1
1700972946.622923 82 1
1700972946.623730 1514 -1
1700972946.623730 1514 -1
1700972946.623730 1514 -1
1700972946.623730 1081 -1
1700972946.623730 689 -1
1700972946.623791 74 1
1700972946.623925 66 1
1700972946.624036 54 1
1700972946.624079 54 1
1700972946.624221 54 1
1700972946.625119 54 1
1700972946.627418 7354 -1
1700972946.627469 54 1
1700972946.627835 2438 -1
1700972946.627867 54 1
1700972948.153192 234 1
1700972948.154206 60 -1
1700972948.154483 230 1
1700972948.155503 60 -1
1700972948.165344 903 -1
1700972948.165344 1514 -1
1700972948.165344 8814 -1
1700972948.165483 54 1
1700972948.165566 60 -1
1700972948.173563 825 -1
1700972948.173563 7354 -1
1700972948.173563 6609 -1
1700972948.173708 54 1
1700972950.533989 229 1
1700972950.534093 231 1
1700972950.534477 231 1
1700972950.535259 60 -1
1700972950.538818 854 -1
1700972950.538818 4434 -1
1700972950.538898 54 1
1700972950.538973 4448 -1
1700972950.539007 54 1
1700972950.539505 856 -1
1700972950.540032 7354 -1
1700972950.540066 54 1
1700972950.540095 389 -1
1700972950.543378 89 1
1700972950.544504 911 -1
1700972950.544583 11254 -1
1700972950.544647 54 1
1700972950.586964 60 -1
1700972953.123291 235 1
1700972953.123389 229 1
1700972953.124287 222 1
1700972953.124815 60 -1
1700972953.124815 60 -1
1700972953.126152 60 -1
1700972953.147353 856 -1
1700972953.147353 4434 -1
1700972953.147454 54 1
1700972953.147739 4762 -1
1700972953.147797 54 1
1700972953.151162 925 -1
1700972953.151284 2974 -1
1700972953.151327 54 1
1700972953.151361 2974 -1
1700972953.151383 54 1
1700972953.151751 2872 -1
1700972953.151782 54 1
1700972953.160915 932 -1
1700972953.160915 8814 -1
1700972953.161040 54 1
1700972953.162665 874 -1
1700972953.208615 54 1
1700972954.709921 221 1
1700972954.710710 222 1
1700972954.715010 60 -1
1700972954.715891 60 -1
1700972954.718669 222 1
1700972954.719065 232 1
1700972954.722903 60 -1
1700972954.722903 956 -1
1700972954.722903 2974 -1
1700972954.723083 54 1
1700972954.723185 7354 -1
1700972954.723246 54 1
1700972954.723467 1606 -1
1700972954.723492 54 1
1700972954.723843 60 -1
1700972954.728094 910 -1
1700972954.728202 7354 -1
1700972954.728241 54 1
1700972954.728618 5382 -1
1700972954.728711 54 1
1700972954.730629 912 -1
1700972954.730781 7354 -1
1700972954.730846 54 1
1700972954.731267 5849 -1
1700972954.731314 54 1
1700972954.733482 1053 -1
1700972954.733482 728 -1
1700972954.733520 54 1
1700972954.733713 10878 -1
1700972954.733744 54 1
1700972954.768270 54 1
1700972954.769731 78 -1
1700972954.769731 60 -1
1700972954.769799 54 1
1700972956.299311 66 1
1700972956.300500 66 -1
1700972956.300572 54 1
1700972956.301438 934 1
1700972956.302516 60 -1
1700972956.303413 318 -1
1700972956.304277 134 1
1700972956.304553 146 1
1700972956.305085 578 1
1700972956.305292 223 1
1700972956.305409 222 1
1700972956.306037 60 -1
1700972956.306037 60 -1
1700972956.306037 341 -1
1700972956.306111 115 -1
1700972956.306111 60 -1
1700972956.306111 85 -1
1700972956.306144 54 1
1700972956.306221 60 -1
1700972956.306838 85 1
1700972956.307535 60 -1
1700972956.307952 60 -1
1700972956.314839 1052 -1
1700972956.314839 729 -1
1700972956.314936 54 1
1700972956.314994 931 -1
1700972956.314994 6438 -1
1700972956.315043 54 1
1700972956.315276 1514 -1
1700972956.316034 5464 -1
1700972956.316086 54 1
1700972956.317715 896 -1
1700972956.317715 4434 -1
1700972956.317758 54 1
1700972956.317917 5253 -1
1700972956.317943 54 1
1700972958.382237 226 1
1700972958.382905 232 1
1700972958.385345 216 1
1700972958.391773 234 1
1700972958.395575 60 -1
1700972958.395575 60 -1
1700972958.395575 856 -1
1700972958.395575 5424 -1
1700972958.395797 54 1
1700972958.397176 60 -1
1700972958.404247 1005 -1
1700972958.404247 813 -1
1700972958.404349 54 1
1700972958.404410 7354 -1
1700972958.404463 54 1
1700972958.404832 2392 -1
1700972958.404857 54 1
1700972958.415017 1038 -1
1700972958.415017 733 -1
1700972958.415111 54 1
1700972958.422862 1002 -1
1700972958.422862 779 -1
1700972958.422959 54 1
1700972958.423031 1514 -1
1700972958.423070 7354 -1
1700972958.423103 54 1
1700972958.424324 2974 -1
1700972958.424324 4780 -1
1700972958.424324 1514 -1
1700972958.424389 54 1
1700972958.424429 7354 -1
1700972958.424466 54 1
1700972958.424980 7354 -1
1700972958.425010 54 1
1700972958.425755 431 -1
1700972958.425790 54 1
1700972958.425889 5894 -1
1700972958.425917 54 1
1700972958.426155 2974 -1
1700972958.426180 54 1
1700972958.426331 1514 -1
1700972958.426462 6302 -1
1700972958.426500 54 1
1700972958.426995 7354 -1
1700972958.427033 54 1
1700972958.427582 7354 -1
1700972958.427630 54 1
1700972958.428230 14654 -1
1700972958.428283 54 1
1700972958.429404 3697 -1
1700972958.429443 54 1
1700972958.429790 7354 -1
1700972958.429818 54 1
1700972958.430309 7354 -1
1700972958.430362 54 1
1700972958.430919 7354 -1
1700972958.430951 54 1
1700972958.431525 7354 -1
1700972958.431556 54 1
1700972958.432136 1514 -1
1700972958.432162 54 1
1700972958.432239 5894 -1
1700972958.432267 54 1
1700972958.432735 7354 -1
1700972958.432763 54 1
1700972958.433368 7354 -1
1700972958.433400 54 1
1700972958.433950 1514 -1
1700972958.434078 5894 -1
1700972958.434102 54 1
1700972958.434607 4434 -1
1700972958.434653 54 1
1700972958.434936 1514 -1
1700972958.435041 2974 -1
1700972958.435058 54 1
1700972958.435307 7354 -1
1700972958.435344 54 1
1700972958.435896 7354 -1
1700972958.435923 54 1
1700972958.436560 1514 -1
1700972958.436584 54 1
1700972958.436795 7354 -1
1700972958.436838 54 1
1700972958.437219 386 -1
1700972958.437241 54 1
1700972959.978554 230 1
1700972959.978864 229 1
1700972959.978978 230 1
1700972959.979115 231 1
1700972959.983527 60 -1
1700972959.992569 224 1
1700972959.996341 1083 -1
1700972959.996341 691 -1
1700972959.996464 54 1
1700972959.999288 6693 -1
1700972959.999350 54 1
1700972959.999801 981 -1
1700972959.999827 54 1
1700972960.000229 7354 -1
1700972960.000280 54 1
1700972960.000382 2124 -1
1700972960.000403 54 1
1700972960.000475 1083 -1
1700972960.000497 54 1
1700972960.000568 690 -1
1700972960.001790 7354 -1
1700972960.001852 54 1
1700972960.002078 7354 -1
1700972960.002116 54 1
1700972960.003074 1860 -1
1700972960.003074 85 -1
1700972960.003074 3081 -1
1700972960.003175 54 1
1700972960.003421 932 -1
1700972960.003421 5526 -1
1700972960.003478 54 1
1700972960.014983 1050 -1
1700972960.014983 733 -1
1700972960.015079 54 1
1700972960.015342 1514 -1
1700972960.015342 2917 -1
1700972960.015404 54 1
1700972961.633416 221 1
1700972961.633521 223 1
1700972961.634707 223 1
1700972961.635353 224 1
1700972961.637768 224 1
1700972961.645916 60 -1
1700972961.663101 981 -1
1700972961.663101 811 -1
1700972961.663101 928 -1
1700972961.663101 8814 -1
1700972961.663101 3924 -1
1700972961.663101 1729 -1
1700972961.663101 1978 -1
1700972961.663101 4848 -1
1700972961.663312 54 1
1700972961.673592 89 1
1700972961.691764 857 -1
1700972961.691764 5888 -1
1700972961.691764 1011 -1
1700972961.691764 7354 -1
1700972961.691764 3559 -1
1700972961.691764 639 -1
1700972961.692020 66 1
1700972961.733113 60 -1
1700972964.812137 54 1
1700972964.815073 78 -1
1700972964.815119 54 1
1700972964.815179 60 -1
1700972965.820594 66 1
1700972965.821965 66 -1
1700972965.822057 54 1
1700972965.822794 870 1
1700972965.823830 60 -1
1700972965.825163 318 -1
1700972965.825907 134 1
1700972965.826259 146 1
1700972965.826852 585 1
1700972965.826956 229 1
1700972965.827019 60 -1
1700972965.827060 227 1
1700972965.827168 231 1
1700972965.827227 60 -1
1700972965.827250 231 1
1700972965.827477 341 -1
1700972965.827959 115 -1
1700972965.827959 85 -1
1700972965.827959 60 -1
1700972965.827959 60 -1
1700972965.828000 54 1
1700972965.828164 85 1
1700972965.828222 60 -1
1700972965.828222 60 -1
1700972965.828488 60 -1
1700972965.829214 60 -1
1700972965.831011 928 -1
1700972965.831130 2974 -1
1700972965.831157 54 1
1700972965.831331 3413 -1
1700972965.831379 54 1
1700972965.831457 927 -1
1700972965.831585 2974 -1
1700972965.831630 54 1
1700972965.831974 5894 -1
1700972965.832022 54 1
1700972965.832316 2217 -1
1700972965.832349 54 1
1700972965.832460 926 -1
1700972965.832481 54 1
1700972965.832553 7985 -1
1700972965.832580 54 1
1700972965.833199 859 -1
1700972965.833446 1514 -1
1700972965.833446 7354 -1
1700972965.833474 54 1
1700972965.834002 3001 -1
1700972965.834022 54 1
1700972965.864748 958 -1
1700972965.864748 7044 -1
1700972965.864847 54 1
1700972967.438595 231 1
1700972967.438726 230 1
1700972967.438832 225 1
1700972967.439546 231 1
1700972967.439991 60 -1
1700972967.439991 60 -1
1700972967.439991 60 -1
1700972967.440521 60 -1
1700972967.443550 927 -1
1700972967.443550 1514 -1
1700972967.443550 6626 -1
1700972967.443604 54 1
1700972967.445721 929 -1
1700972967.445826 54 1
1700972967.445999 14654 -1
1700972967.446049 54 1
1700972967.447003 1860 -1
1700972967.447039 54 1
1700972967.447139 4423 -1
1700972967.447165 54 1
1700972967.447520 824 -1
1700972967.447547 54 1
1700972967.447617 6675 -1
1700972967.447651 54 1
1700972967.466457 861 -1
1700972967.466457 14354 -1
1700972967.466601 54 1
1700972969.103904 222 1
1700972969.104389 231 1
1700972969.104967 234 1
1700972969.105467 223 1
1700972969.117042 60 -1
1700972969.121870 928 -1
1700972969.121870 4904 -1
1700972969.121984 54 1
1700972969.122090 931 -1
1700972969.122090 4337 -1
1700972969.122130 54 1
1700972969.126035 926 -1
1700972969.126035 9611 -1
1700972969.126143 54 1
1700972969.128370 977 -1
1700972969.128370 814 -1
1700972969.128422 54 1
1700972969.129168 4571 -1
1700972969.129221 54 1
1700972971.243274 234 1
1700972971.243983 221 1
1700972971.246326 219 1
1700972971.246466 234 1
1700972971.247167 228 1
1700972971.248140 60 -1
1700972971.254169 900 -1
1700972971.254169 5305 -1
1700972971.254274 54 1
1700972971.254385 927 -1
1700972971.254401 54 1
1700972971.254457 7354 -1
1700972971.254489 54 1
1700972971.255101 3905 -1
1700972971.255134 54 1
1700972971.255387 905 -1
1700972971.255447 7354 -1
1700972971.255480 54 1
1700972971.256087 2127 -1
1700972971.256117 54 1
1700972971.256299 885 -1
1700972971.256299 5894 -1
1700972971.256344 54 1
1700972971.256942 5894 -1
1700972971.256984 54 1
1700972971.257389 4780 -1
1700972971.257432 54 1
1700972971.257951 1514 -1
1700972971.257951 4434 -1
1700972971.257990 54 1
1700972971.258351 7354 -1
1700972971.258410 54 1
1700972971.259396 89 1
1700972971.260943 3351 -1
1700972971.260943 2974 -1
1700972971.260943 7354 -1
1700972971.260943 6302 -1
1700972971.260943 7354 -1
1700972971.261089 54 1
1700972971.261194 7354 -1
1700972971.261245 54 1
1700972971.299086 1514 -1
1700972971.299086 7354 -1
1700972971.299086 7354 -1
1700972971.299086 2268 -1
1700972971.299086 7354 -1
1700972971.299086 7354 -1
1700972971.299086 7354 -1
1700972971.299086 7354 -1
1700972971.299086 7354 -1
1700972971.299086 7354 -1
1700972971.299086 7354 -1
1700972971.299086 7354 -1
1700972971.299086 5894 -1
1700972971.299086 7354 -1
1700972971.299086 7354 -1
1700972971.299086 14654 -1
1700972971.299086 7354 -1
1700972971.299086 7354 -1
1700972971.299086 7042 -1
1700972971.299086 7354 -1
1700972971.299086 7354 -1
1700972971.299086 14654 -1
1700972971.299086 13194 -1
1700972971.299086 1514 -1
1700972971.299086 7354 -1
1700972971.299086 7354 -1
1700972971.299086 7354 -1
1700972971.299086 4434 -1
1700972971.299086 7354 -1
1700972971.299086 2974 -1
1700972971.299086 7354 -1
1700972971.299086 7354 -1
1700972971.299086 7354 -1
1700972971.299086 4434 -1
1700972971.299086 1514 -1
1700972971.299086 1514 -1
1700972971.299086 4434 -1
1700972971.300437 54 1
1700972971.300441 54 1
1700972971.300627 54 1
1700972971.301518 54 1
1700972971.301638 4434 -1
1700972971.301720 54 1
1700972971.301807 54 1
1700972971.301821 7354 -1
1700972971.301871 54 1
1700972971.302565 7354 -1
1700972971.302635 54 1
1700972971.303007 7354 -1
1700972971.303080 54 1
1700972971.303595 7354 -1
1700972971.303668 54 1
1700972971.304212 7354 -1
1700972971.304264 54 1
1700972971.305201 5894 -1
1700972971.305282 54 1
1700972971.305392 1514 -1
1700972971.305420 54 1
1700972971.305478 7354 -1
1700972971.305532 54 1
1700972971.309657 1514 -1
1700972971.309657 5894 -1
1700972971.309657 7354 -1
1700972971.309657 7354 -1
1700972971.309657 7354 -1
1700972971.309657 7354 -1
1700972971.309657 7354 -1
1700972971.309776 54 1
1700972971.309839 5954 -1
1700972971.309865 54 1
1700972971.310196 7354 -1
1700972971.310226 54 1
1700972971.310762 7354 -1
1700972971.310849 54 1
1700972971.311371 1454 -1
1700972971.311571 5894 -1
1700972971.311610 54 1
1700972971.312098 7354 -1
1700972971.312169 54 1
1700972971.312588 7354 -1
1700972971.312652 54 1
1700972971.316067 7354 -1
1700972971.316067 1514 -1
1700972971.316067 7354 -1
1700972971.316067 7354 -1
1700972971.316067 7354 -1
1700972971.316067 4434 -1
1700972971.316200 54 1
1700972971.316269 5894 -1
1700972971.316300 54 1
1700972971.316620 2974 -1
1700972971.316645 54 1
1700972971.316895 7354 -1
1700972971.316932 54 1
1700972971.317423 7354 -1
1700972971.317463 54 1
1700972971.318022 7354 -1
1700972971.318067 54 1
1700972971.318628 4434 -1
1700972971.318666 54 1
1700972971.318987 7354 -1
1700972971.319023 54 1
1700972971.319603 7354 -1
1700972971.319648 54 1
1700972971.320209 7354 -1
1700972971.320253 54 1
1700972971.320935 10166 -1
1700972971.320979 54 1
1700972971.321654 2974 -1
1700972971.321694 54 1
1700972971.321907 1514 -1
1700972971.321941 54 1
1700972971.322014 1622 -1
1700972971.322032 54 1
1700972971.322145 7354 -1
1700972971.322177 54 1
1700972971.322756 1514 -1
1700972971.322793 54 1
1700972971.322906 5894 -1
1700972971.322940 54 1
1700972971.323351 5894 -1
1700972971.323397 54 1
1700972971.323895 1514 -1
1700972971.323948 1514 -1
1700972971.323970 54 1
1700972971.324069 3526 -1
1700972971.324092 54 1
1700972972.853650 231 1
1700972972.854692 231 1
1700972972.855786 230 1
1700972972.856763 224 1
1700972972.857663 60 -1
1700972972.869691 1053 -1
1700972972.869691 730 -1
1700972972.869691 1514 -1
1700972972.869691 3408 -1
1700972972.869691 1033 -1
1700972972.869691 759 -1
1700972972.869691 1514 -1
1700972972.869691 2974 -1
1700972972.869691 6012 -1
1700972972.869993 54 1
1700972972.873228 1052 -1
1700972972.873316 733 -1
1700972972.873316 8387 -1
1700972972.873357 54 1
1700972972.879065 1035 -1
1700972972.879065 737 -1
1700972972.879167 54 1
1700972972.879681 4434 -1
1700972972.879681 4422 -1
1700972972.880086 54 1
1700972974.470964 225 1
1700972974.473753 223 1
1700972974.473830 231 1
1700972974.473898 221 1
1700972974.489178 60 -1
1700972974.493999 908 -1
1700972974.494156 3686 -1
1700972974.494156 928 -1
1700972974.494156 5894 -1
1700972974.494229 54 1
1700972974.494878 2986 -1
1700972974.494914 54 1
1700972974.499416 987 -1
1700972974.499526 7354 -1
1700972974.499578 54 1
1700972974.499980 3027 -1
1700972974.500018 54 1
1700972974.523113 1083 -1
1700972974.523113 693 -1
1700972974.523205 54 1
1700972974.524448 7354 -1
1700972974.524489 54 1
1700972974.524963 7354 -1
1700972974.524987 54 1
1700972974.525542 1860 -1
1700972974.525572 54 1
1700972974.525698 4434 -1
1700972974.525867 54 1
1700972974.526051 839 -1
1700972974.579579 54 1
1700972974.820329 54 1
1700972974.821634 78 -1
1700972974.821634 60 -1
1700972974.821667 54 1
1700972978.421010 66 1
1700972978.422166 66 -1
1700972978.422234 54 1
1700972978.422964 902 1
1700972978.424013 60 -1
1700972978.425025 318 -1
1700972978.425629 134 1
1700972978.425990 146 1
1700972978.426283 586 1
1700972978.426345 230 1
1700972978.426397 230 1
1700972978.426460 219 1
1700972978.426695 60 -1
1700972978.426992 60 -1
1700972978.427754 60 -1
1700972978.427754 60 -1
1700972978.427754 60 -1
1700972978.427754 60 -1
1700972978.428188 341 -1
1700972978.429562 115 -1
1700972978.429562 85 -1
1700972978.429608 54 1
1700972978.429856 85 1
1700972978.430431 927 -1
1700972978.430431 6873 -1
1700972978.430500 54 1
1700972978.431398 860 -1
1700972978.431476 7354 -1
1700972978.431503 54 1
1700972978.432063 7354 -1
1700972978.432101 54 1
1700972978.432750 1860 -1
1700972978.432750 4434 -1
1700972978.433544 54 1
1700972978.433622 7354 -1
1700972978.433643 54 1
1700972978.433727 4811 -1
1700972978.433856 54 1
1700972978.434523 1514 -1
1700972978.434523 7354 -1
1700972978.434550 54 1
1700972978.435845 7354 -1
1700972978.435845 431 -1
1700972978.435845 85 -1
1700972978.435845 7354 -1
1700972978.436167 54 1
1700972978.436234 7354 -1
1700972978.436269 54 1
1700972978.436651 1891 -1
1700972978.436676 54 1
1700972978.436817 4434 -1
1700972978.436858 54 1
1700972978.437184 2974 -1
1700972978.437225 54 1
1700972978.437409 2974 -1
1700972978.437489 54 1
1700972978.437699 5894 -1
1700972978.437729 54 1
1700972978.438146 7354 -1
1700972978.438191 54 1
1700972978.439033 1514 -1
1700972978.439033 2974 -1
1700972978.439078 54 1
1700972978.439128 4434 -1
1700972978.439150 54 1
1700972978.439611 1514 -1
1700972978.439611 7354 -1
1700972978.439661 54 1
1700972978.440202 4434 -1
1700972978.440232 54 1
1700972978.441510 7354 -1
1700972978.441510 7354 -1
1700972978.441581 54 1
1700972978.441941 5894 -1
1700972978.441976 54 1
1700972978.442293 7354 -1
1700972978.442324 54 1
1700972978.442947 7354 -1
1700972978.442987 54 1
1700972978.443516 7354 -1
1700972978.443742 54 1
1700972978.444118 7354 -1
1700972978.444266 54 1
1700972978.444808 2974 -1
1700972978.444847 54 1
1700972978.445069 7354 -1
1700972978.445110 54 1
1700972978.445567 7354 -1
1700972978.445611 54 1
1700972978.446231 7354 -1
1700972978.446274 54 1
1700972978.447367 7354 -1
1700972978.447367 7354 -1
1700972978.447436 54 1
1700972978.448126 5894 -1
1700972978.448183 54 1
1700972978.448518 7354 -1
1700972978.449006 54 1
1700972978.450704 7354 -1
1700972978.450704 4434 -1
1700972978.450704 2974 -1
1700972978.450704 7354 -1
1700972978.450930 54 1
1700972978.451002 7354 -1
1700972978.451038 54 1
1700972978.451480 7354 -1
1700972978.451544 54 1
1700972978.452275 2974 -1
1700972978.452333 54 1
1700972978.452394 5894 -1
1700972978.452441 54 1
1700972978.453120 1514 -1
1700972978.453120 5894 -1
1700972978.453185 54 1
1700972978.453412 7354 -1
1700972978.453449 54 1
1700972978.454213 7354 -1
1700972978.454274 54 1
1700972978.454632 7354 -1
1700972978.454665 54 1
1700972978.455230 4434 -1
1700972978.455266 54 1
1700972978.455718 7354 -1
1700972978.455751 54 1
1700972978.456240 1514 -1
1700972978.456306 7354 -1
1700972978.456339 54 1
1700972978.456984 7354 -1
1700972978.457045 54 1
1700972978.458379 7354 -1
1700972978.458379 7354 -1
1700972978.458453 54 1
1700972978.458738 7354 -1
1700972978.459081 54 1
1700972978.460186 7354 -1
1700972978.460186 7354 -1
1700972978.460242 54 1
1700972978.462316 4434 -1
1700972978.462316 7354 -1
1700972978.462316 7354 -1
1700972978.462316 7354 -1
1700972978.462428 54 1
1700972978.463698 7354 -1
1700972978.463698 1514 -1
1700972978.463698 7354 -1
1700972978.464078 54 1
1700972978.464147 5894 -1
1700972978.464172 54 1
1700972978.464675 7354 -1
1700972978.464722 54 1
1700972978.466380 7354 -1
1700972978.466380 2974 -1
1700972978.466380 2974 -1
1700972978.466380 4434 -1
1700972978.466491 54 1
1700972978.466896 1514 -1
1700972978.466896 1514 -1
1700972978.466928 54 1
1700972978.466987 1514 -1
1700972978.467033 7354 -1
1700972978.467061 54 1
1700972978.467628 2974 -1
1700972978.467654 54 1
1700972978.471239 7354 -1
1700972978.471239 5894 -1
1700972978.471239 7354 -1
1700972978.471239 7354 -1
1700972978.471239 7354 -1
1700972978.471239 7354 -1
1700972978.471417 54 1
1700972978.471495 2974 -1
1700972978.471517 54 1
1700972978.472018 7354 -1
1700972978.472056 54 1
1700972978.473691 4434 -1
1700972978.473691 1514 -1
1700972978.473691 7354 -1
1700972978.473691 2974 -1
1700972978.473691 7354 -1
1700972978.473905 54 1
1700972978.474348 4434 -1
1700972978.474395 54 1
1700972978.475008 7354 -1
1700972978.475051 54 1
1700972978.475166 7354 -1
1700972978.475202 54 1
1700972978.475785 1514 -1
1700972978.475825 54 1
1700972978.476382 1514 -1
1700972978.476382 1514 -1
1700972978.476382 7354 -1
1700972978.476435 54 1
1700972978.477051 2974 -1
1700972978.477051 7354 -1
1700972978.477110 54 1
1700972978.477559 7354 -1
1700972978.477625 54 1
1700972978.478633 7354 -1
1700972978.478673 54 1
1700972978.478782 7354 -1
1700972978.478829 54 1
1700972978.479505 7354 -1
1700972978.479548 54 1
1700972978.480606 5894 -1
1700972978.480606 7354 -1
1700972978.480674 54 1
1700972978.482550 7354 -1
1700972978.482550 7354 -1
1700972978.482550 7354 -1
1700972978.483135 54 1
1700972978.484186 5894 -1
1700972978.484186 5894 -1
1700972978.484186 7354 -1
1700972978.484276 54 1
1700972978.485556 7354 -1
1700972978.485556 7354 -1
1700972978.485661 54 1
1700972978.487056 7354 -1
1700972978.487056 2974 -1
1700972978.487056 4434 -1
1700972978.487152 54 1
1700972978.488673 2974 -1
1700972978.488673 2974 -1
1700972978.488673 2974 -1
1700972978.488673 1514 -1
1700972978.488673 7354 -1
1700972978.488673 7354 -1
1700972978.488822 54 1
1700972978.490969 14654 -1
1700972978.490969 7354 -1
1700972978.491323 54 1
1700972978.491574 5894 -1
1700972978.491574 7354 -1
1700972978.491647 54 1
1700972978.493346 2974 -1
1700972978.493346 4434 -1
1700972978.493346 5894 -1
1700972978.493346 7354 -1
1700972978.493439 54 1
1700972978.493586 4434 -1
1700972978.493620 54 1
1700972978.494127 7354 -1
1700972978.494326 54 1
1700972978.494737 1514 -1
1700972978.494737 4434 -1
1700972978.498324 54 1
1700972978.498520 7354 -1
1700972978.498520 1514 -1
1700972978.498520 7354 -1
1700972978.498520 7354 -1
1700972978.498520 5894 -1
1700972978.498520 7354 -1
1700972978.498520 2974 -1
1700972978.498520 7354 -1
1700972978.499044 54 1
1700972978.499398 7354 -1
1700972978.499437 54 1
1700972978.499554 4434 -1
1700972978.499588 54 1
1700972978.500087 7354 -1
1700972978.500136 54 1
1700972978.500488 10274 -1
1700972978.500534 54 1
1700972978.501323 7354 -1
1700972978.501364 54 1
1700972978.502239 7354 -1
1700972978.502495 54 1
1700972978.502688 2974 -1
1700972978.502721 54 1
1700972978.502997 5521 -1
1700972978.503048 54 1
1700972978.503374 7354 -1
1700972978.503445 54 1
1700972978.504482 5894 -1
1700972978.504482 7354 -1
1700972978.504554 54 1
1700972978.506047 16114 -1
1700972978.506120 54 1
1700972978.506307 2974 -1
1700972978.506332 54 1
1700972978.506546 2974 -1
1700972978.506584 54 1
1700972978.506914 7354 -1
1700972978.506940 54 1
1700972978.507473 8814 -1
1700972978.508057 54 1
1700972978.508119 5894 -1
1700972978.508148 54 1
1700972978.508629 5894 -1
1700972978.508682 54 1
1700972978.509468 7354 -1
1700972978.509520 54 1
1700972978.509678 7354 -1
1700972978.509712 54 1
1700972978.511435 4434 -1
1700972978.511435 7354 -1
1700972978.511435 5894 -1
1700972978.511701 54 1
1700972978.511869 2974 -1
1700972978.511897 54 1
1700972978.512013 7354 -1
1700972978.512325 54 1
1700972978.512580 7354 -1
1700972978.512616 54 1
1700972978.513238 7354 -1
1700972978.513288 54 1
1700972978.513981 1514 -1
1700972978.514023 54 1
1700972978.514064 7354 -1
1700972978.514287 54 1
1700972978.514527 4434 -1
1700972978.514582 54 1
1700972978.515122 4434 -1
1700972978.515169 54 1
1700972978.515367 1514 -1
1700972978.515367 2974 -1
1700972978.515399 54 1
1700972978.515610 4434 -1
1700972978.515651 54 1
1700972978.516150 4434 -1
1700972978.516175 54 1
1700972978.516423 4434 -1
1700972978.516457 54 1
1700972978.516979 4434 -1
1700972978.517026 54 1
1700972978.517068 4434 -1
1700972978.517112 54 1
1700972978.517414 4434 -1
1700972978.517446 54 1
1700972978.517939 4434 -1
1700972978.517978 54 1
1700972978.518150 4434 -1
1700972978.518189 54 1
1700972978.518549 4434 -1
1700972978.518592 54 1
1700972978.519081 2974 -1
1700972978.519102 54 1
1700972978.519147 1514 -1
1700972978.519169 54 1
1700972978.519249 1514 -1
1700972978.519346 7354 -1
1700972978.519385 54 1
1700972978.519959 4434 -1
1700972978.519993 54 1
1700972978.520318 7354 -1
1700972978.520359 54 1
1700972978.520927 5894 -1
1700972978.520971 54 1
1700972978.521429 7354 -1
1700972978.521464 54 1
1700972978.522033 5894 -1
1700972978.522067 54 1
1700972978.522503 7354 -1
1700972978.522546 54 1
1700972978.523114 7354 -1
1700972978.523158 54 1
1700972978.523863 1514 -1
1700972978.523893 54 1
1700972978.523963 6286 -1
1700972978.523999 54 1
1700972978.524550 4434 -1
1700972978.524597 54 1
1700972978.524708 2974 -1
1700972978.524725 54 1
1700972978.524979 2974 -1
1700972978.525007 54 1
1700972978.525224 5894 -1
1700972978.525260 54 1
1700972978.525766 7354 -1
1700972978.525859 54 1
1700972978.526337 7354 -1
1700972978.526380 54 1
1700972978.527019 1514 -1
1700972978.527019 1514 -1
1700972978.527069 54 1
1700972978.527239 7354 -1
1700972978.527441 54 1
1700972978.527957 5894 -1
1700972978.528003 54 1
1700972978.528496 1514 -1
1700972978.528496 7354 -1
1700972978.528533 54 1
1700972978.529037 5894 -1
1700972978.529073 54 1
1700972978.529611 2974 -1
1700972978.529635 54 1
1700972978.530078 7354 -1
1700972978.530130 54 1
1700972978.530375 5894 -1
1700972978.530414 54 1
1700972978.530956 7354 -1
1700972978.531192 54 1
1700972978.531423 5894 -1
1700972978.531457 54 1
1700972978.532107 7354 -1
1700972978.532168 54 1
1700972978.532491 1514 -1
1700972978.532634 1514 -1
1700972978.532677 54 1
1700972978.532756 2974 -1
1700972978.532787 54 1
1700972978.533193 2974 -1
1700972978.533231 54 1
1700972978.533268 2974 -1
1700972978.533290 54 1
1700972978.533890 7354 -1
1700972978.533931 54 1
1700972978.534201 7354 -1
1700972978.534228 54 1
1700972978.534869 4434 -1
1700972978.534907 54 1
1700972978.535139 7354 -1
1700972978.535171 54 1
1700972978.535749 5894 -1
1700972978.535960 54 1
1700972978.536357 10274 -1
1700972978.536406 54 1
1700972978.537108 2974 -1
1700972978.537153 54 1
1700972978.537330 7354 -1
1700972978.537990 54 1
1700972978.538030 5894 -1
1700972978.538083 54 1
1700972978.538415 7354 -1
1700972978.538455 54 1
1700972978.539156 7354 -1
1700972978.539219 54 1
1700972978.539951 1514 -1
1700972978.539951 8814 -1
1700972978.540029 54 1
1700972978.540548 2974 -1
1700972978.540576 54 1
1700972978.540695 7354 -1
1700972978.540732 54 1
1700972978.541330 2974 -1
1700972978.541355 54 1
1700972978.541569 7354 -1
1700972978.541648 54 1
1700972978.542195 5894 -1
1700972978.542263 54 1
1700972978.542696 7354 -1
1700972978.542738 54 1
1700972978.543254 5894 -1
1700972978.543295 54 1
1700972978.543742 7354 -1
1700972978.543881 54 1
1700972978.544541 5894 -1
1700972978.544583 54 1
1700972978.545087 7354 -1
1700972978.545122 54 1
1700972978.545553 4434 -1
1700972978.545585 54 1
1700972978.546229 4434 -1
1700972978.546229 7354 -1
1700972978.546276 54 1
1700972978.546757 1514 -1
1700972978.546794 54 1
1700972978.547476 7354 -1
1700972978.547520 54 1
1700972978.547560 5894 -1
1700972978.547592 54 1
1700972978.548518 7354 -1
1700972978.548554 54 1
1700972978.548622 5894 -1
1700972978.548648 54 1
1700972978.549160 7354 -1
1700972978.549189 54 1
1700972978.549661 2974 -1
1700972978.549697 54 1
1700972978.550167 5894 -1
1700972978.550200 54 1
1700972978.550398 5894 -1
1700972978.550433 54 1
1700972978.550973 2974 -1
1700972978.551004 54 1
1700972978.551370 7354 -1
1700972978.551404 54 1
1700972978.551881 5894 -1
1700972978.551932 54 1
1700972978.552441 7354 -1
1700972978.552470 54 1
1700972978.553131 5894 -1
1700972978.553163 54 1
1700972978.553333 7354 -1
1700972978.553365 54 1
1700972978.553958 4434 -1
1700972978.554157 54 1
1700972978.554301 1514 -1
1700972978.554336 54 1
1700972978.554412 7354 -1
1700972978.554446 54 1
1700972978.555036 5894 -1
1700972978.555250 54 1
1700972978.555519 7354 -1
1700972978.555546 54 1
1700972978.556278 4434 -1
1700972978.556317 54 1
1700972978.556464 7354 -1
1700972978.556501 54 1
1700972978.557341 5894 -1
1700972978.557381 54 1
1700972978.557567 169 -1
1700972978.601047 54 1
1700972980.560085 234 1
1700972980.560278 229 1
1700972980.560416 222 1
1700972980.601615 60 -1
1700972980.601615 60 -1
1700972980.601615 60 -1
1700972980.601615 855 -1
1700972980.601615 6207 -1
1700972980.601615 1033 -1
1700972980.601615 1514 -1
1700972980.601615 4434 -1
1700972980.601615 1003 -1
1700972980.601615 1051 -1
1700972980.601615 732 -1
1700972980.601615 3979 -1
1700972980.601951 54 1
1700972982.244476 232 1
1700972982.244611 222 1
1700972982.246035 60 -1
1700972982.246048 231 1
1700972982.249370 875 -1
1700972982.249444 7354 -1
1700972982.249472 54 1
1700972982.251018 680 -1
1700972982.251331 981 -1
1700972982.251331 810 -1
1700972982.251331 8038 -1
1700972982.251528 54 1
1700972982.253675 926 -1
1700972982.253675 2974 -1
1700972982.253731 54 1
1700972982.253769 2974 -1
1700972982.253967 66 1
1700972982.259250 1514 -1
1700972982.259353 54 1
1700972982.263768 503 -1
1700972982.311519 54 1
1700972983.897373 231 1
1700972983.899285 230 1
1700972983.899554 232 1
1700972983.900285 60 -1
1700972983.903653 959 -1
1700972983.903653 4615 -1
1700972983.903690 54 1
1700972983.906322 89 1
1700972983.907948 1052 -1
1700972983.907948 734 -1
1700972983.907948 7287 -1
1700972983.908019 54 1
1700972983.921186 964 -1
1700972983.921186 6650 -1
1700972983.921301 54 1
1700972984.830482 54 1
1700972984.831780 78 -1
1700972984.831780 60 -1
1700972984.832013 54 1
1700972986.029805 66 1
1700972986.031156 66 -1
1700972986.031254 54 1
1700972986.031620 966 1
1700972986.032620 60 -1
1700972986.033500 318 -1
1700972986.034568 134 1
1700972986.034973 146 1
1700972986.035372 574 1
1700972986.035427 222 1
1700972986.035543 60 -1
1700972986.035744 341 -1
1700972986.036392 60 -1
1700972986.036392 60 -1
1700972986.036392 60 -1
1700972986.037670 115 -1
1700972986.037670 85 -1
1700972986.037714 54 1
1700972986.037896 85 1
1700972986.039028 60 -1
1700972986.041667 859 -1
1700972986.041737 7354 -1
1700972986.041759 54 1
1700972986.042348 7354 -1
1700972986.042374 54 1
1700972986.043100 1860 -1
1700972986.043100 4434 -1
1700972986.043150 54 1
1700972986.043456 7354 -1
1700972986.043485 54 1
1700972986.044093 4811 -1
1700972986.044134 54 1
1700972986.044465 2974 -1
1700972986.044500 54 1
1700972986.044702 7354 -1
1700972986.044753 54 1
1700972986.045347 4434 -1
1700972986.045390 54 1
1700972986.045679 1891 -1
1700972986.045711 54 1
1700972986.046397 7354 -1
1700972986.046445 54 1
1700972986.046482 7354 -1
1700972986.046508 54 1
1700972986.047067 1922 -1
1700972986.047107 54 1
1700972986.047214 4434 -1
1700972986.047235 54 1
1700972986.047561 7354 -1
1700972986.047593 54 1
1700972986.048321 7354 -1
1700972986.048353 54 1
1700972986.049012 7354 -1
1700972986.049057 54 1
1700972986.049383 7354 -1
1700972986.049416 54 1
1700972986.049986 1514 -1
1700972986.050228 7354 -1
1700972986.050266 54 1
1700972986.050721 1514 -1
1700972986.050826 7354 -1
1700972986.050851 54 1
1700972986.051448 7354 -1
1700972986.051485 54 1
1700972986.052049 7354 -1
1700972986.052076 54 1
1700972986.052666 7354 -1
1700972986.052703 54 1
1700972986.053261 7354 -1
1700972986.053297 54 1
1700972986.053945 7354 -1
1700972986.053976 54 1
1700972986.054580 2974 -1
1700972986.054606 54 1
1700972986.054739 7354 -1
1700972986.054760 54 1
1700972986.055312 7354 -1
1700972986.055345 54 1
1700972986.055981 7354 -1
1700972986.056028 54 1
1700972986.056569 7354 -1
1700972986.056595 54 1
1700972986.057145 7354 -1
1700972986.057199 54 1
1700972986.057735 1514 -1
1700972986.058233 7354 -1
1700972986.058263 54 1
1700972986.058468 7354 -1
1700972986.058516 54 1
1700972986.059179 7354 -1
1700972986.059209 54 1
1700972986.059680 4434 -1
1700972986.059727 54 1
1700972986.060480 7354 -1
1700972986.060514 54 1
1700972986.060684 7354 -1
1700972986.060719 54 1
1700972986.061557 7354 -1
1700972986.061589 54 1
1700972986.062197 7354 -1
1700972986.062229 54 1
1700972986.062464 7354 -1
1700972986.062495 54 1
1700972986.063640 5894 -1
1700972986.063640 7354 -1
1700972986.063678 54 1
1700972986.064165 2974 -1
1700972986.064210 54 1
1700972986.070901 4434 -1
1700972986.070901 7354 -1
1700972986.070901 1514 -1
1700972986.070901 7354 -1
1700972986.070901 2833 -1
1700972986.070901 85 -1
1700972986.070901 2974 -1
1700972986.070901 7354 -1
1700972986.070901 4434 -1
1700972986.070901 1860 -1
1700972986.070901 85 -1
1700972986.070901 2974 -1
1700972986.070901 7354 -1
1700972986.070901 6240 -1
1700972986.070901 7354 -1
1700972986.070901 7354 -1
1700972986.070901 7354 -1
1700972986.071250 54 1
1700972986.071447 54 1
1700972986.074738 7354 -1
1700972986.074738 7354 -1
1700972986.074738 5894 -1
1700972986.074738 1514 -1
1700972986.074738 7354 -1
1700972986.074738 2974 -1
1700972986.074738 7354 -1
1700972986.074738 2974 -1
1700972986.074738 1514 -1
1700972986.074738 1514 -1
1700972986.075055 54 1
1700972986.076431 7354 -1
1700972986.076431 1514 -1
1700972986.076431 2974 -1
1700972986.076431 7354 -1
1700972986.076431 7354 -1
1700972986.076502 54 1
1700972986.084969 7354 -1
1700972986.084969 4434 -1
1700972986.084969 1514 -1
1700972986.084969 1514 -1
1700972986.084969 1514 -1
1700972986.084969 7354 -1
1700972986.084969 1514 -1
1700972986.084969 7354 -1
1700972986.084969 7354 -1
1700972986.084969 2974 -1
1700972986.084969 7354 -1
1700972986.084969 7354 -1
1700972986.084969 7354 -1
1700972986.084969 7354 -1
1700972986.084969 7354 -1
1700972986.084969 5894 -1
1700972986.084969 2974 -1
1700972986.084969 7354 -1
1700972986.084969 7354 -1
1700972986.085370 54 1
1700972986.086052 2974 -1
1700972986.086052 7354 -1
1700972986.086116 54 1
1700972986.086319 54 1
1700972986.089273 5894 -1
1700972986.089273 7354 -1
1700972986.089273 7354 -1
1700972986.089273 7354 -1
1700972986.089273 7354 -1
1700972986.089273 5894 -1
1700972986.089442 54 1
1700972986.089548 7354 -1
1700972986.089580 54 1
1700972986.090245 7354 -1
1700972986.090286 54 1
1700972986.090808 7354 -1
1700972986.090852 54 1
1700972986.098087 7354 -1
1700972986.098087 7354 -1
1700972986.098087 7354 -1
1700972986.098087 7354 -1
1700972986.098087 7354 -1
1700972986.098087 4434 -1
1700972986.098087 1514 -1
1700972986.098087 7354 -1
1700972986.098087 7354 -1
1700972986.098087 7354 -1
1700972986.098087 7354 -1
1700972986.098087 4434 -1
1700972986.098087 7354 -1
1700972986.098440 54 1
1700972986.098535 7354 -1
1700972986.098579 54 1
1700972986.098603 54 1
1700972986.098724 54 1
1700972986.098868 4434 -1
1700972986.098906 54 1
1700972986.099228 1514 -1
1700972986.099371 5894 -1
1700972986.099407 54 1
1700972986.099853 1514 -1
1700972986.099882 54 1
1700972986.100120 2974 -1
1700972986.100150 54 1
1700972986.100193 7354 -1
1700972986.100224 54 1
1700972986.100838 8814 -1
1700972986.100896 54 1
1700972986.101541 21954 -1
1700972986.101635 54 1
1700972986.103353 7354 -1
1700972986.103401 54 1
1700972986.103956 7130 -1
1700972986.103999 54 1
1700972986.104554 7354 -1
1700972986.104605 54 1
1700972986.105169 1905 -1
1700972986.105194 54 1
1700972987.696993 235 1
1700972987.697104 234 1
1700972987.697223 225 1
1700972987.698238 60 -1
1700972987.706230 1050 -1
1700972987.706230 733 -1
1700972987.706230 1514 -1
1700972987.706321 54 1
1700972987.706378 2516 -1
1700972987.706399 54 1
1700972987.708333 981 -1
1700972987.708333 811 -1
1700972987.708376 54 1
1700972987.708626 981 -1
1700972987.708653 54 1
1700972987.708884 6908 -1
1700972987.708914 54 1
1700972987.710270 5894 -1
1700972987.710270 1434 -1
1700972987.710320 54 1
1700972989.311043 222 1
1700972989.312915 221 1
1700972989.313553 224 1
1700972989.315518 60 -1
1700972989.320801 933 -1
1700972989.320900 10502 -1
1700972989.320985 54 1
1700972989.340657 931 -1
1700972989.340746 54 1
1700972989.340813 7354 -1
1700972989.340872 54 1
1700972989.341161 1571 -1
1700972989.341191 54 1
1700972989.348073 930 -1
1700972989.348073 5118 -1
1700972989.348168 54 1
1700972994.243490 235 1
1700972994.250456 888 -1
1700972994.250456 7354 -1
1700972994.250518 54 1
1700972994.250908 3008 -1
1700972994.250938 54 1
1700972994.252492 231 1
1700972994.255398 89 1
1700972994.255503 222 1
1700972994.255618 231 1
1700972994.256491 60 -1
1700972994.269260 5650 -1
1700972994.269260 982 -1
1700972994.269260 817 -1
1700972994.269260 926 -1
1700972994.269260 8089 -1
1700972994.269260 957 -1
1700972994.269260 7622 -1
1700972994.269457 66 1
1700972994.269523 66 1
1700972994.269576 54 1
1700972994.269627 54 1
1700972994.270796 982 -1
1700972994.270796 817 -1
1700972994.270828 66 1
1700972994.270868 66 1
1700972994.857258 54 1
1700972994.859617 78 -1
1700972994.859617 60 -1
1700972994.859647 54 1
1700972995.895650 66 1
1700972995.896729 66 -1
1700972995.896799 54 1
1700972995.897372 934 1
1700972995.898503 60 -1
1700972995.899269 318 -1
1700972995.900709 134 1
1700972995.901739 60 -1
1700972995.902271 341 -1
1700972995.902317 146 1
1700972995.902671 584 1
1700972995.902786 231 1
1700972995.905754 226 1
1700972995.907672 60 -1
1700972995.907672 60 -1
1700972995.907672 60 -1
1700972995.907672 60 -1
1700972995.910245 115 -1
1700972995.910245 85 -1
1700972995.910294 54 1
1700972995.911078 85 1
1700972995.912128 60 -1
1700972995.916510 1022 -1
1700972995.916831 1085 -1
1700972995.916831 691 -1
1700972995.916831 774 -1
1700972995.916831 7354 -1
1700972995.916924 54 1
1700972995.917247 1326 -1
1700972995.917276 54 1
1700972995.917473 7354 -1
1700972995.917555 54 1
1700972995.919246 1730 -1
1700972995.919297 54 1
1700972995.921596 1052 -1
1700972995.921633 54 1
1700972995.921676 729 -1
1700972995.922798 3103 -1
1700972995.922821 54 1
1700972997.526329 232 1
1700972997.526413 229 1
1700972997.527941 231 1
1700972997.528776 221 1
1700972997.530118 60 -1
1700972997.534525 1052 -1
1700972997.534525 732 -1
1700972997.534525 5131 -1
1700972997.534609 54 1
1700972997.535162 1083 -1
1700972997.535162 693 -1
1700972997.535162 6366 -1
1700972997.535234 54 1
1700972997.535503 981 -1
1700972997.535503 815 -1
1700972997.535543 54 1
1700972997.535632 6164 -1
1700972997.535669 54 1
1700972997.537377 1048 -1
1700972997.541114 732 -1
1700972997.541114 4872 -1
1700972997.541191 54 1
1700972999.208861 230 1
1700972999.218684 223 1
1700972999.219375 230 1
1700972999.219472 223 1
1700972999.223530 982 -1
1700972999.223530 805 -1
1700972999.223593 54 1
1700972999.233070 7354 -1
1700972999.233227 54 1
1700972999.233489 624 -1
1700972999.233531 54 1
1700972999.234941 930 -1
1700972999.234941 883 -1
1700972999.234941 1052 -1
1700972999.234941 730 -1
1700972999.234984 54 1
1700972999.236685 7354 -1
1700972999.236739 54 1
1700972999.237273 3832 -1
1700972999.237321 54 1
1700972999.237399 1055 -1
1700972999.237476 6550 -1
1700972999.237520 54 1
1700972999.238235 2974 -1
1700972999.238277 54 1
1700972999.238318 6927 -1
1700972999.238366 54 1
1700973001.402800 232 1
1700973001.411504 223 1
1700973001.412687 60 -1
1700973001.412918 231 1
1700973001.420840 1050 -1
1700973001.420840 732 -1
1700973001.420957 54 1
1700973001.421182 2974 -1
1700973001.421182 3704 -1
1700973001.421222 54 1
1700973001.427447 89 1
1700973001.440506 1054 -1
1700973001.440506 730 -1
1700973001.440612 54 1
1700973001.442023 5054 -1
1700973001.442023 1086 -1
1700973001.442023 689 -1
1700973001.442023 5061 -1
1700973001.442136 54 1
1700973003.043828 232 1
1700973003.043953 231 1
1700973003.045882 227 1
1700973003.046005 60 -1
1700973003.046924 232 1
1700973003.047217 230 1
1700973003.059554 60 -1
1700973003.059554 1027 -1
1700973003.059554 764 -1
1700973003.059689 54 1
1700973003.059748 4846 -1
1700973003.059791 54 1
1700973003.059918 1730 -1
1700973003.059918 4613 -1
1700973003.059982 54 1
1700973003.062258 1053 -1
1700973003.062258 728 -1
1700973003.062258 9283 -1
1700973003.062258 1049 -1
1700973003.062258 732 -1
1700973003.062258 7688 -1
1700973003.062405 54 1
1700973003.065707 977 -1
1700973003.065707 817 -1
1700973003.065777 54 1
1700973003.067168 4078 -1
1700973003.067215 54 1
1700973004.678539 235 1
1700973004.678665 231 1
1700973004.684081 232 1
1700973004.684203 232 1
1700973004.684288 229 1
1700973004.687351 60 -1
1700973004.691917 980 -1
1700973004.691917 813 -1
1700973004.691917 7143 -1
1700973004.692064 54 1
1700973004.692543 1051 -1
1700973004.692543 729 -1
1700973004.692577 54 1
1700973004.693842 7354 -1
1700973004.693931 54 1
1700973004.694444 1153 -1
1700973004.695882 1054 -1
1700973004.695882 730 -1
1700973004.695933 54 1
1700973004.696409 9055 -1
1700973004.696454 54 1
1700973004.697094 1056 -1
1700973004.697131 724 -1
1700973004.697149 54 1
1700973004.697181 2974 -1
1700973004.697227 54 1
1700973004.697356 2131 -1
1700973004.697383 54 1
1700973004.697510 1728 -1
1700973004.697535 54 1
1700973004.697701 7354 -1
1700973004.697740 54 1
1700973004.698280 2209 -1
1700973004.698306 54 1
1700973004.873179 54 1
1700973004.875075 78 -1
1700973004.875075 60 -1
1700973004.875156 54 1
1700973010.166588 66 1
1700973010.170932 66 -1
1700973010.171153 54 1
1700973010.174522 934 1
1700973010.200212 60 -1
1700973010.200212 318 -1
1700973010.201476 134 1
1700973010.201981 146 1
1700973010.202421 586 1
1700973010.202513 223 1
1700973010.211264 60 -1
1700973010.211264 60 -1
1700973010.211264 60 -1
1700973010.211264 60 -1
1700973010.211537 341 -1
1700973010.213629 115 -1
1700973010.213629 85 -1
1700973010.213705 54 1
1700973010.213955 85 1
1700973010.215226 60 -1
1700973010.226011 1050 -1
1700973010.226011 732 -1
1700973010.226011 978 -1
1700973010.226011 814 -1
1700973010.226011 2974 -1
1700973010.226165 54 1
1700973010.226258 2852 -1
1700973010.226286 54 1
1700973010.228265 4780 -1
1700973010.228335 54 1
1700973011.817829 225 1
1700973011.818960 60 -1
1700973011.824075 232 1
1700973011.825654 60 -1
1700973011.825832 229 1
1700973011.826860 60 -1
1700973011.828228 226 1
1700973011.829253 60 -1
1700973011.834601 1051 -1
1700973011.834601 728 -1
1700973011.834712 54 1
1700973011.835786 6803 -1
1700973011.835861 54 1
1700973011.836843 1054 -1
1700973011.836843 728 -1
1700973011.836869 54 1
1700973011.837306 13217 -1
1700973011.837369 54 1
1700973011.838519 1054 -1
1700973011.838519 731 -1
1700973011.838554 54 1
1700973011.838638 5894 -1
1700973011.838662 54 1
1700973011.838989 1033 -1
1700973011.839127 54 1
1700973011.840905 980 -1
1700973011.840905 814 -1
1700973011.840959 54 1
1700973011.841014 2282 -1
1700973011.841043 54 1
1700973013.452516 226 1
1700973013.454055 228 1
1700973013.455500 230 1
1700973013.456628 234 1
1700973013.456968 60 -1
1700973013.466363 1049 -1
1700973013.466363 730 -1
1700973013.466476 54 1
1700973013.472857 1048 -1
1700973013.472857 732 -1
1700973013.472857 5948 -1
1700973013.472857 1054 -1
1700973013.472857 731 -1
1700973013.472857 4434 -1
1700973013.472857 3660 -1
1700973013.472857 7354 -1
1700973013.472857 2823 -1
1700973013.472995 54 1
1700973013.473530 1733 -1
1700973013.473530 2974 -1
1700973013.473530 7354 -1
1700973013.473577 54 1
1700973013.482042 979 -1
1700973013.482143 54 1
1700973014.916787 54 1
1700973014.918175 78 -1
1700973014.918175 60 -1
1700973014.918240 54 1
