1700974369.214502 66 1
1700974369.223678 66 -1
1700974369.223809 54 1
1700974369.228169 631 1
1700974369.231675 60 -1
1700974369.233889 2778 -1
1700974369.234009 54 1
1700974369.270344 66 1
1700974369.272946 66 -1
1700974369.273072 54 1
1700974369.292161 603 1
1700974369.293461 60 -1
1700974369.293516 66 1
1700974369.294523 66 -1
1700974369.294602 54 1
1700974369.295674 2778 -1
1700974369.295713 54 1
1700974369.303086 572 1
1700974369.308257 60 -1
1700974369.309702 2778 -1
1700974369.309763 54 1
1700974369.316819 134 1
1700974369.317544 134 1
1700974369.318306 54 1
1700974369.318538 146 1
1700974369.318792 60 -1
1700974369.319014 60 -1
1700974369.319262 341 -1
1700974369.319262 341 -1
1700974369.319327 54 1
1700974369.319922 93 -1
1700974369.320079 78 -1
1700974369.320184 586 1
1700974369.320238 60 -1
1700974369.320335 219 1
1700974369.321277 60 -1
1700974369.321357 60 -1
1700974369.325676 341 -1
1700974369.325676 341 -1
1700974369.325740 54 1
1700974369.337392 134 1
1700974369.337861 115 -1
1700974369.337861 85 -1
1700974369.337891 54 1
1700974369.338496 60 -1
1700974369.350807 341 -1
1700974369.350950 341 -1
1700974369.350989 54 1
1700974369.352444 924 -1
1700974369.352444 8154 -1
1700974369.352530 54 1
1700974369.354400 146 1
1700974369.354675 85 1
1700974369.355529 60 -1
1700974369.355644 460 1
1700974369.356691 60 -1
1700974369.361057 230 1
1700974369.369798 115 -1
1700974369.369798 85 -1
1700974369.369882 54 1
1700974369.370294 1034 -1
1700974369.370552 403 -1
1700974369.370580 54 1
1700974369.372616 85 1
1700974369.374715 60 -1
1700974369.376105 60 -1
1700974369.399148 828 -1
1700974369.399148 16460 -1
1700974369.399345 54 1
1700974369.401002 85 -1
1700974369.401002 16460 -1
1700974369.401066 54 1
1700974369.403463 11734 -1
1700974369.403511 54 1
1700974369.405321 14654 -1
1700974369.405424 66 1
1700974369.413167 7354 -1
1700974369.413167 1514 -1
1700974369.413167 7354 -1
1700974369.413167 2974 -1
1700974369.413167 1514 -1
1700974369.413167 4434 -1
1700974369.413167 2974 -1
1700974369.413167 5894 -1
1700974369.413247 66 1
1700974369.413301 66 1
1700974369.413334 66 1
1700974369.413371 66 1
1700974369.413394 66 1
1700974369.413424 66 1
1700974369.413458 66 1
1700974369.413493 66 1
1700974369.413525 7354 -1
1700974369.413551 66 1
1700974369.416213 230 1
1700974369.416272 5894 -1
1700974369.416272 7354 -1
1700974369.416327 66 1
1700974369.416376 66 1
1700974369.416787 7354 -1
1700974369.416857 66 1
1700974369.424625 7354 -1
1700974369.424625 2974 -1
1700974369.424625 1514 -1
1700974369.424625 1514 -1
1700974369.424625 2974 -1
1700974369.424625 1514 -1
1700974369.424625 5894 -1
1700974369.424625 2974 -1
1700974369.424625 4434 -1
1700974369.424625 1514 -1
1700974369.424625 5894 -1
1700974369.424625 2974 -1
1700974369.424818 66 1
1700974369.424871 66 1
1700974369.424906 66 1
1700974369.424958 66 1
1700974369.425005 74 1
1700974369.425051 74 1
1700974369.425083 82 1
1700974369.425117 82 1
1700974369.425167 82 1
1700974369.425218 82 1
1700974369.425242 82 1
1700974369.425279 82 1
1700974369.425399 1514 -1
1700974369.425399 7354 -1
1700974369.425472 82 1
1700974369.425500 90 1
1700974369.426275 16114 -1
1700974369.426439 90 1
1700974369.426987 230 1
1700974369.427217 231 1
1700974369.427312 231 1
1700974369.427405 231 1
1700974369.429127 7354 -1
1700974369.429197 90 1
1700974369.430572 1514 -1
1700974369.430699 90 1
1700974369.430820 13194 -1
1700974369.430942 90 1
1700974369.432706 7354 -1
1700974369.432779 90 1
1700974369.433286 231 1
1700974369.433552 231 1
1700974369.433675 228 1
1700974369.433786 231 1
1700974369.433863 235 1
1700974369.433981 150 1
1700974369.434085 7354 -1
1700974369.434160 90 1
1700974369.434953 1514 -1
1700974369.435002 90 1
1700974369.435316 60 -1
1700974369.435320 2974 -1
1700974369.435376 90 1
1700974369.435917 1514 -1
1700974369.435971 90 1
1700974369.436081 2974 -1
1700974369.436140 90 1
1700974369.437023 1514 -1
1700974369.437079 90 1
1700974369.437134 2974 -1
1700974369.437167 90 1
1700974369.437243 4434 -1
1700974369.437297 90 1
1700974369.437858 1514 -1
1700974369.437903 90 1
1700974369.438808 1514 -1
1700974369.438808 1514 -1
1700974369.438862 1025 -1
1700974369.438869 90 1
1700974369.438916 90 1
1700974369.438923 1960 -1
1700974369.438995 54 1
1700974369.439116 4434 -1
1700974369.439176 90 1
1700974369.439755 7354 -1
1700974369.439823 90 1
1700974369.440953 7354 -1
1700974369.441012 90 1
1700974369.442173 7354 -1
1700974369.443184 90 1
1700974369.444256 2974 -1
1700974369.444256 2974 -1
1700974369.444394 90 1
1700974369.444447 90 1
1700974369.444499 1514 -1
1700974369.444499 1514 -1
1700974369.444542 90 1
1700974369.444598 90 1
1700974369.444751 1514 -1
1700974369.444783 90 1
1700974369.444884 1514 -1
1700974369.444916 90 1
1700974369.445100 1581 -1
1700974369.445138 90 1
1700974369.445524 1514 -1
1700974369.445569 90 1
1700974369.445722 1514 -1
1700974369.445749 90 1
1700974369.446095 5894 -1
1700974369.446157 90 1
1700974369.447210 1514 -1
1700974369.447244 90 1
1700974369.447371 4223 -1
1700974369.447414 90 1
1700974369.456154 1514 -1
1700974369.456154 60 -1
1700974369.456154 66 -1
1700974369.456154 66 -1
1700974369.456154 4410 -1
1700974369.456154 2962 -1
1700974369.456154 7306 -1
1700974369.456154 7306 -1
1700974369.456154 4410 -1
1700974369.456154 1514 -1
1700974369.456154 5858 -1
1700974369.456154 1514 -1
1700974369.456154 8754 -1
1700974369.456400 90 1
1700974369.456478 90 1
1700974369.456530 90 1
1700974369.456583 90 1
1700974369.456630 90 1
1700974369.456663 90 1
1700974369.456706 90 1
1700974369.456742 90 1
1700974369.456809 90 1
1700974369.456863 90 1
1700974369.457065 1514 -1
1700974369.457065 5673 -1
1700974369.457145 90 1
1700974369.457187 90 1
1700974369.466208 66 -1
1700974369.466208 66 -1
1700974369.466208 66 -1
1700974369.466208 66 -1
1700974369.466208 66 -1
1700974369.466208 2986 -1
1700974369.466208 1514 -1
1700974369.466208 1039 -1
1700974369.466208 776 -1
1700974369.466208 8315 -1
1700974369.466208 1526 -1
1700974369.466208 1526 -1
1700974369.466208 1514 -1
1700974369.466208 1514 -1
1700974369.466208 1514 -1
1700974369.466424 1471 1
1700974369.466498 90 1
1700974369.466536 90 1
1700974369.466575 90 1
1700974369.466604 90 1
1700974369.466665 90 1
1700974369.466717 90 1
1700974369.466814 90 1
1700974369.466858 82 1
1700974369.466905 74 1
1700974369.466973 66 1
1700974369.470431 78 -1
1700974369.470911 54 1
1700974369.769464 1471 1
1700974369.770573 66 -1
1700974369.778776 905 -1
1700974369.778776 858 -1
1700974369.778776 7354 -1
1700974369.778776 1785 -1
1700974369.778776 7354 -1
1700974369.778776 924 -1
1700974369.778776 7354 -1
1700974369.778776 7354 -1
1700974369.778776 2737 -1
1700974369.778776 549 -1
1700974369.778776 980 -1
1700974369.778776 814 -1
1700974369.779039 54 1
1700974369.783589 1071 -1
1700974369.783589 699 -1
1700974369.783589 928 -1
1700974369.783589 11734 -1
1700974369.783717 54 1
1700974369.787968 1069 -1
1700974369.787968 6320 -1
1700974369.787968 7354 -1
1700974369.787968 6942 -1
1700974369.788130 54 1
1700974369.794817 960 -1
1700974369.794895 54 1
1700974369.795386 7354 -1
1700974369.795431 54 1
1700974369.795871 2633 -1
1700974369.795871 980 -1
1700974369.795871 3702 -1
1700974369.795920 54 1
1700974369.940844 209 1
1700974369.953759 952 -1
1700974369.953759 2882 -1
1700974369.953809 54 1
1700974377.527186 54 1
1700974377.531276 54 1
1700974377.531626 78 -1
1700974377.531626 60 -1
1700974377.531657 54 1
1700974377.537553 78 -1
1700974377.537553 60 -1
1700974377.537611 54 1
1700974378.081341 66 1
1700974378.083389 66 -1
1700974378.083499 54 1
1700974378.084080 934 1
1700974378.104169 318 -1
1700974378.104860 134 1
1700974378.105254 146 1
1700974378.105868 587 1
1700974378.105955 229 1
1700974378.106050 231 1
1700974378.106130 229 1
1700974378.106292 60 -1
1700974378.106488 341 -1
1700974378.107800 60 -1
1700974378.107800 60 -1
1700974378.107800 60 -1
1700974378.107800 60 -1
1700974378.107800 60 -1
1700974378.109366 115 -1
1700974378.109366 85 -1
1700974378.109428 54 1
1700974378.109650 85 1
1700974378.110824 60 -1
1700974378.113029 805 -1
1700974378.113029 7354 -1
1700974378.113121 54 1
1700974378.116503 3096 -1
1700974378.116503 824 -1
1700974378.116503 7543 -1
1700974378.116503 930 -1
1700974378.116503 4434 -1
1700974378.116503 3230 -1
1700974378.116621 54 1
1700974378.125970 827 -1
1700974378.126072 54 1
1700974378.126136 1514 -1
1700974378.126185 7354 -1
1700974378.126231 54 1
1700974378.127190 3612 -1
1700974378.127224 54 1
1700974381.778781 232 1
1700974381.779897 230 1
1700974381.783453 926 -1
1700974381.783453 9129 -1
1700974381.783567 54 1
1700974381.785268 229 1
1700974381.785391 229 1
1700974381.785486 231 1
1700974381.786592 907 -1
1700974381.786592 11984 -1
1700974381.786711 54 1
1700974381.789951 60 -1
1700974381.789951 899 -1
1700974381.789951 7354 -1
1700974381.790162 54 1
1700974381.790223 3233 -1
1700974381.790249 54 1
1700974381.790530 925 -1
1700974381.790530 7022 -1
1700974381.790597 54 1
1700974381.791266 916 -1
1700974381.791266 7015 -1
1700974381.791310 54 1
1700974383.351721 229 1
1700974383.356927 930 -1
1700974383.357066 2974 -1
1700974383.357093 54 1
1700974383.357288 7354 -1
1700974383.357323 54 1
1700974383.358544 827 -1
1700974383.363815 89 1
1700974383.405336 60 -1
1700974384.924506 231 1
1700974384.924734 231 1
1700974384.925273 229 1
1700974384.925925 60 -1
1700974384.926327 60 -1
1700974384.926460 224 1
1700974384.926488 60 -1
1700974384.927739 60 -1
1700974384.930843 898 -1
1700974384.930995 4434 -1
1700974384.931249 54 1
1700974384.931338 2974 -1
1700974384.931366 54 1
1700974384.931457 2179 -1
1700974384.931502 54 1
1700974384.931562 836 -1
1700974384.931614 1514 -1
1700974384.931636 54 1
1700974384.931737 7354 -1
1700974384.931767 54 1
1700974384.932359 2347 -1
1700974384.932407 54 1
1700974384.932543 929 -1
1700974384.932566 54 1
1700974384.932641 2974 -1
1700974384.932666 54 1
1700974384.932868 7354 -1
1700974384.932908 54 1
1700974384.933466 152 -1
1700974384.933508 54 1
1700974384.936346 985 -1
1700974384.936419 808 -1
1700974384.936443 54 1
1700974384.937289 2974 -1
1700974384.937289 7354 -1
1700974384.937353 54 1
1700974384.937848 6240 -1
1700974384.937893 54 1
1700974384.938360 85 -1
1700974384.938360 7354 -1
1700974384.938414 54 1
1700974384.939373 7354 -1
1700974384.939427 54 1
1700974384.939643 1860 -1
1700974384.939668 54 1
1700974384.939776 7354 -1
1700974384.939799 54 1
1700974384.940503 7354 -1
1700974384.940542 54 1
1700974384.940991 7354 -1
1700974384.941018 54 1
1700974384.941647 7354 -1
1700974384.941692 54 1
1700974384.942341 1514 -1
1700974384.942341 1514 -1
1700974384.942384 54 1
1700974384.942479 7354 -1
1700974384.942520 54 1
1700974384.943073 21954 -1
1700974384.943167 54 1
1700974384.944917 7354 -1
1700974384.944971 54 1
1700974384.945495 5894 -1
1700974384.945546 54 1
1700974384.945962 1514 -1
1700974384.946392 2974 -1
1700974384.946392 7354 -1
1700974384.946466 54 1
1700974384.946938 5894 -1
1700974384.946984 54 1
1700974384.947430 1514 -1
1700974384.947542 7354 -1
1700974384.947585 54 1
1700974384.948365 1514 -1
1700974384.948365 7354 -1
1700974384.948426 54 1
1700974384.948905 4434 -1
1700974384.948949 54 1
1700974384.949279 7354 -1
1700974384.949321 54 1
1700974384.949869 1514 -1
1700974384.949984 2974 -1
1700974384.950009 54 1
1700974384.950934 1514 -1
1700974384.950934 1514 -1
1700974384.950934 1514 -1
1700974384.950934 5894 -1
1700974384.950999 54 1
1700974384.951315 5894 -1
1700974384.951352 54 1
1700974384.952142 7354 -1
1700974384.952195 54 1
1700974384.952299 1514 -1
1700974384.952324 54 1
1700974384.952390 2974 -1
1700974384.952414 54 1
1700974384.952529 2974 -1
1700974384.952554 54 1
1700974384.952866 2974 -1
1700974384.952902 54 1
1700974384.953056 7354 -1
1700974384.953099 54 1
1700974384.953636 7354 -1
1700974384.953676 54 1
1700974384.954239 7354 -1
1700974384.954276 54 1
1700974384.954838 5894 -1
1700974384.954896 54 1
1700974384.955353 1822 -1
1700974384.955392 54 1
1700974387.033474 232 1
1700974387.034604 60 -1
1700974387.036250 231 1
1700974387.037389 60 -1
1700974387.038642 234 1
1700974387.038724 230 1
1700974387.039883 60 -1
1700974387.039883 60 -1
1700974387.041436 928 -1
1700974387.041436 5894 -1
1700974387.041507 54 1
1700974387.041815 3643 -1
1700974387.041846 54 1
1700974387.044498 852 -1
1700974387.044498 7354 -1
1700974387.044552 54 1
1700974387.044921 5894 -1
1700974387.044946 54 1
1700974387.045395 1860 -1
1700974387.045451 66 1
1700974387.045536 2974 -1
1700974387.045561 66 1
1700974387.045801 1728 -1
1700974387.045862 66 1
1700974387.046743 1514 -1
1700974387.046743 854 -1
1700974387.046796 54 1
1700974387.047197 1514 -1
1700974387.047221 66 1
1700974387.047900 7354 -1
1700974387.047932 66 1
1700974387.048377 7354 -1
1700974387.048410 66 1
1700974387.048984 7354 -1
1700974387.049015 66 1
1700974387.049591 7354 -1
1700974387.049622 66 1
1700974387.050448 4434 -1
1700974387.050521 66 1
1700974387.050571 2799 -1
1700974387.050606 66 1
1700974387.050808 1514 -1
1700974387.050883 54 1
1700974387.575372 54 1
1700974387.578242 78 -1
1700974387.578242 60 -1
1700974387.578287 54 1
1700974388.600851 66 1
1700974388.606507 66 -1
1700974388.614362 54 1
1700974388.615496 934 1
1700974388.616695 60 -1
1700974388.617357 318 -1
1700974388.619613 134 1
1700974388.619974 146 1
1700974388.620433 586 1
1700974388.620505 230 1
1700974388.620593 232 1
1700974388.620688 261 1
1700974388.620760 60 -1
1700974388.621234 60 -1
1700974388.621294 341 -1
1700974388.621381 60 -1
1700974388.621460 60 -1
1700974388.621638 60 -1
1700974388.621707 60 -1
1700974388.622659 115 -1
1700974388.622659 85 -1
1700974388.622700 54 1
1700974388.622874 85 1
1700974388.623926 60 -1
1700974388.624274 907 -1
1700974388.624478 7354 -1
1700974388.624513 54 1
1700974388.624978 4127 -1
1700974388.625013 54 1
1700974388.625456 1514 -1
1700974388.625456 5894 -1
1700974388.625488 54 1
1700974388.625868 1571 -1
1700974388.625951 54 1
1700974388.629406 859 -1
1700974388.629406 7354 -1
1700974388.629572 54 1
1700974388.629963 7354 -1
1700974388.630001 54 1
1700974388.630784 1860 -1
1700974388.630784 5894 -1
1700974388.630831 54 1
1700974388.631026 1514 -1
1700974388.631048 54 1
1700974388.631326 7354 -1
1700974388.631372 54 1
1700974388.631797 1891 -1
1700974388.631822 54 1
1700974388.631971 85 -1
1700974388.631971 7354 -1
1700974388.632011 54 1
1700974388.632612 7354 -1
1700974388.632687 54 1
1700974388.633306 7354 -1
1700974388.633341 54 1
1700974388.633769 1514 -1
1700974388.633795 54 1
1700974388.633974 4434 -1
1700974388.634006 54 1
1700974388.634265 7354 -1
1700974388.634300 54 1
1700974388.634856 7354 -1
1700974388.634891 54 1
1700974388.635453 4434 -1
1700974388.635493 54 1
1700974388.635905 7354 -1
1700974388.635941 54 1
1700974388.636442 7354 -1
1700974388.636476 54 1
1700974388.637235 7354 -1
1700974388.637295 54 1
1700974388.637648 1514 -1
1700974388.637674 54 1
1700974388.637772 1514 -1
1700974388.637901 7354 -1
1700974388.637936 54 1
1700974388.638681 4434 -1
1700974388.638727 54 1
1700974388.638867 7354 -1
1700974388.638921 54 1
1700974388.639559 2974 -1
1700974388.639589 54 1
1700974388.639691 7354 -1
1700974388.639735 54 1
1700974388.640305 2974 -1
1700974388.640334 54 1
1700974388.640553 2974 -1
1700974388.640592 54 1
1700974388.640785 7354 -1
1700974388.640817 54 1
1700974388.641400 1514 -1
1700974388.641530 7354 -1
1700974388.641566 54 1
1700974388.642244 2974 -1
1700974388.642278 54 1
1700974388.642365 7354 -1
1700974388.642398 54 1
1700974388.643284 1514 -1
1700974388.643330 54 1
1700974388.643466 1514 -1
1700974388.643466 4434 -1
1700974388.643535 54 1
1700974388.643594 7354 -1
1700974388.643630 54 1
1700974388.644189 7354 -1
1700974388.644235 54 1
1700974388.644795 7354 -1
1700974388.644836 54 1
1700974388.645492 4434 -1
1700974388.645524 54 1
1700974388.645756 6325 -1
1700974388.645788 54 1
1700974388.646603 859 -1
1700974388.646603 10259 -1
1700974388.646658 54 1
1700974390.181258 230 1
1700974390.181890 231 1
1700974390.182473 230 1
1700974390.183060 60 -1
1700974390.183060 60 -1
1700974390.185673 60 -1
1700974390.190014 931 -1
1700974390.190251 7354 -1
1700974390.190305 54 1
1700974390.190620 2808 -1
1700974390.190853 54 1
1700974390.193539 903 -1
1700974390.193630 2974 -1
1700974390.193663 54 1
1700974390.195690 5894 -1
1700974390.195690 1514 -1
1700974390.195690 60 -1
1700974390.195794 66 1
1700974390.195868 54 1
1700974390.195898 54 1
1700974390.197377 1514 -1
1700974390.197407 66 1
1700974390.199700 930 -1
1700974390.199700 7354 -1
1700974390.199780 54 1
1700974390.200014 2178 -1
1700974390.200367 54 1
1700974392.553157 229 1
1700974392.556135 230 1
1700974392.557142 231 1
1700974392.557721 231 1
1700974392.560333 60 -1
1700974392.565892 60 -1
1700974392.566681 912 -1
1700974392.566793 7354 -1
1700974392.566843 54 1
1700974392.570464 3954 -1
1700974392.570515 54 1
1700974392.571087 1134 -1
1700974392.571087 617 -1
1700974392.571087 854 -1
1700974392.571087 8828 -1
1700974392.571087 7354 -1
1700974392.571087 803 -1
1700974392.571087 948 -1
1700974392.571087 5894 -1
1700974392.571087 3680 -1
1700974392.571227 54 1
1700974395.082543 235 1
1700974395.090538 231 1
1700974395.092627 222 1
1700974395.092928 230 1
1700974395.096736 60 -1
1700974395.097588 60 -1
1700974395.100301 927 -1
1700974395.100301 7354 -1
1700974395.100403 54 1
1700974395.100659 1563 -1
1700974395.100721 54 1
1700974395.101679 927 -1
1700974395.101679 7354 -1
1700974395.101753 54 1
1700974395.102484 1412 -1
1700974395.102484 7354 -1
1700974395.102531 54 1
1700974395.102725 89 1
1700974395.102818 2645 -1
1700974395.102847 54 1
1700974395.115783 861 -1
1700974395.115783 4434 -1
1700974395.115931 54 1
1700974395.116040 4434 -1
1700974395.116089 54 1
1700974395.116437 2723 -1
1700974395.116466 54 1
1700974396.695675 221 1
1700974396.699631 222 1
1700974396.700113 957 -1
1700974396.700113 7354 -1
1700974396.700427 54 1
1700974396.700505 4526 -1
1700974396.700543 54 1
1700974396.702480 914 -1
1700974396.702618 12682 -1
1700974396.702695 54 1
1700974396.712284 237 1
1700974396.712642 222 1
1700974396.713906 232 1
1700974396.715407 60 -1
1700974396.717074 960 -1
1700974396.717074 6533 -1
1700974396.717322 54 1
1700974396.717647 930 -1
1700974396.717647 5894 -1
1700974396.717701 54 1
1700974396.717976 5681 -1
1700974396.718017 54 1
1700974396.723556 913 -1
1700974396.723556 5894 -1
1700974396.723660 54 1
1700974396.723849 1514 -1
1700974396.723940 1514 -1
1700974396.724014 54 1
1700974396.724059 4389 -1
1700974396.724083 54 1
1700974397.582579 54 1
1700974397.584086 78 -1
1700974397.584086 60 -1
1700974397.584150 54 1
1700974398.292178 66 1
1700974398.295542 66 -1
1700974398.295676 54 1
1700974398.296719 902 1
1700974398.298092 60 -1
1700974398.299166 318 -1
1700974398.300288 134 1
1700974398.300759 146 1
1700974398.301387 586 1
1700974398.301476 60 -1
1700974398.301484 235 1
1700974398.301571 223 1
1700974398.301652 223 1
1700974398.301745 222 1
1700974398.301886 341 -1
1700974398.301955 60 -1
1700974398.302101 115 -1
1700974398.302101 85 -1
1700974398.302130 54 1
1700974398.302342 85 1
1700974398.302463 60 -1
1700974398.302615 60 -1
1700974398.302615 60 -1
1700974398.302783 60 -1
1700974398.302890 60 -1
1700974398.303440 60 -1
1700974398.306248 863 -1
1700974398.306248 4434 -1
1700974398.306331 54 1
1700974398.306394 2974 -1
1700974398.306427 54 1
1700974398.306692 1514 -1
1700974398.307198 6213 -1
1700974398.307282 54 1
1700974398.307559 1514 -1
1700974398.307699 2974 -1
1700974398.307719 54 1
1700974398.307920 3188 -1
1700974398.307947 54 1
1700974398.308247 932 -1
1700974398.308379 6438 -1
1700974398.308414 54 1
1700974398.309663 897 -1
1700974398.309743 1514 -1
1700974398.309765 54 1
1700974398.309815 1514 -1
1700974398.309955 6713 -1
1700974398.309986 54 1
1700974398.321706 930 -1
1700974398.321706 15222 -1
1700974398.321845 54 1
1700974400.370313 226 1
1700974400.374411 232 1
1700974400.375844 216 1
1700974400.382058 60 -1
1700974400.383356 60 -1
1700974400.383356 60 -1
1700974400.383582 913 -1
1700974400.383582 8814 -1
1700974400.383655 54 1
1700974400.384335 1546 -1
1700974400.384373 54 1
1700974400.385638 5424 -1
1700974400.385733 66 1
1700974400.394890 877 -1
1700974400.394890 5894 -1
1700974400.394890 10620 -1
1700974400.394890 2974 -1
1700974400.394890 1514 -1
1700974400.394890 7354 -1
1700974400.394890 4811 -1
1700974400.394890 7354 -1
1700974400.394890 7354 -1
1700974400.394890 1922 -1
1700974400.394890 7354 -1
1700974400.394890 7354 -1
1700974400.394890 7354 -1
1700974400.394890 7354 -1
1700974400.394890 7354 -1
1700974400.394890 7354 -1
1700974400.394890 5534 -1
1700974400.394890 1514 -1
1700974400.394890 7354 -1
1700974400.395393 66 1
1700974400.395454 66 1
1700974400.395530 66 1
1700974400.395590 66 1
1700974400.395616 66 1
1700974400.395671 66 1
1700974400.395723 66 1
1700974400.395773 66 1
1700974400.395847 66 1
1700974400.395892 66 1
1700974400.395956 66 1
1700974400.396024 66 1
1700974400.396197 66 1
1700974400.396266 66 1
1700974400.396327 66 1
1700974400.396370 66 1
1700974400.396420 66 1
1700974400.396480 66 1
1700974400.396539 66 1
1700974400.396679 7354 -1
1700974400.396770 66 1
1700974400.397425 7354 -1
1700974400.397425 7354 -1
1700974400.397425 2299 -1
1700974400.397425 856 -1
1700974400.397425 4434 -1
1700974400.397527 66 1
1700974400.397640 66 1
1700974400.397663 66 1
1700974400.397842 54 1
1700974400.397912 54 1
1700974400.398089 7354 -1
1700974400.398137 54 1
1700974400.398663 7354 -1
1700974400.398705 54 1
1700974400.398929 4434 -1
1700974400.398970 54 1
1700974400.399373 2974 -1
1700974400.399408 54 1
1700974400.400127 6374 -1
1700974400.400171 54 1
1700974400.401950 54 1
1700974401.977545 230 1
1700974401.983662 230 1
1700974401.983745 231 1
1700974401.986616 60 -1
1700974401.992908 958 -1
1700974401.992908 4434 -1
1700974401.992908 2919 -1
1700974401.992908 980 -1
1700974401.992908 4434 -1
1700974401.992908 5044 -1
1700974401.992908 958 -1
1700974401.992908 7354 -1
1700974401.992908 7354 -1
1700974401.992908 1860 -1
1700974401.992908 1514 -1
1700974401.993331 54 1
1700974402.012574 797 -1
1700974402.012650 66 1
1700974402.013888 1514 -1
1700974402.013967 54 1
1700974403.583381 221 1
1700974403.585129 223 1
1700974403.585622 223 1
1700974403.589403 60 -1
1700974403.592280 858 -1
1700974403.592280 2704 -1
1700974403.592280 928 -1
1700974403.592280 5495 -1
1700974403.592383 54 1
1700974403.593423 224 1
1700974403.593529 224 1
1700974403.594988 89 1
1700974403.597666 928 -1
1700974403.597666 1514 -1
1700974403.597666 4434 -1
1700974403.597666 6844 -1
1700974403.597666 60 -1
1700974403.597666 1011 -1
1700974403.597666 7354 -1
1700974403.597666 3559 -1
1700974403.597827 54 1
1700974403.603573 857 -1
1700974403.603573 5888 -1
1700974403.603722 54 1
1700974407.618899 54 1
1700974407.620179 78 -1
1700974407.620394 54 1
1700974407.620524 60 -1
1700974407.626311 66 1
1700974407.627590 66 -1
1700974407.627677 54 1
1700974407.628799 902 1
1700974407.630017 60 -1
1700974407.630488 318 -1
1700974407.631221 134 1
1700974407.632436 60 -1
1700974407.632477 341 -1
1700974407.632558 146 1
1700974407.633214 585 1
1700974407.633447 227 1
1700974407.633740 60 -1
1700974407.633740 115 -1
1700974407.633740 85 -1
1700974407.633780 54 1
1700974407.634540 85 1
1700974407.634695 60 -1
1700974407.634695 60 -1
1700974407.635642 60 -1
1700974407.636822 958 -1
1700974407.636822 1514 -1
1700974407.636863 54 1
1700974407.636919 2974 -1
1700974407.636941 54 1
1700974407.637671 1514 -1
1700974407.637890 1204 -1
1700974407.637913 54 1
1700974407.654760 861 -1
1700974407.654760 11761 -1
1700974407.654933 54 1
1700974409.243110 231 1
1700974409.244841 229 1
1700974409.245246 225 1
1700974409.246096 60 -1
1700974409.248349 861 -1
1700974409.248349 13194 -1
1700974409.248442 54 1
1700974409.249291 1214 -1
1700974409.249394 231 1
1700974409.249437 928 -1
1700974409.249437 7354 -1
1700974409.249495 54 1
1700974409.249981 786 -1
1700974409.252537 825 -1
1700974409.252537 6675 -1
1700974409.252593 54 1
1700974409.259654 828 -1
1700974409.259654 2605 -1
1700974409.259780 54 1
1700974410.851925 222 1
1700974410.853902 231 1
1700974410.855857 60 -1
1700974410.857821 854 -1
1700974410.857821 5300 -1
1700974410.857909 54 1
1700974410.858139 229 1
1700974410.862045 857 -1
1700974410.862120 6175 -1
1700974410.862161 54 1
1700974410.868883 930 -1
1700974410.868883 4904 -1
1700974410.868967 54 1
1700974413.045330 219 1
1700974413.045438 228 1
1700974413.046652 60 -1
1700974413.053673 886 -1
1700974413.053673 2974 -1
1700974413.053750 54 1
1700974413.054115 7354 -1
1700974413.054190 54 1
1700974413.055960 6240 -1
1700974413.055960 85 -1
1700974413.055960 5894 -1
1700974413.055960 7354 -1
1700974413.056029 54 1
1700974413.056158 3320 -1
1700974413.056184 54 1
1700974413.056367 2974 -1
1700974413.056386 54 1
1700974413.056590 7354 -1
1700974413.056618 54 1
1700974413.057236 6302 -1
1700974413.057475 54 1
1700974413.057837 7354 -1
1700974413.057887 54 1
1700974413.058746 7354 -1
1700974413.058794 54 1
1700974413.059108 1891 -1
1700974413.059144 54 1
1700974413.059190 7354 -1
1700974413.059237 54 1
1700974413.059416 89 1
1700974413.059712 4434 -1
1700974413.059749 54 1
1700974413.067063 7354 -1
1700974413.067063 4434 -1
1700974413.067063 25974 -1
1700974413.067063 32959 -1
1700974413.067063 23414 -1
1700974413.067806 54 1
1700974413.067815 54 1
1700974413.068103 5894 -1
1700974413.068144 54 1
1700974413.068489 7354 -1
1700974413.068529 54 1
1700974413.069019 7354 -1
1700974413.069078 54 1
1700974413.072774 2974 -1
1700974413.072774 7354 -1
1700974413.072774 5894 -1
1700974413.072774 7354 -1
1700974413.072774 7354 -1
1700974413.072774 7354 -1
1700974413.072960 54 1
1700974413.073017 5894 -1
1700974413.073050 54 1
1700974413.073297 4434 -1
1700974413.073649 54 1
1700974413.079522 7354 -1
1700974413.079522 4434 -1
1700974413.079522 7354 -1
1700974413.079651 54 1
1700974413.080707 7354 -1
1700974413.080707 7354 -1
1700974413.080707 7354 -1
1700974413.080707 1514 -1
1700974413.080707 7354 -1
1700974413.080707 7354 -1
1700974413.080851 54 1
1700974413.081528 2974 -1
1700974413.081528 7354 -1
1700974413.081578 54 1
1700974413.081780 1514 -1
1700974413.081780 2974 -1
1700974413.081811 54 1
1700974413.081926 7354 -1
1700974413.081954 54 1
1700974413.087063 7354 -1
1700974413.087063 1514 -1
1700974413.087063 7354 -1
1700974413.087063 7354 -1
1700974413.087063 7354 -1
1700974413.087063 7354 -1
1700974413.087063 7354 -1
1700974413.087063 4434 -1
1700974413.087063 7354 -1
1700974413.087450 54 1
1700974413.087753 7354 -1
1700974413.087824 54 1
1700974413.090402 7354 -1
1700974413.090402 7354 -1
1700974413.090402 30714 -1
1700974413.090591 54 1
1700974413.092437 46774 -1
1700974413.092746 54 1
1700974413.095564 7354 -1
1700974413.095658 54 1
1700974413.096114 7354 -1
1700974413.096178 54 1
1700974413.096796 2974 -1
1700974413.096848 54 1
1700974413.097769 2974 -1
1700974413.097769 7354 -1
1700974413.097829 54 1
1700974413.097875 7354 -1
1700974413.097941 54 1
1700974413.098469 7354 -1
1700974413.098507 54 1
1700974413.099008 7354 -1
1700974413.099039 54 1
1700974413.099692 7354 -1
1700974413.099758 54 1
1700974413.100214 7354 -1
1700974413.100489 54 1
1700974413.100822 7354 -1
1700974413.100862 54 1
1700974413.101447 4434 -1
1700974413.101492 54 1
1700974413.101805 5894 -1
1700974413.101848 54 1
1700974413.102411 7354 -1
1700974413.102443 54 1
1700974413.102874 7354 -1
1700974413.102907 54 1
1700974413.103630 7354 -1
1700974413.103680 54 1
1700974413.104100 4434 -1
1700974413.104139 54 1
1700974413.104454 7354 -1
1700974413.104505 54 1
1700974413.107421 1770 -1
1700974413.107485 54 1
1700974414.651614 221 1
1700974414.654237 231 1
1700974414.654608 230 1
1700974414.655138 224 1
1700974414.655237 60 -1
1700974414.656475 60 -1
1700974414.662978 911 -1
1700974414.662978 2974 -1
1700974414.662978 6534 -1
1700974414.662978 928 -1
1700974414.662978 7354 -1
1700974414.662978 1735 -1
1700974414.662978 957 -1
1700974414.662978 6705 -1
1700974414.663135 54 1
1700974414.673248 911 -1
1700974414.673248 2974 -1
1700974414.673468 54 1
1700974414.674139 8146 -1
1700974414.674209 54 1
1700974416.246887 225 1
1700974416.247792 231 1
1700974416.249788 60 -1
1700974416.251717 908 -1
1700974416.251717 3686 -1
1700974416.251784 54 1
1700974416.253859 928 -1
1700974416.253896 7354 -1
1700974416.253922 54 1
1700974416.254834 1526 -1
1700974416.254861 54 1
1700974417.646164 54 1
1700974417.650657 78 -1
1700974417.650657 60 -1
1700974417.650703 54 1
1700974420.400139 66 1
1700974420.401354 66 -1
1700974420.401473 54 1
1700974420.402540 870 1
1700974420.404989 60 -1
1700974420.404989 318 -1
1700974420.405583 134 1
1700974420.406690 146 1
1700974420.407207 586 1
1700974420.407329 219 1
1700974420.407408 230 1
1700974420.407574 60 -1
1700974420.407574 341 -1
1700974420.407999 60 -1
1700974420.408045 115 -1
1700974420.408045 85 -1
1700974420.408072 54 1
1700974420.408989 85 1
1700974420.409275 60 -1
1700974420.409275 60 -1
1700974420.409275 60 -1
1700974420.410017 60 -1
1700974420.411775 897 -1
1700974420.411823 8347 -1
1700974420.411888 54 1
1700974420.412481 860 -1
1700974420.412481 7354 -1
1700974420.412543 54 1
1700974420.413020 7354 -1
1700974420.413061 54 1
1700974420.414052 1860 -1
1700974420.414052 4434 -1
1700974420.414118 54 1
1700974420.414160 7354 -1
1700974420.414217 54 1
1700974420.414738 4811 -1
1700974420.414796 54 1
1700974420.415255 7354 -1
1700974420.415337 54 1
1700974420.415781 7354 -1
1700974420.415846 54 1
1700974420.417052 1922 -1
1700974420.417052 7354 -1
1700974420.417107 54 1
1700974420.417145 5894 -1
1700974420.417185 54 1
1700974420.417602 7354 -1
1700974420.417649 54 1
1700974420.418225 7354 -1
1700974420.418277 54 1
1700974420.418817 1514 -1
1700974420.418857 54 1
1700974420.418927 7354 -1
1700974420.418972 54 1
1700974420.419569 5894 -1
1700974420.419610 54 1
1700974420.420071 7354 -1
1700974420.420109 54 1
1700974420.420713 7354 -1
1700974420.420769 54 1
1700974420.422535 7354 -1
1700974420.422535 5894 -1
1700974420.422535 7354 -1
1700974420.422620 54 1
1700974420.422930 4434 -1
1700974420.422974 54 1
1700974420.423319 7354 -1
1700974420.423360 54 1
1700974420.428432 4434 -1
1700974420.428432 7354 -1
1700974420.428432 7354 -1
1700974420.428432 7354 -1
1700974420.428432 7354 -1
1700974420.428432 7354 -1
1700974420.428432 7354 -1
1700974420.428432 7354 -1
1700974420.428702 54 1
1700974420.428759 7354 -1
1700974420.428795 54 1
1700974420.429249 5894 -1
1700974420.429321 54 1
1700974420.430510 7354 -1
1700974420.430510 7354 -1
1700974420.430593 54 1
1700974420.430793 7354 -1
1700974420.430823 54 1
1700974420.437765 7354 -1
1700974420.437765 7354 -1
1700974420.437765 7354 -1
1700974420.437765 11734 -1
1700974420.437765 8814 -1
1700974420.437765 7354 -1
1700974420.437765 7354 -1
1700974420.437765 7354 -1
1700974420.437765 7354 -1
1700974420.437765 5894 -1
1700974420.438113 54 1
1700974420.438180 7354 -1
1700974420.438246 54 1
1700974420.438548 7354 -1
1700974420.438597 54 1
1700974420.438676 54 1
1700974420.439031 7354 -1
1700974420.439088 54 1
1700974420.440195 7354 -1
1700974420.440238 54 1
1700974420.442589 7354 -1
1700974420.442589 7354 -1
1700974420.442589 7354 -1
1700974420.442589 7354 -1
1700974420.442745 54 1
1700974420.442812 1514 -1
1700974420.442830 7354 -1
1700974420.442871 54 1
1700974420.443514 7354 -1
1700974420.443562 54 1
1700974420.444942 7354 -1
1700974420.444942 7354 -1
1700974420.444991 54 1
1700974420.445551 4434 -1
1700974420.445592 54 1
1700974420.445836 7354 -1
1700974420.445886 54 1
1700974420.448201 7354 -1
1700974420.448201 4434 -1
1700974420.448201 7354 -1
1700974420.448201 7354 -1
1700974420.448286 54 1
1700974420.448895 7354 -1
1700974420.448937 54 1
1700974420.449108 5894 -1
1700974420.449135 54 1
1700974420.449465 7354 -1
1700974420.449493 54 1
1700974420.450138 7354 -1
1700974420.450189 54 1
1700974420.450751 2974 -1
1700974420.450788 54 1
1700974420.450952 2974 -1
1700974420.450977 54 1
1700974420.451148 2974 -1
1700974420.451186 54 1
1700974420.451510 7354 -1
1700974420.451538 54 1
1700974420.453473 7354 -1
1700974420.453527 54 1
1700974420.453595 7354 -1
1700974420.453663 54 1
1700974420.454095 7354 -1
1700974420.454138 54 1
1700974420.455022 7354 -1
1700974420.455076 54 1
1700974420.455477 4434 -1
1700974420.455523 54 1
1700974420.455656 7354 -1
1700974420.455736 54 1
1700974420.456646 10274 -1
1700974420.456687 54 1
1700974420.457106 7354 -1
1700974420.457160 54 1
1700974420.457921 7354 -1
1700974420.457966 54 1
1700974420.458455 7354 -1
1700974420.458492 54 1
1700974420.458986 7354 -1
1700974420.459038 54 1
1700974420.459520 2974 -1
1700974420.459547 54 1
1700974420.459781 7354 -1
1700974420.459808 54 1
1700974420.460979 1514 -1
1700974420.460979 5894 -1
1700974420.461018 54 1
1700974420.461188 7354 -1
1700974420.461217 54 1
1700974420.461668 7354 -1
1700974420.461700 54 1
1700974420.462199 2974 -1
1700974420.462268 54 1
1700974420.463038 7354 -1
1700974420.463079 54 1
1700974420.463125 7354 -1
1700974420.463158 54 1
1700974420.463867 7354 -1
1700974420.463910 54 1
1700974420.464258 5894 -1
1700974420.464325 54 1
1700974420.464741 7354 -1
1700974420.464807 54 1
1700974420.466144 4434 -1
1700974420.466144 7354 -1
1700974420.466210 54 1
1700974420.466663 7354 -1
1700974420.466713 54 1
1700974420.466912 7354 -1
1700974420.466936 54 1
1700974420.469741 2974 -1
1700974420.469741 7354 -1
1700974420.469741 7354 -1
1700974420.469741 7354 -1
1700974420.469874 54 1
1700974420.477314 7354 -1
1700974420.477314 7354 -1
1700974420.477314 1514 -1
1700974420.477314 5894 -1
1700974420.477314 16114 -1
1700974420.477314 4434 -1
1700974420.477314 7354 -1
1700974420.477314 7354 -1
1700974420.477314 10274 -1
1700974420.477314 2974 -1
1700974420.477314 7354 -1
1700974420.477314 7354 -1
1700974420.477314 4434 -1
1700974420.477732 54 1
1700974420.477826 7354 -1
1700974420.477873 54 1
1700974420.478742 7354 -1
1700974420.478742 2974 -1
1700974420.478742 7354 -1
1700974420.478827 54 1
1700974420.479318 54 1
1700974420.480693 7354 -1
1700974420.480693 7354 -1
1700974420.480693 7354 -1
1700974420.480784 54 1
1700974420.483093 7354 -1
1700974420.483093 7354 -1
1700974420.483093 7354 -1
1700974420.483093 7354 -1
1700974420.483220 54 1
1700974420.485700 5894 -1
1700974420.485700 2974 -1
1700974420.485700 1514 -1
1700974420.485700 13194 -1
1700974420.485700 7354 -1
1700974420.485851 54 1
1700974420.487873 7354 -1
1700974420.487873 4434 -1
1700974420.487873 7354 -1
1700974420.487873 5894 -1
1700974420.487971 54 1
1700974420.489273 7354 -1
1700974420.489273 7354 -1
1700974420.489273 7354 -1
1700974420.489541 54 1
1700974420.493795 7354 -1
1700974420.493795 7354 -1
1700974420.493795 7354 -1
1700974420.493795 7354 -1
1700974420.493795 7354 -1
1700974420.493795 5894 -1
1700974420.493795 7354 -1
1700974420.493980 54 1
1700974420.494056 7354 -1
1700974420.494077 54 1
1700974420.495327 7354 -1
1700974420.495327 7354 -1
1700974420.495386 54 1
1700974420.496184 4434 -1
1700974420.496184 1514 -1
1700974420.496184 1514 -1
1700974420.496232 54 1
1700974420.496922 7354 -1
1700974420.496922 1498 -1
1700974420.496981 54 1
1700974420.497022 7354 -1
1700974420.497045 54 1
1700974420.497892 7354 -1
1700974420.497933 54 1
1700974420.498476 7354 -1
1700974420.498510 54 1
1700974420.498760 1514 -1
1700974420.498821 66 1
1700974420.498901 5910 -1
1700974420.498953 74 1
1700974420.499969 1514 -1
1700974420.499969 7354 -1
1700974420.500027 74 1
1700974420.500071 74 1
1700974420.500290 7354 -1
1700974420.500340 74 1
1700974420.500735 7354 -1
1700974420.500766 74 1
1700974420.501349 7354 -1
1700974420.501396 74 1
1700974420.501921 7354 -1
1700974420.501969 74 1
1700974420.502523 1514 -1
1700974420.502555 74 1
1700974420.502654 7354 -1
1700974420.502688 74 1
1700974420.503289 7354 -1
1700974420.503349 74 1
1700974420.503853 7354 -1
1700974420.503908 74 1
1700974420.505208 2974 -1
1700974420.505208 7354 -1
1700974420.505262 74 1
1700974420.505325 74 1
1700974420.505530 7354 -1
1700974420.505579 74 1
1700974420.505936 16114 -1
1700974420.506056 74 1
1700974420.507250 4434 -1
1700974420.507321 74 1
1700974420.507659 4434 -1
1700974420.507719 74 1
1700974420.508038 4434 -1
1700974420.508086 74 1
1700974420.508522 2974 -1
1700974420.508565 74 1
1700974420.508603 1514 -1
1700974420.508642 74 1
1700974420.508711 4434 -1
1700974420.508764 74 1
1700974420.509093 4434 -1
1700974420.509125 74 1
1700974420.509810 4434 -1
1700974420.509810 1514 -1
1700974420.509865 74 1
1700974420.509949 74 1
1700974420.510034 1514 -1
1700974420.510069 66 1
1700974420.510116 1514 -1
1700974420.510257 54 1
1700974420.510652 2974 -1
1700974420.510652 1514 -1
1700974420.510652 2974 -1
1700974420.510697 54 1
1700974420.511035 4434 -1
1700974420.511065 54 1
1700974420.511168 4434 -1
1700974420.511197 54 1
1700974420.511485 4434 -1
1700974420.511511 54 1
1700974420.511873 4434 -1
1700974420.511901 54 1
1700974420.514014 4434 -1
1700974420.514014 4434 -1
1700974420.514014 4434 -1
1700974420.514014 2974 -1
1700974420.514014 7354 -1
1700974420.514123 54 1
1700974420.514205 2974 -1
1700974420.514231 54 1
1700974420.514676 8814 -1
1700974420.514721 54 1
1700974420.515275 4434 -1
1700974420.515453 54 1
1700974420.515575 2974 -1
1700974420.515605 54 1
1700974420.516067 2974 -1
1700974420.516067 7354 -1
1700974420.516120 66 1
1700974420.516177 66 1
1700974420.516627 2974 -1
1700974420.516660 66 1
1700974420.516814 7354 -1
1700974420.516871 66 1
1700974420.517806 7354 -1
1700974420.517861 66 1
1700974420.518524 1514 -1
1700974420.518524 2974 -1
1700974420.518524 1514 -1
1700974420.518590 66 1
1700974420.518635 66 1
1700974420.518681 66 1
1700974420.518728 7354 -1
1700974420.518784 66 1
1700974420.519208 4434 -1
1700974420.519272 66 1
1700974420.519516 14654 -1
1700974420.519597 66 1
1700974420.520739 1514 -1
1700974420.520769 66 1
1700974420.520808 8814 -1
1700974420.520859 66 1
1700974420.521737 7354 -1
1700974420.521815 66 1
1700974420.522253 7354 -1
1700974420.522282 66 1
1700974420.522748 1514 -1
1700974420.522784 66 1
1700974420.522980 2974 -1
1700974420.523117 54 1
1700974420.523253 4434 -1
1700974420.523291 54 1
1700974420.523564 2974 -1
1700974420.523588 54 1
1700974420.523797 54 1
1700974420.523956 1514 -1
1700974420.523956 7354 -1
1700974420.523999 54 1
1700974420.524488 5894 -1
1700974420.524513 54 1
1700974420.524955 5894 -1
1700974420.525002 54 1
1700974420.525465 7354 -1
1700974420.525526 54 1
1700974420.526023 3452 -1
1700974420.526054 54 1
1700974420.526354 7354 -1
1700974420.526398 54 1
1700974420.526920 5894 -1
1700974420.526953 54 1
1700974420.527456 2974 -1
1700974420.527517 54 1
1700974420.527634 7354 -1
1700974420.527664 54 1
1700974420.528242 1514 -1
1700974420.528283 54 1
1700974420.528639 7354 -1
1700974420.528690 54 1
1700974420.529008 7354 -1
1700974420.529054 54 1
1700974420.529571 1514 -1
1700974420.529704 4434 -1
1700974420.529754 54 1
1700974420.530117 7354 -1
1700974420.530172 54 1
1700974420.530684 1514 -1
1700974420.530718 54 1
1700974420.530814 7354 -1
1700974420.530853 54 1
1700974420.531676 2974 -1
1700974420.531676 7354 -1
1700974420.531724 54 1
1700974420.533093 5894 -1
1700974420.533093 13194 -1
1700974420.533163 54 1
1700974420.533833 7354 -1
1700974420.533862 54 1
1700974420.534570 1514 -1
1700974420.534570 7354 -1
1700974420.534620 54 1
1700974420.535160 7354 -1
1700974420.535201 54 1
1700974420.535769 5894 -1
1700974420.535817 54 1
1700974420.536245 8814 -1
1700974420.536446 54 1
1700974420.536991 1514 -1
1700974420.537028 54 1
1700974420.537106 5894 -1
1700974420.537141 54 1
1700974420.537567 5894 -1
1700974420.537614 54 1
1700974420.538066 5395 -1
1700974420.538119 54 1
1700974422.559506 218 1
1700974422.559888 229 1
1700974422.559958 222 1
1700974422.565750 60 -1
1700974422.569062 1514 -1
1700974422.569062 2463 -1
1700974422.569155 66 1
1700974422.569215 74 1
1700974422.571035 1034 -1
1700974422.571035 1514 -1
1700974422.571127 66 1
1700974422.571178 66 1
1700974422.572362 1514 -1
1700974422.572487 54 1
1700974422.576156 856 -1
1700974422.576224 6207 -1
1700974422.576276 54 1
1700974422.611531 859 -1
1700974422.611531 7354 -1
1700974422.611531 5894 -1
1700974422.611531 7354 -1
1700974422.611531 5894 -1
1700974422.611531 6617 -1
1700974422.611531 7354 -1
1700974422.611531 5894 -1
1700974422.611531 7354 -1
1700974422.611531 5894 -1
1700974422.611531 4434 -1
1700974422.611531 7354 -1
1700974422.611531 7354 -1
1700974422.611531 4434 -1
1700974422.611531 1514 -1
1700974422.611877 66 1
1700974422.611937 66 1
1700974422.611979 66 1
1700974422.612049 66 1
1700974422.613198 4434 -1
1700974422.613254 66 1
1700974422.613445 4434 -1
1700974422.613482 66 1
1700974422.613689 4434 -1
1700974422.613751 66 1
1700974422.614090 1514 -1
1700974422.614128 66 1
1700974422.614328 7354 -1
1700974422.614398 66 1
1700974422.614853 4434 -1
1700974422.614908 66 1
1700974422.615139 1514 -1
1700974422.615163 66 1
1700974422.615256 8814 -1
1700974422.615322 74 1
1700974422.616052 7354 -1
1700974422.616089 74 1
1700974422.616610 5894 -1
1700974422.616643 74 1
1700974422.617148 7354 -1
1700974422.617181 74 1
1700974422.617741 5894 -1
1700974422.617793 74 1
1700974422.618184 1514 -1
1700974422.618376 66 1
1700974422.618492 4434 -1
1700974422.618524 66 1
1700974422.618685 7354 -1
1700974422.618715 66 1
1700974422.619519 1514 -1
1700974422.619604 54 1
1700974422.619687 1514 -1
1700974422.619687 5894 -1
1700974422.619736 54 1
1700974422.620030 7354 -1
1700974422.620052 54 1
1700974422.620641 2974 -1
1700974422.620669 54 1
1700974422.620880 7354 -1
1700974422.620923 54 1
1700974422.621661 1514 -1
1700974422.621661 7354 -1
1700974422.621707 54 1
1700974422.622526 7354 -1
1700974422.622579 54 1
1700974422.622814 1514 -1
1700974422.622839 54 1
1700974422.622959 7354 -1
1700974422.622983 54 1
1700974422.623681 8814 -1
1700974422.623746 54 1
1700974422.624480 7354 -1
1700974422.624512 54 1
1700974422.624894 7354 -1
1700974422.624928 54 1
1700974422.625493 1514 -1
1700974422.625527 54 1
1700974422.625631 7354 -1
1700974422.625666 54 1
1700974422.626238 5894 -1
1700974422.626282 54 1
1700974422.626705 2974 -1
1700974422.626752 54 1
1700974422.626941 7354 -1
1700974422.627000 54 1
1700974422.627546 4434 -1
1700974422.627587 54 1
1700974422.627904 2974 -1
1700974422.627942 54 1
1700974422.628142 1514 -1
1700974422.628167 54 1
1700974422.628374 7354 -1
1700974422.628411 54 1
1700974422.628884 7354 -1
1700974422.628928 54 1
1700974422.629638 1514 -1
1700974422.629638 1514 -1
1700974422.629669 54 1
1700974422.629784 2974 -1
1700974422.629808 54 1
1700974422.629960 2974 -1
1700974422.629998 54 1
1700974422.630202 1514 -1
1700974422.630362 7354 -1
1700974422.630392 54 1
1700974422.630940 7354 -1
1700974422.630985 54 1
1700974422.631566 5378 -1
1700974422.631614 54 1
1700974422.632010 7354 -1
1700974422.632057 54 1
1700974422.632598 5894 -1
1700974422.632639 54 1
1700974422.633101 7354 -1
1700974422.633138 54 1
1700974422.633673 5894 -1
1700974422.633705 54 1
1700974422.634197 2974 -1
1700974422.634234 54 1
1700974422.634737 5894 -1
1700974422.634774 66 1
1700974422.635124 1514 -1
1700974422.635170 74 1
1700974422.635223 7354 -1
1700974422.635279 74 1
1700974422.635804 2974 -1
1700974422.635837 74 1
1700974422.636059 1514 -1
1700974422.636090 74 1
1700974422.636157 1514 -1
1700974422.636187 82 1
1700974422.636275 5894 -1
1700974422.636334 90 1
1700974422.636775 2974 -1
1700974422.636810 90 1
1700974422.637006 7354 -1
1700974422.637054 90 1
1700974422.637624 5894 -1
1700974422.637669 90 1
1700974422.638117 7354 -1
1700974422.638161 90 1
1700974422.638721 5894 -1
1700974422.638770 90 1
1700974422.639236 7354 -1
1700974422.639278 90 1
1700974422.639796 5894 -1
1700974422.639860 90 1
1700974422.640293 7354 -1
1700974422.640349 90 1
1700974422.640881 5894 -1
1700974422.640918 90 1
1700974422.641380 4434 -1
1700974422.641421 90 1
1700974422.641744 4434 -1
1700974422.641777 90 1
1700974422.642096 1514 -1
1700974422.642148 82 1
1700974422.642209 2974 -1
1700974422.642256 82 1
1700974422.642512 1514 -1
1700974422.642561 74 1
1700974422.642615 1514 -1
1700974422.642648 74 1
1700974422.642711 7354 -1
1700974422.642752 74 1
1700974422.643321 1514 -1
1700974422.643364 66 1
1700974422.643430 1514 -1
1700974422.643528 54 1
1700974422.643767 1514 -1
1700974422.643767 7354 -1
1700974422.643809 66 1
1700974422.644020 66 1
1700974422.644297 1514 -1
1700974422.644340 66 1
1700974422.644432 5894 -1
1700974422.644466 66 1
1700974422.644894 1514 -1
1700974422.644924 66 1
1700974422.645088 5894 -1
1700974422.645123 66 1
1700974422.645488 1514 -1
1700974422.645518 66 1
1700974422.645595 1514 -1
1700974422.645620 66 1
1700974422.645720 1514 -1
1700974422.645747 66 1
1700974422.645892 2974 -1
1700974422.645919 66 1
1700974422.646093 5894 -1
1700974422.646126 66 1
1700974422.646716 7354 -1
1700974422.646751 66 1
1700974422.647191 5894 -1
1700974422.647228 66 1
1700974422.647758 4434 -1
1700974422.647796 66 1
1700974422.648043 2974 -1
1700974422.648065 66 1
1700974422.649102 1514 -1
1700974422.649102 4434 -1
1700974422.649102 4434 -1
1700974422.649163 66 1
1700974422.649212 66 1
1700974422.649265 66 1
1700974422.649331 1514 -1
1700974422.649331 1514 -1
1700974422.649391 66 1
1700974422.649528 66 1
1700974422.649568 1514 -1
1700974422.649593 66 1
1700974422.649621 2974 -1
1700974422.649638 66 1
1700974422.649724 5894 -1
1700974422.649759 66 1
1700974422.650207 2974 -1
1700974422.650232 66 1
1700974422.650509 2974 -1
1700974422.650543 66 1
1700974422.650694 7354 -1
1700974422.650724 66 1
1700974422.651305 7354 -1
1700974422.651510 66 1
1700974422.651899 2974 -1
1700974422.651934 66 1
1700974422.652213 7354 -1
1700974422.652244 66 1
1700974422.652762 3508 -1
1700974422.652811 66 1
1700974422.653040 5894 -1
1700974422.653083 66 1
1700974422.653549 2974 -1
1700974422.653585 66 1
1700974422.653777 7354 -1
1700974422.653843 66 1
1700974422.654375 1514 -1
1700974422.654554 54 1
1700974422.654732 1514 -1
1700974422.654732 4434 -1
1700974422.654773 54 1
1700974422.655049 54 1
1700974422.655146 2974 -1
1700974422.655173 54 1
1700974422.655183 54 1
1700974422.655446 4434 -1
1700974422.655474 54 1
1700974422.655617 5894 -1
1700974422.655653 54 1
1700974422.656090 2974 -1
1700974422.656131 54 1
1700974422.658757 1514 -1
1700974422.658757 13194 -1
1700974422.658757 7354 -1
1700974422.658757 4434 -1
1700974422.658757 4434 -1
1700974422.658876 54 1
1700974422.658932 2974 -1
1700974422.658965 54 1
1700974422.659119 5894 -1
1700974422.659149 54 1
1700974422.659695 4434 -1
1700974422.659734 54 1
1700974422.660074 4434 -1
1700974422.660103 54 1
1700974422.660553 8814 -1
1700974422.660623 54 1
1700974422.661045 1514 -1
1700974422.661259 1514 -1
1700974422.661300 54 1
1700974422.661462 7354 -1
1700974422.661502 54 1
1700974422.661907 1514 -1
1700974422.661943 54 1
1700974422.662060 1514 -1
1700974422.662128 7354 -1
1700974422.662152 54 1
1700974422.662743 2974 -1
1700974422.662774 54 1
1700974422.663104 2974 -1
1700974422.663130 54 1
1700974422.663209 1514 -1
1700974422.663489 2974 -1
1700974422.663513 54 1
1700974422.663576 2974 -1
1700974422.663598 54 1
1700974422.665152 2974 -1
1700974422.665152 4434 -1
1700974422.665152 2974 -1
1700974422.665152 7354 -1
1700974422.665221 54 1
1700974422.665584 7354 -1
1700974422.665616 54 1
1700974422.665884 1514 -1
1700974422.666183 7354 -1
1700974422.666225 54 1
1700974422.666679 1514 -1
1700974422.666808 7354 -1
1700974422.666847 54 1
1700974422.667630 5894 -1
1700974422.667670 54 1
1700974422.667964 7354 -1
1700974422.668000 54 1
1700974422.668685 2974 -1
1700974422.668728 54 1
1700974422.668865 2974 -1
1700974422.668898 54 1
1700974422.668951 2974 -1
1700974422.668978 54 1
1700974422.669208 5894 -1
1700974422.669244 54 1
1700974422.669670 7354 -1
1700974422.669705 54 1
1700974422.670291 7354 -1
1700974422.670348 54 1
1700974422.671032 1514 -1
1700974422.671032 2974 -1
1700974422.671092 54 1
1700974422.672130 1514 -1
1700974422.672130 7354 -1
1700974422.672130 2039 -1
1700974422.672181 54 1
1700974422.672231 7354 -1
1700974422.672257 54 1
1700974422.672804 2974 -1
1700974422.672841 54 1
1700974422.672984 2974 -1
1700974422.673019 54 1
1700974422.673227 3320 -1
1700974422.673264 54 1
1700974422.680018 7354 -1
1700974422.680018 5894 -1
1700974422.680018 7354 -1
1700974422.680018 5894 -1
1700974422.680018 7354 -1
1700974422.680018 1514 -1
1700974422.680018 1514 -1
1700974422.680018 1514 -1
1700974422.680018 1514 -1
1700974422.680018 7354 -1
1700974422.680018 5894 -1
1700974422.680018 7354 -1
1700974422.680018 5894 -1
1700974422.680018 7354 -1
1700974422.680018 5894 -1
1700974422.680293 54 1
1700974422.680474 7354 -1
1700974422.680508 54 1
1700974422.680598 54 1
1700974422.680653 5894 -1
1700974422.680695 54 1
1700974422.681187 7354 -1
1700974422.681223 54 1
1700974422.681400 54 1
1700974422.683285 4434 -1
1700974422.683285 7354 -1
1700974422.683285 2974 -1
1700974422.683285 1514 -1
1700974422.683285 1514 -1
1700974422.683285 7354 -1
1700974422.683399 54 1
1700974422.684402 5894 -1
1700974422.684402 7354 -1
1700974422.684447 54 1
1700974422.686985 5894 -1
1700974422.686985 7354 -1
1700974422.686985 5894 -1
1700974422.686985 4434 -1
1700974422.686985 7354 -1
1700974422.687146 54 1
1700974422.688176 7354 -1
1700974422.688176 5894 -1
1700974422.688251 54 1
1700974422.688531 1514 -1
1700974422.688673 7354 -1
1700974422.688714 54 1
1700974422.689246 4434 -1
1700974422.689325 54 1
1700974422.689748 7354 -1
1700974422.689787 54 1
1700974422.690391 5894 -1
1700974422.690449 54 1
1700974422.690693 7354 -1
1700974422.690737 54 1
1700974422.691291 5894 -1
1700974422.691332 54 1
1700974422.691782 7354 -1
1700974422.691845 54 1
1700974422.692515 4434 -1
1700974422.692544 54 1
1700974422.692872 7354 -1
1700974422.692928 54 1
1700974422.693455 5894 -1
1700974422.693515 54 1
1700974422.694055 7354 -1
1700974422.694095 54 1
1700974422.694454 5894 -1
1700974422.694487 54 1
1700974422.694927 5894 -1
1700974422.694955 54 1
1700974422.695470 10274 -1
1700974422.695503 54 1
1700974422.696274 7354 -1
1700974422.696305 54 1
1700974422.696869 1514 -1
1700974422.696916 54 1
1700974422.697128 7354 -1
1700974422.697164 54 1
1700974422.697652 5894 -1
1700974422.697696 54 1
1700974422.698128 7354 -1
1700974422.698157 54 1
1700974422.698704 5894 -1
1700974422.698744 54 1
1700974422.699164 1514 -1
1700974422.699291 7354 -1
1700974422.699422 54 1
1700974422.699953 4434 -1
1700974422.699993 54 1
1700974422.700622 5894 -1
1700974422.700666 54 1
1700974422.700753 1514 -1
1700974422.700783 54 1
1700974422.700997 5894 -1
1700974422.701039 54 1
1700974422.701853 7354 -1
1700974422.701877 54 1
1700974422.701987 5894 -1
1700974422.702035 54 1
1700974422.702635 7354 -1
1700974422.702687 54 1
1700974422.703076 4434 -1
1700974422.703119 54 1
1700974422.703416 7354 -1
1700974422.703456 54 1
1700974422.704135 5894 -1
1700974422.704166 54 1
1700974422.704486 7354 -1
1700974422.704507 54 1
1700974422.705097 5894 -1
1700974422.705136 54 1
1700974422.705600 7354 -1
1700974422.705639 54 1
1700974422.706188 1514 -1
1700974422.706459 4434 -1
1700974422.706505 54 1
1700974422.706673 7354 -1
1700974422.706704 54 1
1700974422.707480 7354 -1
1700974422.707517 54 1
1700974422.707897 1514 -1
1700974422.708011 7354 -1
1700974422.708033 54 1
1700974422.708620 1514 -1
1700974422.708770 7354 -1
1700974422.708809 54 1
1700974422.709526 2974 -1
1700974422.709552 54 1
1700974422.709590 7354 -1
1700974422.709624 54 1
1700974422.710215 5894 -1
1700974422.710244 54 1
1700974422.710680 1514 -1
1700974422.710725 54 1
1700974422.710818 7354 -1
1700974422.710837 54 1
1700974422.711435 4434 -1
1700974422.711477 54 1
1700974422.711773 7354 -1
1700974422.711832 54 1
1700974422.712458 4434 -1
1700974422.712479 54 1
1700974422.712757 1514 -1
1700974422.712863 7354 -1
1700974422.712897 54 1
1700974422.713465 5894 -1
1700974422.713500 54 1
1700974422.713965 1514 -1
1700974422.714071 7354 -1
1700974422.714098 54 1
1700974422.714692 5894 -1
1700974422.714740 54 1
1700974422.715182 7354 -1
1700974422.715228 54 1
1700974422.715774 2974 -1
1700974422.715833 54 1
1700974422.716010 2974 -1
1700974422.716035 54 1
1700974422.716233 2974 -1
1700974422.716260 54 1
1700974422.716569 1514 -1
1700974422.716588 54 1
1700974422.716615 5894 -1
1700974422.716629 54 1
1700974422.717086 2974 -1
1700974422.717104 54 1
1700974422.717581 1514 -1
1700974422.717581 1514 -1
1700974422.717581 7354 -1
1700974422.717611 54 1
1700974422.718181 2974 -1
1700974422.718210 54 1
1700974422.718497 7354 -1
1700974422.718538 54 1
1700974422.719095 847 -1
1700974422.719141 7354 -1
1700974422.719164 54 1
1700974422.719711 2974 -1
1700974422.719750 54 1
1700974422.719968 4434 -1
1700974422.720000 54 1
1700974422.720327 7354 -1
1700974422.720367 54 1
1700974422.720927 1514 -1
1700974422.721138 7354 -1
1700974422.721170 54 1
1700974422.721631 5894 -1
1700974422.721674 54 1
1700974422.722115 1514 -1
1700974422.722231 1514 -1
1700974422.722248 54 1
1700974422.722510 1514 -1
1700974422.722510 7354 -1
1700974422.722548 54 1
1700974422.723106 1514 -1
1700974422.723202 7277 -1
1700974422.723221 54 1
1700974424.218545 232 1
1700974424.220374 222 1
1700974424.220615 223 1
1700974424.221658 60 -1
1700974424.222582 231 1
1700974424.226205 927 -1
1700974424.226548 7354 -1
1700974424.226608 54 1
1700974424.226774 503 -1
1700974424.228286 876 -1
1700974424.228341 54 1
1700974424.228377 1514 -1
1700974424.228521 2974 -1
1700974424.228548 54 1
1700974424.228603 3600 -1
1700974424.228631 54 1
1700974424.228923 930 -1
1700974424.229038 7250 -1
1700974424.229074 54 1
1700974424.229618 858 -1
1700974424.229726 7354 -1
1700974424.229756 54 1
1700974424.230219 1463 -1
1700974424.284471 54 1
1700974425.832785 231 1
1700974425.833168 230 1
1700974425.839751 60 -1
1700974425.840548 232 1
1700974425.844868 963 -1
1700974425.844868 6650 -1
1700974425.844961 54 1
1700974425.846651 931 -1
1700974425.846826 2974 -1
1700974425.846860 54 1
1700974425.847024 2974 -1
1700974425.847044 54 1
1700974425.847138 3596 -1
1700974425.847175 54 1
1700974425.847561 89 1
1700974425.849246 928 -1
1700974425.849246 1514 -1
1700974425.849304 54 1
1700974425.849355 6476 -1
1700974425.849382 54 1
1700974427.654111 54 1
1700974427.664158 78 -1
1700974427.664158 60 -1
1700974427.664241 54 1
1700974428.026624 66 1
1700974428.027923 66 -1
1700974428.028022 54 1
1700974428.029580 870 1
1700974428.030769 60 -1
1700974428.031502 318 -1
1700974428.032015 134 1
1700974428.032331 146 1
1700974428.032850 574 1
1700974428.032911 222 1
1700974428.032968 222 1
1700974428.033019 224 1
1700974428.033080 232 1
1700974428.033092 60 -1
1700974428.033309 341 -1
1700974428.033675 60 -1
1700974428.033675 115 -1
1700974428.033675 85 -1
1700974428.033765 54 1
1700974428.033861 85 1
1700974428.034059 60 -1
1700974428.034059 60 -1
1700974428.034094 60 -1
1700974428.034094 60 -1
1700974428.034094 60 -1
1700974428.034921 60 -1
1700974428.036831 859 -1
1700974428.036831 7354 -1
1700974428.036889 54 1
1700974428.037471 4434 -1
1700974428.037542 54 1
1700974428.037793 4780 -1
1700974428.037831 54 1
1700974428.038156 85 -1
1700974428.038156 7354 -1
1700974428.038179 54 1
1700974428.038717 7354 -1
1700974428.038810 54 1
1700974428.039339 1860 -1
1700974428.039481 54 1
1700974428.039601 7354 -1
1700974428.039642 54 1
1700974428.040097 7354 -1
1700974428.040210 54 1
1700974428.040683 7354 -1
1700974428.040715 54 1
1700974428.041320 7354 -1
1700974428.041435 54 1
1700974428.041887 3728 -1
1700974428.041925 54 1
1700974428.042206 7354 -1
1700974428.042238 54 1
1700974428.042812 7354 -1
1700974428.042858 54 1
1700974428.043475 7354 -1
1700974428.043530 54 1
1700974428.044217 7354 -1
1700974428.044273 54 1
1700974428.044627 7354 -1
1700974428.044659 54 1
1700974428.045253 2974 -1
1700974428.045287 54 1
1700974428.045477 7354 -1
1700974428.045515 54 1
1700974428.046104 7354 -1
1700974428.046139 54 1
1700974428.046696 7354 -1
1700974428.046739 54 1
1700974428.047306 16114 -1
1700974428.047465 54 1
1700974428.048633 4434 -1
1700974428.048694 54 1
1700974428.048998 2974 -1
1700974428.049030 54 1
1700974428.049218 1514 -1
1700974428.049246 54 1
1700974428.049335 7354 -1
1700974428.049508 54 1
1700974428.050010 7354 -1
1700974428.050048 54 1
1700974428.050563 7354 -1
1700974428.050599 54 1
1700974428.051191 7354 -1
1700974428.051238 54 1
1700974428.051780 7354 -1
1700974428.051830 54 1
1700974428.052494 4434 -1
1700974428.052527 54 1
1700974428.052799 7354 -1
1700974428.052865 54 1
1700974428.054608 1514 -1
1700974428.054608 7354 -1
1700974428.054608 7354 -1
1700974428.054695 54 1
1700974428.054733 7354 -1
1700974428.054767 54 1
1700974428.055555 5894 -1
1700974428.055587 54 1
1700974428.056034 5894 -1
1700974428.056066 54 1
1700974428.056283 7354 -1
1700974428.056327 54 1
1700974428.056892 14654 -1
1700974428.056935 54 1
1700974428.058530 2974 -1
1700974428.058591 54 1
1700974428.059635 7354 -1
1700974428.059635 7354 -1
1700974428.059726 54 1
1700974428.062301 5894 -1
1700974428.062301 7354 -1
1700974428.062301 7354 -1
1700974428.062301 7354 -1
1700974428.062474 54 1
1700974428.063449 2974 -1
1700974428.063449 7354 -1
1700974428.063449 1514 -1
1700974428.063449 7354 -1
1700974428.063551 54 1
1700974428.063746 2974 -1
1700974428.063773 54 1
1700974428.069559 7354 -1
1700974428.069559 7354 -1
1700974428.069559 3648 -1
1700974428.069559 4434 -1
1700974428.069559 1514 -1
1700974428.069559 7354 -1
1700974428.069559 7354 -1
1700974428.069559 1514 -1
1700974428.069559 4434 -1
1700974428.069559 1514 -1
1700974428.069559 4434 -1
1700974428.069559 2974 -1
1700974428.069948 54 1
1700974428.070045 2974 -1
1700974428.070045 4434 -1
1700974428.070045 1514 -1
1700974428.070045 2974 -1
1700974428.070045 7354 -1
1700974428.070045 7354 -1
1700974428.070906 54 1
1700974428.071645 2974 -1
1700974428.071645 4434 -1
1700974428.071645 7354 -1
1700974428.071645 4434 -1
1700974428.071747 54 1
1700974428.072054 7354 -1
1700974428.072105 54 1
1700974428.083949 4434 -1
1700974428.083949 2974 -1
1700974428.083949 7354 -1
1700974428.083949 7354 -1
1700974428.083949 5894 -1
1700974428.083949 7354 -1
1700974428.083949 4434 -1
1700974428.083949 1514 -1
1700974428.083949 7354 -1
1700974428.083949 5894 -1
1700974428.083949 7354 -1
1700974428.083949 7354 -1
1700974428.083949 2974 -1
1700974428.083949 4434 -1
1700974428.083949 7354 -1
1700974428.083949 2974 -1
1700974428.083949 7354 -1
1700974428.083949 7354 -1
1700974428.083949 4434 -1
1700974428.083949 4434 -1
1700974428.083949 7354 -1
1700974428.083949 4434 -1
1700974428.083949 7354 -1
1700974428.083949 2974 -1
1700974428.083949 4434 -1
1700974428.084949 54 1
1700974428.086099 54 1
1700974428.089903 7354 -1
1700974428.089903 7354 -1
1700974428.089903 1514 -1
1700974428.089903 7354 -1
1700974428.089903 7354 -1
1700974428.089903 1331 -1
1700974428.089903 7354 -1
1700974428.089903 4434 -1
1700974428.089903 7354 -1
1700974428.089903 7354 -1
1700974428.089903 7354 -1
1700974428.089903 7354 -1
1700974428.090330 54 1
1700974428.090684 7354 -1
1700974428.090684 7354 -1
1700974428.090786 54 1
1700974428.094501 7354 -1
1700974428.094501 1514 -1
1700974428.094501 4434 -1
1700974428.094501 7354 -1
1700974428.094501 7354 -1
1700974428.094501 1514 -1
1700974428.094501 7354 -1
1700974428.094501 7354 -1
1700974428.094722 54 1
1700974428.094837 7354 -1
1700974428.094868 54 1
1700974428.095344 7354 -1
1700974428.095390 54 1
1700974428.095938 7354 -1
1700974428.095986 54 1
1700974428.096607 5894 -1
1700974428.096634 54 1
1700974428.097022 1514 -1
1700974428.097042 54 1
1700974428.097169 7354 -1
1700974428.097204 54 1
1700974428.097749 7354 -1
1700974428.097781 54 1
1700974428.098345 7354 -1
1700974428.098391 54 1
1700974428.099203 7354 -1
1700974428.099244 54 1
1700974428.100271 54 1
1700974428.102255 7354 -1
1700974428.102255 2974 -1
1700974428.102255 7354 -1
1700974428.102255 7354 -1
1700974428.102255 7354 -1
1700974428.102255 2974 -1
1700974428.102487 54 1
1700974428.102857 7354 -1
1700974428.102890 54 1
1700974428.103945 1623 -1
1700974428.103970 54 1
1700974429.650525 235 1
1700974429.652104 234 1
1700974429.653091 229 1
1700974429.653162 226 1
1700974429.675704 60 -1
1700974429.684792 1088 -1
1700974429.684792 680 -1
1700974429.684921 54 1
1700974429.693375 981 -1
1700974429.693375 6908 -1
1700974429.693375 2493 -1
1700974429.693375 903 -1
1700974429.693375 2974 -1
1700974429.693375 2199 -1
1700974429.693567 54 1
1700974429.695635 927 -1
1700974429.695635 1514 -1
1700974429.695635 3164 -1
1700974429.695702 54 1
1700974431.272972 227 1
1700974431.273074 222 1
1700974431.273168 224 1
1700974431.275477 60 -1
1700974431.278814 928 -1
1700974431.278814 10029 -1
1700974431.278814 930 -1
1700974431.278814 4434 -1
1700974431.278917 54 1
1700974431.279278 3031 -1
1700974431.279325 66 1
1700974431.281297 1514 -1
1700974431.281399 54 1
1700974431.287723 932 -1
1700974431.287723 7354 -1
1700974431.287723 3202 -1
1700974431.287882 54 1
1700974436.581301 235 1
1700974436.581769 229 1
1700974436.582217 231 1
1700974436.582648 222 1
1700974436.583756 231 1
1700974436.588664 60 -1
1700974436.596940 60 -1
1700974436.596940 858 -1
1700974436.596940 6382 -1
1700974436.596940 956 -1
1700974436.596940 7354 -1
1700974436.596940 322 -1
1700974436.597227 54 1
1700974436.603098 889 -1
1700974436.603098 5894 -1
1700974436.603098 4468 -1
1700974436.603098 1050 -1
1700974436.603098 735 -1
1700974436.603098 6030 -1
1700974436.604071 54 1
1700974436.606765 89 1
1700974436.611012 927 -1
1700974436.611012 8089 -1
1700974436.611116 54 1
1700974436.649589 60 -1
1700974437.674912 54 1
1700974437.676317 78 -1
1700974437.676317 60 -1
1700974437.676364 54 1
1700974438.153358 66 1
1700974438.155070 66 -1
1700974438.155156 54 1
1700974438.156086 966 1
1700974438.157370 60 -1
1700974438.157840 318 -1
1700974438.158457 134 1
1700974438.159570 146 1
1700974438.159895 60 -1
1700974438.160123 584 1
1700974438.160208 231 1
1700974438.160285 226 1
1700974438.160666 60 -1
1700974438.160858 341 -1
1700974438.161211 60 -1
1700974438.168732 60 -1
1700974438.168732 60 -1
1700974438.168732 115 -1
1700974438.168732 85 -1
1700974438.168965 54 1
1700974438.170216 1052 -1
1700974438.170216 729 -1
1700974438.170216 898 -1
1700974438.170216 9315 -1
1700974438.170251 85 1
1700974438.170285 54 1
1700974438.170317 54 1
1700974438.172857 3103 -1
1700974438.172940 54 1
1700974438.216217 1051 -1
1700974438.216320 54 1
1700974438.216395 733 -1
1700974438.217144 6306 -1
1700974438.217191 54 1
1700974439.775170 232 1
1700974439.779507 229 1
1700974439.780417 221 1
1700974439.781528 857 -1
1700974439.781528 6894 -1
1700974439.781616 54 1
1700974439.782881 60 -1
1700974439.787877 959 -1
1700974439.787877 6974 -1
1700974439.787964 54 1
1700974439.794732 1134 -1
1700974439.794800 66 1
1700974439.799036 1053 -1
1700974439.799036 732 -1
1700974439.799143 54 1
1700974439.800712 5131 -1
1700974439.800778 54 1
1700974441.463257 230 1
1700974441.466941 854 -1
1700974441.466941 7354 -1
1700974441.467050 54 1
1700974441.469696 223 1
1700974441.469935 1344 -1
1700974441.474852 805 -1
1700974441.474907 54 1
1700974441.474960 11930 -1
1700974441.475006 54 1
1700974441.485510 223 1
1700974441.489441 927 -1
1700974441.489441 6520 -1
1700974441.489692 54 1
1700974443.698802 223 1
1700974443.698883 230 1
1700974443.716761 60 -1
1700974443.722181 928 -1
1700974443.722252 5063 -1
1700974443.722283 54 1
1700974443.723387 89 1
1700974443.731696 963 -1
1700974443.731696 2974 -1
1700974443.731807 54 1
1700974443.731868 1285 -1
1700974443.731913 66 1
1700974443.737145 1514 -1
1700974443.737223 54 1
1700974445.304689 232 1
1700974445.307119 231 1
1700974445.307215 227 1
1700974445.307396 230 1
1700974445.312948 60 -1
1700974445.316149 925 -1
1700974445.316149 8335 -1
1700974445.316257 54 1
1700974445.320292 904 -1
1700974445.320372 54 1
1700974445.320436 5525 -1
1700974445.320466 54 1
1700974445.330408 978 -1
1700974445.330408 817 -1
1700974445.330408 930 -1
1700974445.330408 5259 -1
1700974445.330720 54 1
1700974445.330792 1514 -1
1700974445.330831 54 1
1700974445.330910 2618 -1
1700974445.330936 54 1
1700974446.942838 235 1
1700974446.948025 231 1
1700974446.948359 232 1
1700974446.948962 229 1
1700974446.951732 60 -1
1700974446.953835 928 -1
1700974446.953914 9097 -1
1700974446.953983 54 1
1700974446.955178 930 -1
1700974446.955178 5690 -1
1700974446.955222 54 1
1700974446.960016 1054 -1
1700974446.960016 729 -1
1700974446.960016 9509 -1
1700974446.960121 54 1
1700974446.975261 932 -1
1700974446.975261 7354 -1
1700974446.975261 2400 -1
1700974446.975383 54 1
1700974446.979225 940 -1
1700974446.979280 66 1
1700974447.698094 54 1
1700974447.699674 78 -1
1700974447.699674 60 -1
1700974447.699758 54 1
1700974452.065446 66 1
1700974452.067114 66 -1
1700974452.067260 54 1
1700974452.067851 966 1
1700974452.069188 60 -1
1700974452.070240 318 -1
1700974452.070841 134 1
1700974452.071177 146 1
1700974452.071558 586 1
1700974452.081862 230 1
1700974452.084040 231 1
1700974452.085198 223 1
1700974452.085216 60 -1
1700974452.085216 60 -1
1700974452.085216 60 -1
1700974452.085216 341 -1
1700974452.085216 115 -1
1700974452.085216 85 -1
1700974452.085216 929 -1
1700974452.085216 2974 -1
1700974452.085216 3499 -1
1700974452.085312 54 1
1700974452.086386 85 1
1700974452.087293 60 -1
1700974452.087293 60 -1
1700974452.088426 60 -1
1700974452.092976 932 -1
1700974452.092976 5894 -1
1700974452.093064 54 1
1700974452.093143 5120 -1
1700974452.093175 54 1
1700974452.098509 977 -1
1700974452.098509 814 -1
1700974452.098509 4780 -1
1700974452.098764 54 1
1700974452.103095 1081 -1
1700974452.103095 692 -1
1700974452.103095 5611 -1
1700974452.103200 54 1
1700974453.714787 229 1
1700974453.715349 232 1
1700974453.716071 60 -1
1700974453.716657 60 -1
1700974453.735757 931 -1
1700974453.735757 7519 -1
1700974453.735880 54 1
1700974453.739322 1051 -1
1700974453.739322 732 -1
1700974453.739409 54 1
1700974453.740356 6527 -1
1700974453.740436 54 1
1700974455.342868 226 1
1700974455.345109 228 1
1700974455.346691 234 1
1700974455.346768 230 1
1700974455.359426 60 -1
1700974455.365100 859 -1
1700974455.365100 7354 -1
1700974455.365333 54 1
1700974455.365820 4619 -1
1700974455.365873 54 1
1700974455.367198 1048 -1
1700974455.367198 732 -1
1700974455.367255 54 1
1700974455.369514 7354 -1
1700974455.369750 54 1
1700974455.374744 740 -1
1700974455.375053 54 1
1700974455.403264 927 -1
1700974455.403264 6593 -1
1700974455.403389 54 1
1700974455.455099 1055 -1
1700974455.455099 725 -1
1700974455.455216 54 1
1700974455.461828 7354 -1
1700974455.462076 54 1
1700974455.462136 3003 -1
1700974455.462155 54 1
1700974457.549212 231 1
1700974457.549331 226 1
1700974457.549581 230 1
1700974457.557216 60 -1
1700974457.561181 1054 -1
1700974457.561181 732 -1
1700974457.561181 1057 -1
1700974457.561181 5779 -1
1700974457.561259 54 1
1700974457.561540 726 -1
1700974457.561574 54 1
1700974457.561751 979 -1
1700974457.561895 810 -1
1700974457.561895 11734 -1
1700974457.561958 54 1
1700974457.562786 4540 -1
1700974457.562829 54 1
1700974457.563536 5086 -1
1700974457.563580 54 1
1700974457.566900 89 1
1700974457.611321 60 -1
1700974457.711147 54 1
1700974457.712646 78 -1
1700974457.712646 60 -1
1700974457.712764 54 1
