1700976410.262456 66 1
1700976410.263845 66 -1
1700976410.263934 54 1
1700976410.269187 631 1
1700976410.275018 60 -1
1700976410.293208 2779 -1
1700976410.293336 54 1
1700976410.303802 134 1
1700976410.307725 146 1
1700976410.312936 60 -1
1700976410.312936 60 -1
1700976410.312936 341 -1
1700976410.312936 341 -1
1700976410.312936 115 -1
1700976410.312936 85 -1
1700976410.313078 54 1
1700976410.325465 576 1
1700976410.326561 60 -1
1700976410.330139 85 1
1700976410.332781 60 -1
1700976410.337174 950 -1
1700976410.337259 849 -1
1700976410.337312 54 1
1700976410.341612 1514 -1
1700976410.341671 5894 -1
1700976410.341702 54 1
1700976410.342238 2974 -1
1700976410.342265 54 1
1700976410.342400 6240 -1
1700976410.342439 54 1
1700976410.343528 1514 -1
1700976410.343741 4434 -1
1700976410.343770 54 1
1700976410.344645 7354 -1
1700976410.344684 54 1
1700976410.345872 3351 -1
1700976410.345902 54 1
1700976410.346848 7354 -1
1700976410.346888 54 1
1700976410.347947 2974 -1
1700976410.347985 54 1
1700976410.348366 6302 -1
1700976410.348396 54 1
1700976410.349332 7354 -1
1700976410.349367 54 1
1700976410.350595 7354 -1
1700976410.350624 54 1
1700976410.351878 11734 -1
1700976410.351926 54 1
1700976410.353447 7354 -1
1700976410.353492 54 1
1700976410.354834 5894 -1
1700976410.354878 54 1
1700976410.355732 4434 -1
1700976410.355763 54 1
1700976410.356827 4434 -1
1700976410.356856 54 1
1700976410.357171 7354 -1
1700976410.357196 54 1
1700976410.369129 2974 -1
1700976410.369129 2974 -1
1700976410.369129 2974 -1
1700976410.369129 4434 -1
1700976410.369129 1514 -1
1700976410.369129 7354 -1
1700976410.369129 1514 -1
1700976410.369129 4434 -1
1700976410.369129 5894 -1
1700976410.369129 7354 -1
1700976410.370551 54 1
1700976410.373508 7354 -1
1700976410.373508 1514 -1
1700976410.373508 1514 -1
1700976410.373508 1514 -1
1700976410.373508 2974 -1
1700976410.373508 4434 -1
1700976410.373508 7354 -1
1700976410.373508 5894 -1
1700976410.373508 2974 -1
1700976410.373508 7354 -1
1700976410.373508 2974 -1
1700976410.373508 1514 -1
1700976410.374046 54 1
1700976410.374261 5894 -1
1700976410.374308 54 1
1700976410.374385 7354 -1
1700976410.374460 54 1
1700976410.375193 5894 -1
1700976410.375235 54 1
1700976410.377928 7354 -1
1700976410.377928 2974 -1
1700976410.378062 54 1
1700976410.378598 4434 -1
1700976410.378637 54 1
1700976410.378778 7354 -1
1700976410.378823 54 1
1700976410.386470 7354 -1
1700976410.386470 5894 -1
1700976410.386470 1514 -1
1700976410.386470 7354 -1
1700976410.386470 2974 -1
1700976410.386470 5894 -1
1700976410.386470 8814 -1
1700976410.386890 54 1
1700976410.387085 1514 -1
1700976410.387085 4434 -1
1700976410.387157 54 1
1700976410.388264 2974 -1
1700976410.388291 54 1
1700976410.389245 1514 -1
1700976410.389286 54 1
1700976410.389439 1759 -1
1700976410.389465 54 1
1700976410.389801 1514 -1
1700976410.390705 7354 -1
1700976410.390777 54 1
1700976410.400267 7354 -1
1700976410.400267 7354 -1
1700976410.400267 1514 -1
1700976410.400267 1514 -1
1700976410.400267 1514 -1
1700976410.400267 5894 -1
1700976410.400267 2974 -1
1700976410.400267 2974 -1
1700976410.400267 8814 -1
1700976410.401270 54 1
1700976410.401433 1514 -1
1700976410.401433 2974 -1
1700976410.401488 54 1
1700976410.401763 2974 -1
1700976410.401763 1733 -1
1700976410.401830 54 1
1700976410.622435 230 1
1700976410.622565 234 1
1700976410.622667 229 1
1700976410.622743 231 1
1700976410.622803 231 1
1700976410.622874 231 1
1700976410.622970 232 1
1700976410.623077 230 1
1700976410.623469 229 1
1700976410.623580 229 1
1700976410.623696 235 1
1700976410.623799 232 1
1700976410.632176 60 -1
1700976410.632176 60 -1
1700976410.632176 60 -1
1700976410.632176 60 -1
1700976410.632176 60 -1
1700976410.632176 60 -1
1700976410.632176 60 -1
1700976410.632176 60 -1
1700976410.632176 60 -1
1700976410.632176 60 -1
1700976410.632176 60 -1
1700976410.632176 60 -1
1700976410.632176 1052 -1
1700976410.632176 728 -1
1700976410.632176 853 -1
1700976410.632405 54 1
1700976410.632543 2974 -1
1700976410.632543 7354 -1
1700976410.632608 54 1
1700976410.632957 2168 -1
1700976410.632998 54 1
1700976410.633272 1514 -1
1700976410.633272 5894 -1
1700976410.633314 54 1
1700976410.633582 1052 -1
1700976410.633608 54 1
1700976410.633646 1514 -1
1700976410.633726 4434 -1
1700976410.633750 54 1
1700976410.634230 471 -1
1700976410.634230 4434 -1
1700976410.634280 54 1
1700976410.635227 9862 -1
1700976410.635296 54 1
1700976410.635329 922 -1
1700976410.635346 54 1
1700976410.635449 5894 -1
1700976410.635494 54 1
1700976410.635914 2314 -1
1700976410.635939 54 1
1700976410.636162 1082 -1
1700976410.636352 690 -1
1700976410.636369 54 1
1700976410.636402 1054 -1
1700976410.636402 1772 -1
1700976410.636439 54 1
1700976410.636482 727 -1
1700976410.636521 54 1
1700976410.636559 984 -1
1700976410.636706 4345 -1
1700976410.636754 54 1
1700976410.636921 1514 -1
1700976410.637147 7354 -1
1700976410.637195 54 1
1700976410.637676 8252 -1
1700976410.637735 54 1
1700976410.638357 2974 -1
1700976410.638400 54 1
1700976410.638630 5444 -1
1700976410.638689 54 1
1700976410.639444 7354 -1
1700976410.639500 54 1
1700976410.639627 2028 -1
1700976410.639656 54 1
1700976410.640380 901 -1
1700976410.640380 8982 -1
1700976410.640433 54 1
1700976410.640827 1028 -1
1700976410.640856 54 1
1700976410.640928 762 -1
1700976410.644462 1514 -1
1700976410.644509 54 1
1700976410.644549 6087 -1
1700976410.644609 54 1
1700976410.653596 54 1
1700976410.666682 1104 -1
1700976410.666682 660 -1
1700976410.666682 5358 -1
1700976410.667460 54 1
1700976410.669580 54 1
1700976410.678681 978 -1
1700976410.678942 66 1
1700976411.231815 208 1
1700976411.239337 951 -1
1700976411.239337 2882 -1
1700976411.239440 54 1
1700976418.642107 54 1
1700976418.643599 60 -1
1700976418.643618 54 1
1700976418.652907 60 -1
1700976418.652935 54 1
1700976418.721882 66 1
1700976418.723246 66 -1
1700976418.723353 54 1
1700976418.724391 934 1
1700976418.725619 60 -1
1700976418.726559 318 -1
1700976418.727088 134 1
1700976418.727430 146 1
1700976418.727724 584 1
1700976418.727826 229 1
1700976418.728358 60 -1
1700976418.728395 341 -1
1700976418.728531 60 -1
1700976418.729371 115 -1
1700976418.729371 85 -1
1700976418.729371 60 -1
1700976418.729410 54 1
1700976418.729442 60 -1
1700976418.729960 85 1
1700976418.731139 60 -1
1700976418.734875 824 -1
1700976418.734875 7543 -1
1700976418.734970 54 1
1700976418.736951 1054 -1
1700976418.736951 730 -1
1700976418.736951 6965 -1
1700976418.737022 54 1
1700976418.863945 78 -1
1700976418.864053 54 1
1700976421.823067 232 1
1700976421.823515 232 1
1700976421.824331 60 -1
1700976421.824636 60 -1
1700976421.824856 232 1
1700976421.826090 60 -1
1700976421.826488 230 1
1700976421.827312 232 1
1700976421.827656 60 -1
1700976421.828857 60 -1
1700976421.835579 926 -1
1700976421.835657 4434 -1
1700976421.835712 54 1
1700976421.835828 4749 -1
1700976421.835870 54 1
1700976421.836371 1026 -1
1700976421.836371 763 -1
1700976421.836403 54 1
1700976421.837085 1514 -1
1700976421.837085 4434 -1
1700976421.837166 66 1
1700976421.837376 1095 -1
1700976421.837403 74 1
1700976421.837798 1032 -1
1700976421.837798 734 -1
1700976421.837834 74 1
1700976421.837875 74 1
1700976421.837915 1049 -1
1700976421.837915 733 -1
1700976421.837936 74 1
1700976421.837982 74 1
1700976421.838367 7354 -1
1700976421.838408 74 1
1700976421.838789 4035 -1
1700976421.838840 74 1
1700976421.839179 6374 -1
1700976421.839240 74 1
1700976421.839655 7354 -1
1700976421.839691 74 1
1700976421.840266 1514 -1
1700976421.840330 66 1
1700976421.840575 1514 -1
1700976421.840675 54 1
1700976421.841602 577 -1
1700976421.841627 54 1
1700976423.423455 229 1
1700976423.428928 855 -1
1700976423.428928 6362 -1
1700976423.429058 54 1
1700976423.430442 232 1
1700976423.430543 230 1
1700976423.430637 230 1
1700976423.430825 234 1
1700976423.433121 60 -1
1700976423.441663 1011 -1
1700976423.441663 769 -1
1700976423.441663 1053 -1
1700976423.441663 727 -1
1700976423.441663 7354 -1
1700976423.441812 54 1
1700976423.442162 4480 -1
1700976423.442223 54 1
1700976423.442561 852 -1
1700976423.442579 54 1
1700976423.442614 5023 -1
1700976423.442657 54 1
1700976423.443008 1514 -1
1700976423.443262 7485 -1
1700976423.443327 66 1
1700976423.444736 1514 -1
1700976423.444787 54 1
1700976423.457050 1057 -1
1700976423.457050 719 -1
1700976423.457163 54 1
1700976423.458537 7354 -1
1700976423.458597 54 1
1700976423.458969 3079 -1
1700976423.459029 54 1
1700976425.005183 231 1
1700976425.005272 230 1
1700976425.005886 231 1
1700976425.006682 60 -1
1700976425.012667 959 -1
1700976425.012667 841 -1
1700976425.012770 54 1
1700976425.013485 7354 -1
1700976425.013537 54 1
1700976425.014326 89 1
1700976425.014710 3051 -1
1700976425.014751 54 1
1700976425.014902 1021 -1
1700976425.014902 774 -1
1700976425.014902 8790 -1
1700976425.014948 54 1
1700976425.017951 808 -1
1700976425.018007 66 1
1700976425.018231 1514 -1
1700976425.018231 7354 -1
1700976425.018303 66 1
1700976425.018358 66 1
1700976425.018717 7700 -1
1700976425.018769 66 1
1700976425.019308 11734 -1
1700976425.019370 66 1
1700976425.020285 3351 -1
1700976425.020316 74 1
1700976425.020619 85 -1
1700976425.020619 8814 -1
1700976425.020664 74 1
1700976425.020717 74 1
1700976425.021444 7354 -1
1700976425.021514 74 1
1700976425.021918 1514 -1
1700976425.021948 74 1
1700976425.021996 4434 -1
1700976425.022034 82 1
1700976425.022514 6617 -1
1700976425.022564 90 1
1700976425.025288 7354 -1
1700976425.025288 1459 -1
1700976425.025288 984 -1
1700976425.025288 1514 -1
1700976425.025288 2974 -1
1700976425.025388 90 1
1700976425.025435 90 1
1700976425.025550 82 1
1700976425.025614 74 1
1700976425.025658 66 1
1700976425.026430 1514 -1
1700976425.026459 54 1
1700976425.029959 1514 -1
1700976425.030045 54 1
1700976425.030291 1514 -1
1700976425.030291 2974 -1
1700976425.030291 1514 -1
1700976425.030369 66 1
1700976425.030424 74 1
1700976425.030858 1860 -1
1700976425.030882 82 1
1700976425.031419 85 -1
1700976425.031419 11734 -1
1700976425.031523 82 1
1700976425.031586 82 1
1700976425.032053 4780 -1
1700976425.032120 82 1
1700976425.032517 85 -1
1700976425.032517 13194 -1
1700976425.032573 82 1
1700976425.032628 82 1
1700976425.033763 3320 -1
1700976425.033836 82 1
1700976425.033892 7972 -1
1700976425.033954 82 1
1700976425.034774 1514 -1
1700976425.034774 1514 -1
1700976425.034774 1514 -1
1700976425.034829 82 1
1700976425.034872 74 1
1700976425.034905 74 1
1700976425.034934 1514 -1
1700976425.034954 66 1
1700976425.034980 1514 -1
1700976425.035022 54 1
1700976425.036406 7354 -1
1700976425.036454 54 1
1700976425.036840 7354 -1
1700976425.036869 54 1
1700976425.037384 1860 -1
1700976425.037433 54 1
1700976425.037525 85 -1
1700976425.037525 7354 -1
1700976425.037574 54 1
1700976425.039333 2974 -1
1700976425.039333 4434 -1
1700976425.039333 85 -1
1700976425.039333 7354 -1
1700976425.039471 66 1
1700976425.039511 74 1
1700976425.039561 74 1
1700976425.039630 4434 -1
1700976425.039682 74 1
1700976425.039712 3320 -1
1700976425.039728 82 1
1700976425.040376 4434 -1
1700976425.040422 82 1
1700976425.040446 7354 -1
1700976425.040501 82 1
1700976425.041032 4842 -1
1700976425.041095 82 1
1700976425.041413 5894 -1
1700976425.041454 82 1
1700976425.041960 7731 -1
1700976425.042014 90 1
1700976425.042494 7749 -1
1700976425.042565 90 1
1700976425.043308 1514 -1
1700976425.043308 400 -1
1700976425.043308 1514 -1
1700976425.043356 82 1
1700976425.043398 74 1
1700976425.043462 66 1
1700976425.043684 2974 -1
1700976425.043706 54 1
1700976427.108621 230 1
1700976427.112904 231 1
1700976427.113022 230 1
1700976427.113900 231 1
1700976427.121300 60 -1
1700976427.123330 1051 -1
1700976427.123330 732 -1
1700976427.123407 54 1
1700976427.124085 7354 -1
1700976427.124150 54 1
1700976427.124565 1536 -1
1700976427.124590 54 1
1700976427.128111 1018 -1
1700976427.128111 772 -1
1700976427.128111 1514 -1
1700976427.128111 6100 -1
1700976427.128196 54 1
1700976427.130690 980 -1
1700976427.130690 808 -1
1700976427.130740 54 1
1700976427.130794 2974 -1
1700976427.130824 54 1
1700976427.130951 7354 -1
1700976427.130991 54 1
1700976427.131502 2974 -1
1700976427.131529 54 1
1700976427.131750 3320 -1
1700976427.131777 54 1
1700976427.132026 7354 -1
1700976427.132072 54 1
1700976427.132627 201 -1
1700976427.140074 852 -1
1700976427.140074 1514 -1
1700976427.140316 54 1
1700976427.140361 7354 -1
1700976427.140384 54 1
1700976427.140744 7354 -1
1700976427.140797 54 1
1700976427.141319 400 -1
1700976427.141319 85 -1
1700976427.141319 4617 -1
1700976427.141355 54 1
1700976428.655225 54 1
1700976428.656780 78 -1
1700976428.656820 54 1
1700976428.656903 60 -1
1700976428.685371 66 1
1700976428.696440 66 -1
1700976428.696609 54 1
1700976428.697355 934 1
1700976428.698600 60 -1
1700976428.699300 318 -1
1700976428.699916 134 1
1700976428.700565 146 1
1700976428.700956 587 1
1700976428.701029 230 1
1700976428.701165 258 1
1700976428.701230 231 1
1700976428.701321 60 -1
1700976428.701321 341 -1
1700976428.702468 60 -1
1700976428.702468 115 -1
1700976428.702468 85 -1
1700976428.702468 60 -1
1700976428.702468 60 -1
1700976428.702468 60 -1
1700976428.702468 60 -1
1700976428.702533 54 1
1700976428.702788 85 1
1700976428.706362 858 -1
1700976428.706362 2974 -1
1700976428.706362 1514 -1
1700976428.706362 7354 -1
1700976428.706362 4780 -1
1700976428.706362 7354 -1
1700976428.706495 54 1
1700976428.706793 7354 -1
1700976428.706817 54 1
1700976428.707523 1891 -1
1700976428.707564 54 1
1700976428.707608 85 -1
1700976428.707608 7354 -1
1700976428.707654 54 1
1700976428.708233 7354 -1
1700976428.708279 54 1
1700976428.710641 7354 -1
1700976428.710641 1514 -1
1700976428.710641 7354 -1
1700976428.710641 7354 -1
1700976428.710761 54 1
1700976428.710922 7354 -1
1700976428.711114 54 1
1700976428.713435 1514 -1
1700976428.713435 60 -1
1700976428.713435 7354 -1
1700976428.713435 5894 -1
1700976428.713435 2974 -1
1700976428.713435 4434 -1
1700976428.713435 7354 -1
1700976428.713565 54 1
1700976428.717331 5894 -1
1700976428.717331 4434 -1
1700976428.717331 1514 -1
1700976428.717331 7354 -1
1700976428.717331 7354 -1
1700976428.717331 7354 -1
1700976428.717331 4434 -1
1700976428.717331 7354 -1
1700976428.717526 54 1
1700976428.717582 4434 -1
1700976428.717607 54 1
1700976428.717977 7354 -1
1700976428.718015 54 1
1700976428.718518 7354 -1
1700976428.718569 54 1
1700976428.719428 7354 -1
1700976428.719476 54 1
1700976428.720504 4434 -1
1700976428.720504 32174 -1
1700976428.720632 54 1
1700976428.722765 7354 -1
1700976428.722816 54 1
1700976428.726840 6690 -1
1700976428.726927 54 1
1700976428.728117 1070 -1
1700976428.728167 54 1
1700976428.728481 703 -1
1700976428.728481 7361 -1
1700976428.728547 54 1
1700976430.273575 230 1
1700976430.275077 231 1
1700976430.275922 232 1
1700976430.276430 232 1
1700976430.276907 231 1
1700976430.281762 60 -1
1700976430.285226 60 -1
1700976430.285226 60 -1
1700976430.285226 60 -1
1700976430.285226 60 -1
1700976430.285644 824 -1
1700976430.285644 7354 -1
1700976430.285746 54 1
1700976430.292464 6609 -1
1700976430.292464 1055 -1
1700976430.292464 726 -1
1700976430.292464 7354 -1
1700976430.292464 2167 -1
1700976430.292464 929 -1
1700976430.292464 1514 -1
1700976430.292464 2974 -1
1700976430.292464 5098 -1
1700976430.292629 54 1
1700976430.303382 1027 -1
1700976430.303382 764 -1
1700976430.303382 7354 -1
1700976430.303382 2296 -1
1700976430.303471 54 1
1700976430.306271 1052 -1
1700976430.306271 729 -1
1700976430.306309 54 1
1700976430.307764 7354 -1
1700976430.307809 54 1
1700976430.309277 722 -1
1700976430.365486 54 1
1700976432.722025 229 1
1700976432.722715 231 1
1700976432.723338 235 1
1700976432.725676 229 1
1700976432.727571 60 -1
1700976432.773769 1035 -1
1700976432.773769 980 -1
1700976432.773769 814 -1
1700976432.773909 66 1
1700976432.773986 66 1
1700976432.785000 736 -1
1700976432.785100 54 1
1700976432.799165 1514 -1
1700976432.799256 54 1
1700976432.799338 7354 -1
1700976432.799374 54 1
1700976432.799771 1843 -1
1700976432.799794 54 1
1700976432.804855 6960 -1
1700976432.804855 7354 -1
1700976432.804855 3115 -1
1700976432.804855 1104 -1
1700976432.804855 659 -1
1700976432.804855 7354 -1
1700976432.804855 761 -1
1700976432.805044 54 1
1700976435.126199 231 1
1700976435.126648 231 1
1700976435.127486 231 1
1700976435.127565 223 1
1700976435.127710 232 1
1700976435.132751 60 -1
1700976435.136344 931 -1
1700976435.136344 9634 -1
1700976435.136476 54 1
1700976435.138118 89 1
1700976435.138481 1049 -1
1700976435.138481 731 -1
1700976435.138481 859 -1
1700976435.138481 2974 -1
1700976435.138568 54 1
1700976435.138614 8563 -1
1700976435.138668 54 1
1700976435.139775 7354 -1
1700976435.139843 54 1
1700976435.140309 766 -1
1700976435.140356 980 -1
1700976435.140376 54 1
1700976435.140664 1514 -1
1700976435.140664 5496 -1
1700976435.140735 66 1
1700976435.140783 74 1
1700976435.141937 811 -1
1700976435.141984 66 1
1700976435.142064 1514 -1
1700976435.142064 926 -1
1700976435.142091 54 1
1700976435.142190 2974 -1
1700976435.142214 54 1
1700976435.143378 1514 -1
1700976435.143421 66 1
1700976435.143468 103 -1
1700976435.143468 2974 -1
1700976435.143491 74 1
1700976435.143539 66 1
1700976435.148068 1514 -1
1700976435.148164 54 1
1700976436.692933 222 1
1700976436.693484 229 1
1700976436.693667 223 1
1700976436.694208 232 1
1700976436.709272 60 -1
1700976436.711853 912 -1
1700976436.711925 7354 -1
1700976436.711977 54 1
1700976436.712416 1514 -1
1700976436.712488 4389 -1
1700976436.712508 54 1
1700976436.714069 1053 -1
1700976436.714069 728 -1
1700976436.714125 54 1
1700976436.714207 1514 -1
1700976436.714277 1514 -1
1700976436.714293 54 1
1700976436.714338 7958 -1
1700976436.714386 54 1
1700976436.728745 1035 -1
1700976436.728852 737 -1
1700976436.728852 7354 -1
1700976436.728912 54 1
1700976436.729447 4730 -1
1700976436.729495 54 1
1700976436.732607 1084 -1
1700976436.732607 689 -1
1700976436.732684 54 1
1700976436.743539 5929 -1
1700976436.743625 54 1
1700976438.258067 223 1
1700976438.265423 222 1
1700976438.267612 1055 -1
1700976438.267612 728 -1
1700976438.267707 54 1
1700976438.268407 5795 -1
1700976438.268452 54 1
1700976438.290084 897 -1
1700976438.290084 7354 -1
1700976438.290445 54 1
1700976438.290963 2333 -1
1700976438.290998 54 1
1700976438.677865 54 1
1700976438.680210 78 -1
1700976438.680210 60 -1
1700976438.680368 54 1
1700976440.403152 66 1
1700976440.404502 66 -1
1700976440.404608 54 1
1700976440.405151 902 1
1700976440.406566 60 -1
1700976440.407483 318 -1
1700976440.408015 134 1
1700976440.408602 146 1
1700976440.409213 586 1
1700976440.409324 230 1
1700976440.409486 225 1
1700976440.409592 217 1
1700976440.409619 60 -1
1700976440.409619 341 -1
1700976440.410010 60 -1
1700976440.410010 115 -1
1700976440.410010 85 -1
1700976440.410064 54 1
1700976440.410458 85 1
1700976440.410483 60 -1
1700976440.410483 60 -1
1700976440.411072 60 -1
1700976440.411072 60 -1
1700976440.411494 60 -1
1700976440.414098 877 -1
1700976440.414343 7354 -1
1700976440.414378 54 1
1700976440.414864 1514 -1
1700976440.415421 7700 -1
1700976440.415495 54 1
1700976440.415544 5894 -1
1700976440.415592 54 1
1700976440.416986 10651 -1
1700976440.416986 85 -1
1700976440.416986 23414 -1
1700976440.417120 54 1
1700976440.418767 5894 -1
1700976440.418823 54 1
1700976440.419349 3697 -1
1700976440.419392 54 1
1700976440.419537 7354 -1
1700976440.419558 54 1
1700976440.420445 9222 -1
1700976440.420504 54 1
1700976440.420904 4434 -1
1700976440.420942 54 1
1700976440.421506 7354 -1
1700976440.421556 54 1
1700976440.422178 7354 -1
1700976440.422243 54 1
1700976440.422582 2974 -1
1700976440.422625 54 1
1700976440.422781 7354 -1
1700976440.422831 54 1
1700976440.423381 7354 -1
1700976440.423427 54 1
1700976440.424125 7354 -1
1700976440.424172 54 1
1700976440.424588 4434 -1
1700976440.424625 54 1
1700976440.424961 5894 -1
1700976440.425009 54 1
1700976440.425445 7354 -1
1700976440.425495 54 1
1700976440.426033 2974 -1
1700976440.426058 54 1
1700976440.426393 4434 -1
1700976440.426441 54 1
1700976440.426643 2974 -1
1700976440.426686 54 1
1700976440.426911 7354 -1
1700976440.426970 54 1
1700976440.427465 7354 -1
1700976440.427508 54 1
1700976440.428089 7354 -1
1700976440.428130 54 1
1700976440.428725 6754 -1
1700976440.428770 54 1
1700976440.429402 981 -1
1700976440.429435 808 -1
1700976440.429450 54 1
1700976440.431274 1514 -1
1700976440.431418 3241 -1
1700976440.431440 54 1
1700976442.016797 230 1
1700976442.018383 234 1
1700976442.018484 230 1
1700976442.018934 60 -1
1700976442.020024 60 -1
1700976442.020024 60 -1
1700976442.020439 223 1
1700976442.021618 60 -1
1700976442.024667 1104 -1
1700976442.024667 660 -1
1700976442.024667 5894 -1
1700976442.024748 54 1
1700976442.025537 3009 -1
1700976442.025578 54 1
1700976442.028677 1049 -1
1700976442.028735 54 1
1700976442.028789 733 -1
1700976442.028789 4377 -1
1700976442.028831 54 1
1700976442.040364 1057 -1
1700976442.040364 731 -1
1700976442.040452 54 1
1700976442.040517 1083 -1
1700976442.040517 691 -1
1700976442.040517 4434 -1
1700976442.040580 54 1
1700976442.040944 6693 -1
1700976442.041024 66 1
1700976442.042091 500 -1
1700976442.042140 54 1
1700976443.626305 223 1
1700976443.626423 222 1
1700976443.626737 222 1
1700976443.627596 60 -1
1700976443.631522 1010 -1
1700976443.631522 1514 -1
1700976443.631522 5894 -1
1700976443.631637 54 1
1700976443.631882 2099 -1
1700976443.631937 66 1
1700976443.634030 981 -1
1700976443.634030 811 -1
1700976443.634092 66 1
1700976443.634137 66 1
1700976443.634187 1978 -1
1700976443.634350 66 1
1700976443.634546 1514 -1
1700976443.634546 1928 -1
1700976443.634546 1051 -1
1700976443.634546 732 -1
1700976443.634582 74 1
1700976443.634615 82 1
1700976443.634662 82 1
1700976443.634714 74 1
1700976443.635174 1514 -1
1700976443.635256 66 1
1700976443.635601 1051 -1
1700976443.635601 732 -1
1700976443.635627 74 1
1700976443.635668 74 1
1700976443.635713 1514 -1
1700976443.635768 54 1
1700976447.901655 231 1
1700976447.905919 232 1
1700976447.906758 231 1
1700976447.906904 222 1
1700976447.907078 60 -1
1700976447.913603 957 -1
1700976447.913603 7044 -1
1700976447.913674 54 1
1700976447.914989 89 1
1700976447.915994 66 -1
1700976447.920195 1063 -1
1700976447.920195 744 -1
1700976447.920195 7306 -1
1700976447.920426 54 1
1700976447.920821 110 -1
1700976447.920859 54 1
1700976447.921028 941 -1
1700976447.921028 6345 -1
1700976447.921104 54 1
1700976448.219570 257 1
1700976448.220840 66 -1
1700976448.224462 859 -1
1700976448.224462 11761 -1
1700976448.224556 54 1
1700976448.684751 54 1
1700976448.687574 78 -1
1700976448.687574 60 -1
1700976448.687628 54 1
1700976449.504016 66 1
1700976449.505098 66 -1
1700976449.505169 54 1
1700976449.507029 966 1
1700976449.508109 60 -1
1700976449.508718 318 -1
1700976449.509514 134 1
1700976449.509848 146 1
1700976449.510273 586 1
1700976449.510381 221 1
1700976449.510497 229 1
1700976449.510742 60 -1
1700976449.510808 341 -1
1700976449.510918 60 -1
1700976449.511147 115 -1
1700976449.511147 85 -1
1700976449.511193 54 1
1700976449.511387 60 -1
1700976449.511499 85 1
1700976449.511687 60 -1
1700976449.511687 60 -1
1700976449.512544 60 -1
1700976449.515033 929 -1
1700976449.515129 7354 -1
1700976449.515167 54 1
1700976449.517697 1514 -1
1700976449.517697 7354 -1
1700976449.517697 400 -1
1700976449.517697 4423 -1
1700976449.517697 948 -1
1700976449.517697 854 -1
1700976449.517697 2974 -1
1700976449.517697 2986 -1
1700976449.517697 1051 -1
1700976449.517697 729 -1
1700976449.517697 7354 -1
1700976449.517988 54 1
1700976449.518401 142 -1
1700976449.573584 54 1
1700976451.087527 221 1
1700976451.089696 60 -1
1700976451.093610 229 1
1700976451.094302 232 1
1700976451.094616 60 -1
1700976451.095441 60 -1
1700976451.095492 223 1
1700976451.096519 60 -1
1700976451.104233 1055 -1
1700976451.104233 729 -1
1700976451.104477 54 1
1700976451.104811 3693 -1
1700976451.104834 54 1
1700976451.105640 1050 -1
1700976451.105640 732 -1
1700976451.105748 54 1
1700976451.105807 7354 -1
1700976451.105838 54 1
1700976451.106424 1664 -1
1700976451.106687 54 1
1700976451.107523 929 -1
1700976451.107523 4904 -1
1700976451.107602 54 1
1700976451.118710 978 -1
1700976451.118710 814 -1
1700976451.118710 4571 -1
1700976451.119008 54 1
1700976453.228024 234 1
1700976453.232543 232 1
1700976453.234412 60 -1
1700976453.240021 1030 -1
1700976453.240021 737 -1
1700976453.240120 54 1
1700976453.240450 7354 -1
1700976453.240501 54 1
1700976453.240823 1475 -1
1700976453.240841 54 1
1700976453.253810 1026 -1
1700976453.253810 773 -1
1700976453.253810 4617 -1
1700976453.253849 54 1
1700976454.835576 223 1
1700976454.836267 232 1
1700976454.837269 230 1
1700976454.839032 60 -1
1700976454.839840 224 1
1700976454.841189 1084 -1
1700976454.841189 684 -1
1700976454.841247 54 1
1700976454.842807 89 1
1700976454.845130 6106 -1
1700976454.845171 54 1
1700976454.845536 1730 -1
1700976454.845575 54 1
1700976454.845683 911 -1
1700976454.845701 54 1
1700976454.845845 7354 -1
1700976454.845883 54 1
1700976454.846281 2154 -1
1700976454.846311 54 1
1700976454.847263 1052 -1
1700976454.847283 54 1
1700976454.847508 733 -1
1700976454.847597 8387 -1
1700976454.847635 54 1
1700976454.851122 4868 -1
1700976454.851208 54 1
1700976456.516555 223 1
1700976456.516748 229 1
1700976456.516860 223 1
1700976456.517231 230 1
1700976456.519986 60 -1
1700976456.523220 908 -1
1700976456.523284 3686 -1
1700976456.523321 54 1
1700976456.528742 1052 -1
1700976456.528742 732 -1
1700976456.528742 7354 -1
1700976456.528862 54 1
1700976456.528915 879 -1
1700976456.528915 1082 -1
1700976456.528945 54 1
1700976456.529641 693 -1
1700976456.529641 7354 -1
1700976456.529709 54 1
1700976456.529873 1514 -1
1700976456.529896 54 1
1700976456.530066 7700 -1
1700976456.530122 54 1
1700976456.534481 5219 -1
1700976456.534577 54 1
1700976456.535966 982 -1
1700976456.535966 848 -1
1700976456.536027 54 1
1700976456.538071 6058 -1
1700976456.538144 54 1
1700976458.720240 54 1
1700976458.721582 78 -1
1700976458.721582 60 -1
1700976458.721611 54 1
1700976460.242557 66 1
1700976460.243722 66 -1
1700976460.243808 54 1
1700976460.244419 870 1
1700976460.245624 60 -1
1700976460.246291 318 -1
1700976460.246840 134 1
1700976460.247811 146 1
1700976460.247937 60 -1
1700976460.248020 341 -1
1700976460.248229 584 1
1700976460.248301 229 1
1700976460.249566 60 -1
1700976460.249566 115 -1
1700976460.249566 85 -1
1700976460.249566 60 -1
1700976460.249605 54 1
1700976460.249721 60 -1
1700976460.250403 85 1
1700976460.251548 60 -1
1700976460.258414 1020 -1
1700976460.258534 774 -1
1700976460.258534 1002 -1
1700976460.258562 54 1
1700976460.258637 818 -1
1700976460.258656 54 1
1700976460.263551 7354 -1
1700976460.263551 358 -1
1700976460.263551 3568 -1
1700976460.263735 54 1
1700976462.356373 235 1
1700976462.356779 218 1
1700976462.357000 229 1
1700976462.359887 60 -1
1700976462.360373 232 1
1700976462.360539 224 1
1700976462.361874 66 -1
1700976462.361874 66 -1
1700976462.388234 869 -1
1700976462.388234 10202 -1
1700976462.388234 6336 -1
1700976462.388234 7306 -1
1700976462.388234 2962 -1
1700976462.388234 6367 -1
1700976462.388234 7306 -1
1700976462.388234 7306 -1
1700976462.388234 2054 -1
1700976462.388234 5858 -1
1700976462.388234 7306 -1
1700976462.388234 7306 -1
1700976462.388234 7306 -1
1700976462.388234 7306 -1
1700976462.388234 5858 -1
1700976462.388234 7306 -1
1700976462.388234 1562 -1
1700976462.388234 97 -1
1700976462.388234 7306 -1
1700976462.388234 1514 -1
1700976462.388234 1514 -1
1700976462.388872 54 1
1700976462.390382 54 1
1700976462.395652 7306 -1
1700976462.395652 7306 -1
1700976462.395652 14546 -1
1700976462.395652 7306 -1
1700976462.395865 54 1
1700976462.396891 7306 -1
1700976462.396891 7306 -1
1700976462.396933 54 1
1700976462.396980 7306 -1
1700976462.397022 54 1
1700976462.397831 1514 -1
1700976462.397831 4410 -1
1700976462.397882 54 1
1700976462.397976 2962 -1
1700976462.398005 54 1
1700976462.398862 7306 -1
1700976462.398862 7306 -1
1700976462.398922 54 1
1700976462.399626 4410 -1
1700976462.399660 54 1
1700976462.400136 7306 -1
1700976462.400171 54 1
1700976462.401162 7306 -1
1700976462.401162 7306 -1
1700976462.401480 54 1
1700976462.410606 7306 -1
1700976462.410606 7306 -1
1700976462.410606 7306 -1
1700976462.410606 7306 -1
1700976462.410606 7306 -1
1700976462.410606 7306 -1
1700976462.410606 7306 -1
1700976462.410606 7306 -1
1700976462.410606 2962 -1
1700976462.410606 7306 -1
1700976462.410606 7306 -1
1700976462.410606 7306 -1
1700976462.410606 4410 -1
1700976462.410606 2506 -1
1700976462.410606 4410 -1
1700976462.410606 7306 -1
1700976462.410606 4919 -1
1700976462.411132 54 1
1700976462.411191 54 1
1700976462.411225 7306 -1
1700976462.411225 2962 -1
1700976462.411279 54 1
1700976462.411664 54 1
1700976462.412089 54 1
1700976462.412167 5858 -1
1700976462.412167 7306 -1
1700976462.412228 54 1
1700976462.413670 7306 -1
1700976462.413670 7306 -1
1700976462.413670 7306 -1
1700976462.413774 54 1
1700976462.414333 7306 -1
1700976462.414390 54 1
1700976462.415856 7306 -1
1700976462.415856 7306 -1
1700976462.415939 54 1
1700976462.418115 7306 -1
1700976462.418115 7306 -1
1700976462.418115 7306 -1
1700976462.418115 7306 -1
1700976462.418211 54 1
1700976462.421747 2962 -1
1700976462.421747 5858 -1
1700976462.421747 2962 -1
1700976462.421747 1514 -1
1700976462.421747 7306 -1
1700976462.421747 7306 -1
1700976462.421747 7306 -1
1700976462.421747 4410 -1
1700976462.421878 54 1
1700976462.421934 7306 -1
1700976462.421972 54 1
1700976462.422965 1514 -1
1700976462.422965 1514 -1
1700976462.422965 1514 -1
1700976462.422965 13098 -1
1700976462.423058 54 1
1700976462.423928 7306 -1
1700976462.423982 54 1
1700976462.424718 7306 -1
1700976462.424772 54 1
1700976462.425136 7306 -1
1700976462.425191 54 1
1700976462.425743 7306 -1
1700976462.425795 54 1
1700976462.426562 7306 -1
1700976462.426616 54 1
1700976462.426981 7306 -1
1700976462.427032 54 1
1700976462.427567 7306 -1
1700976462.427619 54 1
1700976462.428544 1514 -1
1700976462.428544 4410 -1
1700976462.428599 54 1
1700976462.428769 7306 -1
1700976462.428815 54 1
1700976462.429360 7306 -1
1700976462.429399 54 1
1700976462.429927 1514 -1
1700976462.429981 54 1
1700976462.430877 7306 -1
1700976462.430877 2962 -1
1700976462.430877 4410 -1
1700976462.430974 54 1
1700976462.431359 7306 -1
1700976462.431407 54 1
1700976462.431798 4410 -1
1700976462.431830 54 1
1700976462.432194 2962 -1
1700976462.432226 54 1
1700976462.432665 7306 -1
1700976462.432692 54 1
1700976462.433001 7306 -1
1700976462.433053 54 1
1700976462.433700 1514 -1
1700976462.433783 7306 -1
1700976462.433816 54 1
1700976462.434537 5858 -1
1700976462.434566 54 1
1700976462.434826 4410 -1
1700976462.434884 54 1
1700976462.435180 7306 -1
1700976462.435215 54 1
1700976462.435798 7306 -1
1700976462.435848 54 1
1700976462.436689 7306 -1
1700976462.436748 54 1
1700976462.436998 2962 -1
1700976462.437020 54 1
1700976462.437252 7306 -1
1700976462.437310 54 1
1700976462.437880 5858 -1
1700976462.437943 54 1
1700976462.438351 1514 -1
1700976462.438376 54 1
1700976462.438793 5858 -1
1700976462.438830 54 1
1700976462.438935 2962 -1
1700976462.438972 54 1
1700976462.439178 4410 -1
1700976462.439225 54 1
1700976462.439552 7306 -1
1700976462.439589 54 1
1700976462.440145 7306 -1
1700976462.440179 54 1
1700976462.440749 7306 -1
1700976462.440782 54 1
1700976462.441603 29026 -1
1700976462.441691 54 1
1700976462.443805 4410 -1
1700976462.443852 54 1
1700976462.444144 5858 -1
1700976462.444179 54 1
1700976462.444671 7306 -1
1700976462.444725 54 1
1700976462.445260 7306 -1
1700976462.445293 54 1
1700976462.445844 7306 -1
1700976462.445888 54 1
1700976462.446621 4410 -1
1700976462.446670 54 1
1700976462.446924 7306 -1
1700976462.446971 54 1
1700976462.447527 13098 -1
1700976462.447596 54 1
1700976462.448714 2962 -1
1700976462.448757 54 1
1700976462.448807 2962 -1
1700976462.448827 54 1
1700976462.449001 1514 -1
1700976462.449042 54 1
1700976462.449123 7306 -1
1700976462.449144 54 1
1700976462.449735 1514 -1
1700976462.449784 54 1
1700976462.449864 2962 -1
1700976462.449893 54 1
1700976462.450089 7306 -1
1700976462.450131 54 1
1700976462.450790 7306 -1
1700976462.450830 54 1
1700976462.451327 7306 -1
1700976462.451405 54 1
1700976462.451921 7306 -1
1700976462.452067 54 1
1700976462.452600 4410 -1
1700976462.452637 54 1
1700976462.452888 7306 -1
1700976462.452943 54 1
1700976462.453506 8754 -1
1700976462.453554 54 1
1700976462.454223 7306 -1
1700976462.454270 54 1
1700976462.454837 7306 -1
1700976462.454889 54 1
1700976462.455478 1514 -1
1700976462.455637 4410 -1
1700976462.455659 54 1
1700976462.455915 7306 -1
1700976462.455957 54 1
1700976462.456577 4410 -1
1700976462.456621 54 1
1700976462.456888 4410 -1
1700976462.456924 54 1
1700976462.457274 7306 -1
1700976462.457326 54 1
1700976462.457864 1514 -1
1700976462.457976 1514 -1
1700976462.458017 54 1
1700976462.458075 1514 -1
1700976462.458269 7306 -1
1700976462.458318 54 1
1700976462.458856 7306 -1
1700976462.458915 54 1
1700976462.459508 7306 -1
1700976462.459565 54 1
1700976462.460049 7306 -1
1700976462.460093 54 1
1700976462.460707 4410 -1
1700976462.460765 54 1
1700976462.461734 7306 -1
1700976462.461734 7306 -1
1700976462.461796 54 1
1700976462.462242 7306 -1
1700976462.462312 54 1
1700976462.463249 7306 -1
1700976462.463301 54 1
1700976462.463648 7306 -1
1700976462.463695 54 1
1700976462.464151 7306 -1
1700976462.464215 54 1
1700976462.464731 7306 -1
1700976462.464763 54 1
1700976462.465231 6426 -1
1700976462.465267 54 1
1700976462.465804 4410 -1
1700976462.465865 54 1
1700976462.466184 1514 -1
1700976462.466223 54 1
1700976462.466769 2394 -1
1700976462.466769 1514 -1
1700976462.466769 1514 -1
1700976462.466769 7306 -1
1700976462.466830 54 1
1700976462.472376 6426 -1
1700976462.472376 7306 -1
1700976462.472376 4410 -1
1700976462.472376 7306 -1
1700976462.472376 7306 -1
1700976462.472376 2962 -1
1700976462.472376 5858 -1
1700976462.472376 4410 -1
1700976462.472376 7306 -1
1700976462.472376 2394 -1
1700976462.472376 7306 -1
1700976462.472737 54 1
1700976462.482181 5858 -1
1700976462.482181 1514 -1
1700976462.482181 2082 -1
1700976462.482181 7306 -1
1700976462.482181 7306 -1
1700976462.482181 4410 -1
1700976462.482181 7306 -1
1700976462.482181 7306 -1
1700976462.482181 7306 -1
1700976462.482181 1514 -1
1700976462.482181 6738 -1
1700976462.482181 2962 -1
1700976462.482181 4410 -1
1700976462.482181 5858 -1
1700976462.482181 2962 -1
1700976462.482181 7306 -1
1700976462.482181 5858 -1
1700976462.482181 7306 -1
1700976462.482181 4410 -1
1700976462.482181 5858 -1
1700976462.482181 7306 -1
1700976462.482941 54 1
1700976462.483049 1514 -1
1700976462.483049 1514 -1
1700976462.483049 5858 -1
1700976462.483135 54 1
1700976462.488199 2962 -1
1700976462.488199 1514 -1
1700976462.488199 7306 -1
1700976462.488199 7306 -1
1700976462.488199 7306 -1
1700976462.488199 5858 -1
1700976462.488199 2962 -1
1700976462.488199 5858 -1
1700976462.488199 7306 -1
1700976462.488199 7306 -1
1700976462.488199 7306 -1
1700976462.488199 5858 -1
1700976462.488510 54 1
1700976462.488681 2962 -1
1700976462.488716 54 1
1700976462.488840 7306 -1
1700976462.488882 54 1
1700976462.494525 54 1
1700976462.497380 7306 -1
1700976462.497380 5858 -1
1700976462.497380 7306 -1
1700976462.497380 7306 -1
1700976462.497380 27578 -1
1700976462.497380 7306 -1
1700976462.497380 7306 -1
1700976462.497380 4410 -1
1700976462.497380 7306 -1
1700976462.497380 7306 -1
1700976462.497380 7306 -1
1700976462.497828 54 1
1700976462.497918 7306 -1
1700976462.497958 54 1
1700976462.498299 4410 -1
1700976462.498511 54 1
1700976462.498585 7306 -1
1700976462.498637 54 1
1700976462.498797 54 1
1700976462.498991 5858 -1
1700976462.499023 54 1
1700976462.499198 54 1
1700976462.499631 8754 -1
1700976462.499677 54 1
1700976462.500277 6466 -1
1700976462.500306 54 1
1700976462.500746 7306 -1
1700976462.500805 54 1
1700976462.501556 1514 -1
1700976462.504724 2962 -1
1700976462.504724 7306 -1
1700976462.504724 4410 -1
1700976462.504724 8182 -1
1700976462.504911 54 1
1700976462.666099 577 1
1700976462.667640 66 -1
1700976462.674756 855 -1
1700976462.674756 4434 -1
1700976462.674756 1827 -1
1700976462.674895 54 1
1700976462.678340 1157 -1
1700976462.678340 585 -1
1700976462.678340 6343 -1
1700976462.678572 54 1
1700976462.684050 1051 -1
1700976462.684050 732 -1
1700976462.684050 3979 -1
1700976462.684141 54 1
1700976463.999113 232 1
1700976464.003286 222 1
1700976464.003386 230 1
1700976464.006037 60 -1
1700976464.010289 1054 -1
1700976464.010563 731 -1
1700976464.010591 54 1
1700976464.010881 982 -1
1700976464.010881 810 -1
1700976464.010914 54 1
1700976464.011092 2974 -1
1700976464.011121 54 1
1700976464.011158 3684 -1
1700976464.011196 54 1
1700976464.011646 7354 -1
1700976464.011693 54 1
1700976464.012150 738 -1
1700976464.014211 1051 -1
1700976464.014211 729 -1
1700976464.014264 54 1
1700976464.014510 7159 -1
1700976464.014541 54 1
1700976465.631044 229 1
1700976465.631224 231 1
1700976465.632905 234 1
1700976465.633781 229 1
1700976465.635069 230 1
1700976465.637732 60 -1
1700976465.639091 1083 -1
1700976465.639153 690 -1
1700976465.639178 54 1
1700976465.639226 985 -1
1700976465.639362 6170 -1
1700976465.639410 54 1
1700976465.640256 4010 -1
1700976465.640303 54 1
1700976465.641034 89 1
1700976465.646084 928 -1
1700976465.646084 7936 -1
1700976465.646186 54 1
1700976465.648817 730 -1
1700976465.648873 66 1
1700976465.648919 7354 -1
1700976465.648958 66 1
1700976465.649346 1491 -1
1700976465.649389 66 1
1700976465.650248 1056 -1
1700976465.650286 54 1
1700976465.650840 1088 -1
1700976465.650840 688 -1
1700976465.650864 54 1
1700976465.650988 4434 -1
1700976465.651028 54 1
1700976465.651536 1667 -1
1700976465.651561 54 1
1700976467.797590 218 1
1700976467.799969 224 1
1700976467.802053 222 1
1700976467.819970 60 -1
1700976467.822515 984 -1
1700976467.822515 805 -1
1700976467.822601 54 1
1700976467.826897 2974 -1
1700976467.826897 4434 -1
1700976467.826993 54 1
1700976467.827231 2974 -1
1700976467.827283 66 1
1700976467.827602 4811 -1
1700976467.827674 66 1
1700976467.827858 11734 -1
1700976467.827925 66 1
1700976467.828836 2974 -1
1700976467.828870 66 1
1700976467.829061 7354 -1
1700976467.829108 66 1
1700976467.829662 1514 -1
1700976467.829722 66 1
1700976467.829786 5894 -1
1700976467.829820 66 1
1700976467.830253 5894 -1
1700976467.830306 66 1
1700976467.830777 7354 -1
1700976467.830842 66 1
1700976467.831396 4434 -1
1700976467.831460 66 1
1700976467.831739 1514 -1
1700976467.831889 54 1
1700976467.831988 2974 -1
1700976467.832027 66 1
1700976467.832111 5894 -1
1700976467.832151 74 1
1700976467.832598 7354 -1
1700976467.832648 74 1
1700976467.833228 2974 -1
1700976467.833259 82 1
1700976467.833926 2974 -1
1700976467.833926 7354 -1
1700976467.833961 82 1
1700976467.833991 82 1
1700976467.834277 4434 -1
1700976467.834359 82 1
1700976467.834611 2974 -1
1700976467.834633 82 1
1700976467.834875 5894 -1
1700976467.834919 82 1
1700976467.835355 1514 -1
1700976467.835422 74 1
1700976467.835708 1514 -1
1700976467.835708 2974 -1
1700976467.835747 66 1
1700976467.835773 66 1
1700976467.835840 2974 -1
1700976467.835877 66 1
1700976467.836072 4434 -1
1700976467.836138 66 1
1700976467.836464 1514 -1
1700976467.836541 54 1
1700976467.836847 1514 -1
1700976467.836847 1514 -1
1700976467.836847 7354 -1
1700976467.836888 54 1
1700976467.837423 1514 -1
1700976467.837582 4434 -1
1700976467.837612 54 1
1700976467.837911 1514 -1
1700976467.838257 1514 -1
1700976467.838257 5894 -1
1700976467.838309 54 1
1700976467.838687 2974 -1
1700976467.838721 54 1
1700976467.838851 2974 -1
1700976467.838874 54 1
1700976467.839118 7354 -1
1700976467.839146 54 1
1700976467.839711 4434 -1
1700976467.839742 54 1
1700976467.840077 7354 -1
1700976467.840125 54 1
1700976467.840703 1514 -1
1700976467.840743 54 1
1700976467.840783 2974 -1
1700976467.840797 54 1
1700976467.841066 5894 -1
1700976467.841099 54 1
1700976467.841542 7354 -1
1700976467.841575 54 1
1700976467.842211 4434 -1
1700976467.842327 54 1
1700976467.842502 7354 -1
1700976467.842547 54 1
1700976467.843285 4434 -1
1700976467.843337 54 1
1700976467.843598 7354 -1
1700976467.843765 54 1
1700976467.844087 4434 -1
1700976467.844129 54 1
1700976467.844627 7354 -1
1700976467.844653 54 1
1700976467.845031 1514 -1
1700976467.845065 54 1
1700976467.845238 2974 -1
1700976467.845280 54 1
1700976467.845424 1514 -1
1700976467.845645 5894 -1
1700976467.845685 66 1
1700976467.846015 2974 -1
1700976467.846041 66 1
1700976467.846295 5894 -1
1700976467.846325 66 1
1700976467.846754 7354 -1
1700976467.846784 66 1
1700976467.847357 4434 -1
1700976467.847421 66 1
1700976467.847719 7354 -1
1700976467.847746 66 1
1700976467.848348 4434 -1
1700976467.848608 66 1
1700976467.848686 7354 -1
1700976467.848735 66 1
1700976467.849290 1514 -1
1700976467.849326 66 1
1700976467.849426 5894 -1
1700976467.849454 66 1
1700976467.849914 1514 -1
1700976467.849947 66 1
1700976467.849987 7354 -1
1700976467.850034 66 1
1700976467.850673 1514 -1
1700976467.850702 66 1
1700976467.850831 5894 -1
1700976467.850881 74 1
1700976467.851228 1514 -1
1700976467.851331 66 1
1700976467.851423 5894 -1
1700976467.851445 66 1
1700976467.851824 2974 -1
1700976467.851858 66 1
1700976467.852060 7354 -1
1700976467.852093 66 1
1700976467.852670 1514 -1
1700976467.852694 66 1
1700976467.852800 2974 -1
1700976467.852830 66 1
1700976467.853032 1514 -1
1700976467.853055 66 1
1700976467.853156 7354 -1
1700976467.853184 66 1
1700976467.853780 1514 -1
1700976467.853815 66 1
1700976467.854003 2974 -1
1700976467.854034 66 1
1700976467.854252 2974 -1
1700976467.854276 66 1
1700976467.854360 1514 -1
1700976467.854401 66 1
1700976467.854576 1514 -1
1700976467.854576 4434 -1
1700976467.854610 74 1
1700976467.854664 82 1
1700976467.854967 2974 -1
1700976467.855009 82 1
1700976467.855201 1514 -1
1700976467.855242 82 1
1700976467.855322 1514 -1
1700976467.855342 82 1
1700976467.855763 1514 -1
1700976467.855763 7354 -1
1700976467.855803 82 1
1700976467.855835 82 1
1700976467.856173 1514 -1
1700976467.856281 74 1
1700976467.856363 1514 -1
1700976467.856407 74 1
1700976467.856450 4434 -1
1700976467.856498 74 1
1700976467.856876 1514 -1
1700976467.856899 82 1
1700976467.856933 2974 -1
1700976467.856952 82 1
1700976467.857147 7354 -1
1700976467.857183 82 1
1700976467.857766 1514 -1
1700976467.857794 82 1
1700976467.858002 5894 -1
1700976467.858052 82 1
1700976467.860176 7354 -1
1700976467.860176 4434 -1
1700976467.860176 1514 -1
1700976467.860176 2974 -1
1700976467.860176 5894 -1
1700976467.860295 82 1
1700976467.860359 82 1
1700976467.860631 82 1
1700976467.860663 82 1
1700976467.860697 82 1
1700976467.861822 1514 -1
1700976467.861822 1514 -1
1700976467.861822 1514 -1
1700976467.861822 1514 -1
1700976467.861822 4434 -1
1700976467.861893 90 1
1700976467.861974 90 1
1700976467.862038 90 1
1700976467.862117 82 1
1700976467.862147 82 1
1700976467.862249 7354 -1
1700976467.862249 7354 -1
1700976467.862303 82 1
1700976467.862348 82 1
1700976467.862729 1514 -1
1700976467.862762 82 1
1700976467.863228 1514 -1
1700976467.863228 1514 -1
1700976467.863228 7354 -1
1700976467.863402 74 1
1700976467.863546 74 1
1700976467.863575 82 1
1700976467.864639 1514 -1
1700976467.864639 7354 -1
1700976467.864639 4434 -1
1700976467.864746 82 1
1700976467.864788 82 1
1700976467.864812 82 1
1700976467.866096 1514 -1
1700976467.866096 7354 -1
1700976467.866096 7354 -1
1700976467.866096 2974 -1
1700976467.866174 82 1
1700976467.866214 82 1
1700976467.866258 82 1
1700976467.866295 82 1
1700976467.866329 4434 -1
1700976467.866374 82 1
1700976467.866954 1514 -1
1700976467.866954 1514 -1
1700976467.866954 5894 -1
1700976467.867035 82 1
1700976467.867088 82 1
1700976467.867146 90 1
1700976467.867874 1514 -1
1700976467.867874 1514 -1
1700976467.867874 1514 -1
1700976467.867874 7354 -1
1700976467.867975 82 1
1700976467.868027 74 1
1700976467.868071 74 1
1700976467.868101 74 1
1700976467.868906 7354 -1
1700976467.868943 74 1
1700976467.869081 4434 -1
1700976467.869118 74 1
1700976467.869377 2974 -1
1700976467.869437 74 1
1700976467.870197 7354 -1
1700976467.870197 1514 -1
1700976467.870286 74 1
1700976467.870361 74 1
1700976467.870719 2974 -1
1700976467.870719 1514 -1
1700976467.870719 1514 -1
1700976467.870753 74 1
1700976467.870925 66 1
1700976467.870961 74 1
1700976467.871222 7354 -1
1700976467.871256 74 1
1700976467.871419 2974 -1
1700976467.871624 74 1
1700976467.871811 1514 -1
1700976467.871811 2974 -1
1700976467.871850 74 1
1700976467.871888 82 1
1700976467.871990 1514 -1
1700976467.872033 90 1
1700976467.872097 7354 -1
1700976467.872135 90 1
1700976467.873908 1514 -1
1700976467.873908 1514 -1
1700976467.873908 1514 -1
1700976467.873908 7354 -1
1700976467.873908 1514 -1
1700976467.873908 2974 -1
1700976467.874022 90 1
1700976467.874133 82 1
1700976467.874179 82 1
1700976467.874223 82 1
1700976467.874257 82 1
1700976467.874299 82 1
1700976467.875991 7354 -1
1700976467.875991 1514 -1
1700976467.875991 4434 -1
1700976467.875991 7354 -1
1700976467.875991 2974 -1
1700976467.875991 4434 -1
1700976467.876086 90 1
1700976467.876166 90 1
1700976467.876204 90 1
1700976467.876249 90 1
1700976467.876314 90 1
1700976467.876340 90 1
1700976467.876921 2974 -1
1700976467.876921 1514 -1
1700976467.876921 4434 -1
1700976467.876960 90 1
1700976467.877013 90 1
1700976467.877029 90 1
1700976467.877272 7354 -1
1700976467.877338 90 1
1700976467.878190 4434 -1
1700976467.878190 4434 -1
1700976467.878245 90 1
1700976467.878326 82 1
1700976467.879017 1514 -1
1700976467.879017 5894 -1
1700976467.879017 1514 -1
1700976467.879069 74 1
1700976467.879130 66 1
1700976467.879164 66 1
1700976467.879312 1514 -1
1700976467.879312 2974 -1
1700976467.879347 74 1
1700976467.879539 82 1
1700976467.879658 2974 -1
1700976467.879688 90 1
1700976467.879833 1514 -1
1700976467.879833 2974 -1
1700976467.879864 90 1
1700976467.879913 90 1
1700976467.880250 2974 -1
1700976467.880279 90 1
1700976467.880422 2974 -1
1700976467.880454 90 1
1700976467.880951 1514 -1
1700976467.880984 90 1
1700976467.881191 2974 -1
1700976467.881191 5894 -1
1700976467.881260 90 1
1700976467.881310 90 1
1700976467.881637 1514 -1
1700976467.881637 1514 -1
1700976467.881670 90 1
1700976467.881712 90 1
1700976467.887214 7354 -1
1700976467.887214 4434 -1
1700976467.887214 4434 -1
1700976467.887214 1514 -1
1700976467.887214 7354 -1
1700976467.887214 2974 -1
1700976467.887214 4434 -1
1700976467.887214 4434 -1
1700976467.887214 2974 -1
1700976467.887214 4434 -1
1700976467.887214 2974 -1
1700976467.887214 1514 -1
1700976467.887214 7354 -1
1700976467.887214 1514 -1
1700976467.887214 2974 -1
1700976467.887214 7354 -1
1700976467.887490 90 1
1700976467.887571 90 1
1700976467.887601 90 1
1700976467.887636 90 1
1700976467.887662 90 1
1700976467.887685 90 1
1700976467.887718 90 1
1700976467.887777 90 1
1700976467.887846 90 1
1700976467.887948 90 1
1700976467.887983 90 1
1700976467.888032 90 1
1700976467.888069 90 1
1700976467.888129 90 1
1700976467.888180 90 1
1700976467.888211 90 1
1700976467.888316 1514 -1
1700976467.888316 1514 -1
1700976467.888316 1514 -1
1700976467.888316 7354 -1
1700976467.888360 90 1
1700976467.888398 82 1
1700976467.888427 82 1
1700976467.888474 82 1
1700976467.889015 4434 -1
1700976467.889015 5894 -1
1700976467.889068 82 1
1700976467.889165 82 1
1700976467.889200 5894 -1
1700976467.889242 82 1
1700976467.889754 1514 -1
1700976467.889754 1514 -1
1700976467.889782 82 1
1700976467.889949 74 1
1700976467.890150 1514 -1
1700976467.890173 74 1
1700976467.892757 5894 -1
1700976467.892757 4434 -1
1700976467.892757 1514 -1
1700976467.892757 2562 -1
1700976467.892757 1514 -1
1700976467.892757 1514 -1
1700976467.892868 74 1
1700976467.892946 82 1
1700976467.892975 82 1
1700976467.892997 82 1
1700976467.893029 74 1
1700976467.893114 66 1
1700976467.900880 1514 -1
1700976467.900992 54 1
1700976468.747691 54 1
1700976468.749332 78 -1
1700976468.749332 60 -1
1700976468.749376 54 1
1700976469.415842 66 1
1700976469.417114 66 -1
1700976469.417202 54 1
1700976469.418778 870 1
1700976469.419977 60 -1
1700976469.420605 318 -1
1700976469.421747 134 1
1700976469.422852 60 -1
1700976469.423022 341 -1
1700976469.423245 146 1
1700976469.423989 585 1
1700976469.424071 223 1
1700976469.424362 60 -1
1700976469.425289 60 -1
1700976469.425289 60 -1
1700976469.427678 115 -1
1700976469.427678 85 -1
1700976469.427743 54 1
1700976469.427931 980 -1
1700976469.428060 6908 -1
1700976469.428103 54 1
1700976469.428488 85 1
1700976469.429644 60 -1
1700976469.446260 982 -1
1700976469.446260 811 -1
1700976469.446321 54 1
1700976469.446387 5814 -1
1700976469.446471 66 1
1700976469.447529 1514 -1
1700976469.447571 54 1
1700976471.028430 223 1
1700976471.028605 225 1
1700976471.028746 225 1
1700976471.030071 60 -1
1700976471.033177 932 -1
1700976471.033177 7354 -1
1700976471.033230 54 1
1700976471.033833 3202 -1
1700976471.033892 54 1
1700976471.036959 1051 -1
1700976471.036959 730 -1
1700976471.037026 54 1
1700976471.037683 7354 -1
1700976471.037724 54 1
1700976471.038077 2084 -1
1700976471.038105 54 1
1700976471.038217 1052 -1
1700976471.038285 732 -1
1700976471.038308 54 1
1700976471.038363 1514 -1
1700976471.038706 3011 -1
1700976471.038733 54 1
1700976476.163132 228 1
1700976476.167684 888 -1
1700976476.167888 10308 -1
1700976476.167966 54 1
1700976476.170496 230 1
1700976476.181966 230 1
1700976476.182772 89 1
1700976476.182840 225 1
1700976476.182923 231 1
1700976476.184779 60 -1
1700976476.187243 858 -1
1700976476.187243 6382 -1
1700976476.187347 54 1
1700976476.191702 926 -1
1700976476.191702 7354 -1
1700976476.191702 789 -1
1700976476.191702 1049 -1
1700976476.191702 735 -1
1700976476.191702 956 -1
1700976476.191702 7622 -1
1700976476.191702 6030 -1
1700976476.191860 54 1
1700976477.777377 232 1
1700976477.781428 926 -1
1700976477.781428 2974 -1
1700976477.781428 4034 -1
1700976477.781558 54 1
1700976477.782583 234 1
1700976477.784448 231 1
1700976477.784651 224 1
1700976477.785825 60 -1
1700976477.801666 928 -1
1700976477.801666 3747 -1
1700976477.801666 898 -1
1700976477.801666 7354 -1
1700976477.801666 2015 -1
1700976477.801666 962 -1
1700976477.801666 9636 -1
1700976477.801865 54 1
1700976478.764958 54 1
1700976478.769075 78 -1
1700976478.769116 54 1
1700976478.769860 60 -1
1700976479.415011 66 1
1700976479.419620 66 -1
1700976479.419738 54 1
1700976479.420678 934 1
1700976479.421754 60 -1
1700976479.422342 318 -1
1700976479.423102 134 1
1700976479.423818 146 1
1700976479.424202 60 -1
1700976479.424273 341 -1
1700976479.424356 586 1
1700976479.424459 230 1
1700976479.424566 222 1
1700976479.424670 230 1
1700976479.424853 60 -1
1700976479.424992 115 -1
1700976479.424992 85 -1
1700976479.425039 54 1
1700976479.425451 60 -1
1700976479.425653 85 1
1700976479.425666 60 -1
1700976479.425845 60 -1
1700976479.425845 60 -1
1700976479.426762 60 -1
1700976479.431145 857 -1
1700976479.431145 4808 -1
1700976479.431220 54 1
1700976479.431314 1052 -1
1700976479.431336 54 1
1700976479.431426 732 -1
1700976479.431451 5131 -1
1700976479.431602 54 1
1700976479.431887 924 -1
1700976479.431910 54 1
1700976479.431964 5519 -1
1700976479.431997 54 1
1700976479.434378 1083 -1
1700976479.434378 693 -1
1700976479.434410 54 1
1700976479.434640 4434 -1
1700976479.434670 54 1
1700976479.434820 526 -1
1700976479.434864 66 1
1700976479.441008 1514 -1
1700976479.441092 54 1
1700976481.048923 222 1
1700976481.049581 225 1
1700976481.051335 60 -1
1700976481.052336 905 -1
1700976481.052336 7929 -1
1700976481.052394 54 1
1700976481.053569 232 1
1700976481.053675 222 1
1700976481.055076 60 -1
1700976481.058722 927 -1
1700976481.058722 6520 -1
1700976481.058816 54 1
1700976481.062885 806 -1
1700976481.062885 11930 -1
1700976481.063010 54 1
1700976481.079046 1055 -1
1700976481.079046 729 -1
1700976481.079158 54 1
1700976481.082078 1514 -1
1700976481.082078 2974 -1
1700976481.082078 1514 -1
1700976481.082078 1514 -1
1700976481.082078 2547 -1
1700976481.082185 54 1
1700976483.219661 231 1
1700976483.219755 230 1
1700976483.219846 230 1
1700976483.223113 60 -1
1700976483.223113 926 -1
1700976483.223113 7271 -1
1700976483.223223 54 1
1700976483.225421 927 -1
1700976483.225421 5063 -1
1700976483.225489 54 1
1700976483.232788 930 -1
1700976483.232788 5699 -1
1700976483.232892 54 1
1700976484.847118 231 1
1700976484.847668 232 1
1700976484.849162 224 1
1700976484.850963 60 -1
1700976484.852722 903 -1
1700976484.852722 5525 -1
1700976484.852752 54 1
1700976484.853041 924 -1
1700976484.853069 54 1
1700976484.853109 7354 -1
1700976484.853145 54 1
1700976484.854332 1035 -1
1700976484.854353 54 1
1700976484.855208 89 1
1700976484.856639 976 -1
1700976484.856639 817 -1
1700976484.856639 4078 -1
1700976484.856707 54 1
1700976486.497259 230 1
1700976486.497346 234 1
1700976486.497923 231 1
1700976486.504759 60 -1
1700976486.506131 930 -1
1700976486.506902 7354 -1
1700976486.506977 54 1
1700976486.507038 2400 -1
1700976486.507038 929 -1
1700976486.507038 1514 -1
1700976486.507083 54 1
1700976486.507125 2974 -1
1700976486.507143 54 1
1700976486.507345 1514 -1
1700976486.507774 2974 -1
1700976486.507820 54 1
1700976486.508174 1393 -1
1700976486.508199 54 1
1700976486.509747 856 -1
1700976486.509747 1514 -1
1700976486.509747 5894 -1
1700976486.509809 54 1
1700976486.715946 571 -1
1700976486.760030 54 1
1700976488.787385 54 1
1700976488.792888 78 -1
1700976488.792888 60 -1
1700976488.793022 54 1
1700976491.733249 66 1
1700976491.735466 66 -1
1700976491.736514 54 1
1700976491.737805 934 1
1700976491.739147 60 -1
1700976491.740319 318 -1
1700976491.740983 134 1
1700976491.741456 146 1
1700976491.742065 590 1
1700976491.742153 225 1
1700976491.742232 229 1
1700976491.742293 231 1
1700976491.742493 60 -1
1700976491.742493 341 -1
1700976491.744840 60 -1
1700976491.744840 115 -1
1700976491.744840 85 -1
1700976491.744840 60 -1
1700976491.744840 60 -1
1700976491.744840 60 -1
1700976491.745005 54 1
1700976491.745069 85 1
1700976491.746320 66 -1
1700976491.747845 938 -1
1700976491.748015 2962 -1
1700976491.748051 54 1
1700976491.748169 3535 -1
1700976491.748209 54 1
1700976491.748300 943 -1
1700976491.748461 8754 -1
1700976491.748526 54 1
1700976491.749122 2348 -1
1700976491.749157 54 1
1700976491.771515 990 -1
1700976491.771515 826 -1
1700976491.771807 54 1
1700976491.773705 4792 -1
1700976491.773776 54 1
1700976492.045923 262 1
1700976492.047295 66 -1
1700976492.073913 957 -1
1700976492.073913 1514 -1
1700976492.073913 4758 -1
1700976492.073913 378 -1
1700976492.074042 66 1
1700976493.363171 234 1
1700976493.363282 231 1
1700976493.363349 223 1
1700976493.364964 230 1
1700976493.371221 60 -1
1700976493.372395 855 -1
1700976493.372395 3011 -1
1700976493.372395 925 -1
1700976493.372473 54 1
1700976493.372845 7174 -1
1700976493.372918 54 1
1700976493.377011 1054 -1
1700976493.377011 728 -1
1700976493.377078 54 1
1700976493.377994 7354 -1
1700976493.378036 54 1
1700976493.379367 5917 -1
1700976493.379367 929 -1
1700976493.379367 7519 -1
1700976493.379440 54 1
1700976494.992964 224 1
1700976494.993987 231 1
1700976494.994449 229 1
1700976494.996498 60 -1
1700976494.997436 231 1
1700976495.001464 929 -1
1700976495.001464 1514 -1
1700976495.001464 2974 -1
1700976495.001464 6389 -1
1700976495.001464 858 -1
1700976495.001464 4434 -1
1700976495.001776 54 1
1700976495.001922 6079 -1
1700976495.001991 66 1
1700976495.002046 929 -1
1700976495.002087 66 1
1700976495.002153 1514 -1
1700976495.002173 66 1
1700976495.002341 5894 -1
1700976495.002381 66 1
1700976495.004284 2183 -1
1700976495.004284 1047 -1
1700976495.004284 732 -1
1700976495.004284 7354 -1
1700976495.004284 740 -1
1700976495.004284 1514 -1
1700976495.005854 74 1
1700976495.005920 74 1
1700976495.005962 74 1
1700976495.006016 74 1
1700976495.006064 74 1
1700976495.006176 66 1
1700976495.007982 1514 -1
1700976495.008039 54 1
1700976497.155693 232 1
1700976497.155874 229 1
1700976497.158707 60 -1
1700976497.160042 234 1
1700976497.162770 854 -1
1700976497.162770 4434 -1
1700976497.162770 1431 -1
1700976497.162856 54 1
1700976497.164490 89 1
1700976497.176876 60 -1
1700976497.177251 932 -1
1700976497.177251 7354 -1
1700976497.177352 54 1
1700976497.177411 9160 -1
1700976497.177457 54 1
1700976497.178062 508 -1
1700976497.178252 54 1
1700976497.190572 1089 -1
1700976497.190572 689 -1
1700976497.190721 54 1
1700976497.196230 2974 -1
1700976497.196303 54 1
1700976497.196379 7354 -1
1700976497.196439 66 1
1700976497.196972 1337 -1
1700976497.197002 66 1
1700976497.197778 1514 -1
1700976497.197778 1514 -1
1700976497.197823 66 1
1700976497.197869 54 1
1700976498.772474 231 1
1700976498.773095 231 1
1700976498.773752 224 1
1700976498.774294 222 1
1700976498.785169 60 -1
1700976498.787254 1080 -1
1700976498.787254 691 -1
1700976498.787322 54 1
1700976498.787455 1086 -1
1700976498.787455 689 -1
1700976498.787455 2974 -1
1700976498.787501 54 1
1700976498.787629 4434 -1
1700976498.787670 54 1
1700976498.788087 1514 -1
1700976498.788087 4171 -1
1700976498.788134 54 1
1700976498.788409 2974 -1
1700976498.788439 54 1
1700976498.791547 5055 -1
1700976498.791547 1055 -1
1700976498.791547 729 -1
1700976498.791547 2974 -1
1700976498.791547 4151 -1
1700976498.791679 54 1
1700976498.797412 1048 -1
1700976498.797412 731 -1
1700976498.797412 9365 -1
1700976498.797514 54 1
1700976499.842572 54 1
