1700967992.374958 66 1
1700967992.405206 66 -1
1700967992.405471 54 1
1700967992.426684 572 1
1700967992.434196 66 1
1700967992.435397 66 -1
1700967992.435475 54 1
1700967992.441872 599 1
1700967992.442146 60 -1
1700967992.442918 60 -1
1700967992.444347 1514 -1
1700967992.444347 1316 -1
1700967992.444390 54 1
1700967992.444982 1514 -1
1700967992.444982 1317 -1
1700967992.445061 54 1
1700967992.455258 134 1
1700967992.455910 134 1
1700967992.456337 60 -1
1700967992.456502 341 -1
1700967992.456811 341 -1
1700967992.456835 54 1
1700967992.460061 60 -1
1700967992.460354 341 -1
1700967992.460354 341 -1
1700967992.460381 54 1
1700967992.461230 54 1
1700967992.461407 146 1
1700967992.462401 93 -1
1700967992.462401 78 -1
1700967992.462401 60 -1
1700967992.462435 54 1
1700967992.462877 60 -1
1700967992.462877 115 -1
1700967992.462877 85 -1
1700967992.462926 54 1
1700967992.477460 585 1
1700967992.477566 219 1
1700967992.498515 60 -1
1700967992.498515 60 -1
1700967992.504393 85 1
1700967992.506481 1047 -1
1700967992.506481 735 -1
1700967992.506481 5894 -1
1700967992.506481 1664 -1
1700967992.506628 54 1
1700967992.518090 827 -1
1700967992.518090 1514 -1
1700967992.518090 7354 -1
1700967992.518949 54 1
1700967992.519099 2974 -1
1700967992.519099 2974 -1
1700967992.519099 7354 -1
1700967992.519183 54 1
1700967992.529319 1514 -1
1700967992.529319 7354 -1
1700967992.529319 2268 -1
1700967992.529319 7354 -1
1700967992.529319 1514 -1
1700967992.529319 2974 -1
1700967992.529319 1514 -1
1700967992.529319 4434 -1
1700967992.529319 5894 -1
1700967992.529319 2974 -1
1700967992.529319 7354 -1
1700967992.529319 1514 -1
1700967992.529319 7354 -1
1700967992.529319 4434 -1
1700967992.529651 54 1
1700967992.530102 5894 -1
1700967992.530130 54 1
1700967992.530601 5894 -1
1700967992.530640 54 1
1700967992.531548 7354 -1
1700967992.531590 54 1
1700967992.532711 1514 -1
1700967992.532733 54 1
1700967992.532861 2974 -1
1700967992.532888 54 1
1700967992.533192 1514 -1
1700967992.533922 7354 -1
1700967992.533989 54 1
1700967992.535328 1514 -1
1700967992.535328 1514 -1
1700967992.535328 5894 -1
1700967992.535365 54 1
1700967992.536550 2974 -1
1700967992.536576 54 1
1700967992.536742 7354 -1
1700967992.536778 54 1
1700967992.538285 4434 -1
1700967992.538326 54 1
1700967992.538842 7354 -1
1700967992.538886 54 1
1700967992.540124 4434 -1
1700967992.540190 54 1
1700967992.540775 2974 -1
1700967992.540825 54 1
1700967992.541355 5894 -1
1700967992.541426 54 1
1700967992.541961 7354 -1
1700967992.542025 54 1
1700967992.543147 4434 -1
1700967992.543283 54 1
1700967992.544264 7354 -1
1700967992.544348 54 1
1700967992.545236 2974 -1
1700967992.545270 54 1
1700967992.546164 7354 -1
1700967992.546239 54 1
1700967992.552202 5894 -1
1700967992.552202 7354 -1
1700967992.552202 4434 -1
1700967992.552202 2974 -1
1700967992.552202 7354 -1
1700967992.552202 2974 -1
1700967992.552408 54 1
1700967992.552543 4434 -1
1700967992.552593 54 1
1700967992.558824 7354 -1
1700967992.558824 7354 -1
1700967992.558824 7354 -1
1700967992.558824 4434 -1
1700967992.558824 2974 -1
1700967992.558824 2974 -1
1700967992.558824 7354 -1
1700967992.559073 54 1
1700967992.560578 54 1
1700967992.562663 4434 -1
1700967992.562663 7354 -1
1700967992.562663 4434 -1
1700967992.562663 7354 -1
1700967992.562767 54 1
1700967992.569088 1514 -1
1700967992.569088 7354 -1
1700967992.569088 4434 -1
1700967992.569088 7354 -1
1700967992.569088 2974 -1
1700967992.569088 7354 -1
1700967992.569088 7354 -1
1700967992.569277 54 1
1700967992.571187 2974 -1
1700967992.571187 7354 -1
1700967992.571258 54 1
1700967992.573432 7354 -1
1700967992.573432 1514 -1
1700967992.573504 54 1
1700967992.573550 3097 -1
1700967992.575831 54 1
1700967992.650791 232 1
1700967992.654335 928 -1
1700967992.654335 1514 -1
1700967992.654335 7354 -1
1700967992.654443 54 1
1700967992.654869 4271 -1
1700967992.654893 54 1
1700967992.681328 236 1
1700967992.681453 231 1
1700967992.681539 232 1
1700967992.681636 230 1
1700967992.681737 230 1
1700967992.681874 230 1
1700967992.682020 229 1
1700967992.682162 229 1
1700967992.682332 231 1
1700967992.687149 60 -1
1700967992.687149 60 -1
1700967992.689317 60 -1
1700967992.690082 978 -1
1700967992.690234 4777 -1
1700967992.690234 946 -1
1700967992.690343 54 1
1700967992.690402 1514 -1
1700967992.690669 5474 -1
1700967992.690707 54 1
1700967992.691640 1514 -1
1700967992.691661 54 1
1700967992.691836 7354 -1
1700967992.691885 54 1
1700967992.695174 391 -1
1700967992.695174 930 -1
1700967992.695174 7354 -1
1700967992.695174 7354 -1
1700967992.695254 54 1
1700967992.696101 1860 -1
1700967992.696125 54 1
1700967992.697739 85 -1
1700967992.697739 518 -1
1700967992.697739 1025 -1
1700967992.697739 764 -1
1700967992.697739 1051 -1
1700967992.697739 2974 -1
1700967992.697739 5383 -1
1700967992.697893 54 1
1700967992.698548 728 -1
1700967992.698548 7354 -1
1700967992.698613 54 1
1700967992.699945 4806 -1
1700967992.700002 54 1
1700967992.714845 857 -1
1700967992.714845 9085 -1
1700967992.715092 54 1
1700967992.715851 1105 -1
1700967992.715851 1702 -1
1700967992.715851 660 -1
1700967992.715851 5358 -1
1700967992.715921 54 1
1700967992.718340 3135 -1
1700967992.718385 54 1
1700967994.748227 54 1
1700967994.769597 78 -1
1700967994.769597 60 -1
1700967994.769680 54 1
1700968006.548548 66 1
1700968006.549520 66 -1
1700968006.549569 54 1
1700968006.550578 902 1
1700968006.551581 60 -1
1700968006.552412 318 -1
1700968006.553136 134 1
1700968006.553364 146 1
1700968006.553760 585 1
1700968006.553851 231 1
1700968006.553933 230 1
1700968006.554360 60 -1
1700968006.554360 60 -1
1700968006.554410 341 -1
1700968006.555593 60 -1
1700968006.555633 115 -1
1700968006.555633 85 -1
1700968006.555633 60 -1
1700968006.555633 60 -1
1700968006.555700 54 1
1700968006.555990 85 1
1700968006.557317 60 -1
1700968006.559590 930 -1
1700968006.559660 4434 -1
1700968006.559697 54 1
1700968006.559963 6667 -1
1700968006.560011 54 1
1700968006.560481 888 -1
1700968006.560512 54 1
1700968006.560542 12464 -1
1700968006.560586 54 1
1700968006.561532 977 -1
1700968006.561560 54 1
1700968006.561616 816 -1
1700968006.561661 4292 -1
1700968006.561693 54 1
1700968008.647454 229 1
1700968008.648651 60 -1
1700968008.649277 232 1
1700968008.650347 232 1
1700968008.650380 60 -1
1700968008.651805 60 -1
1700968008.653467 224 1
1700968008.654511 60 -1
1700968008.654884 1029 -1
1700968008.654884 765 -1
1700968008.654921 54 1
1700968008.656867 2974 -1
1700968008.656908 54 1
1700968008.657024 5771 -1
1700968008.657229 54 1
1700968008.657426 1514 -1
1700968008.657609 1514 -1
1700968008.657633 54 1
1700968008.657686 2974 -1
1700968008.657719 54 1
1700968008.657920 3023 -1
1700968008.657957 66 1
1700968008.659182 1514 -1
1700968008.659257 54 1
1700968008.659938 929 -1
1700968008.659938 1514 -1
1700968008.659974 54 1
1700968008.660715 7354 -1
1700968008.660757 54 1
1700968008.661177 1612 -1
1700968008.661204 54 1
1700968008.662838 861 -1
1700968008.662868 54 1
1700968008.662909 7354 -1
1700968008.662956 54 1
1700968008.663494 7354 -1
1700968008.663542 54 1
1700968008.664029 1860 -1
1700968008.664075 54 1
1700968008.664397 7354 -1
1700968008.664438 54 1
1700968008.664935 7354 -1
1700968008.664996 54 1
1700968008.665402 1891 -1
1700968008.665440 54 1
1700968008.665619 85 -1
1700968008.665619 7354 -1
1700968008.665690 54 1
1700968008.666232 7354 -1
1700968008.666279 54 1
1700968008.670470 7354 -1
1700968008.670470 7354 -1
1700968008.670470 3697 -1
1700968008.670470 1514 -1
1700968008.670470 7354 -1
1700968008.670470 7354 -1
1700968008.670470 7354 -1
1700968008.670470 4434 -1
1700968008.670667 54 1
1700968008.670746 1514 -1
1700968008.670746 3759 -1
1700968008.670780 54 1
1700968008.671074 7354 -1
1700968008.671117 54 1
1700968008.671649 7354 -1
1700968008.671687 54 1
1700968008.672323 7354 -1
1700968008.672366 54 1
1700968008.674207 14654 -1
1700968008.674951 54 1
1700968008.674995 5894 -1
1700968008.675021 54 1
1700968008.680492 4434 -1
1700968008.680492 2974 -1
1700968008.680492 7354 -1
1700968008.680492 2974 -1
1700968008.680492 5894 -1
1700968008.680492 1514 -1
1700968008.680492 7354 -1
1700968008.680492 7354 -1
1700968008.680492 7354 -1
1700968008.680492 7354 -1
1700968008.680492 1514 -1
1700968008.680492 7354 -1
1700968008.680492 1514 -1
1700968008.680492 1514 -1
1700968008.680492 7354 -1
1700968008.680839 54 1
1700968008.680939 7354 -1
1700968008.680996 54 1
1700968008.681597 54 1
1700968008.683088 1006 -1
1700968008.683118 54 1
1700968010.212527 232 1
1700968010.214495 229 1
1700968010.215543 60 -1
1700968010.216342 231 1
1700968010.217644 856 -1
1700968010.217709 7354 -1
1700968010.217744 54 1
1700968010.218856 7354 -1
1700968010.218894 54 1
1700968010.220247 1860 -1
1700968010.220278 54 1
1700968010.220309 7354 -1
1700968010.220352 54 1
1700968010.221107 924 -1
1700968010.223300 853 -1
1700968010.223300 1514 -1
1700968010.223300 2974 -1
1700968010.223300 7354 -1
1700968010.223300 2240 -1
1700968010.223300 1021 -1
1700968010.223300 764 -1
1700968010.223300 4434 -1
1700968010.223300 3188 -1
1700968010.223430 54 1
1700968011.767085 231 1
1700968011.767207 232 1
1700968011.770630 258 1
1700968011.770809 235 1
1700968011.771571 956 -1
1700968011.771571 7354 -1
1700968011.771659 54 1
1700968011.772735 3042 -1
1700968011.772819 54 1
1700968011.772918 60 -1
1700968011.773983 89 1
1700968011.781432 906 -1
1700968011.787320 7354 -1
1700968011.787320 4127 -1
1700968011.787320 857 -1
1700968011.787320 10259 -1
1700968011.787498 54 1
1700968011.790293 859 -1
1700968011.790293 5894 -1
1700968011.790293 7354 -1
1700968011.790378 54 1
1700968011.791226 3320 -1
1700968011.791226 7354 -1
1700968011.791277 54 1
1700968011.791822 1514 -1
1700968011.791822 7354 -1
1700968011.791867 54 1
1700968011.792416 431 -1
1700968011.792416 85 -1
1700968011.792416 7354 -1
1700968011.792465 54 1
1700968011.793027 7354 -1
1700968011.793078 54 1
1700968011.793670 7354 -1
1700968011.793711 54 1
1700968011.794411 7354 -1
1700968011.794464 54 1
1700968011.794934 3697 -1
1700968011.794957 54 1
1700968011.795327 7354 -1
1700968011.795367 54 1
1700968011.795777 7354 -1
1700968011.795809 54 1
1700968011.796427 1922 -1
1700968011.796471 54 1
1700968011.796708 4434 -1
1700968011.796768 54 1
1700968011.796928 7354 -1
1700968011.796969 54 1
1700968011.797502 4434 -1
1700968011.797533 54 1
1700968011.797863 2974 -1
1700968011.797890 54 1
1700968011.798666 1514 -1
1700968011.798666 1514 -1
1700968011.798666 4434 -1
1700968011.798723 54 1
1700968011.798770 5894 -1
1700968011.798808 54 1
1700968011.799283 1514 -1
1700968011.799418 7354 -1
1700968011.799459 54 1
1700968011.799957 7354 -1
1700968011.800007 54 1
1700968011.800586 7354 -1
1700968011.800630 54 1
1700968011.801265 7354 -1
1700968011.801298 54 1
1700968011.801735 1514 -1
1700968011.801765 54 1
1700968011.801859 7354 -1
1700968011.801911 54 1
1700968011.802482 7354 -1
1700968011.802535 54 1
1700968011.803061 3399 -1
1700968011.803275 54 1
1700968011.803358 7354 -1
1700968011.803400 54 1
1700968011.803966 7354 -1
1700968011.804000 54 1
1700968011.804578 7354 -1
1700968011.804615 54 1
1700968011.805259 5894 -1
1700968011.805336 54 1
1700968011.805717 5188 -1
1700968011.805752 54 1
1700968011.806268 7354 -1
1700968011.806310 54 1
1700968011.806694 1095 -1
1700968011.806734 54 1
1700968013.855219 230 1
1700968013.858311 232 1
1700968013.858394 230 1
1700968013.858846 825 -1
1700968013.858846 2974 -1
1700968013.858846 7354 -1
1700968013.858913 54 1
1700968013.859338 3689 -1
1700968013.859378 54 1
1700968013.860618 60 -1
1700968013.865650 1056 -1
1700968013.865735 54 1
1700968013.869994 726 -1
1700968013.869994 7354 -1
1700968013.869994 2167 -1
1700968013.870308 54 1
1700968013.889010 1055 -1
1700968013.889010 731 -1
1700968013.889010 7354 -1
1700968013.889280 54 1
1700968013.889348 1532 -1
1700968013.889369 54 1
1700968014.758600 54 1
1700968014.761363 78 -1
1700968014.761363 60 -1
1700968014.761393 54 1
1700968015.438401 66 1
1700968015.439546 66 -1
1700968015.439644 54 1
1700968015.440978 902 1
1700968015.442132 60 -1
1700968015.442765 318 -1
1700968015.443424 134 1
1700968015.444206 146 1
1700968015.444449 60 -1
1700968015.444751 586 1
1700968015.444831 231 1
1700968015.444905 232 1
1700968015.445341 60 -1
1700968015.445838 60 -1
1700968015.445880 60 -1
1700968015.445897 60 -1
1700968015.446815 341 -1
1700968015.449408 115 -1
1700968015.449408 85 -1
1700968015.449408 857 -1
1700968015.449450 54 1
1700968015.449495 7689 -1
1700968015.449552 54 1
1700968015.450381 85 1
1700968015.450840 912 -1
1700968015.450883 5894 -1
1700968015.450927 54 1
1700968015.451280 2974 -1
1700968015.451310 54 1
1700968015.451562 2494 -1
1700968015.451593 54 1
1700968015.451681 1073 -1
1700968015.451711 54 1
1700968015.451820 702 -1
1700968015.452269 1514 -1
1700968015.452300 54 1
1700968015.452383 7354 -1
1700968015.452432 54 1
1700968015.452874 143 -1
1700968015.452900 54 1
1700968018.271951 232 1
1700968018.272054 234 1
1700968018.275197 234 1
1700968018.283105 60 -1
1700968018.283105 60 -1
1700968018.283105 932 -1
1700968018.283105 9634 -1
1700968018.283105 925 -1
1700968018.283105 4434 -1
1700968018.283105 4332 -1
1700968018.283284 54 1
1700968018.285678 860 -1
1700968018.285678 5894 -1
1700968018.285753 54 1
1700968018.285881 5643 -1
1700968018.285923 54 1
1700968020.351377 222 1
1700968020.354379 231 1
1700968020.355954 60 -1
1700968020.357641 929 -1
1700968020.357641 1514 -1
1700968020.357770 66 1
1700968020.357869 4434 -1
1700968020.357918 74 1
1700968020.358009 1301 -1
1700968020.358056 82 1
1700968020.359234 1514 -1
1700968020.359234 1514 -1
1700968020.359275 74 1
1700968020.359316 66 1
1700968020.359389 1514 -1
1700968020.359418 54 1
1700968020.361884 912 -1
1700968020.361912 54 1
1700968020.361945 1514 -1
1700968020.361945 7354 -1
1700968020.361990 54 1
1700968020.362622 4389 -1
1700968020.362660 54 1
1700968021.930589 221 1
1700968021.935373 232 1
1700968021.936017 223 1
1700968021.942467 1052 -1
1700968021.942467 729 -1
1700968021.942467 6924 -1
1700968021.942602 54 1
1700968021.943284 1084 -1
1700968021.943312 66 1
1700968021.943339 60 -1
1700968021.945293 89 1
1700968021.947473 862 -1
1700968021.947473 14098 -1
1700968021.947582 54 1
1700968021.948523 931 -1
1700968021.948574 54 1
1700968021.948706 6438 -1
1700968021.948751 54 1
1700968023.506073 222 1
1700968023.508000 231 1
1700968023.508129 223 1
1700968023.508230 215 1
1700968023.508340 236 1
1700968023.510099 60 -1
1700968023.516515 856 -1
1700968023.516597 5424 -1
1700968023.516637 54 1
1700968023.522104 910 -1
1700968023.522104 6076 -1
1700968023.522215 54 1
1700968023.522429 877 -1
1700968023.522451 54 1
1700968023.522553 11734 -1
1700968023.522594 54 1
1700968023.523563 4780 -1
1700968023.523622 54 1
1700968023.523921 85 -1
1700968023.523921 8814 -1
1700968023.523972 54 1
1700968023.524675 7354 -1
1700968023.524736 54 1
1700968023.525187 431 -1
1700968023.525291 7354 -1
1700968023.525332 54 1
1700968023.533755 7354 -1
1700968023.533755 7354 -1
1700968023.533755 7354 -1
1700968023.533755 3697 -1
1700968023.533755 1514 -1
1700968023.533755 7354 -1
1700968023.533755 7354 -1
1700968023.533755 462 -1
1700968023.533755 7354 -1
1700968023.533755 7354 -1
1700968023.533755 5894 -1
1700968023.533755 7354 -1
1700968023.533755 23414 -1
1700968023.533755 5894 -1
1700968023.534234 54 1
1700968023.534306 7354 -1
1700968023.534365 54 1
1700968023.534588 54 1
1700968023.535043 54 1
1700968023.537104 4434 -1
1700968023.537104 7354 -1
1700968023.537104 6045 -1
1700968023.537104 7354 -1
1700968023.537104 3947 -1
1700968023.537104 1041 -1
1700968023.537269 54 1
1700968023.537318 726 -1
1700968023.537318 4434 -1
1700968023.537368 54 1
1700968023.537555 5285 -1
1700968023.537596 54 1
1700968024.780939 54 1
1700968024.801656 78 -1
1700968024.801656 60 -1
1700968024.801778 54 1
1700968025.131805 66 1
1700968025.141603 66 -1
1700968025.141766 54 1
1700968025.142650 934 1
1700968025.144544 60 -1
1700968025.144544 318 -1
1700968025.145179 134 1
1700968025.146449 60 -1
1700968025.146659 146 1
1700968025.147025 586 1
1700968025.147127 231 1
1700968025.151520 341 -1
1700968025.151520 60 -1
1700968025.151520 85 -1
1700968025.151520 60 -1
1700968025.151520 60 -1
1700968025.151520 115 -1
1700968025.151704 66 1
1700968025.151786 54 1
1700968025.154425 85 1
1700968025.155648 60 -1
1700968025.161004 1049 -1
1700968025.161004 733 -1
1700968025.161121 54 1
1700968025.161641 4377 -1
1700968025.161675 54 1
1700968025.161834 1104 -1
1700968025.161866 54 1
1700968025.161911 660 -1
1700968025.162337 7354 -1
1700968025.162375 54 1
1700968025.162671 1549 -1
1700968025.162690 54 1
1700968027.559654 222 1
1700968027.559952 223 1
1700968027.560300 224 1
1700968027.560787 60 -1
1700968027.560883 224 1
1700968027.560969 224 1
1700968027.560993 60 -1
1700968027.561475 60 -1
1700968027.561924 60 -1
1700968027.561999 60 -1
1700968027.566768 927 -1
1700968027.566988 2974 -1
1700968027.566988 2974 -1
1700968027.567039 54 1
1700968027.567101 1514 -1
1700968027.567147 54 1
1700968027.567362 1514 -1
1700968027.568647 3924 -1
1700968027.568647 6368 -1
1700968027.568647 856 -1
1700968027.568647 1010 -1
1700968027.568647 8814 -1
1700968027.568762 54 1
1700968027.569024 2099 -1
1700968027.569049 54 1
1700968027.573907 5888 -1
1700968027.573907 981 -1
1700968027.573907 812 -1
1700968027.573907 1977 -1
1700968027.574024 54 1
1700968030.913318 230 1
1700968030.914199 229 1
1700968030.922095 60 -1
1700968030.928851 926 -1
1700968030.928851 7985 -1
1700968030.929066 54 1
1700968030.930532 89 1
1700968030.935132 1051 -1
1700968030.935132 729 -1
1700968030.935376 54 1
1700968030.935605 10333 -1
1700968030.935659 54 1
1700968032.514993 231 1
1700968032.517952 234 1
1700968032.518764 231 1
1700968032.518837 223 1
1700968032.518962 229 1
1700968032.519169 860 -1
1700968032.519169 7354 -1
1700968032.519169 7054 -1
1700968032.519422 54 1
1700968032.520758 60 -1
1700968032.527677 1053 -1
1700968032.527677 727 -1
1700968032.527677 1051 -1
1700968032.527677 729 -1
1700968032.527677 7354 -1
1700968032.527810 54 1
1700968032.528060 7354 -1
1700968032.528104 54 1
1700968032.528668 1860 -1
1700968032.528688 54 1
1700968032.528811 3781 -1
1700968032.528829 54 1
1700968032.529135 7442 -1
1700968032.529165 54 1
1700968032.530781 948 -1
1700968032.530781 855 -1
1700968032.530830 54 1
1700968032.530890 5905 -1
1700968032.530939 54 1
1700968032.531507 953 -1
1700968032.531507 847 -1
1700968032.531507 1843 -1
1700968032.531543 54 1
1700968034.705394 232 1
1700968034.712020 928 -1
1700968034.712020 4904 -1
1700968034.712143 54 1
1700968034.712601 231 1
1700968034.715781 222 1
1700968034.716568 229 1
1700968034.717777 60 -1
1700968034.721494 931 -1
1700968034.721494 4337 -1
1700968034.721591 54 1
1700968034.722790 926 -1
1700968034.722790 4434 -1
1700968034.722790 5231 -1
1700968034.722790 856 -1
1700968034.722790 6175 -1
1700968034.722929 54 1
1700968034.812207 54 1
1700968034.813603 78 -1
1700968034.813603 60 -1
1700968034.813714 54 1
1700968036.349582 66 1
1700968036.350716 66 -1
1700968036.350798 54 1
1700968036.352116 870 1
1700968036.353284 60 -1
1700968036.353914 318 -1
1700968036.354524 134 1
1700968036.355579 146 1
1700968036.355671 60 -1
1700968036.355822 341 -1
1700968036.356111 586 1
1700968036.356194 229 1
1700968036.356264 218 1
1700968036.356340 235 1
1700968036.356645 60 -1
1700968036.356645 115 -1
1700968036.356645 85 -1
1700968036.356693 54 1
1700968036.356830 85 1
1700968036.357159 60 -1
1700968036.357159 60 -1
1700968036.357504 60 -1
1700968036.357534 60 -1
1700968036.357826 60 -1
1700968036.360540 900 -1
1700968036.360602 5305 -1
1700968036.360654 54 1
1700968036.369300 1012 -1
1700968036.369300 764 -1
1700968036.369300 855 -1
1700968036.369300 4879 -1
1700968036.369421 54 1
1700968036.373144 7354 -1
1700968036.373144 7354 -1
1700968036.373144 1860 -1
1700968036.373144 7354 -1
1700968036.373144 7354 -1
1700968036.373144 1891 -1
1700968036.373144 7354 -1
1700968036.373369 54 1
1700968036.378684 7354 -1
1700968036.378684 1922 -1
1700968036.378684 4434 -1
1700968036.378684 7354 -1
1700968036.378684 4434 -1
1700968036.378684 7354 -1
1700968036.378684 7354 -1
1700968036.378684 2237 -1
1700968036.378684 4434 -1
1700968036.378684 1514 -1
1700968036.378684 7354 -1
1700968036.378684 7354 -1
1700968036.378684 4434 -1
1700968036.379024 54 1
1700968036.379095 7354 -1
1700968036.379168 54 1
1700968036.379521 54 1
1700968036.380412 5894 -1
1700968036.380412 7354 -1
1700968036.380412 7354 -1
1700968036.380517 54 1
1700968036.381132 2974 -1
1700968036.381171 54 1
1700968036.381459 7354 -1
1700968036.381517 54 1
1700968036.381856 1514 -1
1700968036.382013 4434 -1
1700968036.382061 54 1
1700968036.382635 7354 -1
1700968036.382667 54 1
1700968036.382952 7354 -1
1700968036.382982 54 1
1700968036.383646 7354 -1
1700968036.383679 54 1
1700968036.384174 7354 -1
1700968036.384223 54 1
1700968036.385273 7354 -1
1700968036.385319 54 1
1700968036.385380 4434 -1
1700968036.385427 54 1
1700968036.385724 4434 -1
1700968036.385769 54 1
1700968036.386239 2974 -1
1700968036.386285 54 1
1700968036.386323 7354 -1
1700968036.386373 54 1
1700968036.386969 7354 -1
1700968036.387006 54 1
1700968036.390161 1514 -1
1700968036.390161 5894 -1
1700968036.390161 4434 -1
1700968036.390161 7354 -1
1700968036.390161 7354 -1
1700968036.390161 4434 -1
1700968036.390161 7354 -1
1700968036.390314 54 1
1700968036.400845 5894 -1
1700968036.400845 7354 -1
1700968036.400845 7354 -1
1700968036.400845 7354 -1
1700968036.400845 7354 -1
1700968036.400845 7354 -1
1700968036.400845 7354 -1
1700968036.400845 21954 -1
1700968036.400845 7354 -1
1700968036.400845 7354 -1
1700968036.400845 5894 -1
1700968036.400845 4434 -1
1700968036.400845 4434 -1
1700968036.400845 2974 -1
1700968036.400845 7354 -1
1700968036.400845 7354 -1
1700968036.400845 7354 -1
1700968036.401609 54 1
1700968036.402075 54 1
1700968036.405132 7354 -1
1700968036.405132 7354 -1
1700968036.405132 7354 -1
1700968036.405132 1514 -1
1700968036.405132 7354 -1
1700968036.405132 1514 -1
1700968036.405132 7354 -1
1700968036.405132 7354 -1
1700968036.405132 5894 -1
1700968036.405556 54 1
1700968036.406300 7354 -1
1700968036.406300 7354 -1
1700968036.406782 54 1
1700968036.407764 4434 -1
1700968036.407764 4434 -1
1700968036.407764 7354 -1
1700968036.407876 54 1
1700968036.410762 2974 -1
1700968036.410762 7354 -1
1700968036.410762 1514 -1
1700968036.410762 7354 -1
1700968036.410762 7354 -1
1700968036.410762 7354 -1
1700968036.410919 54 1
1700968036.410999 7354 -1
1700968036.411045 54 1
1700968036.412618 4434 -1
1700968036.412618 2974 -1
1700968036.412618 7354 -1
1700968036.412680 54 1
1700968036.412731 7354 -1
1700968036.412761 54 1
1700968036.413444 5894 -1
1700968036.413474 54 1
1700968036.413706 5516 -1
1700968036.413760 66 1
1700968036.414154 1514 -1
1700968036.414203 66 1
1700968036.414406 7354 -1
1700968036.414457 66 1
1700968036.425155 7354 -1
1700968036.425155 5894 -1
1700968036.425155 7354 -1
1700968036.425155 7354 -1
1700968036.425155 5894 -1
1700968036.425155 7354 -1
1700968036.425155 4434 -1
1700968036.425155 1640 -1
1700968036.425155 1514 -1
1700968036.425638 66 1
1700968036.425690 66 1
1700968036.425713 66 1
1700968036.425732 66 1
1700968036.425792 66 1
1700968036.425836 66 1
1700968036.425896 66 1
1700968036.425923 66 1
1700968036.426089 54 1
1700968037.939925 222 1
1700968037.943803 234 1
1700968037.945657 60 -1
1700968037.949820 956 -1
1700968037.949881 6705 -1
1700968037.949936 54 1
1700968037.952003 909 -1
1700968037.952003 1514 -1
1700968037.952003 7354 -1
1700968037.952003 2306 -1
1700968037.952073 54 1
1700968040.506532 228 1
1700968040.506634 229 1
1700968040.506716 223 1
1700968040.514537 60 -1
1700968040.520865 907 -1
1700968040.520865 3686 -1
1700968040.520958 54 1
1700968040.530575 856 -1
1700968040.530575 6821 -1
1700968040.530575 1082 -1
1700968040.530575 694 -1
1700968040.530687 54 1
1700968040.533063 4434 -1
1700968040.533063 7354 -1
1700968040.533063 4780 -1
1700968040.533160 54 1
1700968040.533318 1514 -1
1700968040.533721 3758 -1
1700968040.533753 54 1
1700968043.801227 230 1
1700968043.801351 231 1
1700968043.801644 229 1
1700968043.801717 232 1
1700968043.801995 217 1
1700968043.802692 60 -1
1700968043.805645 956 -1
1700968043.805722 5182 -1
1700968043.805766 54 1
1700968043.807470 89 1
1700968043.810732 1020 -1
1700968043.810732 774 -1
1700968043.810822 54 1
1700968043.811650 7658 -1
1700968043.811721 54 1
1700968043.812085 859 -1
1700968043.812214 7354 -1
1700968043.812254 54 1
1700968043.812765 7354 -1
1700968043.812808 54 1
1700968043.813282 1860 -1
1700968043.813504 54 1
1700968043.813638 85 -1
1700968043.813638 2974 -1
1700968043.813668 54 1
1700968043.813697 7354 -1
1700968043.813726 54 1
1700968043.814534 7354 -1
1700968043.814585 54 1
1700968043.814888 7354 -1
1700968043.814928 54 1
1700968043.815598 7354 -1
1700968043.815649 54 1
1700968043.816140 777 -1
1700968043.819737 85 -1
1700968043.819737 7354 -1
1700968043.819737 7354 -1
1700968043.819737 7354 -1
1700968043.819737 7354 -1
1700968043.819737 3728 -1
1700968043.819737 7354 -1
1700968043.819737 7354 -1
1700968043.819942 54 1
1700968043.820107 7354 -1
1700968043.820144 54 1
1700968043.820787 2974 -1
1700968043.820813 54 1
1700968043.820952 5894 -1
1700968043.820994 54 1
1700968043.821474 4434 -1
1700968043.821515 54 1
1700968043.821821 7354 -1
1700968043.821861 54 1
1700968043.822579 6994 -1
1700968043.822647 54 1
1700968043.822999 7354 -1
1700968043.823041 54 1
1700968043.823592 7354 -1
1700968043.823645 54 1
1700968043.824245 7354 -1
1700968043.824324 54 1
1700968043.824889 7354 -1
1700968043.824949 54 1
1700968043.825494 7354 -1
1700968043.825552 54 1
1700968043.826075 27794 -1
1700968043.826196 54 1
1700968043.828488 7354 -1
1700968043.828563 54 1
1700968043.828986 1514 -1
1700968043.829031 7354 -1
1700968043.829065 54 1
1700968043.829660 7354 -1
1700968043.829709 54 1
1700968043.830265 7354 -1
1700968043.830321 54 1
1700968043.830911 4434 -1
1700968043.830986 54 1
1700968043.831224 2974 -1
1700968043.831271 54 1
1700968043.831594 4434 -1
1700968043.831633 54 1
1700968043.831819 4434 -1
1700968043.831848 54 1
1700968043.832199 8814 -1
1700968043.832261 54 1
1700968043.832900 7354 -1
1700968043.832933 54 1
1700968043.833550 2974 -1
1700968043.833591 54 1
1700968043.833778 7354 -1
1700968043.833842 54 1
1700968043.834750 7354 -1
1700968043.834784 54 1
1700968043.835042 4434 -1
1700968043.835071 54 1
1700968043.835468 7354 -1
1700968043.835494 54 1
1700968043.836025 7354 -1
1700968043.836054 54 1
1700968043.836660 7354 -1
1700968043.836708 54 1
1700968043.837219 4434 -1
1700968043.837257 54 1
1700968043.837568 7354 -1
1700968043.837609 54 1
1700968043.838125 7354 -1
1700968043.838158 54 1
1700968043.839039 4434 -1
1700968043.839083 54 1
1700968043.839124 4434 -1
1700968043.839153 54 1
1700968043.839577 2974 -1
1700968043.839604 54 1
1700968043.839692 7354 -1
1700968043.839747 54 1
1700968043.840331 7354 -1
1700968043.840378 54 1
1700968043.840982 7354 -1
1700968043.841026 54 1
1700968043.841629 7354 -1
1700968043.841694 54 1
1700968043.842131 4434 -1
1700968043.842164 54 1
1700968043.842496 4434 -1
1700968043.842522 54 1
1700968043.842835 7354 -1
1700968043.842869 54 1
1700968043.843445 7354 -1
1700968043.843472 54 1
1700968043.844052 2974 -1
1700968043.844077 54 1
1700968043.844323 7354 -1
1700968043.844368 54 1
1700968043.844918 7354 -1
1700968043.844945 54 1
1700968043.845525 4434 -1
1700968043.845573 54 1
1700968043.845872 7354 -1
1700968043.845916 54 1
1700968043.846541 2974 -1
1700968043.846575 54 1
1700968043.846730 7354 -1
1700968043.846751 54 1
1700968043.847511 7354 -1
1700968043.847576 54 1
1700968043.847935 2974 -1
1700968043.847969 54 1
1700968043.848184 10274 -1
1700968043.848238 54 1
1700968043.849154 4434 -1
1700968043.849183 54 1
1700968043.849506 7354 -1
1700968043.849527 54 1
1700968043.849989 4434 -1
1700968043.850010 54 1
1700968043.850528 7354 -1
1700968043.850582 54 1
1700968043.851010 7354 -1
1700968043.851040 54 1
1700968043.851623 4434 -1
1700968043.851662 54 1
1700968043.851968 4434 -1
1700968043.851997 54 1
1700968043.852585 7354 -1
1700968043.852618 54 1
1700968043.852951 7354 -1
1700968043.852973 54 1
1700968043.853639 7354 -1
1700968043.853695 54 1
1700968043.854156 4434 -1
1700968043.854193 54 1
1700968043.854536 4434 -1
1700968043.854571 54 1
1700968043.854889 7354 -1
1700968043.854935 54 1
1700968043.855827 7354 -1
1700968043.855870 66 1
1700968043.855922 2974 -1
1700968043.855996 54 1
1700968043.856506 2974 -1
1700968043.856545 54 1
1700968043.856577 2974 -1
1700968043.856617 54 1
1700968043.856841 5894 -1
1700968043.856870 54 1
1700968043.857535 7354 -1
1700968043.857567 54 1
1700968043.857932 4434 -1
1700968043.857973 54 1
1700968043.858278 7354 -1
1700968043.858322 54 1
1700968043.858884 7354 -1
1700968043.858908 54 1
1700968043.859524 4434 -1
1700968043.859559 54 1
1700968043.859922 7354 -1
1700968043.859960 54 1
1700968043.860475 7354 -1
1700968043.860518 54 1
1700968043.861098 7354 -1
1700968043.861143 54 1
1700968043.861760 7354 -1
1700968043.861800 54 1
1700968043.862287 1514 -1
1700968043.862413 7354 -1
1700968043.862434 54 1
1700968043.863021 2974 -1
1700968043.863066 54 1
1700968043.870094 2974 -1
1700968043.870094 5894 -1
1700968043.870094 2974 -1
1700968043.870094 2974 -1
1700968043.870094 7354 -1
1700968043.870094 7354 -1
1700968043.870094 7354 -1
1700968043.870094 1514 -1
1700968043.870094 2974 -1
1700968043.870094 2974 -1
1700968043.870094 7354 -1
1700968043.870094 4434 -1
1700968043.870094 7354 -1
1700968043.870094 5894 -1
1700968043.870094 7354 -1
1700968043.870094 7354 -1
1700968043.870658 54 1
1700968043.870727 7354 -1
1700968043.870767 54 1
1700968043.870978 4434 -1
1700968043.871016 54 1
1700968043.871615 7354 -1
1700968043.871679 54 1
1700968043.871887 5894 -1
1700968043.871933 54 1
1700968043.872914 54 1
1700968043.875589 1514 -1
1700968043.875589 7354 -1
1700968043.875589 7354 -1
1700968043.875589 1514 -1
1700968043.875589 7354 -1
1700968043.875589 7354 -1
1700968043.875589 7354 -1
1700968043.875764 54 1
1700968043.880686 7354 -1
1700968043.880686 1514 -1
1700968043.880686 2974 -1
1700968043.880686 4434 -1
1700968043.880686 2974 -1
1700968043.880686 2974 -1
1700968043.880686 2974 -1
1700968043.880686 2974 -1
1700968043.880686 2974 -1
1700968043.880686 2974 -1
1700968043.880686 2974 -1
1700968043.880686 2974 -1
1700968043.880686 2974 -1
1700968043.880686 2974 -1
1700968043.880686 2974 -1
1700968043.880686 2974 -1
1700968043.880686 2974 -1
1700968043.880894 66 1
1700968043.881032 54 1
1700968043.881361 2974 -1
1700968043.881361 1514 -1
1700968043.881361 1514 -1
1700968043.881408 54 1
1700968043.881867 2974 -1
1700968043.881898 54 1
1700968043.882632 2974 -1
1700968043.882660 54 1
1700968043.883551 2974 -1
1700968043.883581 54 1
1700968043.884192 2974 -1
1700968043.884224 54 1
1700968043.884275 7354 -1
1700968043.884322 54 1
1700968043.884711 4434 -1
1700968043.884739 54 1
1700968043.884909 54 1
1700968043.885183 7354 -1
1700968043.885229 54 1
1700968043.885821 4434 -1
1700968043.885866 54 1
1700968043.887240 54 1
1700968043.889673 4434 -1
1700968043.889673 4434 -1
1700968043.889673 1514 -1
1700968043.889673 1514 -1
1700968043.889673 7354 -1
1700968043.889673 7354 -1
1700968043.889673 2974 -1
1700968043.889673 7354 -1
1700968043.889673 7354 -1
1700968043.889850 54 1
1700968043.889940 7354 -1
1700968043.889982 54 1
1700968043.890708 7354 -1
1700968043.890744 54 1
1700968043.891573 7354 -1
1700968043.891573 7354 -1
1700968043.891669 54 1
1700968043.892287 7354 -1
1700968043.892487 54 1
1700968043.893239 7354 -1
1700968043.893290 54 1
1700968043.893847 5894 -1
1700968043.893847 7354 -1
1700968043.893930 54 1
1700968043.894848 1514 -1
1700968043.894848 7354 -1
1700968043.894906 54 1
1700968043.895668 1514 -1
1700968043.895668 5894 -1
1700968043.895748 54 1
1700968043.895808 2974 -1
1700968043.895838 54 1
1700968043.896058 7354 -1
1700968043.896096 54 1
1700968043.896720 4434 -1
1700968043.896745 54 1
1700968043.896957 2974 -1
1700968043.896982 54 1
1700968043.897729 7354 -1
1700968043.897803 54 1
1700968043.898781 1514 -1
1700968043.898781 4434 -1
1700968043.898781 7354 -1
1700968043.898849 54 1
1700968043.899027 2974 -1
1700968043.899054 54 1
1700968043.900525 7354 -1
1700968043.900525 1514 -1
1700968043.900525 4434 -1
1700968043.900587 54 1
1700968043.901988 7354 -1
1700968043.901988 5894 -1
1700968043.901988 2974 -1
1700968043.901988 7354 -1
1700968043.902101 54 1
1700968043.902239 2974 -1
1700968043.902262 54 1
1700968043.902618 7354 -1
1700968043.902649 54 1
1700968043.903710 5894 -1
1700968043.903710 1514 -1
1700968043.903710 7354 -1
1700968043.903764 54 1
1700968043.904790 2974 -1
1700968043.904790 7354 -1
1700968043.904847 54 1
1700968043.905217 2974 -1
1700968043.905254 54 1
1700968043.905686 5894 -1
1700968043.905717 54 1
1700968043.906334 7354 -1
1700968043.906381 54 1
1700968043.906787 8814 -1
1700968043.906838 54 1
1700968043.907127 7354 -1
1700968043.907147 54 1
1700968043.913458 1514 -1
1700968043.913458 4434 -1
1700968043.913458 2974 -1
1700968043.913458 13194 -1
1700968043.913458 2974 -1
1700968043.913458 7354 -1
1700968043.913458 5894 -1
1700968043.913458 7354 -1
1700968043.913458 5894 -1
1700968043.913458 7354 -1
1700968043.913458 5894 -1
1700968043.913458 4434 -1
1700968043.913732 54 1
1700968043.913787 8814 -1
1700968043.913818 54 1
1700968043.914324 4434 -1
1700968043.914357 54 1
1700968043.917663 7354 -1
1700968043.917663 4434 -1
1700968043.917663 4434 -1
1700968043.917663 1514 -1
1700968043.917663 2974 -1
1700968043.917663 13194 -1
1700968043.917663 13194 -1
1700968043.917847 54 1
1700968043.918839 4434 -1
1700968043.918876 54 1
1700968043.918928 7354 -1
1700968043.918964 54 1
1700968043.919480 1514 -1
1700968043.919510 54 1
1700968043.920132 7354 -1
1700968043.920175 54 1
1700968043.920213 4434 -1
1700968043.920237 54 1
1700968043.920791 2974 -1
1700968043.920817 54 1
1700968043.920918 7354 -1
1700968043.920957 54 1
1700968043.921512 2974 -1
1700968043.921539 54 1
1700968043.921677 4434 -1
1700968043.921725 54 1
1700968043.922159 8814 -1
1700968043.922203 54 1
1700968043.922774 7354 -1
1700968043.922815 54 1
1700968043.923586 5894 -1
1700968043.923617 54 1
1700968043.923892 7354 -1
1700968043.923932 54 1
1700968043.924513 2974 -1
1700968043.924536 54 1
1700968043.924693 2974 -1
1700968043.924719 54 1
1700968043.924949 7354 -1
1700968043.924996 54 1
1700968043.925575 2974 -1
1700968043.925617 54 1
1700968043.925785 1514 -1
1700968043.925816 54 1
1700968043.925958 7354 -1
1700968043.925993 54 1
1700968043.926650 5894 -1
1700968043.926700 54 1
1700968043.927084 7354 -1
1700968043.927132 54 1
1700968043.927602 5894 -1
1700968043.927645 54 1
1700968043.928097 7354 -1
1700968043.928139 54 1
1700968043.928718 5894 -1
1700968043.928751 54 1
1700968043.929206 4434 -1
1700968043.929241 54 1
1700968043.929544 7354 -1
1700968043.929572 54 1
1700968043.930174 1514 -1
1700968043.930213 54 1
1700968043.930279 7354 -1
1700968043.930319 54 1
1700968043.930886 3290 -1
1700968043.930924 54 1
1700968043.931161 7354 -1
1700968043.931213 54 1
1700968043.931770 7354 -1
1700968043.931844 54 1
1700968043.932526 1514 -1
1700968043.932526 4434 -1
1700968043.932566 54 1
1700968043.932848 5894 -1
1700968043.932873 54 1
1700968043.933522 5894 -1
1700968043.933561 54 1
1700968043.933806 2974 -1
1700968043.933833 54 1
1700968043.934054 7354 -1
1700968043.934097 54 1
1700968043.935055 1514 -1
1700968043.935055 1514 -1
1700968043.935055 4434 -1
1700968043.935121 54 1
1700968043.935448 7354 -1
1700968043.935476 54 1
1700968043.936167 1514 -1
1700968043.936167 2974 -1
1700968043.936207 54 1
1700968043.936587 2974 -1
1700968043.936587 4434 -1
1700968043.936640 54 1
1700968043.936989 7354 -1
1700968043.937038 54 1
1700968043.937631 1514 -1
1700968043.937692 7354 -1
1700968043.937726 54 1
1700968043.938614 5894 -1
1700968043.938671 54 1
1700968043.938774 7354 -1
1700968043.938806 54 1
1700968043.939512 5894 -1
1700968043.939572 54 1
1700968043.939871 7354 -1
1700968043.939908 54 1
1700968043.940550 5894 -1
1700968043.940594 54 1
1700968043.940951 2633 -1
1700968043.941012 54 1
1700968044.826449 54 1
1700968044.829589 78 -1
1700968044.829628 54 1
1700968044.829718 60 -1
1700968045.403368 66 1
1700968045.405063 66 -1
1700968045.405159 54 1
1700968045.406569 966 1
1700968045.408053 60 -1
1700968045.409045 318 -1
1700968045.409530 134 1
1700968045.409948 146 1
1700968045.410683 589 1
1700968045.410746 60 -1
1700968045.410780 231 1
1700968045.410861 217 1
1700968045.410950 229 1
1700968045.411048 224 1
1700968045.411159 60 -1
1700968045.412018 60 -1
1700968045.412018 60 -1
1700968045.412436 60 -1
1700968045.412436 60 -1
1700968045.412436 60 -1
1700968045.413249 341 -1
1700968045.417427 115 -1
1700968045.417427 85 -1
1700968045.417427 927 -1
1700968045.417427 8485 -1
1700968045.417661 54 1
1700968045.418882 85 1
1700968045.420711 1051 -1
1700968045.420711 732 -1
1700968045.420766 54 1
1700968045.420828 979 -1
1700968045.420872 1514 -1
1700968045.420894 54 1
1700968045.420937 1514 -1
1700968045.421013 1059 -1
1700968045.421037 54 1
1700968045.421093 811 -1
1700968045.423537 5481 -1
1700968045.423584 54 1
1700968045.423770 1033 -1
1700968045.423796 54 1
1700968045.423835 6843 -1
1700968045.423870 54 1
1700968045.424425 857 -1
1700968045.424657 54 1
1700968045.424684 7354 -1
1700968045.424712 54 1
1700968045.425453 7354 -1
1700968045.425496 54 1
1700968045.425687 1860 -1
1700968045.425733 54 1
1700968045.425879 4434 -1
1700968045.425929 54 1
1700968045.426904 7354 -1
1700968045.427015 54 1
1700968045.428162 4811 -1
1700968045.428189 54 1
1700968045.428652 85 -1
1700968045.428652 20494 -1
1700968045.428707 54 1
1700968045.432748 7354 -1
1700968045.432804 54 1
1700968045.433735 5157 -1
1700968045.433777 54 1
1700968045.434244 7354 -1
1700968045.434278 54 1
1700968045.438654 7354 -1
1700968045.438654 4434 -1
1700968045.438654 7354 -1
1700968045.438654 2974 -1
1700968045.438752 54 1
1700968045.439168 7354 -1
1700968045.439211 54 1
1700968045.440473 7354 -1
1700968045.440522 54 1
1700968045.441722 7354 -1
1700968045.441774 54 1
1700968045.442767 7354 -1
1700968045.442814 54 1
1700968045.444034 2974 -1
1700968045.444062 54 1
1700968045.444231 13194 -1
1700968045.444279 54 1
1700968045.446597 7354 -1
1700968045.446649 54 1
1700968045.447821 7354 -1
1700968045.447884 54 1
1700968045.449006 4434 -1
1700968045.449052 54 1
1700968045.449938 7354 -1
1700968045.449968 54 1
1700968045.451086 7354 -1
1700968045.451145 54 1
1700968045.452027 7354 -1
1700968045.452067 54 1
1700968045.453458 4434 -1
1700968045.453506 54 1
1700968045.454106 2974 -1
1700968045.454136 54 1
1700968045.454902 4434 -1
1700968045.454957 54 1
1700968045.455483 7354 -1
1700968045.455513 54 1
1700968045.456584 14654 -1
1700968045.456654 54 1
1700968045.459109 7354 -1
1700968045.459162 54 1
1700968045.460061 1514 -1
1700968045.460094 54 1
1700968045.460170 5894 -1
1700968045.460213 54 1
1700968045.461624 7354 -1
1700968045.461659 54 1
1700968045.462780 7354 -1
1700968045.462837 54 1
1700968045.476861 7354 -1
1700968045.476861 7354 -1
1700968045.476861 4545 -1
1700968045.476861 1514 -1
1700968045.476861 7354 -1
1700968045.476861 6240 -1
1700968045.476861 1514 -1
1700968045.476861 85 -1
1700968045.476861 7354 -1
1700968045.476861 7354 -1
1700968045.476861 2974 -1
1700968045.476861 7354 -1
1700968045.476861 7354 -1
1700968045.476861 7354 -1
1700968045.476861 7354 -1
1700968045.477479 66 1
1700968045.477535 54 1
1700968045.477658 54 1
1700968045.478024 5894 -1
1700968045.478058 54 1
1700968045.479815 7354 -1
1700968045.479815 7354 -1
1700968045.479900 54 1
1700968045.480932 7354 -1
1700968045.480985 54 1
1700968045.483904 2974 -1
1700968045.483960 54 1
1700968045.484021 4434 -1
1700968045.484021 7354 -1
1700968045.484082 54 1
1700968045.487730 1514 -1
1700968045.487730 7354 -1
1700968045.487730 7354 -1
1700968045.487730 4434 -1
1700968045.487878 54 1
1700968045.488111 7354 -1
1700968045.488168 54 1
1700968045.489453 7354 -1
1700968045.489510 54 1
1700968045.493748 10274 -1
1700968045.493748 1514 -1
1700968045.493748 7354 -1
1700968045.493965 54 1
1700968045.494042 7354 -1
1700968045.494092 54 1
1700968045.494955 2974 -1
1700968045.494999 54 1
1700968045.495300 7354 -1
1700968045.495375 54 1
1700968045.496878 4434 -1
1700968045.496927 54 1
1700968045.497606 7354 -1
1700968045.497653 54 1
1700968045.498694 2974 -1
1700968045.498742 54 1
1700968045.498866 5894 -1
1700968045.498926 54 1
1700968045.500251 7354 -1
1700968045.500446 54 1
1700968045.501164 5894 -1
1700968045.501226 54 1
1700968045.503670 1514 -1
1700968045.503670 5894 -1
1700968045.503670 7354 -1
1700968045.503748 66 1
1700968045.503808 54 1
1700968045.505341 14654 -1
1700968045.505438 54 1
1700968045.507456 7354 -1
1700968045.507510 54 1
1700968045.509449 2974 -1
1700968045.509449 4434 -1
1700968045.509516 54 1
1700968045.512703 8814 -1
1700968045.512703 5894 -1
1700968045.512703 7354 -1
1700968045.512796 54 1
1700968045.513241 7354 -1
1700968045.513281 54 1
1700968045.514227 7354 -1
1700968045.514268 54 1
1700968045.515601 1514 -1
1700968045.515601 5894 -1
1700968045.515645 54 1
1700968045.516579 5894 -1
1700968045.516630 54 1
1700968045.517648 5894 -1
1700968045.517698 54 1
1700968045.518682 7354 -1
1700968045.518721 54 1
1700968045.519888 1514 -1
1700968045.520004 6332 -1
1700968045.520217 54 1
1700968045.520791 2974 -1
1700968045.520832 54 1
1700968045.521516 7354 -1
1700968045.521552 54 1
1700968045.522687 4434 -1
1700968045.522728 54 1
1700968045.523642 7354 -1
1700968045.523681 54 1
1700968045.524740 7354 -1
1700968045.524782 54 1
1700968045.525940 5894 -1
1700968045.525982 54 1
1700968045.527017 1514 -1
1700968045.527448 5894 -1
1700968045.527488 54 1
1700968045.528212 7354 -1
1700968045.528251 54 1
1700968045.529507 7354 -1
1700968045.529551 54 1
1700968045.530841 7354 -1
1700968045.530896 54 1
1700968045.531812 4434 -1
1700968045.531855 54 1
1700968045.532179 7354 -1
1700968045.532220 54 1
1700968045.533502 2974 -1
1700968045.533547 54 1
1700968045.533864 2974 -1
1700968045.533892 54 1
1700968045.534609 4434 -1
1700968045.534658 54 1
1700968045.534930 1514 -1
1700968045.534953 54 1
1700968045.535599 2974 -1
1700968045.535638 54 1
1700968045.535755 7354 -1
1700968045.535807 54 1
1700968045.537133 2974 -1
1700968045.537161 54 1
1700968045.537399 4434 -1
1700968045.537438 54 1
1700968045.538298 1514 -1
1700968045.538421 7354 -1
1700968045.538445 54 1
1700968045.539629 5894 -1
1700968045.539682 54 1
1700968045.540798 7354 -1
1700968045.540839 54 1
1700968045.541765 1514 -1
1700968045.541804 54 1
1700968045.542499 4434 -1
1700968045.542534 54 1
1700968045.542856 7354 -1
1700968045.542907 54 1
1700968045.544049 7354 -1
1700968045.544084 54 1
1700968045.545383 7354 -1
1700968045.545432 54 1
1700968045.546423 7354 -1
1700968045.546468 54 1
1700968045.547640 7354 -1
1700968045.547688 54 1
1700968045.548842 4434 -1
1700968045.548877 54 1
1700968045.549801 7354 -1
1700968045.549849 54 1
1700968045.551049 2974 -1
1700968045.551107 54 1
1700968045.551259 7354 -1
1700968045.551714 54 1
1700968045.552462 1514 -1
1700968045.552514 54 1
1700968045.553462 7354 -1
1700968045.553501 54 1
1700968045.553999 5894 -1
1700968045.554037 54 1
1700968045.555201 7354 -1
1700968045.555253 54 1
1700968045.556399 4434 -1
1700968045.556440 54 1
1700968045.557006 7354 -1
1700968045.557200 54 1
1700968045.558267 7354 -1
1700968045.558418 54 1
1700968045.559941 1514 -1
1700968045.559941 7354 -1
1700968045.560001 54 1
1700968045.561009 2974 -1
1700968045.561047 54 1
1700968045.561647 4434 -1
1700968045.561675 54 1
1700968045.562096 7354 -1
1700968045.562139 54 1
1700968045.563470 1325 -1
1700968045.563520 54 1
1700968045.564087 7354 -1
1700968045.564145 54 1
1700968045.565024 4434 -1
1700968045.565058 54 1
1700968045.565636 7354 -1
1700968045.565688 54 1
1700968045.566923 7354 -1
1700968045.566961 54 1
1700968045.568063 1514 -1
1700968045.568302 5894 -1
1700968045.568437 54 1
1700968045.569141 7354 -1
1700968045.569208 54 1
1700968045.570328 7354 -1
1700968045.570380 54 1
1700968045.572104 2974 -1
1700968045.572104 1514 -1
1700968045.572157 54 1
1700968045.572500 2974 -1
1700968045.572548 54 1
1700968045.572978 7354 -1
1700968045.573026 54 1
1700968045.574275 1514 -1
1700968045.574302 54 1
1700968045.574460 7354 -1
1700968045.574496 54 1
1700968045.575673 5894 -1
1700968045.575714 54 1
1700968045.577225 7354 -1
1700968045.577268 54 1
1700968045.577627 5894 -1
1700968045.577685 54 1
1700968045.578684 2974 -1
1700968045.578725 54 1
1700968045.579454 2974 -1
1700968045.579549 54 1
1700968045.579653 1514 -1
1700968045.579786 5894 -1
1700968045.579834 54 1
1700968045.581529 5894 -1
1700968045.581576 54 1
1700968045.582227 7354 -1
1700968045.582281 54 1
1700968045.583812 7354 -1
1700968045.583853 54 1
1700968045.584650 4434 -1
1700968045.584703 54 1
1700968045.585145 7354 -1
1700968045.585192 54 1
1700968045.586291 2974 -1
1700968045.586434 54 1
1700968045.587433 7354 -1
1700968045.587485 54 1
1700968045.588080 4434 -1
1700968045.588139 54 1
1700968045.588653 1514 -1
1700968045.588653 4434 -1
1700968045.588713 54 1
1700968045.589839 4434 -1
1700968045.589896 54 1
1700968045.590506 7354 -1
1700968045.590565 54 1
1700968045.591295 1514 -1
1700968045.591339 54 1
1700968045.592077 7354 -1
1700968045.592128 54 1
1700968045.593750 5894 -1
1700968045.593791 54 1
1700968045.594303 7354 -1
1700968045.594470 54 1
1700968045.595163 2974 -1
1700968045.595209 54 1
1700968045.596141 7354 -1
1700968045.596200 54 1
1700968045.596858 7354 -1
1700968045.596913 54 1
1700968045.598856 1514 -1
1700968045.598856 7354 -1
1700968045.598933 54 1
1700968045.599761 1514 -1
1700968045.599814 1514 -1
1700968045.599835 54 1
1700968045.600003 5894 -1
1700968045.600063 54 1
1700968045.601525 7354 -1
1700968045.601560 54 1
1700968045.601962 1514 -1
1700968045.602000 54 1
1700968045.602717 7354 -1
1700968045.602764 54 1
1700968045.603865 4434 -1
1700968045.603915 54 1
1700968045.604142 7354 -1
1700968045.604187 54 1
1700968045.605698 4434 -1
1700968045.605738 54 1
1700968045.606075 7354 -1
1700968045.606128 54 1
1700968045.607605 1514 -1
1700968045.607605 1514 -1
1700968045.607660 54 1
1700968045.607955 14654 -1
1700968045.608028 54 1
1700968045.610168 1514 -1
1700968045.610285 54 1
1700968045.610623 2974 -1
1700968045.610758 54 1
1700968045.610897 5894 -1
1700968045.610951 54 1
1700968045.611945 4434 -1
1700968045.611986 54 1
1700968045.612572 1514 -1
1700968045.612616 54 1
1700968045.613628 7354 -1
1700968045.613677 54 1
1700968045.614133 5894 -1
1700968045.614259 54 1
1700968045.615463 5894 -1
1700968045.615516 54 1
1700968045.616503 1514 -1
1700968045.616590 54 1
1700968045.616667 2974 -1
1700968045.616683 54 1
1700968045.616904 7354 -1
1700968045.617004 54 1
1700968045.618573 1514 -1
1700968045.618573 2974 -1
1700968045.618723 54 1
1700968045.618763 7354 -1
1700968045.618883 54 1
1700968045.619861 2974 -1
1700968045.619909 54 1
1700968045.620736 2974 -1
1700968045.620771 54 1
1700968045.620985 1514 -1
1700968045.621022 54 1
1700968045.621060 7354 -1
1700968045.621084 54 1
1700968045.622665 1514 -1
1700968045.622706 54 1
1700968045.622731 1514 -1
1700968045.622731 7354 -1
1700968045.622760 54 1
1700968045.624630 4434 -1
1700968045.624685 54 1
1700968045.625073 2974 -1
1700968045.625101 54 1
1700968045.625458 7354 -1
1700968045.625505 54 1
1700968045.626611 7354 -1
1700968045.626651 54 1
1700968045.628305 2974 -1
1700968045.628652 54 1
1700968045.628710 4434 -1
1700968045.628747 54 1
1700968045.629500 7354 -1
1700968045.629605 54 1
1700968045.630260 785 -1
1700968045.630260 7354 -1
1700968045.630327 54 1
1700968045.631548 5894 -1
1700968045.631586 54 1
1700968045.632707 7354 -1
1700968045.632761 54 1
1700968045.634088 2974 -1
1700968045.634193 54 1
1700968045.634321 7354 -1
1700968045.634360 54 1
1700968045.635474 7354 -1
1700968045.635526 54 1
1700968045.636909 7354 -1
1700968045.636949 54 1
1700968045.637938 1514 -1
1700968045.637983 54 1
1700968045.638088 7354 -1
1700968045.638150 54 1
1700968045.639260 1514 -1
1700968045.639477 54 1
1700968045.639841 7354 -1
1700968045.639897 54 1
1700968045.641062 1514 -1
1700968045.641107 54 1
1700968045.641185 7354 -1
1700968045.641241 54 1
1700968045.642566 4434 -1
1700968045.642616 54 1
1700968045.642759 2974 -1
1700968045.642782 54 1
1700968045.643495 7354 -1
1700968045.643546 54 1
1700968045.644652 1514 -1
1700968045.644761 54 1
1700968045.644788 7354 -1
1700968045.644824 54 1
1700968045.645916 2974 -1
1700968045.646120 54 1
1700968045.646547 2974 -1
1700968045.646592 54 1
1700968045.647440 7354 -1
1700968045.647489 54 1
1700968045.648662 5894 -1
1700968045.648710 54 1
1700968045.649475 2974 -1
1700968045.649504 54 1
1700968045.649708 7354 -1
1700968045.649737 54 1
1700968045.651546 2974 -1
1700968045.651546 1514 -1
1700968045.651580 54 1
1700968045.651665 7354 -1
1700968045.651691 54 1
1700968045.652860 5894 -1
1700968045.652955 54 1
1700968045.653689 5894 -1
1700968045.653721 54 1
1700968045.654769 1514 -1
1700968045.654871 54 1
1700968045.654908 7354 -1
1700968045.654966 54 1
1700968045.656170 2974 -1
1700968045.656223 54 1
1700968045.656859 4434 -1
1700968045.656897 54 1
1700968045.657521 2974 -1
1700968045.657565 54 1
1700968045.658118 5277 -1
1700968045.658147 54 1
1700968047.009714 222 1
1700968047.011202 60 -1
1700968047.012420 223 1
1700968047.015287 60 -1
1700968047.015287 875 -1
1700968047.015848 7354 -1
1700968047.015848 680 -1
1700968047.015939 54 1
1700968047.016645 234 1
1700968047.022060 929 -1
1700968047.022151 7250 -1
1700968047.022210 54 1
1700968047.022837 857 -1
1700968047.022873 4434 -1
1700968047.022891 54 1
1700968047.023121 4383 -1
1700968047.023150 54 1
1700968049.200041 228 1
1700968049.201850 229 1
1700968049.202800 229 1
1700968049.203434 229 1
1700968049.205899 60 -1
1700968049.208080 962 -1
1700968049.208215 6650 -1
1700968049.208272 54 1
1700968049.208788 930 -1
1700968049.208981 7354 -1
1700968049.209035 54 1
1700968049.210032 1514 -1
1700968049.210032 676 -1
1700968049.210032 1051 -1
1700968049.210032 734 -1
1700968049.210089 54 1
1700968049.211267 7287 -1
1700968049.211310 54 1
1700968049.212226 1085 -1
1700968049.212226 683 -1
1700968049.212258 54 1
1700968049.216763 4017 -1
1700968049.216900 54 1
1700968050.808692 225 1
1700968050.810302 224 1
1700968050.811633 223 1
1700968050.811804 60 -1
1700968050.812698 230 1
1700968050.814013 60 -1
1700968050.815990 926 -1
1700968050.815990 4434 -1
1700968050.815990 2913 -1
1700968050.816060 54 1
1700968050.822837 89 1
1700968050.822952 1074 -1
1700968050.822952 735 -1
1700968050.822952 7354 -1
1700968050.822952 1514 -1
1700968050.822952 1514 -1
1700968050.822952 3344 -1
1700968050.822952 6817 -1
1700968050.822952 964 -1
1700968050.822952 8814 -1
1700968050.823046 54 1
1700968050.823306 1929 -1
1700968050.823329 54 1
1700968050.870774 60 -1
1700968052.445833 234 1
1700968052.445929 224 1
1700968052.446842 60 -1
1700968052.446871 60 -1
1700968052.446917 225 1
1700968052.447845 60 -1
1700968052.453997 856 -1
1700968052.453997 5894 -1
1700968052.454102 54 1
1700968052.454346 2160 -1
1700968052.454477 54 1
1700968052.465750 1049 -1
1700968052.465788 54 1
1700968052.465946 733 -1
1700968052.465946 901 -1
1700968052.465946 5119 -1
1700968052.465999 54 1
1700968052.473803 3976 -1
1700968052.473906 54 1
1700968054.839030 54 1
1700968054.841836 78 -1
1700968054.841836 60 -1
1700968054.841909 54 1
1700968055.088399 66 1
1700968055.094697 66 -1
1700968055.094866 54 1
1700968055.095353 966 1
1700968055.096660 60 -1
1700968055.099474 318 -1
1700968055.100731 134 1
1700968055.101106 146 1
1700968055.101506 576 1
1700968055.101601 222 1
1700968055.102997 60 -1
1700968055.102997 60 -1
1700968055.102997 60 -1
1700968055.102997 60 -1
1700968055.102997 341 -1
1700968055.105560 115 -1
1700968055.105560 85 -1
1700968055.105635 54 1
1700968055.106048 85 1
1700968055.107547 60 -1
1700968055.109035 1053 -1
1700968055.109035 733 -1
1700968055.109092 54 1
1700968055.118847 4470 -1
1700968055.118961 54 1
1700968055.120934 1053 -1
1700968055.121413 730 -1
1700968055.121642 54 1
1700968055.127007 7354 -1
1700968055.127007 2084 -1
1700968055.127163 54 1
1700968058.992544 232 1
1700968058.995598 232 1
1700968058.996425 223 1
1700968058.996705 231 1
1700968058.997796 60 -1
1700968058.998041 60 -1
1700968058.998041 60 -1
1700968058.998237 60 -1
1700968059.015000 1080 -1
1700968059.015000 693 -1
1700968059.015000 1012 -1
1700968059.015000 770 -1
1700968059.015000 7014 -1
1700968059.015133 54 1
1700968059.015790 5894 -1
1700968059.015829 54 1
1700968059.015909 3783 -1
1700968059.015929 54 1
1700968059.025306 983 -1
1700968059.025306 818 -1
1700968059.025306 5649 -1
1700968059.026352 54 1
1700968059.036179 1051 -1
1700968059.036179 730 -1
1700968059.036267 54 1
1700968059.036537 4434 -1
1700968059.036579 54 1
1700968059.036628 3064 -1
1700968059.036657 54 1
1700968060.624259 230 1
1700968060.625589 228 1
1700968060.625701 224 1
1700968060.626178 229 1
1700968060.630043 60 -1
1700968060.640093 1053 -1
1700968060.640093 725 -1
1700968060.640241 54 1
1700968060.642058 89 1
1700968060.647167 2974 -1
1700968060.647242 54 1
1700968060.647306 3394 -1
1700968060.647336 54 1
1700968060.650546 1052 -1
1700968060.650546 729 -1
1700968060.650609 54 1
1700968060.653619 3103 -1
1700968060.653669 54 1
1700968060.664525 1085 -1
1700968060.664525 692 -1
1700968060.664599 54 1
1700968060.681866 7354 -1
1700968060.682010 54 1
1700968060.682252 1729 -1
1700968060.682252 1054 -1
1700968060.682328 54 1
1700968060.682384 730 -1
1700968060.683759 7354 -1
1700968060.683802 54 1
1700968060.684196 3753 -1
1700968060.684252 54 1
1700968062.771148 231 1
1700968062.775355 232 1
1700968062.775893 231 1
1700968062.775987 226 1
1700968062.778830 60 -1
1700968062.792016 1082 -1
1700968062.792016 694 -1
1700968062.792121 54 1
1700968062.792192 1048 -1
1700968062.792192 732 -1
1700968062.792221 54 1
1700968062.792852 6365 -1
1700968062.793095 54 1
1700968062.793171 4872 -1
1700968062.793198 54 1
1700968062.814240 1052 -1
1700968062.814240 732 -1
1700968062.814292 54 1
1700968062.817917 981 -1
1700968062.817917 816 -1
1700968062.817917 5131 -1
1700968062.817999 54 1
1700968062.820105 6163 -1
1700968062.820180 54 1
1700968064.399120 232 1
1700968064.400955 222 1
1700968064.401049 224 1
1700968064.401546 231 1
1700968064.407101 60 -1
1700968064.413800 1033 -1
1700968064.413800 734 -1
1700968064.413889 54 1
1700968064.416946 7280 -1
1700968064.417023 54 1
1700968064.423663 931 -1
1700968064.423760 54 1
1700968064.423819 884 -1
1700968064.423819 1056 -1
1700968064.423819 11131 -1
1700968064.423880 54 1
1700968064.430760 729 -1
1700968064.430760 1514 -1
1700968064.430760 7354 -1
1700968064.430760 1087 -1
1700968064.430760 980 -1
1700968064.430760 814 -1
1700968064.430760 7915 -1
1700968064.430973 54 1
1700968064.869945 54 1
1700968064.876143 78 -1
1700968064.876143 60 -1
1700968064.876203 54 1
1700968066.045559 66 1
1700968066.046757 66 -1
1700968066.046825 54 1
1700968066.048107 870 1
1700968066.049257 60 -1
1700968066.050071 318 -1
1700968066.050444 134 1
1700968066.050862 146 1
1700968066.051075 578 1
1700968066.051140 229 1
1700968066.051807 60 -1
1700968066.052199 341 -1
1700968066.052199 60 -1
1700968066.052199 60 -1
1700968066.052199 115 -1
1700968066.052199 85 -1
1700968066.052199 60 -1
1700968066.052269 54 1
1700968066.053561 85 1
1700968066.054779 60 -1
1700968066.057640 1086 -1
1700968066.057697 690 -1
1700968066.057723 54 1
1700968066.057795 2974 -1
1700968066.057811 54 1
1700968066.057878 2140 -1
1700968066.057906 54 1
1700968066.062408 1052 -1
1700968066.062408 731 -1
1700968066.062474 54 1
1700968066.064712 4417 -1
1700968066.064755 54 1
1700968067.665257 230 1
1700968067.666612 230 1
1700968067.666952 60 -1
1700968067.667930 60 -1
1700968067.668577 231 1
1700968067.669821 60 -1
1700968067.671222 230 1
1700968067.672330 60 -1
1700968067.677388 1028 -1
1700968067.677388 764 -1
1700968067.677486 54 1
1700968067.677798 1054 -1
1700968067.677798 728 -1
1700968067.677831 54 1
1700968067.677910 2974 -1
1700968067.677940 54 1
1700968067.678176 6363 -1
1700968067.678246 54 1
1700968067.687885 4434 -1
1700968067.687885 466 -1
1700968067.687885 1054 -1
1700968067.687885 731 -1
1700968067.687885 4613 -1
1700968067.687885 233 -1
1700968067.687885 1050 -1
1700968067.687885 732 -1
1700968067.688022 66 1
1700968067.688078 54 1
1700968067.688513 7354 -1
1700968067.688513 388 -1
1700968067.688599 54 1
1700968070.437293 229 1
1700968070.437382 229 1
1700968070.437782 231 1
1700968070.437909 232 1
1700968070.438672 60 -1
1700968070.440407 60 -1
1700968070.443657 1051 -1
1700968070.443657 729 -1
1700968070.443657 1054 -1
1700968070.443717 54 1
1700968070.443757 4434 -1
1700968070.443773 54 1
1700968070.443871 4073 -1
1700968070.443895 54 1
1700968070.444208 730 -1
1700968070.444231 54 1
1700968070.444264 7354 -1
1700968070.444299 54 1
1700968070.444872 1755 -1
1700968070.444893 54 1
1700968070.445196 1053 -1
1700968070.445196 732 -1
1700968070.445196 5043 -1
1700968070.445222 54 1
1700968070.446444 983 -1
1700968070.446465 54 1
1700968070.446509 806 -1
1700968070.446724 7150 -1
1700968070.446747 54 1
1700968074.525133 230 1
1700968074.527260 231 1
1700968074.527376 223 1
1700968074.528410 60 -1
1700968074.533233 1051 -1
1700968074.533233 732 -1
1700968074.533317 54 1
1700968074.533422 5772 -1
1700968074.533466 54 1
1700968074.536846 978 -1
1700968074.536846 815 -1
1700968074.536846 4779 -1
1700968074.536920 54 1
1700968074.549955 89 1
1700968074.553794 1082 -1
1700968074.553794 692 -1
1700968074.553794 5611 -1
1700968074.553869 54 1
1700968074.885270 54 1
1700968074.892669 78 -1
1700968074.892669 60 -1
1700968074.892774 54 1
1700968076.156309 66 1
1700968076.157350 66 -1
1700968076.157428 54 1
1700968076.158069 966 1
1700968076.160896 60 -1
1700968076.160896 318 -1
1700968076.161460 134 1
1700968076.162367 146 1
1700968076.162437 60 -1
1700968076.162649 341 -1
1700968076.162890 578 1
1700968076.162952 223 1
1700968076.162992 231 1
1700968076.163309 60 -1
1700968076.163482 115 -1
1700968076.163482 85 -1
1700968076.163559 54 1
1700968076.163908 85 1
1700968076.163955 60 -1
1700968076.163955 60 -1
1700968076.164036 60 -1
1700968076.165025 60 -1
1700968076.168713 1051 -1
1700968076.168882 728 -1
1700968076.168882 6803 -1
1700968076.168918 54 1
1700968076.175153 1050 -1
1700968076.175153 732 -1
1700968076.175229 54 1
1700968076.187107 6527 -1
1700968076.187107 1055 -1
1700968076.187107 728 -1
1700968076.187107 7354 -1
1700968076.187107 5917 -1
1700968076.187107 77 -1
1700968076.187297 66 1
1700968078.290870 226 1
1700968078.290957 232 1
1700968078.291056 231 1
1700968078.291922 230 1
1700968078.291981 60 -1
1700968078.293011 232 1
1700968078.294030 60 -1
1700968078.298268 1053 -1
1700968078.298268 722 -1
1700968078.298268 5956 -1
1700968078.298370 54 1
1700968078.300021 1056 -1
1700968078.300021 717 -1
1700968078.300088 54 1
1700968078.300162 7354 -1
1700968078.300219 54 1
1700968078.300328 3011 -1
1700968078.300355 54 1
1700968078.303928 983 -1
1700968078.303928 805 -1
1700968078.303928 11199 -1
1700968078.304035 54 1
1700968078.324190 1049 -1
1700968078.324190 732 -1
1700968078.324190 8040 -1
1700968078.324366 54 1
1700968078.345607 1055 -1
1700968078.345607 732 -1
1700968078.345607 1514 -1
1700968078.345689 54 1
1700968078.346192 7354 -1
1700968078.346255 54 1
1700968078.346311 1362 -1
1700968078.391913 54 1
1700968079.951969 232 1
1700968079.953285 225 1
1700968079.953618 231 1
1700968079.953683 230 1
1700968079.955163 60 -1
1700968079.959147 1060 -1
1700968079.959147 718 -1
1700968079.959147 1514 -1
1700968079.959192 54 1
1700968079.959263 4434 -1
1700968079.959287 54 1
1700968079.959589 7354 -1
1700968079.959616 54 1
1700968079.960164 3088 -1
1700968079.960183 54 1
1700968079.962494 979 -1
1700968079.962494 810 -1
1700968079.962494 2974 -1
1700968079.962544 54 1
1700968079.962620 2166 -1
1700968079.962665 54 1
1700968079.974485 1060 -1
1700968079.974485 14436 -1
1700968079.974485 730 -1
1700968079.974874 66 1
1700968079.974933 54 1
1700968079.986498 1086 -1
1700968079.986498 692 -1
1700968079.986498 5819 -1
1700968079.986875 54 1
1700968081.146047 54 1
