1700989041.365404 66 1
1700989041.379417 66 -1
1700989041.379532 54 1
1700989041.389477 599 1
1700989041.400981 60 -1
1700989041.400981 2779 -1
1700989041.401106 54 1
1700989041.460154 134 1
1700989041.461217 60 -1
1700989041.462490 341 -1
1700989041.462490 341 -1
1700989041.462527 54 1
1700989041.467354 146 1
1700989041.468883 60 -1
1700989041.468883 115 -1
1700989041.468883 85 -1
1700989041.468938 54 1
1700989041.491411 607 1
1700989041.494494 85 1
1700989041.496237 60 -1
1700989041.496237 60 -1
1700989041.497646 859 -1
1700989041.497646 7354 -1
1700989041.497706 54 1
1700989041.498851 2974 -1
1700989041.498897 54 1
1700989041.498959 4434 -1
1700989041.498993 54 1
1700989041.499679 1860 -1
1700989041.499707 54 1
1700989041.504687 7354 -1
1700989041.504758 54 1
1700989041.504818 2974 -1
1700989041.504818 7354 -1
1700989041.504818 2974 -1
1700989041.504818 7354 -1
1700989041.504934 54 1
1700989041.504985 2974 -1
1700989041.505013 54 1
1700989041.505262 1514 -1
1700989041.505262 2974 -1
1700989041.505307 54 1
1700989041.506489 5894 -1
1700989041.506489 4434 -1
1700989041.506568 54 1
1700989041.512502 1514 -1
1700989041.512502 1514 -1
1700989041.512502 4434 -1
1700989041.512502 7354 -1
1700989041.512502 4434 -1
1700989041.512502 7354 -1
1700989041.512502 7354 -1
1700989041.512809 54 1
1700989041.513440 54 1
1700989041.513639 7354 -1
1700989041.513687 54 1
1700989041.514942 1514 -1
1700989041.514942 7354 -1
1700989041.514995 54 1
1700989041.522456 1267 -1
1700989041.541384 204 1
1700989041.546792 977 -1
1700989041.546852 807 -1
1700989041.546874 54 1
1700989041.546959 7354 -1
1700989041.546997 54 1
1700989041.548144 7354 -1
1700989041.548200 54 1
1700989041.549108 1514 -1
1700989041.549221 7354 -1
1700989041.549273 54 1
1700989041.550483 7354 -1
1700989041.550530 54 1
1700989041.552019 1514 -1
1700989041.552070 54 1
1700989041.552404 4434 -1
1700989041.552452 54 1
1700989041.553302 7354 -1
1700989041.553358 54 1
1700989041.554312 2974 -1
1700989041.554338 54 1
1700989041.554553 1514 -1
1700989041.554731 11734 -1
1700989041.554794 54 1
1700989041.556692 4434 -1
1700989041.556731 54 1
1700989041.557558 7354 -1
1700989041.557601 54 1
1700989041.558749 7354 -1
1700989041.558799 54 1
1700989041.560088 1514 -1
1700989041.560194 7354 -1
1700989041.560231 54 1
1700989041.561335 7354 -1
1700989041.561395 54 1
1700989041.562636 2974 -1
1700989041.562675 54 1
1700989041.563160 4434 -1
1700989041.563218 54 1
1700989041.563804 7354 -1
1700989041.563867 54 1
1700989041.565337 5894 -1
1700989041.565405 54 1
1700989041.568300 7354 -1
1700989041.568300 1514 -1
1700989041.568300 4434 -1
1700989041.568300 7354 -1
1700989041.568408 54 1
1700989041.569441 2974 -1
1700989041.569475 54 1
1700989041.569933 5894 -1
1700989041.569995 54 1
1700989041.570416 54 1
1700989041.570896 7354 -1
1700989041.570949 54 1
1700989041.571978 710 -1
1700989041.612028 54 1
1700989041.831757 249 1
1700989041.834500 206 1
1700989041.834826 229 1
1700989041.834947 267 1
1700989041.835549 230 1
1700989041.835997 863 -1
1700989041.835997 16460 -1
1700989041.835997 4434 -1
1700989041.835997 2974 -1
1700989041.836205 54 1
1700989041.836291 7354 -1
1700989041.836337 54 1
1700989041.836908 265 1
1700989041.837427 230 1
1700989041.837523 230 1
1700989041.837640 234 1
1700989041.837791 230 1
1700989041.837885 230 1
1700989041.844779 1891 -1
1700989041.844779 5894 -1
1700989041.844779 4434 -1
1700989041.844779 6302 -1
1700989041.844779 7354 -1
1700989041.844779 4434 -1
1700989041.844779 5894 -1
1700989041.844779 7354 -1
1700989041.844779 4434 -1
1700989041.844779 5894 -1
1700989041.844779 7354 -1
1700989041.844779 1514 -1
1700989041.844779 7354 -1
1700989041.844779 1514 -1
1700989041.844779 60 -1
1700989041.844779 10702 -1
1700989041.844779 2974 -1
1700989041.845119 66 1
1700989041.845167 54 1
1700989041.845221 54 1
1700989041.847344 7354 -1
1700989041.847344 7354 -1
1700989041.847473 54 1
1700989041.847746 2974 -1
1700989041.847779 54 1
1700989041.847894 60 -1
1700989041.848371 7354 -1
1700989041.848422 54 1
1700989041.848899 7354 -1
1700989041.848941 54 1
1700989041.849450 2974 -1
1700989041.849478 54 1
1700989041.849775 7354 -1
1700989041.849831 54 1
1700989041.850308 7354 -1
1700989041.850361 54 1
1700989041.851292 2974 -1
1700989041.851322 54 1
1700989041.851542 7354 -1
1700989041.851573 54 1
1700989041.852355 4434 -1
1700989041.852390 54 1
1700989041.853056 7354 -1
1700989041.853106 54 1
1700989041.854014 5894 -1
1700989041.854050 54 1
1700989041.854821 54 1
1700989041.854836 7354 -1
1700989041.854878 54 1
1700989041.855844 2974 -1
1700989041.855866 54 1
1700989041.856349 4434 -1
1700989041.856381 54 1
1700989041.856721 7354 -1
1700989041.856754 54 1
1700989041.857322 7354 -1
1700989041.857364 54 1
1700989041.857924 4434 -1
1700989041.857957 54 1
1700989041.858289 5894 -1
1700989041.858335 54 1
1700989041.858787 7354 -1
1700989041.858831 54 1
1700989041.859385 7354 -1
1700989041.859430 54 1
1700989041.859980 7354 -1
1700989041.860045 54 1
1700989041.860594 7354 -1
1700989041.860627 54 1
1700989041.861561 7354 -1
1700989041.861617 54 1
1700989041.862068 7354 -1
1700989041.862133 54 1
1700989041.862480 7354 -1
1700989041.862556 54 1
1700989041.863027 2974 -1
1700989041.863062 54 1
1700989041.864106 7354 -1
1700989041.864106 7354 -1
1700989041.864222 54 1
1700989041.864529 7354 -1
1700989041.864602 54 1
1700989041.865149 2974 -1
1700989041.865182 54 1
1700989041.865495 7354 -1
1700989041.865550 54 1
1700989041.866010 1514 -1
1700989041.866037 54 1
1700989041.866133 5894 -1
1700989041.866205 54 1
1700989041.866534 2974 -1
1700989041.866573 54 1
1700989041.866805 7354 -1
1700989041.866858 54 1
1700989041.867427 7354 -1
1700989041.867482 54 1
1700989041.868268 7354 -1
1700989041.868346 54 1
1700989041.868702 7354 -1
1700989041.868778 54 1
1700989041.870564 4434 -1
1700989041.870564 7354 -1
1700989041.870564 7354 -1
1700989041.870702 54 1
1700989041.870854 5894 -1
1700989041.870933 54 1
1700989041.871298 2974 -1
1700989041.871329 54 1
1700989041.871563 7354 -1
1700989041.871653 54 1
1700989041.873209 232 1
1700989041.873317 230 1
1700989041.873400 231 1
1700989041.874508 7354 -1
1700989041.874508 4434 -1
1700989041.874508 1514 -1
1700989041.874508 2974 -1
1700989041.874508 2974 -1
1700989041.874508 7354 -1
1700989041.874508 1514 -1
1700989041.874508 7354 -1
1700989041.874701 66 1
1700989041.874769 74 1
1700989041.874794 74 1
1700989041.874815 74 1
1700989041.874841 74 1
1700989041.887314 2974 -1
1700989041.887314 7354 -1
1700989041.887314 5894 -1
1700989041.887314 7354 -1
1700989041.887314 1346 -1
1700989041.887314 60 -1
1700989041.887314 1514 -1
1700989041.887314 1514 -1
1700989041.887447 74 1
1700989041.887480 74 1
1700989041.887508 74 1
1700989041.887536 74 1
1700989041.887557 74 1
1700989041.887614 66 1
1700989041.888017 54 1
1700989041.891137 54 1
1700989041.892238 2974 -1
1700989041.892311 54 1
1700989041.892394 8814 -1
1700989041.892458 54 1
1700989041.896357 7354 -1
1700989041.896357 4434 -1
1700989041.896357 222 -1
1700989041.896357 10274 -1
1700989041.896357 1514 -1
1700989041.896357 1514 -1
1700989041.896357 2974 -1
1700989041.896357 7354 -1
1700989041.896357 2974 -1
1700989041.896657 54 1
1700989041.896725 7354 -1
1700989041.896816 54 1
1700989041.896956 1514 -1
1700989041.896956 7354 -1
1700989041.897024 54 1
1700989041.897656 4434 -1
1700989041.897706 54 1
1700989041.897905 7354 -1
1700989041.897963 54 1
1700989041.898647 2974 -1
1700989041.898673 54 1
1700989041.898785 1514 -1
1700989041.898827 54 1
1700989041.899025 2974 -1
1700989041.899069 54 1
1700989041.899578 2974 -1
1700989041.899606 54 1
1700989041.899647 7354 -1
1700989041.899722 54 1
1700989041.900365 4434 -1
1700989041.900469 54 1
1700989041.900595 7354 -1
1700989041.900684 54 1
1700989041.901203 4434 -1
1700989041.901366 54 1
1700989041.906442 5894 -1
1700989041.906442 5894 -1
1700989041.906442 7354 -1
1700989041.906442 4434 -1
1700989041.906442 7354 -1
1700989041.906442 4434 -1
1700989041.906442 5894 -1
1700989041.906442 7354 -1
1700989041.906442 4434 -1
1700989041.906442 7354 -1
1700989041.907176 54 1
1700989041.907273 4434 -1
1700989041.907322 54 1
1700989041.915432 2974 -1
1700989041.915432 1514 -1
1700989041.915432 1514 -1
1700989041.915432 5894 -1
1700989041.915432 5894 -1
1700989041.915432 5894 -1
1700989041.915432 7354 -1
1700989041.915432 4434 -1
1700989041.915432 5894 -1
1700989041.915432 7354 -1
1700989041.915432 4434 -1
1700989041.915432 11734 -1
1700989041.915432 7354 -1
1700989041.915432 7354 -1
1700989041.916451 54 1
1700989041.916573 4434 -1
1700989041.916643 54 1
1700989041.916689 4102 -1
1700989041.916755 54 1
1700989041.947533 66 1
1700989041.948780 66 -1
1700989041.948854 54 1
1700989041.973030 572 1
1700989041.978347 60 -1
1700989041.986709 1514 -1
1700989041.986811 1514 -1
1700989041.986811 959 -1
1700989041.986846 54 1
1700989042.086584 54 1
1700989042.096123 134 1
1700989042.097349 7354 -1
1700989042.097349 4434 -1
1700989042.097349 4434 -1
1700989042.097349 1846 -1
1700989042.097349 1514 -1
1700989042.097349 7354 -1
1700989042.097349 2974 -1
1700989042.097349 7354 -1
1700989042.097349 4434 -1
1700989042.097349 7354 -1
1700989042.097349 4434 -1
1700989042.097349 2974 -1
1700989042.097349 7354 -1
1700989042.097349 1514 -1
1700989042.097349 7354 -1
1700989042.097698 54 1
1700989042.110136 4434 -1
1700989042.110136 5894 -1
1700989042.110136 60 -1
1700989042.110136 341 -1
1700989042.110136 341 -1
1700989042.110136 7354 -1
1700989042.110136 4434 -1
1700989042.110136 7354 -1
1700989042.110136 4434 -1
1700989042.110136 7354 -1
1700989042.110136 4434 -1
1700989042.110136 2974 -1
1700989042.110136 8814 -1
1700989042.110136 4434 -1
1700989042.110512 54 1
1700989042.110570 54 1
1700989042.114349 7354 -1
1700989042.114349 5894 -1
1700989042.114535 54 1
1700989042.116517 1514 -1
1700989042.116517 7354 -1
1700989042.116517 2974 -1
1700989042.116562 54 1
1700989042.118621 7354 -1
1700989042.118662 54 1
1700989042.118999 4434 -1
1700989042.119033 54 1
1700989042.129255 1514 -1
1700989042.129255 7354 -1
1700989042.129255 2974 -1
1700989042.129255 7354 -1
1700989042.129255 4080 -1
1700989042.129405 54 1
1700989042.132936 146 1
1700989042.134443 60 -1
1700989042.135427 115 -1
1700989042.135427 85 -1
1700989042.135481 54 1
1700989042.152175 553 1
1700989042.162568 60 -1
1700989042.177834 85 1
1700989042.181021 1123 -1
1700989042.181021 526 -1
1700989042.181021 7354 -1
1700989042.181021 7354 -1
1700989042.181021 7354 -1
1700989042.181021 5894 -1
1700989042.181021 1514 -1
1700989042.181021 7354 -1
1700989042.181021 7354 -1
1700989042.181021 4434 -1
1700989042.181021 2974 -1
1700989042.181021 7354 -1
1700989042.181021 5129 -1
1700989042.181405 54 1
1700989042.228292 60 -1
1700989042.264954 54 1
1700989049.108796 209 1
1700989049.114392 881 -1
1700989049.114392 2933 -1
1700989049.114511 54 1
1700989049.115877 89 1
1700989049.158008 60 -1
1700989049.241581 54 1
1700989049.242775 78 -1
1700989049.242830 54 1
1700989049.242907 60 -1
1700989049.244649 54 1
1700989049.245799 78 -1
1700989049.245839 54 1
1700989049.245937 60 -1
1700989054.133180 66 1
1700989054.141070 66 -1
1700989054.141194 54 1
1700989054.143153 902 1
1700989054.144309 60 -1
1700989054.144690 318 -1
1700989054.145521 134 1
1700989054.145969 146 1
1700989054.146230 585 1
1700989054.146293 266 1
1700989054.148644 60 -1
1700989054.148644 341 -1
1700989054.148644 60 -1
1700989054.148644 60 -1
1700989054.148644 60 -1
1700989054.148644 115 -1
1700989054.148644 85 -1
1700989054.148750 54 1
1700989054.149527 85 1
1700989054.150468 60 -1
1700989054.153207 882 -1
1700989054.153207 7354 -1
1700989054.153282 54 1
1700989054.153723 5661 -1
1700989054.153749 54 1
1700989054.154121 987 -1
1700989054.154309 5894 -1
1700989054.154337 54 1
1700989054.154691 7354 -1
1700989054.154715 54 1
1700989054.155295 4070 -1
1700989054.155335 54 1
1700989054.155713 7354 -1
1700989054.155743 54 1
1700989054.156519 7354 -1
1700989054.156577 54 1
1700989054.156841 1922 -1
1700989054.156892 54 1
1700989054.156993 7354 -1
1700989054.157018 54 1
1700989054.157676 7354 -1
1700989054.157702 54 1
1700989054.158221 1514 -1
1700989054.158267 54 1
1700989054.162539 7354 -1
1700989054.162539 10274 -1
1700989054.162539 2974 -1
1700989054.162539 1514 -1
1700989054.162539 8814 -1
1700989054.162539 7354 -1
1700989054.162539 4434 -1
1700989054.162539 1514 -1
1700989054.162539 4434 -1
1700989054.162539 5894 -1
1700989054.162770 54 1
1700989054.162826 1514 -1
1700989054.162847 54 1
1700989054.163027 2974 -1
1700989054.163053 54 1
1700989054.163208 5894 -1
1700989054.163236 54 1
1700989054.165156 7354 -1
1700989054.165156 5894 -1
1700989054.165156 2974 -1
1700989054.165156 2974 -1
1700989054.165505 54 1
1700989054.166269 2974 -1
1700989054.166269 7354 -1
1700989054.166305 54 1
1700989054.166592 2974 -1
1700989054.166592 2974 -1
1700989054.166592 1514 -1
1700989054.166649 54 1
1700989054.166743 4434 -1
1700989054.166768 54 1
1700989054.167957 2974 -1
1700989054.167957 7354 -1
1700989054.168021 54 1
1700989054.169435 7354 -1
1700989054.169435 5894 -1
1700989054.169435 5894 -1
1700989054.169531 54 1
1700989054.170347 7354 -1
1700989054.170347 7354 -1
1700989054.170429 54 1
1700989054.171022 1514 -1
1700989054.171640 5349 -1
1700989054.171685 54 1
1700989055.776912 229 1
1700989055.778878 60 -1
1700989055.779768 958 -1
1700989055.779768 6055 -1
1700989055.779823 54 1
1700989055.780751 231 1
1700989055.780860 235 1
1700989055.780973 229 1
1700989055.783678 60 -1
1700989055.792415 858 -1
1700989055.792415 1514 -1
1700989055.792415 8814 -1
1700989055.792415 1979 -1
1700989055.792415 929 -1
1700989055.792415 7354 -1
1700989055.792415 1977 -1
1700989055.792415 859 -1
1700989055.792415 5889 -1
1700989055.792629 54 1
1700989057.353693 230 1
1700989057.355136 261 1
1700989057.356971 60 -1
1700989057.357667 229 1
1700989057.358280 933 -1
1700989057.358434 7354 -1
1700989057.358489 54 1
1700989057.358759 231 1
1700989057.358826 6009 -1
1700989057.358849 54 1
1700989057.359467 935 -1
1700989057.359505 54 1
1700989057.359538 7354 -1
1700989057.359571 54 1
1700989057.360010 1514 -1
1700989057.360051 54 1
1700989057.360127 1514 -1
1700989057.360151 54 1
1700989057.360596 6240 -1
1700989057.360629 54 1
1700989057.360773 2974 -1
1700989057.360813 54 1
1700989057.361239 7354 -1
1700989057.361283 54 1
1700989057.361641 4434 -1
1700989057.361683 54 1
1700989057.361995 1891 -1
1700989057.362023 54 1
1700989057.362147 5894 -1
1700989057.362175 54 1
1700989057.362634 7354 -1
1700989057.362668 54 1
1700989057.363345 3382 -1
1700989057.363378 54 1
1700989057.363651 7354 -1
1700989057.363680 54 1
1700989057.364144 7354 -1
1700989057.364178 54 1
1700989057.365203 7354 -1
1700989057.365243 54 1
1700989057.365481 2974 -1
1700989057.365517 54 1
1700989057.370374 1514 -1
1700989057.370374 5894 -1
1700989057.370374 4983 -1
1700989057.370374 927 -1
1700989057.370374 9147 -1
1700989057.370374 979 -1
1700989057.370374 809 -1
1700989057.370374 7808 -1
1700989057.370550 54 1
1700989058.961649 230 1
1700989058.961807 230 1
1700989058.961938 235 1
1700989058.963950 60 -1
1700989058.964470 231 1
1700989058.965853 856 -1
1700989058.965853 7801 -1
1700989058.965853 925 -1
1700989058.965853 8645 -1
1700989058.965945 54 1
1700989058.968674 1056 -1
1700989058.968674 728 -1
1700989058.968674 7354 -1
1700989058.968752 54 1
1700989058.969620 2912 -1
1700989058.969669 54 1
1700989058.969729 1053 -1
1700989058.969729 730 -1
1700989058.969729 1514 -1
1700989058.969729 1514 -1
1700989058.969770 54 1
1700989058.971790 4475 -1
1700989058.971836 54 1
1700989059.262793 54 1
1700989059.265387 78 -1
1700989059.265387 60 -1
1700989059.265427 54 1
1700989061.106048 66 1
1700989061.106943 66 -1
1700989061.107004 54 1
1700989061.108229 934 1
1700989061.109302 60 -1
1700989061.110148 318 -1
1700989061.111000 134 1
1700989061.112424 60 -1
1700989061.112424 341 -1
1700989061.113756 146 1
1700989061.114795 60 -1
1700989061.114795 115 -1
1700989061.114795 85 -1
1700989061.114834 54 1
1700989061.115294 589 1
1700989061.115402 229 1
1700989061.116414 60 -1
1700989061.116414 60 -1
1700989061.116448 85 1
1700989061.117581 60 -1
1700989061.117581 857 -1
1700989061.117581 8406 -1
1700989061.117695 54 1
1700989061.122723 909 -1
1700989061.122723 2974 -1
1700989061.122723 7354 -1
1700989061.122723 6240 -1
1700989061.122723 7354 -1
1700989061.122723 4690 -1
1700989061.122904 54 1
1700989062.678459 234 1
1700989062.678544 234 1
1700989062.678952 234 1
1700989062.679764 234 1
1700989062.680537 60 -1
1700989062.687286 856 -1
1700989062.687286 2974 -1
1700989062.687286 7060 -1
1700989062.687286 901 -1
1700989062.687286 7073 -1
1700989062.687286 978 -1
1700989062.687286 6442 -1
1700989062.687453 54 1
1700989062.689331 932 -1
1700989062.689331 8814 -1
1700989062.689331 7354 -1
1700989062.689331 400 -1
1700989062.689331 7131 -1
1700989062.689431 54 1
1700989064.262106 222 1
1700989064.262208 231 1
1700989064.264093 60 -1
1700989064.264871 932 -1
1700989064.265074 5894 -1
1700989064.265134 54 1
1700989064.265363 236 1
1700989064.265882 232 1
1700989064.265983 1313 -1
1700989064.268056 1004 -1
1700989064.268056 815 -1
1700989064.268121 54 1
1700989064.269162 7354 -1
1700989064.270433 54 1
1700989064.271250 7577 -1
1700989064.271250 985 -1
1700989064.271250 7354 -1
1700989064.271250 827 -1
1700989064.271250 958 -1
1700989064.271250 844 -1
1700989064.271250 7354 -1
1700989064.271368 54 1
1700989064.272984 2185 -1
1700989064.273031 54 1
1700989068.122028 236 1
1700989068.122770 229 1
1700989068.124172 60 -1
1700989068.125577 231 1
1700989068.125646 230 1
1700989068.125728 235 1
1700989068.126070 933 -1
1700989068.126070 11180 -1
1700989068.126141 54 1
1700989068.127147 60 -1
1700989068.127386 89 1
1700989068.129404 910 -1
1700989068.129404 4985 -1
1700989068.129404 1108 -1
1700989068.129404 655 -1
1700989068.129404 931 -1
1700989068.129404 10274 -1
1700989068.129513 54 1
1700989068.130275 4372 -1
1700989068.130318 54 1
1700989068.130608 7354 -1
1700989068.130657 54 1
1700989068.131095 1182 -1
1700989068.131131 54 1
1700989068.132802 1053 -1
1700989068.132802 729 -1
1700989068.132802 4225 -1
1700989068.132870 54 1
1700989069.272358 54 1
1700989069.273785 78 -1
1700989069.273785 60 -1
1700989069.273948 54 1
1700989069.735499 66 1
1700989069.741637 66 -1
1700989069.741757 54 1
1700989069.742344 966 1
1700989069.743567 60 -1
1700989069.744249 318 -1
1700989069.745146 134 1
1700989069.745414 146 1
1700989069.745667 587 1
1700989069.745983 60 -1
1700989069.746163 341 -1
1700989069.746510 60 -1
1700989069.746598 115 -1
1700989069.746598 85 -1
1700989069.746598 60 -1
1700989069.746627 54 1
1700989069.747797 85 1
1700989069.747962 856 -1
1700989069.747962 2974 -1
1700989069.747998 54 1
1700989069.748022 1514 -1
1700989069.748039 54 1
1700989069.748095 4216 -1
1700989069.748114 54 1
1700989069.748730 60 -1
1700989071.322313 232 1
1700989071.323362 60 -1
1700989071.327721 1054 -1
1700989071.327721 730 -1
1700989071.327721 4003 -1
1700989071.327846 54 1
1700989071.329284 230 1
1700989071.329715 235 1
1700989071.330552 60 -1
1700989071.330701 221 1
1700989071.331915 60 -1
1700989071.331915 60 -1
1700989071.332730 928 -1
1700989071.332824 6671 -1
1700989071.332849 54 1
1700989071.335280 879 -1
1700989071.335280 7354 -1
1700989071.335496 54 1
1700989071.335733 1003 -1
1700989071.335896 931 -1
1700989071.335915 54 1
1700989071.335947 7354 -1
1700989071.335984 54 1
1700989071.336458 7354 -1
1700989071.336510 54 1
1700989071.337038 355 -1
1700989071.384337 54 1
1700989073.453495 231 1
1700989073.453983 231 1
1700989073.455235 230 1
1700989073.455801 222 1
1700989073.455985 60 -1
1700989073.456946 908 -1
1700989073.456946 5902 -1
1700989073.457029 54 1
1700989073.457113 60 -1
1700989073.458140 963 -1
1700989073.458240 7354 -1
1700989073.458300 54 1
1700989073.458678 3441 -1
1700989073.458711 54 1
1700989073.459293 961 -1
1700989073.459330 54 1
1700989073.459373 7354 -1
1700989073.459417 54 1
1700989073.465229 7354 -1
1700989073.465229 565 -1
1700989073.465229 928 -1
1700989073.465229 5894 -1
1700989073.465229 4973 -1
1700989073.465368 54 1
1700989075.069680 232 1
1700989075.069799 231 1
1700989075.087190 60 -1
1700989075.087190 932 -1
1700989075.087190 4434 -1
1700989075.087190 1514 -1
1700989075.087190 5627 -1
1700989075.087190 931 -1
1700989075.087190 1514 -1
1700989075.087190 7354 -1
1700989075.087190 3681 -1
1700989075.087353 54 1
1700989075.101606 89 1
1700989075.144061 60 -1
1700989076.732646 232 1
1700989076.733778 60 -1
1700989076.735183 857 -1
1700989076.735297 7354 -1
1700989076.735342 54 1
1700989076.735676 2974 -1
1700989076.735708 54 1
1700989076.735932 6240 -1
1700989076.735957 54 1
1700989076.736495 1507 -1
1700989076.736523 54 1
1700989076.736706 234 1
1700989076.739968 60 -1
1700989076.740708 890 -1
1700989076.740708 6027 -1
1700989076.740771 54 1
1700989076.760542 187 -1
1700989076.760601 66 1
1700989078.353936 235 1
1700989078.355662 222 1
1700989078.355667 60 -1
1700989078.356496 60 -1
1700989078.356626 231 1
1700989078.357675 224 1
1700989078.357831 232 1
1700989078.358820 1085 -1
1700989078.358820 689 -1
1700989078.358820 6715 -1
1700989078.358896 54 1
1700989078.362247 1055 -1
1700989078.362247 729 -1
1700989078.362247 981 -1
1700989078.362324 54 1
1700989078.362386 5500 -1
1700989078.362515 54 1
1700989078.362739 1054 -1
1700989078.362739 729 -1
1700989078.362767 54 1
1700989078.362887 3874 -1
1700989078.362910 54 1
1700989078.363081 4434 -1
1700989078.363104 54 1
1700989078.363591 2769 -1
1700989078.363639 54 1
1700989078.363812 860 -1
1700989078.363812 7354 -1
1700989078.363858 54 1
1700989078.364414 3227 -1
1700989078.364440 54 1
1700989079.296535 54 1
1700989079.298851 78 -1
1700989079.298851 60 -1
1700989079.298904 54 1
1700989080.928288 66 1
1700989080.929616 66 -1
1700989080.929725 54 1
1700989080.930506 902 1
1700989080.931918 60 -1
1700989080.933640 318 -1
1700989080.935055 134 1
1700989080.935768 146 1
1700989080.936026 584 1
1700989080.936054 60 -1
1700989080.936175 341 -1
1700989080.937032 60 -1
1700989080.937032 115 -1
1700989080.937032 85 -1
1700989080.937032 60 -1
1700989080.937083 54 1
1700989080.937707 85 1
1700989080.938745 947 -1
1700989080.938745 7354 -1
1700989080.938803 54 1
1700989080.938907 2060 -1
1700989080.938933 54 1
1700989080.939067 60 -1
1700989080.939685 231 1
1700989080.941024 60 -1
1700989080.944643 1059 -1
1700989080.944643 724 -1
1700989080.944643 7354 -1
1700989080.944690 54 1
1700989080.945844 828 -1
1700989080.945874 54 1
1700989084.395110 223 1
1700989084.395222 234 1
1700989084.395295 235 1
1700989084.395608 230 1
1700989084.397254 60 -1
1700989084.397254 60 -1
1700989084.397254 60 -1
1700989084.397254 60 -1
1700989084.400660 1056 -1
1700989084.400862 728 -1
1700989084.400862 927 -1
1700989084.400862 5894 -1
1700989084.400931 54 1
1700989084.402174 5144 -1
1700989084.402209 54 1
1700989084.402798 7354 -1
1700989084.402827 54 1
1700989084.403779 2650 -1
1700989084.403809 54 1
1700989084.404066 859 -1
1700989084.404066 7354 -1
1700989084.404130 54 1
1700989084.405711 4114 -1
1700989084.405753 54 1
1700989084.406278 1050 -1
1700989084.406278 732 -1
1700989084.406278 7656 -1
1700989084.406317 54 1
1700989086.043845 230 1
1700989086.043981 231 1
1700989086.044115 234 1
1700989086.045824 60 -1
1700989086.047300 960 -1
1700989086.047615 7354 -1
1700989086.047651 54 1
1700989086.049260 1622 -1
1700989086.049285 54 1
1700989086.049311 982 -1
1700989086.049389 4434 -1
1700989086.049432 54 1
1700989086.049866 2828 -1
1700989086.049889 54 1
1700989086.050696 961 -1
1700989086.050754 6983 -1
1700989086.050775 54 1
1700989086.051729 89 1
1700989086.093268 60 -1
1700989088.221782 230 1
1700989088.223443 60 -1
1700989088.225282 259 1
1700989088.225932 231 1
1700989088.226176 258 1
1700989088.227518 60 -1
1700989088.227518 1053 -1
1700989088.227518 731 -1
1700989088.227623 54 1
1700989088.230667 7354 -1
1700989088.230667 1091 -1
1700989088.230667 60 -1
1700989088.230667 60 -1
1700989088.230667 930 -1
1700989088.230667 7595 -1
1700989088.230774 54 1
1700989088.231121 938 -1
1700989088.231147 54 1
1700989088.231211 5894 -1
1700989088.231238 54 1
1700989088.231791 7354 -1
1700989088.231824 54 1
1700989088.232277 3320 -1
1700989088.232315 54 1
1700989088.236336 4434 -1
1700989088.236336 5894 -1
1700989088.236336 6271 -1
1700989088.236336 85 -1
1700989088.236336 7354 -1
1700989088.236336 7354 -1
1700989088.236336 7354 -1
1700989088.236336 7354 -1
1700989088.236608 54 1
1700989088.236760 3697 -1
1700989088.236760 7354 -1
1700989088.236856 54 1
1700989088.237258 5894 -1
1700989088.237302 54 1
1700989088.237783 7354 -1
1700989088.237859 54 1
1700989088.241813 4434 -1
1700989088.241813 7354 -1
1700989088.241813 7354 -1
1700989088.241813 7354 -1
1700989088.241813 7354 -1
1700989088.241813 7354 -1
1700989088.241813 2974 -1
1700989088.242014 54 1
1700989088.242120 7354 -1
1700989088.242144 54 1
1700989088.242756 6504 -1
1700989088.242799 54 1
1700989088.248265 1059 -1
1700989088.248265 720 -1
1700989088.248265 7354 -1
1700989088.248368 54 1
1700989088.248799 7354 -1
1700989088.248843 54 1
1700989088.249395 1860 -1
1700989088.249609 54 1
1700989088.249680 7354 -1
1700989088.249715 54 1
1700989088.250164 7354 -1
1700989088.250198 54 1
1700989088.250747 1891 -1
1700989088.250792 54 1
1700989088.250954 85 -1
1700989088.250954 1514 -1
1700989088.250981 54 1
1700989088.251166 7354 -1
1700989088.251199 54 1
1700989088.251620 7354 -1
1700989088.251654 54 1
1700989088.252238 2974 -1
1700989088.252258 54 1
1700989088.252666 7354 -1
1700989088.252692 54 1
1700989088.253122 2974 -1
1700989088.253146 54 1
1700989088.253614 3697 -1
1700989088.253651 54 1
1700989088.253715 7354 -1
1700989088.253751 54 1
1700989088.254245 7354 -1
1700989088.254300 54 1
1700989088.254953 7354 -1
1700989088.254987 54 1
1700989088.255627 7354 -1
1700989088.255674 54 1
1700989088.257838 7354 -1
1700989088.257838 2974 -1
1700989088.257838 7354 -1
1700989088.257838 7354 -1
1700989088.257985 54 1
1700989088.258153 7354 -1
1700989088.258182 54 1
1700989088.258726 2974 -1
1700989088.258754 54 1
1700989088.259064 7354 -1
1700989088.259104 54 1
1700989088.260156 5894 -1
1700989088.260211 54 1
1700989088.260272 7354 -1
1700989088.260307 54 1
1700989088.260845 7354 -1
1700989088.260904 54 1
1700989088.261384 7354 -1
1700989088.261577 54 1
1700989088.262173 7354 -1
1700989088.262223 54 1
1700989088.262640 7354 -1
1700989088.262722 54 1
1700989088.263237 6831 -1
1700989088.263290 54 1
1700989089.308809 54 1
1700989089.310032 78 -1
1700989089.310032 60 -1
1700989089.310073 54 1
1700989089.846176 66 1
1700989089.847292 66 -1
1700989089.847388 54 1
1700989089.848086 934 1
1700989089.849145 60 -1
1700989089.849998 318 -1
1700989089.854094 134 1
1700989089.855130 60 -1
1700989089.855891 341 -1
1700989089.856329 146 1
1700989089.857241 60 -1
1700989089.857889 115 -1
1700989089.857956 85 -1
1700989089.857981 54 1
1700989089.858658 586 1
1700989089.858780 230 1
1700989089.859078 234 1
1700989089.859288 235 1
1700989089.859863 60 -1
1700989089.859915 60 -1
1700989089.860077 60 -1
1700989089.860283 60 -1
1700989089.860712 85 1
1700989089.861912 60 -1
1700989089.864844 926 -1
1700989089.864844 6918 -1
1700989089.864906 54 1
1700989089.874337 929 -1
1700989089.874337 2974 -1
1700989089.874337 4040 -1
1700989089.874337 1058 -1
1700989089.874337 728 -1
1700989089.874337 932 -1
1700989089.874337 10130 -1
1700989089.874337 1514 -1
1700989089.874337 5894 -1
1700989089.874337 4434 -1
1700989089.874337 1906 -1
1700989089.874337 446 -1
1700989089.874590 66 1
1700989091.461567 223 1
1700989091.462244 222 1
1700989091.462831 232 1
1700989091.463653 234 1
1700989091.475973 60 -1
1700989091.475973 928 -1
1700989091.475973 5845 -1
1700989091.475973 60 -1
1700989091.475973 1005 -1
1700989091.475973 771 -1
1700989091.475973 928 -1
1700989091.475973 9324 -1
1700989091.475973 1514 -1
1700989091.475973 5659 -1
1700989091.475973 928 -1
1700989091.475973 6978 -1
1700989091.476215 54 1
1700989091.478670 1138 -1
1700989091.478717 66 1
1700989093.672484 231 1
1700989093.673153 229 1
1700989093.674744 229 1
1700989093.674874 225 1
1700989093.678426 60 -1
1700989093.678426 963 -1
1700989093.678426 2974 -1
1700989093.678426 3113 -1
1700989093.678426 1081 -1
1700989093.678426 691 -1
1700989093.678426 6990 -1
1700989093.678579 54 1
1700989093.679955 60 -1
1700989093.683195 1085 -1
1700989093.683195 689 -1
1700989093.683195 858 -1
1700989093.683195 7354 -1
1700989093.683313 54 1
1700989093.683489 233 -1
1700989093.683489 5894 -1
1700989093.683558 54 1
1700989093.683870 3554 -1
1700989093.683899 54 1
1700989098.643479 232 1
1700989098.644350 230 1
1700989098.644429 232 1
1700989098.645900 60 -1
1700989098.646758 958 -1
1700989098.646840 7354 -1
1700989098.646882 54 1
1700989098.647304 3921 -1
1700989098.647325 54 1
1700989098.647790 834 -1
1700989098.647790 5894 -1
1700989098.647848 54 1
1700989098.648130 1514 -1
1700989098.648254 1880 -1
1700989098.648271 54 1
1700989098.650796 89 1
1700989098.680950 1057 -1
1700989098.680950 726 -1
1700989098.681037 54 1
1700989098.681680 7354 -1
1700989098.681728 54 1
1700989098.682122 4756 -1
1700989098.682166 54 1
1700989099.318790 54 1
1700989099.319856 78 -1
1700989099.319891 54 1
1700989099.319992 60 -1
1700989100.289493 66 1
1700989100.290777 66 -1
1700989100.290922 54 1
1700989100.291736 902 1
1700989100.293186 60 -1
1700989100.293377 318 -1
1700989100.294281 134 1
1700989100.295427 60 -1
1700989100.298105 341 -1
1700989100.300369 146 1
1700989100.300770 589 1
1700989100.306406 60 -1
1700989100.306468 60 -1
1700989100.307771 115 -1
1700989100.307771 85 -1
1700989100.307823 54 1
1700989100.308175 85 1
1700989100.308282 959 -1
1700989100.308336 54 1
1700989100.308388 7354 -1
1700989100.308431 54 1
1700989100.308841 1060 -1
1700989100.309054 60 -1
1700989100.355739 54 1
1700989101.953562 230 1
1700989101.954966 60 -1
1700989101.956615 230 1
1700989101.956726 224 1
1700989101.957554 222 1
1700989101.957704 60 -1
1700989101.957704 60 -1
1700989101.958480 60 -1
1700989101.972179 1079 -1
1700989101.972179 701 -1
1700989101.972179 1051 -1
1700989101.972179 731 -1
1700989101.972179 1085 -1
1700989101.972179 688 -1
1700989101.972179 8420 -1
1700989101.972340 54 1
1700989101.972496 8527 -1
1700989101.972496 6762 -1
1700989101.972496 2974 -1
1700989101.972496 7354 -1
1700989101.972496 289 -1
1700989101.972614 54 1
1700989104.149382 232 1
1700989104.153663 1052 -1
1700989104.153663 730 -1
1700989104.153663 2974 -1
1700989104.153773 54 1
1700989104.153850 4761 -1
1700989104.153889 54 1
1700989104.155399 232 1
1700989104.155492 224 1
1700989104.158168 60 -1
1700989104.160483 1084 -1
1700989104.160483 689 -1
1700989104.160548 54 1
1700989104.160598 6283 -1
1700989104.160626 54 1
1700989104.161389 957 -1
1700989104.161389 845 -1
1700989104.161435 54 1
1700989104.161490 7354 -1
1700989104.161533 54 1
1700989104.162117 1764 -1
1700989104.162143 54 1
1700989105.773116 224 1
1700989105.773250 231 1
1700989105.773365 232 1
1700989105.773472 222 1
1700989105.773558 231 1
1700989105.802266 60 -1
1700989105.802266 1053 -1
1700989105.802266 731 -1
1700989105.802266 1085 -1
1700989105.802266 686 -1
1700989105.802266 6275 -1
1700989105.802266 7354 -1
1700989105.802266 4767 -1
1700989105.802266 387 -1
1700989105.802466 66 1
1700989105.804461 60 -1
1700989105.805811 89 1
1700989105.812385 1087 -1
1700989105.812385 684 -1
1700989105.812385 7354 -1
1700989105.812385 7142 -1
1700989105.812385 1055 -1
1700989105.812385 4434 -1
1700989105.812385 7354 -1
1700989105.812385 1514 -1
1700989105.812385 62 -1
1700989105.812385 1049 -1
1700989105.812385 732 -1
1700989105.812385 7253 -1
1700989105.812618 54 1
1700989105.853322 60 -1
1700989107.437825 225 1
1700989107.439092 60 -1
1700989107.440361 231 1
1700989107.441520 60 -1
1700989107.444775 1053 -1
1700989107.444959 730 -1
1700989107.444989 54 1
1700989107.445228 6325 -1
1700989107.445264 54 1
1700989107.445310 1046 -1
1700989107.445337 54 1
1700989107.445395 744 -1
1700989107.445480 7163 -1
1700989107.445513 54 1
1700989107.447560 256 1
1700989107.447700 234 1
1700989107.448828 60 -1
1700989107.449882 60 -1
1700989107.452893 1111 -1
1700989107.452893 650 -1
1700989107.452976 54 1
1700989107.453278 7354 -1
1700989107.453308 54 1
1700989107.453880 7354 -1
1700989107.453917 54 1
1700989107.454363 1860 -1
1700989107.454420 54 1
1700989107.454526 4434 -1
1700989107.454572 54 1
1700989107.455046 7354 -1
1700989107.455093 54 1
1700989107.455523 4811 -1
1700989107.455579 54 1
1700989107.467708 85 -1
1700989107.467708 14654 -1
1700989107.467708 5894 -1
1700989107.467708 2974 -1
1700989107.467708 7354 -1
1700989107.467708 2237 -1
1700989107.467708 7354 -1
1700989107.467708 7354 -1
1700989107.467708 7354 -1
1700989107.467708 7354 -1
1700989107.467708 7354 -1
1700989107.467708 2974 -1
1700989107.467708 4434 -1
1700989107.467708 13194 -1
1700989107.467708 7354 -1
1700989107.467708 7354 -1
1700989107.467708 7354 -1
1700989107.467708 7354 -1
1700989107.467708 7354 -1
1700989107.467708 7354 -1
1700989107.467708 3092 -1
1700989107.467708 4434 -1
1700989107.468730 54 1
1700989107.469023 6251 -1
1700989107.469023 411 -1
1700989107.469170 66 1
1700989107.472730 54 1
1700989109.338342 54 1
1700989109.339446 78 -1
1700989109.339446 60 -1
1700989109.339490 54 1
1700989109.671216 66 1
1700989109.672329 66 -1
1700989109.672427 54 1
1700989109.672912 966 1
1700989109.673987 60 -1
1700989109.675880 318 -1
1700989109.676874 134 1
1700989109.677326 146 1
1700989109.677888 579 1
1700989109.677975 236 1
1700989109.678073 231 1
1700989109.678134 230 1
1700989109.679619 60 -1
1700989109.679619 60 -1
1700989109.679619 60 -1
1700989109.679889 60 -1
1700989109.679889 60 -1
1700989109.679889 60 -1
1700989109.679889 341 -1
1700989109.681816 115 -1
1700989109.681816 85 -1
1700989109.681874 54 1
1700989109.682101 85 1
1700989109.683022 224 1
1700989109.684108 1052 -1
1700989109.684108 730 -1
1700989109.684108 1057 -1
1700989109.684108 727 -1
1700989109.684108 6868 -1
1700989109.684218 54 1
1700989109.684603 1085 -1
1700989109.684603 9893 -1
1700989109.684673 54 1
1700989109.686635 688 -1
1700989109.686635 7354 -1
1700989109.686635 1235 -1
1700989109.686635 1161 -1
1700989109.686635 584 -1
1700989109.686635 7354 -1
1700989109.686723 54 1
1700989109.689667 4605 -1
1700989109.689667 60 -1
1700989109.689667 1053 -1
1700989109.689667 729 -1
1700989109.689667 7354 -1
1700989109.689667 2974 -1
1700989109.689667 986 -1
1700989109.689772 54 1
1700989111.802916 231 1
1700989111.803025 230 1
1700989111.803415 230 1
1700989111.803527 222 1
1700989111.803916 60 -1
1700989111.803916 60 -1
1700989111.804749 60 -1
1700989111.804749 60 -1
1700989111.807405 1053 -1
1700989111.807405 729 -1
1700989111.807459 54 1
1700989111.810235 7354 -1
1700989111.810235 1674 -1
1700989111.810235 1052 -1
1700989111.810235 732 -1
1700989111.810319 54 1
1700989111.810358 7354 -1
1700989111.810390 54 1
1700989111.810790 253 -1
1700989111.811062 1086 -1
1700989111.811062 687 -1
1700989111.811062 1083 -1
1700989111.811091 54 1
1700989111.811229 7323 -1
1700989111.811268 54 1
1700989111.811932 687 -1
1700989111.811932 7321 -1
1700989111.811975 54 1
1700989116.118950 236 1
1700989116.119079 220 1
1700989116.119680 231 1
1700989116.119855 257 1
1700989116.119965 60 -1
1700989116.119965 60 -1
1700989116.120793 60 -1
1700989116.120793 60 -1
1700989116.125056 1087 -1
1700989116.125056 687 -1
1700989116.125139 54 1
1700989116.125393 5992 -1
1700989116.125435 54 1
1700989116.125787 1053 -1
1700989116.125812 54 1
1700989116.125849 730 -1
1700989116.126019 66 1
1700989116.126372 4928 -1
1700989116.126406 54 1
1700989116.127117 66 -1
1700989116.127203 54 1
1700989116.127930 959 -1
1700989116.127930 834 -1
1700989116.127930 1054 -1
1700989116.127930 729 -1
1700989116.127930 1514 -1
1700989116.127930 7354 -1
1700989116.128012 54 1
1700989116.128299 7700 -1
1700989116.128345 54 1
1700989116.128449 966 1
1700989116.128975 7354 -1
1700989116.129025 54 1
1700989116.129350 2974 -1
1700989116.129377 54 1
1700989116.132093 6271 -1
1700989116.132093 85 -1
1700989116.132093 7354 -1
1700989116.132093 7354 -1
1700989116.132093 7354 -1
1700989116.132093 3439 -1
1700989116.132275 54 1
1700989116.132336 7354 -1
1700989116.132387 54 1
1700989116.133538 60 -1
1700989116.133538 318 -1
1700989116.133820 89 1
1700989116.134834 7354 -1
1700989116.134834 1514 -1
1700989116.134834 24874 -1
1700989116.134923 54 1
1700989116.135704 8485 -1
1700989116.135779 54 1
1700989116.136384 5894 -1
1700989116.136439 54 1
1700989116.136802 134 1
1700989116.136818 7354 -1
1700989116.136859 54 1
1700989116.137420 9177 -1
1700989116.137475 54 1
1700989116.138174 60 -1
1700989116.138600 341 -1
1700989116.139132 146 1
1700989116.139384 581 1
1700989116.140082 60 -1
1700989116.140342 60 -1
1700989116.143318 115 -1
1700989116.143318 85 -1
1700989116.143364 54 1
1700989116.144044 85 1
1700989116.145181 60 -1
1700989116.150350 5795 -1
1700989116.150350 1075 -1
1700989116.150471 66 1
1700989116.150540 54 1
1700989116.151502 1075 -1
1700989116.151522 66 1
1700989116.177792 60 -1
1700989118.229525 237 1
1700989118.232461 60 -1
1700989118.236321 224 1
1700989118.236870 228 1
1700989118.237357 60 -1
1700989118.237362 220 1
1700989118.240492 1052 -1
1700989118.240492 732 -1
1700989118.240542 54 1
1700989118.240579 2974 -1
1700989118.240579 1914 -1
1700989118.240603 54 1
1700989118.241906 60 -1
1700989118.242075 1083 -1
1700989118.242075 689 -1
1700989118.242075 7012 -1
1700989118.242128 54 1
1700989118.244119 1045 -1
1700989118.244223 7354 -1
1700989118.244250 54 1
1700989118.245056 1710 -1
1700989118.245083 54 1
1700989118.251912 1075 -1
1700989118.251912 6210 -1
1700989118.251992 54 1
1700989119.344266 54 1
1700989119.344693 54 1
1700989119.345875 78 -1
1700989119.345898 54 1
1700989119.345917 78 -1
1700989119.345917 60 -1
1700989119.345931 60 -1
1700989119.346027 54 1
1700989119.905413 66 1
1700989119.906441 66 -1
1700989119.906588 54 1
1700989119.907954 902 1
1700989119.908995 60 -1
1700989119.909837 318 -1
1700989119.911053 134 1
1700989119.911586 146 1
1700989119.912374 585 1
1700989119.912484 228 1
1700989119.912561 227 1
1700989119.912852 229 1
1700989119.912939 229 1
1700989119.913259 60 -1
1700989119.913259 341 -1
1700989119.914175 60 -1
1700989119.914175 60 -1
1700989119.914175 60 -1
1700989119.914175 60 -1
1700989119.914175 60 -1
1700989119.914175 60 -1
1700989119.915841 115 -1
1700989119.915841 85 -1
1700989119.916083 54 1
1700989119.916454 85 1
1700989119.917415 60 -1
1700989119.918294 1011 -1
1700989119.918294 4324 -1
1700989119.918390 54 1
1700989119.918517 1043 -1
1700989119.918556 6622 -1
1700989119.918620 54 1
1700989119.919096 1046 -1
1700989119.919175 5955 -1
1700989119.919215 54 1
1700989119.921411 1158 -1
1700989119.921411 491 -1
1700989119.921472 54 1
1700989119.929468 1045 -1
1700989119.929468 3836 -1
1700989119.929468 7354 -1
1700989119.929468 7354 -1
1700989119.929468 1860 -1
1700989119.929468 1433 -1
1700989119.929627 54 1
1700989121.078023 54 1
1700989121.079994 78 -1
1700989121.079994 60 -1
1700989121.080122 54 1
1700989121.548292 66 1
1700989121.549334 66 -1
1700989121.549406 54 1
1700989121.550097 870 1
1700989121.551057 60 -1
1700989121.551594 318 -1
1700989121.555822 134 1
1700989121.556192 146 1
1700989121.556760 584 1
1700989121.556928 227 1
1700989121.557025 60 -1
1700989121.557064 341 -1
1700989121.557118 229 1
1700989121.557258 229 1
1700989121.557424 60 -1
1700989121.557424 115 -1
1700989121.557424 85 -1
1700989121.557455 54 1
1700989121.557479 227 1
1700989121.558580 85 1
1700989121.559273 60 -1
1700989121.559273 60 -1
1700989121.559273 60 -1
1700989121.559273 60 -1
1700989121.559273 60 -1
1700989121.559566 60 -1
1700989121.562318 1046 -1
1700989121.562515 5894 -1
1700989121.562555 54 1
1700989121.562794 4427 -1
1700989121.562840 54 1
1700989121.563138 1072 -1
1700989121.563373 8814 -1
1700989121.563401 54 1
1700989121.564196 714 -1
1700989121.564196 1075 -1
1700989121.564196 5771 -1
1700989121.564238 54 1
1700989121.565191 1036 -1
1700989121.565191 6806 -1
1700989121.565233 54 1
1700989121.565276 1076 -1
1700989121.565293 54 1
1700989121.566226 6412 -1
1700989121.566265 54 1
1700989123.159788 229 1
1700989123.159942 228 1
1700989123.161245 60 -1
1700989123.161245 60 -1
1700989123.161418 227 1
1700989123.161841 228 1
1700989123.161936 231 1
1700989123.162385 60 -1
1700989123.162935 60 -1
1700989123.162935 60 -1
1700989123.179016 1065 -1
1700989123.179016 7709 -1
1700989123.179016 1043 -1
1700989123.179016 7168 -1
1700989123.179016 1074 -1
1700989123.179016 8089 -1
1700989123.179016 1044 -1
1700989123.179016 4434 -1
1700989123.179016 2097 -1
1700989123.179016 1074 -1
1700989123.179016 5856 -1
1700989123.179016 1476 -1
1700989123.179257 66 1
1700989125.347506 229 1
1700989125.347630 230 1
1700989125.347732 228 1
1700989125.347812 227 1
1700989125.348260 229 1
1700989125.349453 60 -1
1700989125.359535 1041 -1
1700989125.359535 7400 -1
1700989125.359653 54 1
1700989125.360009 1073 -1
1700989125.360009 2912 -1
1700989125.360047 54 1
1700989125.360188 1066 -1
1700989125.360279 7354 -1
1700989125.360309 54 1
1700989125.360893 279 -1
1700989125.361822 1043 -1
1700989125.361822 5894 -1
1700989125.361871 54 1
1700989125.362214 2783 -1
1700989125.362233 54 1
1700989125.362438 1063 -1
1700989125.362599 2974 -1
1700989125.362690 54 1
1700989125.362761 4705 -1
1700989125.362791 54 1
1700989127.699165 220 1
1700989127.699294 223 1
1700989127.702475 60 -1
1700989127.703522 219 1
1700989127.703632 226 1
1700989127.704172 227 1
1700989127.704243 1068 -1
1700989127.704243 4434 -1
1700989127.704307 54 1
1700989127.704399 5650 -1
1700989127.704431 54 1
1700989127.705880 1042 -1
1700989127.705880 2974 -1
1700989127.705880 5232 -1
1700989127.705880 60 -1
1700989127.705953 54 1
1700989127.709115 1042 -1
1700989127.709115 5228 -1
1700989127.709182 54 1
1700989127.710005 1074 -1
1700989127.710005 6457 -1
1700989127.710051 54 1
1700989127.710157 1066 -1
1700989127.710272 8599 -1
1700989127.710350 54 1
1700989127.713632 89 1
1700989127.755411 60 -1
1700989129.364349 54 1
1700989129.366365 78 -1
1700989129.366365 60 -1
1700989129.366427 54 1
