1700990874.312155 66 1
1700990874.313670 66 -1
1700990874.313762 54 1
1700990874.314591 599 1
1700990874.316129 60 -1
1700990874.324362 2778 -1
1700990874.324405 54 1
1700990874.342776 134 1
1700990874.343924 60 -1
1700990874.344521 341 -1
1700990874.344521 341 -1
1700990874.344552 54 1
1700990874.353256 146 1
1700990874.354339 60 -1
1700990874.354339 115 -1
1700990874.354339 85 -1
1700990874.354410 54 1
1700990874.354690 561 1
1700990874.356429 60 -1
1700990874.357021 85 1
1700990874.360509 60 -1
1700990874.361519 978 -1
1700990874.361622 807 -1
1700990874.361646 54 1
1700990874.362555 7354 -1
1700990874.362608 54 1
1700990874.365706 1860 -1
1700990874.365755 66 1
1700990874.365797 7354 -1
1700990874.365850 54 1
1700990874.367016 85 -1
1700990874.367016 10274 -1
1700990874.367127 54 1
1700990874.368575 6240 -1
1700990874.368625 54 1
1700990874.370403 14654 -1
1700990874.370481 54 1
1700990874.372343 1922 -1
1700990874.372343 10274 -1
1700990874.372429 54 1
1700990874.374025 5894 -1
1700990874.374085 54 1
1700990874.383649 7354 -1
1700990874.383649 7354 -1
1700990874.383768 54 1
1700990874.421539 5894 -1
1700990874.421539 7354 -1
1700990874.421539 7354 -1
1700990874.421539 5894 -1
1700990874.421539 7354 -1
1700990874.421539 7354 -1
1700990874.421539 2974 -1
1700990874.421539 7354 -1
1700990874.421539 7354 -1
1700990874.421539 7354 -1
1700990874.421539 6910 -1
1700990874.421539 1070 -1
1700990874.422054 66 1
1700990874.425930 54 1
1700990874.847055 210 1
1700990874.847218 250 1
1700990874.847380 207 1
1700990874.847506 206 1
1700990874.847705 207 1
1700990874.848049 206 1
1700990874.848145 228 1
1700990874.848293 230 1
1700990874.848432 60 -1
1700990874.848618 266 1
1700990874.849199 60 -1
1700990874.849649 229 1
1700990874.849809 234 1
1700990874.850115 231 1
1700990874.850225 234 1
1700990874.850524 232 1
1700990874.850668 231 1
1700990874.850877 229 1
1700990874.850921 60 -1
1700990874.851061 229 1
1700990874.851593 60 -1
1700990874.854191 891 -1
1700990874.854260 7354 -1
1700990874.854301 54 1
1700990874.854788 2974 -1
1700990874.854818 54 1
1700990874.855033 6240 -1
1700990874.855088 54 1
1700990874.861650 7354 -1
1700990874.861650 7354 -1
1700990874.861650 1891 -1
1700990874.861650 4434 -1
1700990874.861650 7354 -1
1700990874.861650 4842 -1
1700990874.861650 7354 -1
1700990874.861650 7354 -1
1700990874.861650 7354 -1
1700990874.861650 16114 -1
1700990874.862149 54 1
1700990874.862216 7354 -1
1700990874.862276 54 1
1700990874.863496 54 1
1700990874.863833 54 1
1700990874.864317 4074 -1
1700990874.864317 7354 -1
1700990874.864317 7354 -1
1700990874.864317 5894 -1
1700990874.864453 54 1
1700990874.875745 66 1
1700990874.887177 66 -1
1700990874.887297 54 1
1700990874.888207 7354 -1
1700990874.888207 5188 -1
1700990874.888207 5894 -1
1700990874.888207 7354 -1
1700990874.888207 5894 -1
1700990874.888207 14654 -1
1700990874.888207 7354 -1
1700990874.888207 7354 -1
1700990874.888207 7354 -1
1700990874.888207 7354 -1
1700990874.888207 1514 -1
1700990874.888207 7354 -1
1700990874.888207 14654 -1
1700990874.888207 5894 -1
1700990874.888207 7354 -1
1700990874.888207 1514 -1
1700990874.888207 2974 -1
1700990874.888207 7354 -1
1700990874.888207 27794 -1
1700990874.888207 4434 -1
1700990874.888207 5894 -1
1700990874.888207 7354 -1
1700990874.888207 2974 -1
1700990874.888207 1514 -1
1700990874.888207 4623 -1
1700990874.888207 5894 -1
1700990874.888207 7354 -1
1700990874.888207 10274 -1
1700990874.888207 7354 -1
1700990874.889496 54 1
1700990874.889919 54 1
1700990874.890180 663 1
1700990874.890340 54 1
1700990874.895389 4434 -1
1700990874.895389 2974 -1
1700990874.895389 7354 -1
1700990874.895389 1514 -1
1700990874.895389 2974 -1
1700990874.895526 54 1
1700990874.898435 14654 -1
1700990874.898435 14654 -1
1700990874.898613 54 1
1700990874.909593 7354 -1
1700990874.909593 7354 -1
1700990874.909593 7354 -1
1700990874.909593 7354 -1
1700990874.909593 7354 -1
1700990874.909593 7354 -1
1700990874.909593 5894 -1
1700990874.909593 7354 -1
1700990874.909593 7354 -1
1700990874.909593 7354 -1
1700990874.909593 7354 -1
1700990874.909593 7354 -1
1700990874.909593 7354 -1
1700990874.909593 7354 -1
1700990874.909593 7354 -1
1700990874.910479 54 1
1700990874.910601 5894 -1
1700990874.910653 54 1
1700990874.910690 54 1
1700990874.912174 7354 -1
1700990874.912174 7354 -1
1700990874.912250 60 -1
1700990874.912269 54 1
1700990874.912401 7354 -1
1700990874.912454 54 1
1700990874.912809 1514 -1
1700990874.920500 1514 -1
1700990874.920500 958 -1
1700990874.920569 7354 -1
1700990874.920569 7354 -1
1700990874.920661 54 1
1700990874.920569 7354 -1
1700990874.920569 7354 -1
1700990874.920569 7354 -1
1700990874.920569 5894 -1
1700990874.920569 2974 -1
1700990874.920569 7354 -1
1700990874.920569 7354 -1
1700990874.920569 4434 -1
1700990874.921134 54 1
1700990874.921205 7354 -1
1700990874.921279 54 1
1700990874.921743 5894 -1
1700990874.921859 54 1
1700990874.923263 7354 -1
1700990874.923468 54 1
1700990874.923613 7354 -1
1700990874.923667 54 1
1700990874.925346 1514 -1
1700990874.925346 5894 -1
1700990874.925346 10274 -1
1700990874.925500 54 1
1700990874.926746 134 1
1700990874.929115 146 1
1700990874.929431 551 1
1700990874.931572 60 -1
1700990874.931572 60 -1
1700990874.931572 60 -1
1700990874.931714 341 -1
1700990874.931714 341 -1
1700990874.931764 54 1
1700990874.933580 19034 -1
1700990874.933580 7354 -1
1700990874.933580 7354 -1
1700990874.933580 7354 -1
1700990874.933580 7354 -1
1700990874.933580 2974 -1
1700990874.933580 7354 -1
1700990874.933580 5894 -1
1700990874.933580 7354 -1
1700990874.933580 7354 -1
1700990874.933580 7354 -1
1700990874.933580 26334 -1
1700990874.934640 54 1
1700990874.934651 54 1
1700990874.935202 115 -1
1700990874.935202 85 -1
1700990874.935196 7354 -1
1700990874.935249 54 1
1700990874.935253 54 1
1700990874.935725 85 1
1700990874.937321 1124 -1
1700990874.937321 527 -1
1700990874.937321 60 -1
1700990874.937383 54 1
1700990874.938220 7354 -1
1700990874.938291 54 1
1700990874.938734 7354 -1
1700990874.938820 54 1
1700990874.939244 7354 -1
1700990874.939244 1514 -1
1700990874.939244 7354 -1
1700990874.939244 7354 -1
1700990874.939244 2974 -1
1700990874.939449 54 1
1700990874.939499 7354 -1
1700990874.939570 54 1
1700990874.939884 7354 -1
1700990874.939950 54 1
1700990874.940534 7354 -1
1700990874.940595 54 1
1700990874.941225 7354 -1
1700990874.941310 54 1
1700990874.941920 7354 -1
1700990874.941981 54 1
1700990874.942361 7354 -1
1700990874.942440 54 1
1700990874.942901 7354 -1
1700990874.942990 54 1
1700990874.943525 1514 -1
1700990874.943684 7354 -1
1700990874.943742 54 1
1700990874.944455 7354 -1
1700990874.944538 54 1
1700990874.945611 7354 -1
1700990874.945693 54 1
1700990874.946458 1514 -1
1700990874.946500 54 1
1700990874.946646 7354 -1
1700990874.946725 54 1
1700990874.947267 1514 -1
1700990874.947305 54 1
1700990874.947343 4434 -1
1700990874.947384 54 1
1700990874.947606 7354 -1
1700990874.947661 54 1
1700990874.948298 5894 -1
1700990874.948359 54 1
1700990874.948698 7354 -1
1700990874.948755 54 1
1700990874.949287 7354 -1
1700990874.949319 54 1
1700990874.949910 4434 -1
1700990874.949966 54 1
1700990874.950302 7354 -1
1700990874.950371 54 1
1700990874.950925 7354 -1
1700990874.951017 54 1
1700990874.951260 1514 -1
1700990874.951260 7354 -1
1700990874.951260 2208 -1
1700990874.951337 54 1
1700990874.951506 5894 -1
1700990874.951571 54 1
1700990874.951951 7354 -1
1700990874.952020 54 1
1700990874.953056 36554 -1
1700990874.953211 54 1
1700990874.955623 7354 -1
1700990874.955710 54 1
1700990874.956321 7354 -1
1700990874.956382 54 1
1700990874.956802 7354 -1
1700990874.956855 54 1
1700990874.957412 5894 -1
1700990874.957464 54 1
1700990874.963373 7354 -1
1700990874.963373 7354 -1
1700990874.963373 1514 -1
1700990874.963373 7354 -1
1700990874.963373 4434 -1
1700990874.963373 2974 -1
1700990874.963373 2974 -1
1700990874.963373 2974 -1
1700990874.963373 2974 -1
1700990874.963373 2974 -1
1700990874.963373 2974 -1
1700990874.963373 2974 -1
1700990874.963373 1514 -1
1700990874.963373 1514 -1
1700990874.963373 2974 -1
1700990874.963373 2974 -1
1700990874.963373 2974 -1
1700990874.963373 2974 -1
1700990874.963373 1514 -1
1700990874.963700 66 1
1700990874.963767 54 1
1700990874.963834 54 1
1700990874.964790 2974 -1
1700990874.964790 2974 -1
1700990874.964790 2974 -1
1700990874.964790 2974 -1
1700990874.964790 2974 -1
1700990874.964790 2974 -1
1700990874.964790 2974 -1
1700990874.964865 54 1
1700990874.965423 2974 -1
1700990874.965423 2974 -1
1700990874.965458 54 1
1700990874.965663 2974 -1
1700990874.965707 54 1
1700990874.965749 2974 -1
1700990874.965772 54 1
1700990874.966626 2974 -1
1700990874.966626 2974 -1
1700990874.966626 2974 -1
1700990874.966676 54 1
1700990874.966714 2974 -1
1700990874.966734 54 1
1700990874.967681 2974 -1
1700990874.967741 54 1
1700990874.967951 2974 -1
1700990874.967951 2974 -1
1700990874.967951 2974 -1
1700990874.967951 2974 -1
1700990874.968041 54 1
1700990874.968238 2974 -1
1700990874.968267 54 1
1700990874.968353 2974 -1
1700990874.968386 54 1
1700990874.968960 2974 -1
1700990874.968960 2974 -1
1700990874.968996 54 1
1700990874.969236 4434 -1
1700990874.969279 54 1
1700990874.969459 5894 -1
1700990874.969488 54 1
1700990874.974289 10274 -1
1700990874.974289 7354 -1
1700990874.974289 2974 -1
1700990874.974289 7354 -1
1700990874.974289 2974 -1
1700990874.974289 7354 -1
1700990874.974289 2974 -1
1700990874.974289 7354 -1
1700990874.974592 54 1
1700990874.983453 7354 -1
1700990874.983453 2974 -1
1700990874.983453 7354 -1
1700990874.983453 2974 -1
1700990874.983453 7354 -1
1700990874.983453 2974 -1
1700990874.983453 2974 -1
1700990874.983453 7354 -1
1700990874.983453 7354 -1
1700990874.983453 2974 -1
1700990874.983453 7354 -1
1700990874.983453 2974 -1
1700990874.983453 2974 -1
1700990874.983453 2974 -1
1700990874.983453 7354 -1
1700990874.983453 7354 -1
1700990874.983453 2974 -1
1700990874.983453 7354 -1
1700990874.983453 2974 -1
1700990874.983906 54 1
1700990874.984299 54 1
1700990874.984636 7354 -1
1700990874.984636 2974 -1
1700990874.984636 7354 -1
1700990874.984722 54 1
1700990874.984807 2974 -1
1700990874.984832 54 1
1700990874.987289 10274 -1
1700990874.987289 2974 -1
1700990874.987289 7354 -1
1700990874.987289 2974 -1
1700990874.987402 54 1
1700990874.987451 1514 -1
1700990874.987468 54 1
1700990874.987524 7354 -1
1700990874.987564 54 1
1700990874.987973 1514 -1
1700990874.987994 54 1
1700990874.988492 54 1
1700990874.988635 7354 -1
1700990874.988688 54 1
1700990874.988754 54 1
1700990874.989156 2974 -1
1700990874.989181 54 1
1700990874.989552 10274 -1
1700990874.989599 54 1
1700990874.990285 54 1
1700990874.990374 5894 -1
1700990874.990427 54 1
1700990874.990656 4434 -1
1700990874.990693 54 1
1700990874.991557 10274 -1
1700990874.991604 54 1
1700990874.992408 1514 -1
1700990874.992512 1514 -1
1700990874.992512 7354 -1
1700990874.992553 54 1
1700990874.993251 5894 -1
1700990874.993294 54 1
1700990874.999388 7354 -1
1700990874.999388 4434 -1
1700990874.999388 1514 -1
1700990874.999388 2974 -1
1700990874.999388 7354 -1
1700990874.999388 2974 -1
1700990874.999388 7354 -1
1700990874.999388 5894 -1
1700990874.999388 4434 -1
1700990874.999388 1514 -1
1700990874.999388 5894 -1
1700990874.999388 7354 -1
1700990874.999388 5894 -1
1700990874.999388 5894 -1
1700990874.999667 54 1
1700990874.999742 7354 -1
1700990874.999798 54 1
1700990875.000183 7354 -1
1700990875.000207 54 1
1700990875.000545 54 1
1700990875.000640 5894 -1
1700990875.000664 54 1
1700990875.000778 54 1
1700990875.001772 5894 -1
1700990875.001772 4434 -1
1700990875.001808 54 1
1700990875.001991 2974 -1
1700990875.002025 54 1
1700990875.002195 7354 -1
1700990875.002218 54 1
1700990875.002840 4434 -1
1700990875.002868 54 1
1700990875.003196 13194 -1
1700990875.003262 54 1
1700990875.004247 7354 -1
1700990875.004282 54 1
1700990875.004843 5894 -1
1700990875.004875 54 1
1700990875.010912 7354 -1
1700990875.010912 1514 -1
1700990875.010912 1514 -1
1700990875.010912 2974 -1
1700990875.010912 2974 -1
1700990875.010912 7354 -1
1700990875.010912 1514 -1
1700990875.010912 7354 -1
1700990875.010912 4434 -1
1700990875.010912 748 -1
1700990875.010912 7354 -1
1700990875.010912 4434 -1
1700990875.010912 2642 -1
1700990875.011158 54 1
1700990875.128188 208 1
1700990875.130973 881 -1
1700990875.130973 2933 -1
1700990875.131056 54 1
1700990880.710906 54 1
1700990880.717206 54 1
1700990880.721260 78 -1
1700990880.721260 60 -1
1700990880.721419 54 1
1700990880.731673 78 -1
1700990880.731673 60 -1
1700990880.731755 54 1
1700990880.739580 60 -1
1700990885.465325 66 1
1700990885.467743 66 -1
1700990885.468056 54 1
1700990885.471280 902 1
1700990885.474644 60 -1
1700990885.474869 318 -1
1700990885.480155 134 1
1700990885.484670 146 1
1700990885.485391 587 1
1700990885.485505 234 1
1700990885.485606 231 1
1700990885.487719 60 -1
1700990885.487719 341 -1
1700990885.489551 60 -1
1700990885.489551 60 -1
1700990885.489551 60 -1
1700990885.489551 60 -1
1700990885.493655 115 -1
1700990885.493655 85 -1
1700990885.493655 1005 -1
1700990885.493655 778 -1
1700990885.493655 984 -1
1700990885.493655 806 -1
1700990885.493927 54 1
1700990885.494001 1052 -1
1700990885.494001 4434 -1
1700990885.494049 54 1
1700990885.495566 7888 -1
1700990885.495680 54 1
1700990885.497225 85 1
1700990885.499537 727 -1
1700990885.499537 7354 -1
1700990885.499537 6687 -1
1700990885.500090 54 1
1700990885.500481 7354 -1
1700990885.500536 54 1
1700990885.504561 5391 -1
1700990885.504867 54 1
1700990885.505730 60 -1
1700990888.142040 230 1
1700990888.142984 232 1
1700990888.143088 229 1
1700990888.143603 229 1
1700990888.143692 228 1
1700990888.143992 60 -1
1700990888.145856 60 -1
1700990888.145856 60 -1
1700990888.145856 60 -1
1700990888.145856 60 -1
1700990888.147114 1081 -1
1700990888.147114 691 -1
1700990888.147167 54 1
1700990888.147208 5449 -1
1700990888.147259 54 1
1700990888.148768 1052 -1
1700990888.148768 732 -1
1700990888.148768 983 -1
1700990888.148768 808 -1
1700990888.148768 8630 -1
1700990888.148893 54 1
1700990888.149381 9983 -1
1700990888.149424 54 1
1700990888.150309 981 -1
1700990888.150526 54 1
1700990888.150562 7354 -1
1700990888.150608 54 1
1700990888.150830 4930 -1
1700990888.150878 54 1
1700990888.152398 982 -1
1700990888.152398 813 -1
1700990888.152449 54 1
1700990888.152609 5161 -1
1700990888.152649 54 1
1700990889.730705 229 1
1700990889.730795 230 1
1700990889.730861 230 1
1700990889.731791 60 -1
1700990889.738347 1047 -1
1700990889.738620 733 -1
1700990889.738643 54 1
1700990889.740706 6931 -1
1700990889.740757 54 1
1700990889.742036 1056 -1
1700990889.742060 54 1
1700990889.742207 726 -1
1700990889.745027 7354 -1
1700990889.745084 54 1
1700990889.746855 5368 -1
1700990889.746920 54 1
1700990889.748072 1050 -1
1700990889.748409 732 -1
1700990889.748428 54 1
1700990889.750421 7354 -1
1700990889.750462 54 1
1700990889.751615 1200 -1
1700990889.751646 54 1
1700990890.718083 54 1
1700990890.721260 78 -1
1700990890.721260 60 -1
1700990890.721289 54 1
1700990891.324111 66 1
1700990891.325486 66 -1
1700990891.325575 54 1
1700990891.326744 966 1
1700990891.327679 60 -1
1700990891.328709 318 -1
1700990891.329259 134 1
1700990891.330197 146 1
1700990891.330563 586 1
1700990891.330635 230 1
1700990891.330792 60 -1
1700990891.331096 341 -1
1700990891.331556 60 -1
1700990891.331590 115 -1
1700990891.331590 85 -1
1700990891.331627 54 1
1700990891.331752 85 1
1700990891.331807 60 -1
1700990891.331852 60 -1
1700990891.333141 60 -1
1700990891.335737 979 -1
1700990891.335737 813 -1
1700990891.335782 54 1
1700990891.335822 7073 -1
1700990891.335856 54 1
1700990891.341430 1052 -1
1700990891.341430 730 -1
1700990891.341430 7395 -1
1700990891.341547 54 1
1700990893.448954 231 1
1700990893.449075 231 1
1700990893.449152 229 1
1700990893.450739 60 -1
1700990893.450739 60 -1
1700990893.450739 60 -1
1700990893.455043 1072 -1
1700990893.455043 700 -1
1700990893.455043 982 -1
1700990893.455043 810 -1
1700990893.455124 54 1
1700990893.455189 14654 -1
1700990893.455252 54 1
1700990893.459346 1860 -1
1700990893.459346 865 -1
1700990893.459346 5319 -1
1700990893.459346 980 -1
1700990893.459346 809 -1
1700990893.459346 7354 -1
1700990893.459346 382 -1
1700990893.459479 54 1
1700990895.024970 231 1
1700990895.025064 232 1
1700990895.026960 234 1
1700990895.028636 60 -1
1700990895.029959 1052 -1
1700990895.029959 731 -1
1700990895.030005 54 1
1700990895.030104 1514 -1
1700990895.030237 1514 -1
1700990895.030237 5736 -1
1700990895.030308 54 1
1700990895.030603 230 1
1700990895.030692 229 1
1700990895.031952 60 -1
1700990895.034675 1055 -1
1700990895.034675 726 -1
1700990895.034764 54 1
1700990895.035604 1024 -1
1700990895.035604 773 -1
1700990895.035604 7354 -1
1700990895.035693 54 1
1700990895.035969 7354 -1
1700990895.036024 54 1
1700990895.036576 1860 -1
1700990895.036617 54 1
1700990895.036783 6490 -1
1700990895.036825 54 1
1700990895.037415 6385 -1
1700990895.037453 54 1
1700990895.037800 979 -1
1700990895.037862 813 -1
1700990895.037886 54 1
1700990895.037958 1101 -1
1700990895.038015 659 -1
1700990895.038033 54 1
1700990895.038063 5868 -1
1700990895.038103 54 1
1700990895.038573 9252 -1
1700990895.038604 54 1
1700990896.638926 224 1
1700990896.645502 231 1
1700990896.645737 230 1
1700990896.645862 1003 -1
1700990896.645862 815 -1
1700990896.645862 11734 -1
1700990896.645987 54 1
1700990896.646509 232 1
1700990896.646573 3197 -1
1700990896.646611 54 1
1700990896.649118 60 -1
1700990896.649176 89 1
1700990896.649261 231 1
1700990896.654041 60 -1
1700990896.656856 1055 -1
1700990896.656856 730 -1
1700990896.656856 957 -1
1700990896.656856 844 -1
1700990896.656956 54 1
1700990896.659406 1514 -1
1700990896.659406 5048 -1
1700990896.659406 1081 -1
1700990896.659524 54 1
1700990896.659663 5894 -1
1700990896.659716 54 1
1700990896.659889 4282 -1
1700990896.659920 54 1
1700990896.661839 7354 -1
1700990896.661906 54 1
1700990896.662711 609 -1
1700990896.662711 1108 -1
1700990896.662711 654 -1
1700990896.662753 54 1
1700990896.662953 7354 -1
1700990896.662993 54 1
1700990896.664896 258 -1
1700990896.705718 54 1
1700990898.982653 229 1
1700990898.982822 230 1
1700990898.982929 230 1
1700990898.983436 232 1
1700990898.986889 60 -1
1700990898.988593 1107 -1
1700990898.988593 655 -1
1700990898.988680 54 1
1700990898.988803 7354 -1
1700990898.989289 54 1
1700990898.989356 1182 -1
1700990898.989377 54 1
1700990898.989704 1052 -1
1700990898.989704 729 -1
1700990898.989734 54 1
1700990898.990272 4225 -1
1700990898.990317 54 1
1700990898.990619 1033 -1
1700990898.990619 737 -1
1700990898.990670 54 1
1700990898.992398 1054 -1
1700990898.992398 727 -1
1700990898.992398 4333 -1
1700990898.992455 54 1
1700990898.992522 2974 -1
1700990898.992547 54 1
1700990898.992728 8814 -1
1700990898.992791 54 1
1700990898.996624 2270 -1
1700990898.996720 54 1
1700990900.733483 54 1
1700990900.734798 78 -1
1700990900.734798 60 -1
1700990900.734834 54 1
1700990901.626016 66 1
1700990901.627295 66 -1
1700990901.627662 54 1
1700990901.628542 870 1
1700990901.629897 60 -1
1700990901.630626 318 -1
1700990901.632814 134 1
1700990901.633637 146 1
1700990901.633823 60 -1
1700990901.633964 341 -1
1700990901.634139 586 1
1700990901.634250 231 1
1700990901.634438 231 1
1700990901.634848 60 -1
1700990901.634848 115 -1
1700990901.634848 85 -1
1700990901.634885 54 1
1700990901.635082 60 -1
1700990901.635082 60 -1
1700990901.635408 60 -1
1700990901.636751 85 1
1700990901.637697 60 -1
1700990901.638807 948 -1
1700990901.638807 854 -1
1700990901.638807 8786 -1
1700990901.638902 54 1
1700990901.639946 1076 -1
1700990901.639946 699 -1
1700990901.639993 54 1
1700990901.641597 5761 -1
1700990901.641657 54 1
1700990901.641692 980 -1
1700990901.641799 812 -1
1700990901.641822 54 1
1700990901.641860 6499 -1
1700990901.641916 54 1
1700990903.231092 231 1
1700990903.231237 231 1
1700990903.231361 231 1
1700990903.231489 222 1
1700990903.234007 60 -1
1700990903.239388 1053 -1
1700990903.239388 730 -1
1700990903.239388 1054 -1
1700990903.239388 5423 -1
1700990903.239747 54 1
1700990903.240484 1051 -1
1700990903.240484 731 -1
1700990903.240518 54 1
1700990903.240713 1002 -1
1700990903.240713 5894 -1
1700990903.240757 54 1
1700990903.241063 9234 -1
1700990903.241103 54 1
1700990903.241842 6025 -1
1700990903.241874 54 1
1700990903.242198 7354 -1
1700990903.242486 54 1
1700990903.242824 272 -1
1700990903.242849 54 1
1700990905.336510 231 1
1700990905.338386 229 1
1700990905.338698 229 1
1700990905.338809 222 1
1700990905.340647 60 -1
1700990905.341544 60 -1
1700990905.345501 1031 -1
1700990905.345501 762 -1
1700990905.345563 54 1
1700990905.345811 5225 -1
1700990905.345854 54 1
1700990905.346155 1084 -1
1700990905.346155 687 -1
1700990905.346155 1051 -1
1700990905.346191 54 1
1700990905.346380 729 -1
1700990905.346380 5894 -1
1700990905.346416 54 1
1700990905.346798 7354 -1
1700990905.346844 54 1
1700990905.347555 1423 -1
1700990905.347555 7354 -1
1700990905.347612 54 1
1700990905.348134 2869 -1
1700990905.348162 54 1
1700990905.349964 1103 -1
1700990905.349964 658 -1
1700990905.349964 5894 -1
1700990905.350205 54 1
1700990905.350390 1514 -1
1700990905.350413 54 1
1700990905.350479 5238 -1
1700990905.350514 54 1
1700990906.960360 230 1
1700990906.960922 230 1
1700990906.961197 229 1
1700990906.962172 60 -1
1700990906.966617 1082 -1
1700990906.966617 670 -1
1700990906.966617 4830 -1
1700990906.966690 54 1
1700990906.967715 1057 -1
1700990906.967715 726 -1
1700990906.967750 54 1
1700990906.968613 7354 -1
1700990906.968613 7354 -1
1700990906.968699 54 1
1700990906.968902 1860 -1
1700990906.968940 54 1
1700990906.969198 7354 -1
1700990906.969352 54 1
1700990906.969692 2818 -1
1700990906.969729 54 1
1700990906.969887 1055 -1
1700990906.969914 54 1
1700990906.970298 727 -1
1700990906.970298 7354 -1
1700990906.970358 54 1
1700990906.970656 3525 -1
1700990906.970683 54 1
1700990906.971760 89 1
1700990907.015067 60 -1
1700990908.569539 231 1
1700990908.569689 232 1
1700990908.569811 232 1
1700990908.569883 230 1
1700990908.570938 60 -1
1700990908.571727 60 -1
1700990908.571727 60 -1
1700990908.571727 60 -1
1700990908.575782 896 -1
1700990908.575782 6965 -1
1700990908.575921 54 1
1700990908.613445 1053 -1
1700990908.613445 731 -1
1700990908.613445 980 -1
1700990908.613445 809 -1
1700990908.613445 7221 -1
1700990908.613445 7354 -1
1700990908.613445 4434 -1
1700990908.613445 2974 -1
1700990908.613445 1860 -1
1700990908.613445 2457 -1
1700990908.613445 5344 -1
1700990908.613445 964 -1
1700990908.613688 66 1
1700990910.216912 224 1
1700990910.218291 60 -1
1700990910.218844 230 1
1700990910.218962 222 1
1700990910.222822 60 -1
1700990910.222822 60 -1
1700990910.223028 231 1
1700990910.227654 1054 -1
1700990910.227654 729 -1
1700990910.227654 3874 -1
1700990910.227654 60 -1
1700990910.227654 1104 -1
1700990910.227654 657 -1
1700990910.227654 1053 -1
1700990910.227654 729 -1
1700990910.227654 4928 -1
1700990910.227654 7149 -1
1700990910.227866 54 1
1700990910.228743 983 -1
1700990910.228743 806 -1
1700990910.228770 54 1
1700990910.229158 7354 -1
1700990910.229198 54 1
1700990910.229403 2506 -1
1700990910.229428 54 1
1700990910.740771 54 1
1700990910.744748 78 -1
1700990910.744748 60 -1
1700990910.744798 54 1
1700990914.583146 66 1
1700990914.585704 66 -1
1700990914.585782 54 1
1700990914.586749 966 1
1700990914.597242 60 -1
1700990914.597242 318 -1
1700990914.601270 134 1
1700990914.602620 60 -1
1700990914.602910 341 -1
1700990914.607486 146 1
1700990914.608795 584 1
1700990914.608872 230 1
1700990914.609790 60 -1
1700990914.609790 60 -1
1700990914.609790 60 -1
1700990914.612218 115 -1
1700990914.612218 85 -1
1700990914.612303 54 1
1700990914.613012 85 1
1700990914.613829 1052 -1
1700990914.613868 54 1
1700990914.613903 733 -1
1700990914.613903 2974 -1
1700990914.613933 54 1
1700990914.614068 6005 -1
1700990914.614107 54 1
1700990914.614787 60 -1
1700990914.614880 1072 -1
1700990914.614880 735 -1
1700990914.614920 54 1
1700990914.614966 7354 -1
1700990914.615005 54 1
1700990914.615695 1410 -1
1700990914.661096 54 1
1700990916.159435 222 1
1700990916.160207 250 1
1700990916.160457 60 -1
1700990916.161467 60 -1
1700990916.164332 232 1
1700990916.164478 232 1
1700990916.164977 983 -1
1700990916.164977 807 -1
1700990916.165060 54 1
1700990916.165144 1514 -1
1700990916.165170 54 1
1700990916.165863 1514 -1
1700990916.165895 54 1
1700990916.166217 7772 -1
1700990916.166263 54 1
1700990916.166613 60 -1
1700990916.168221 989 -1
1700990916.168221 799 -1
1700990916.168273 54 1
1700990916.171952 8814 -1
1700990916.171952 7354 -1
1700990916.171952 400 -1
1700990916.171952 7354 -1
1700990916.171952 7354 -1
1700990916.171952 1891 -1
1700990916.171952 7354 -1
1700990916.171952 7354 -1
1700990916.172170 54 1
1700990916.172488 1922 -1
1700990916.172488 5894 -1
1700990916.172527 54 1
1700990916.173115 7354 -1
1700990916.173174 54 1
1700990916.173940 7354 -1
1700990916.173993 54 1
1700990916.174238 7212 -1
1700990916.174279 54 1
1700990916.174813 1054 -1
1700990916.174858 54 1
1700990916.176204 8334 -1
1700990916.176204 1051 -1
1700990916.176204 730 -1
1700990916.176204 7354 -1
1700990916.176489 54 1
1700990916.176558 2005 -1
1700990916.176594 54 1
1700990917.822688 231 1
1700990917.828263 232 1
1700990917.828776 257 1
1700990917.828868 234 1
1700990917.830103 1084 -1
1700990917.830103 691 -1
1700990917.830201 54 1
1700990917.831912 7354 -1
1700990917.832018 54 1
1700990917.832277 1016 -1
1700990917.832302 54 1
1700990917.835904 1055 -1
1700990917.835904 729 -1
1700990917.835904 7354 -1
1700990917.836015 54 1
1700990917.836069 3921 -1
1700990917.836093 54 1
1700990917.836671 1063 -1
1700990917.836671 720 -1
1700990917.836671 16460 -1
1700990917.837027 54 1
1700990917.838096 7354 -1
1700990917.838150 54 1
1700990917.838568 7354 -1
1700990917.838622 54 1
1700990917.839127 1891 -1
1700990917.839160 54 1
1700990917.839405 85 -1
1700990917.839405 7354 -1
1700990917.839450 54 1
1700990917.839884 7354 -1
1700990917.839921 54 1
1700990917.840462 2974 -1
1700990917.840490 54 1
1700990917.840716 1514 -1
1700990917.840734 54 1
1700990917.840814 7354 -1
1700990917.840845 54 1
1700990917.841568 6617 -1
1700990917.841598 54 1
1700990917.841984 7354 -1
1700990917.842024 54 1
1700990917.842626 7354 -1
1700990917.842660 54 1
1700990917.843199 7354 -1
1700990917.843427 54 1
1700990917.844030 7354 -1
1700990917.844101 54 1
1700990917.844601 7354 -1
1700990917.844653 54 1
1700990917.845064 7354 -1
1700990917.845119 54 1
1700990917.845787 4434 -1
1700990917.845841 54 1
1700990917.846055 7354 -1
1700990917.846115 54 1
1700990917.850770 7354 -1
1700990917.850770 1514 -1
1700990917.850770 7354 -1
1700990917.850770 7354 -1
1700990917.850770 2636 -1
1700990917.850770 7354 -1
1700990917.850770 991 -1
1700990917.850989 54 1
1700990919.996046 231 1
1700990920.000775 228 1
1700990920.000905 231 1
1700990920.001040 261 1
1700990920.001277 1053 -1
1700990920.001277 731 -1
1700990920.001277 7354 -1
1700990920.001381 54 1
1700990920.003752 89 1
1700990920.004606 1091 -1
1700990920.004606 60 -1
1700990920.008262 1054 -1
1700990920.008262 728 -1
1700990920.008262 1054 -1
1700990920.008262 7354 -1
1700990920.008357 54 1
1700990920.010747 1394 -1
1700990920.010747 729 -1
1700990920.010747 6951 -1
1700990920.010747 1062 -1
1700990920.010824 54 1
1700990920.010868 719 -1
1700990920.010889 54 1
1700990920.010941 7354 -1
1700990920.011161 54 1
1700990920.012550 2974 -1
1700990920.012586 54 1
1700990920.013307 2974 -1
1700990920.013307 3320 -1
1700990920.013838 54 1
1700990920.013940 85 -1
1700990920.013940 7354 -1
1700990920.014001 54 1
1700990920.015125 7354 -1
1700990920.015200 54 1
1700990920.016468 1860 -1
1700990920.016499 54 1
1700990920.016764 2974 -1
1700990920.016764 7354 -1
1700990920.016822 54 1
1700990920.017958 7354 -1
1700990920.017992 54 1
1700990920.019159 7354 -1
1700990920.019196 54 1
1700990920.020749 7354 -1
1700990920.020786 54 1
1700990920.021850 808 -1
1700990920.021874 54 1
1700990920.021989 7354 -1
1700990920.022037 54 1
1700990920.023580 7354 -1
1700990920.023635 54 1
1700990920.024693 7354 -1
1700990920.024816 54 1
1700990920.025965 7354 -1
1700990920.026204 54 1
1700990920.026749 7354 -1
1700990920.026804 54 1
1700990920.028687 1514 -1
1700990920.028751 54 1
1700990920.031167 7354 -1
1700990920.031167 2974 -1
1700990920.031167 7354 -1
1700990920.031167 7354 -1
1700990920.031167 7354 -1
1700990920.031264 54 1
1700990920.031665 5894 -1
1700990920.031707 54 1
1700990920.031983 1490 -1
1700990920.074296 54 1
1700990920.757586 54 1
1700990920.758641 78 -1
1700990920.758641 60 -1
1700990920.758661 54 1
1700990921.663322 66 1
1700990921.664387 66 -1
1700990921.664476 54 1
1700990921.667362 902 1
1700990921.668501 60 -1
1700990921.669037 318 -1
1700990921.671293 134 1
1700990921.672685 60 -1
1700990921.672685 341 -1
1700990921.672920 146 1
1700990921.674254 60 -1
1700990921.674254 115 -1
1700990921.674254 85 -1
1700990921.674311 54 1
1700990921.674782 586 1
1700990921.674906 230 1
1700990921.675027 257 1
1700990921.676066 60 -1
1700990921.676066 60 -1
1700990921.676143 60 -1
1700990921.676639 85 1
1700990921.677816 60 -1
1700990921.679959 1057 -1
1700990921.679959 728 -1
1700990921.679959 1055 -1
1700990921.680039 54 1
1700990921.680741 727 -1
1700990921.680741 7354 -1
1700990921.680741 2188 -1
1700990921.680784 54 1
1700990921.681706 7354 -1
1700990921.681762 54 1
1700990921.686008 2974 -1
1700990921.686008 3366 -1
1700990921.686084 54 1
1700990921.698669 1060 -1
1700990921.698669 724 -1
1700990921.698669 7354 -1
1700990921.698669 9160 -1
1700990921.698669 7354 -1
1700990921.698669 4434 -1
1700990921.698669 4811 -1
1700990921.698669 7354 -1
1700990921.698669 4434 -1
1700990921.698669 2974 -1
1700990921.698669 1922 -1
1700990921.698669 7354 -1
1700990921.698669 1514 -1
1700990921.698669 2974 -1
1700990921.698669 7354 -1
1700990921.699758 54 1
1700990921.706647 7354 -1
1700990921.706647 7354 -1
1700990921.706647 7354 -1
1700990921.706647 1514 -1
1700990921.706647 1514 -1
1700990921.706647 1514 -1
1700990921.706647 7354 -1
1700990921.706792 54 1
1700990921.707559 7354 -1
1700990921.707603 54 1
1700990921.708116 7354 -1
1700990921.708161 54 1
1700990921.708729 687 -1
1700990921.708774 54 1
1700990923.286920 224 1
1700990923.302584 1057 -1
1700990923.302584 721 -1
1700990923.302584 5209 -1
1700990923.302712 54 1
1700990923.315857 222 1
1700990923.325139 1006 -1
1700990923.325139 771 -1
1700990923.325139 7119 -1
1700990923.325245 54 1
1700990923.336324 231 1
1700990923.345370 1086 -1
1700990923.345370 685 -1
1700990923.345450 54 1
1700990923.346279 7354 -1
1700990923.346321 54 1
1700990923.346730 9160 -1
1700990923.346790 54 1
1700990923.347521 85 -1
1700990923.347521 3252 -1
1700990923.347554 54 1
1700990925.447523 231 1
1700990925.449033 229 1
1700990925.449677 234 1
1700990925.449792 225 1
1700990925.450690 60 -1
1700990925.451456 231 1
1700990925.452826 60 -1
1700990925.457079 1081 -1
1700990925.457079 691 -1
1700990925.457156 54 1
1700990925.457203 1085 -1
1700990925.457203 689 -1
1700990925.457236 54 1
1700990925.457335 6990 -1
1700990925.457406 54 1
1700990925.457792 9394 -1
1700990925.457846 54 1
1700990925.458550 982 -1
1700990925.458623 812 -1
1700990925.458639 54 1
1700990925.458718 983 -1
1700990925.458883 809 -1
1700990925.458883 6806 -1
1700990925.458929 54 1
1700990925.459424 5731 -1
1700990925.459472 54 1
1700990925.464879 1088 -1
1700990925.464879 688 -1
1700990925.464969 54 1
1700990925.465685 5430 -1
1700990925.465725 54 1
1700990930.030529 232 1
1700990930.030666 232 1
1700990930.032066 60 -1
1700990930.037062 1081 -1
1700990930.037062 694 -1
1700990930.037101 54 1
1700990930.037810 1051 -1
1700990930.037810 732 -1
1700990930.037810 10612 -1
1700990930.037862 54 1
1700990930.038734 4367 -1
1700990930.038766 54 1
1700990930.041035 89 1
1700990930.085637 60 -1
1700990930.774589 54 1
1700990930.776174 78 -1
1700990930.776174 60 -1
1700990930.776260 54 1
1700990931.644770 66 1
1700990931.645829 66 -1
1700990931.645953 54 1
1700990931.646816 966 1
1700990931.647857 60 -1
1700990931.648605 318 -1
1700990931.649251 134 1
1700990931.650211 60 -1
1700990931.650529 146 1
1700990931.650616 341 -1
1700990931.651182 584 1
1700990931.651281 231 1
1700990931.651469 230 1
1700990931.651627 60 -1
1700990931.651760 115 -1
1700990931.651760 85 -1
1700990931.651784 54 1
1700990931.652132 60 -1
1700990931.652289 85 1
1700990931.652368 60 -1
1700990931.652368 60 -1
1700990931.653191 60 -1
1700990931.653967 925 -1
1700990931.654255 6875 -1
1700990931.654297 54 1
1700990931.654901 929 -1
1700990931.654972 5374 -1
1700990931.654992 54 1
1700990931.657907 1083 -1
1700990931.657907 688 -1
1700990931.657941 54 1
1700990931.659283 7354 -1
1700990931.659323 54 1
1700990931.659929 457 -1
1700990931.708907 54 1
1700990933.276079 231 1
1700990933.276223 222 1
1700990933.280651 60 -1
1700990933.280651 928 -1
1700990933.280651 1514 -1
1700990933.280651 2974 -1
1700990933.280651 3795 -1
1700990933.280721 54 1
1700990933.282936 1053 -1
1700990933.282936 730 -1
1700990933.282936 7354 -1
1700990933.282936 3209 -1
1700990933.282995 54 1
1700990935.503268 231 1
1700990935.504970 224 1
1700990935.505074 234 1
1700990935.508840 60 -1
1700990935.512090 1052 -1
1700990935.512090 730 -1
1700990935.512090 929 -1
1700990935.512161 54 1
1700990935.512336 7354 -1
1700990935.512374 54 1
1700990935.513187 1183 -1
1700990935.513187 7681 -1
1700990935.513238 54 1
1700990935.513601 1719 -1
1700990935.513626 54 1
1700990935.514084 5154 -1
1700990935.514123 54 1
1700990937.132405 224 1
1700990937.132511 229 1
1700990937.133758 60 -1
1700990937.136975 230 1
1700990937.137845 224 1
1700990937.137963 231 1
1700990937.138897 1053 -1
1700990937.139055 731 -1
1700990937.139055 961 -1
1700990937.139055 5894 -1
1700990937.139104 54 1
1700990937.139440 6828 -1
1700990937.139482 54 1
1700990937.139955 2974 -1
1700990937.139983 54 1
1700990937.140435 3355 -1
1700990937.140569 54 1
1700990937.140765 89 1
1700990937.142239 60 -1
1700990937.142762 925 -1
1700990937.142884 7900 -1
1700990937.142908 54 1
1700990937.143410 963 -1
1700990937.143562 54 1
1700990937.143665 15041 -1
1700990937.143714 54 1
1700990937.145104 931 -1
1700990937.145104 7354 -1
1700990937.145166 54 1
1700990937.145376 5871 -1
1700990937.145398 54 1
1700990938.759112 224 1
1700990938.762271 929 -1
1700990938.762278 224 1
1700990938.762271 6970 -1
1700990938.762400 54 1
1700990938.764081 235 1
1700990938.765577 257 1
1700990938.766856 60 -1
1700990938.768336 231 1
1700990938.783036 60 -1
1700990938.783036 1087 -1
1700990938.783036 686 -1
1700990938.783036 953 -1
1700990938.783036 7354 -1
1700990938.783036 522 -1
1700990938.783036 987 -1
1700990938.783036 16114 -1
1700990938.783036 400 -1
1700990938.783036 85 -1
1700990938.783036 8814 -1
1700990938.783036 7700 -1
1700990938.783036 5894 -1
1700990938.783036 7354 -1
1700990938.783036 3382 -1
1700990938.783036 1514 -1
1700990938.783036 1514 -1
1700990938.783036 7354 -1
1700990938.783036 7354 -1
1700990938.783036 7354 -1
1700990938.783036 7354 -1
1700990938.783036 777 -1
1700990938.783036 7354 -1
1700990938.784029 54 1
1700990938.784073 54 1
1700990938.784679 7354 -1
1700990938.784679 7354 -1
1700990938.784679 7354 -1
1700990938.784679 4434 -1
1700990938.784948 54 1
1700990938.785160 54 1
1700990938.785134 7354 -1
1700990938.785236 54 1
1700990938.785386 54 1
1700990938.788328 7354 -1
1700990938.788328 5894 -1
1700990938.788328 5894 -1
1700990938.788328 4434 -1
1700990938.788328 1562 -1
1700990938.788328 4434 -1
1700990938.788328 16166 -1
1700990938.788543 54 1
1700990938.789205 7354 -1
1700990938.789237 54 1
1700990938.794921 4568 -1
1700990938.794921 959 -1
1700990938.794921 7354 -1
1700990938.794921 3937 -1
1700990938.795097 54 1
1700990940.795649 54 1
1700990940.806335 78 -1
1700990940.806335 60 -1
1700990940.807331 54 1
1700990940.969240 66 1
1700990940.970908 66 -1
1700990940.971015 54 1
1700990940.972388 966 1
1700990940.974921 60 -1
1700990940.974921 318 -1
1700990940.976789 134 1
1700990940.977469 146 1
1700990940.978154 578 1
1700990940.978258 223 1
1700990940.978345 229 1
1700990940.978428 231 1
1700990940.983964 60 -1
1700990940.983964 60 -1
1700990940.983964 341 -1
1700990940.983964 115 -1
1700990940.983964 85 -1
1700990940.983964 60 -1
1700990940.983964 60 -1
1700990940.983964 60 -1
1700990940.983964 60 -1
1700990940.983964 927 -1
1700990940.983964 2974 -1
1700990940.983964 4593 -1
1700990940.983964 928 -1
1700990940.983964 11850 -1
1700990940.983964 5894 -1
1700990940.984274 54 1
1700990940.986428 85 1
1700990940.993796 7354 -1
1700990940.993796 216 -1
1700990940.993796 960 -1
1700990940.993796 4434 -1
1700990940.993796 4758 -1
1700990940.994073 54 1
1700990940.994813 60 -1
1700990942.678031 231 1
1700990942.678445 230 1
1700990942.679239 60 -1
1700990942.679375 232 1
1700990942.679998 222 1
1700990942.680272 60 -1
1700990942.680407 60 -1
1700990942.681115 60 -1
1700990942.688010 1052 -1
1700990942.688010 729 -1
1700990942.688010 5894 -1
1700990942.688010 3134 -1
1700990942.688133 54 1
1700990942.689215 1050 -1
1700990942.689215 732 -1
1700990942.689215 1082 -1
1700990942.689215 3871 -1
1700990942.689275 54 1
1700990942.689341 687 -1
1700990942.689397 54 1
1700990942.689455 7321 -1
1700990942.689504 54 1
1700990942.690305 1051 -1
1700990942.690305 732 -1
1700990942.690333 54 1
1700990942.690802 2974 -1
1700990942.690826 54 1
1700990942.691170 4633 -1
1700990942.691205 54 1
1700990947.062184 221 1
1700990947.062301 232 1
1700990947.063418 60 -1
1700990947.063418 60 -1
1700990947.063547 259 1
1700990947.064889 60 -1
1700990947.072469 1052 -1
1700990947.072469 730 -1
1700990947.072632 54 1
1700990947.073489 4928 -1
1700990947.073556 54 1
1700990947.073698 1053 -1
1700990947.074220 729 -1
1700990947.074243 54 1
1700990947.075569 66 1
1700990947.077374 89 1
1700990947.082204 7354 -1
1700990947.082204 1633 -1
1700990947.082204 958 -1
1700990947.082204 834 -1
1700990947.082204 4434 -1
1700990947.082204 7354 -1
1700990947.082204 4780 -1
1700990947.082204 7354 -1
1700990947.082204 4434 -1
1700990947.082204 4811 -1
1700990947.082204 85 -1
1700990947.082204 7354 -1
1700990947.082204 7354 -1
1700990947.082204 7354 -1
1700990947.082204 7354 -1
1700990947.083154 54 1
1700990947.091475 3697 -1
1700990947.091475 7354 -1
1700990947.091475 66 -1
1700990947.091475 7354 -1
1700990947.091475 7354 -1
1700990947.091475 7354 -1
1700990947.091475 7354 -1
1700990947.091475 7354 -1
1700990947.091475 11391 -1
1700990947.091475 1171 -1
1700990947.091683 54 1
1700990947.091863 66 1
1700990947.091889 54 1
1700990947.093561 934 1
1700990947.101927 60 -1
1700990947.101927 318 -1
1700990947.102854 134 1
1700990947.103403 146 1
1700990947.103749 584 1
1700990947.110207 60 -1
1700990947.110207 60 -1
1700990947.110207 60 -1
1700990947.111535 341 -1
1700990947.113497 115 -1
1700990947.113497 85 -1
1700990947.113577 54 1
1700990947.113770 85 1
1700990947.117014 60 -1
1700990947.117881 1205 -1
1700990947.117942 442 -1
1700990947.117969 54 1
1700990947.125917 5438 -1
1700990947.126018 54 1
1700990949.285581 234 1
1700990949.285708 230 1
1700990949.286879 230 1
1700990949.291168 220 1
1700990949.291563 60 -1
1700990949.291563 60 -1
1700990949.292572 1172 -1
1700990949.292572 481 -1
1700990949.292572 5814 -1
1700990949.292633 54 1
1700990949.292917 812 -1
1700990949.292917 7354 -1
1700990949.292970 66 1
1700990949.293033 66 1
1700990949.293363 5894 -1
1700990949.293427 66 1
1700990949.293513 979 -1
1700990949.293579 54 1
1700990949.293769 1386 -1
1700990949.294081 979 -1
1700990949.294099 66 1
1700990949.295213 1051 -1
1700990949.295213 732 -1
1700990949.295243 54 1
1700990949.296732 4834 -1
1700990949.296732 1177 -1
1700990949.296732 474 -1
1700990949.296732 1514 -1
1700990949.296732 7161 -1
1700990949.296835 54 1
1700990949.296865 54 1
1700990950.811437 54 1
1700990950.812299 54 1
1700990950.812767 78 -1
1700990950.812767 60 -1
1700990950.812846 54 1
1700990950.814916 78 -1
1700990950.814916 60 -1
1700990950.814955 54 1
1700990950.927279 66 1
1700990950.928479 66 -1
1700990950.928725 54 1
1700990950.929531 902 1
1700990950.930690 60 -1
1700990950.931379 318 -1
1700990950.932728 134 1
1700990950.934107 60 -1
1700990950.934273 146 1
1700990950.935209 583 1
1700990950.935290 231 1
1700990950.935354 228 1
1700990950.935823 60 -1
1700990950.935823 341 -1
1700990950.935917 228 1
1700990950.936047 228 1
1700990950.936937 60 -1
1700990950.936937 60 -1
1700990950.936937 60 -1
1700990950.936937 60 -1
1700990950.937057 60 -1
1700990950.937877 115 -1
1700990950.937877 85 -1
1700990950.937917 54 1
1700990950.938086 85 1
1700990950.939340 60 -1
1700990950.940974 1042 -1
1700990950.941073 6622 -1
1700990950.941107 54 1
1700990950.941881 1027 -1
1700990950.941881 4242 -1
1700990950.941946 54 1
1700990950.943536 1175 -1
1700990950.943536 477 -1
1700990950.943588 54 1
1700990950.943852 7354 -1
1700990950.943881 54 1
1700990950.944138 9160 -1
1700990950.944463 54 1
1700990950.945035 1041 -1
1700990950.946293 1141 -1
1700990950.946293 524 -1
1700990950.946363 54 1
1700990950.947290 3885 -1
1700990950.947322 54 1
1700990950.948545 1175 -1
1700990950.948545 481 -1
1700990950.948545 5559 -1
1700990950.948790 54 1
1700990952.623909 227 1
1700990952.624073 227 1
1700990952.624432 230 1
1700990952.624504 226 1
1700990952.624679 230 1
1700990952.625780 60 -1
1700990952.631682 1175 -1
1700990952.631788 481 -1
1700990952.631788 5894 -1
1700990952.631843 54 1
1700990952.631894 4031 -1
1700990952.631924 54 1
1700990952.632739 1205 -1
1700990952.632739 440 -1
1700990952.632764 54 1
1700990952.632839 1165 -1
1700990952.632839 495 -1
1700990952.632839 5416 -1
1700990952.632890 54 1
1700990952.633441 1205 -1
1700990952.633481 54 1
1700990952.633531 443 -1
1700990952.633531 6054 -1
1700990952.633885 54 1
1700990952.633931 1201 -1
1700990952.633981 441 -1
1700990952.633996 54 1
1700990952.634030 7354 -1
1700990952.634051 54 1
1700990952.634699 1818 -1
1700990952.634720 54 1
1700990952.634913 6396 -1
1700990952.634935 54 1
1700990954.232942 227 1
1700990954.233672 227 1
1700990954.233753 228 1
1700990954.233840 227 1
1700990954.234023 226 1
1700990954.235243 60 -1
1700990954.239374 1073 -1
1700990954.239374 8089 -1
1700990954.239515 54 1
1700990954.240132 1194 -1
1700990954.240132 452 -1
1700990954.240132 7342 -1
1700990954.240225 54 1
1700990954.241865 1172 -1
1700990954.241865 484 -1
1700990954.241865 1203 -1
1700990954.241865 441 -1
1700990954.241935 54 1
1700990954.242156 2974 -1
1700990954.242181 54 1
1700990954.242306 3849 -1
1700990954.242329 54 1
1700990954.242698 5500 -1
1700990954.242885 54 1
1700990954.243037 1600 -1
1700990954.243057 54 1
1700990954.243158 6081 -1
1700990954.243177 54 1
1700990956.440228 226 1
1700990956.441533 229 1
1700990956.442819 229 1
1700990956.445498 230 1
1700990956.445941 226 1
1700990956.445965 60 -1
1700990956.448889 1065 -1
1700990956.448889 7579 -1
1700990956.448983 54 1
1700990956.449176 1044 -1
1700990956.449194 54 1
1700990956.449276 7400 -1
1700990956.449317 54 1
1700990956.451504 89 1
1700990956.452340 1206 -1
1700990956.452340 432 -1
1700990956.452384 54 1
1700990956.454061 2565 -1
1700990956.454113 54 1
1700990956.454851 1192 -1
1700990956.454851 449 -1
1700990956.454894 54 1
1700990956.456476 1172 -1
1700990956.456476 481 -1
1700990956.456476 7261 -1
1700990956.456573 54 1
1700990956.457052 7354 -1
1700990956.457117 54 1
1700990956.457929 927 -1
1700990956.504182 54 1
1700990960.819048 54 1
1700990960.820338 78 -1
1700990960.820338 60 -1
1700990960.820370 54 1
1700990962.060953 66 1
1700990962.061984 66 -1
1700990962.062066 54 1
1700990962.062565 966 1
1700990962.063547 60 -1
1700990962.064445 318 -1
1700990962.066583 134 1
1700990962.067054 146 1
1700990962.089719 573 1
1700990962.089838 221 1
1700990962.089925 222 1
1700990962.091811 227 1
1700990962.091937 227 1
1700990962.097748 60 -1
1700990962.097748 341 -1
1700990962.101187 60 -1
1700990962.101187 60 -1
1700990962.101187 60 -1
1700990962.101187 60 -1
1700990962.101187 60 -1
1700990962.101187 60 -1
1700990962.101187 115 -1
1700990962.101187 85 -1
1700990962.101187 1198 -1
1700990962.101187 447 -1
1700990962.101187 1171 -1
1700990962.101187 7354 -1
1700990962.101396 54 1
1700990962.102162 2368 -1
1700990962.102162 484 -1
1700990962.102162 4829 -1
1700990962.102162 1195 -1
1700990962.102162 449 -1
1700990962.102162 8235 -1
1700990962.102274 54 1
1700990962.102853 1176 -1
1700990962.102853 475 -1
1700990962.102882 54 1
1700990962.106381 85 1
1700990962.110202 7354 -1
1700990962.110202 462 -1
1700990962.110323 54 1
1700990962.117400 60 -1
1700990962.126380 1205 -1
1700990962.126380 441 -1
1700990962.126474 54 1
1700990962.129123 6101 -1
1700990962.129256 54 1
1700990963.130938 54 1
