1700993164.378034 66 1
1700993164.395434 66 1
1700993164.398965 66 -1
1700993164.399044 54 1
1700993164.399554 631 1
1700993164.403505 66 -1
1700993164.403691 54 1
1700993164.405875 572 1
1700993164.411249 60 -1
1700993164.411249 2778 -1
1700993164.411350 54 1
1700993164.412424 60 -1
1700993164.420906 2777 -1
1700993164.420985 54 1
1700993164.440950 134 1
1700993164.441749 134 1
1700993164.441967 60 -1
1700993164.442199 341 -1
1700993164.442199 341 -1
1700993164.442224 54 1
1700993164.443254 60 -1
1700993164.443254 341 -1
1700993164.443254 341 -1
1700993164.443362 54 1
1700993164.448939 54 1
1700993164.450467 93 -1
1700993164.450467 78 -1
1700993164.450467 60 -1
1700993164.450507 54 1
1700993164.451457 146 1
1700993164.452488 60 -1
1700993164.452488 115 -1
1700993164.452488 85 -1
1700993164.452543 54 1
1700993164.468077 586 1
1700993164.468193 230 1
1700993164.471476 85 1
1700993164.472177 60 -1
1700993164.472177 60 -1
1700993164.473160 60 -1
1700993164.481508 1051 -1
1700993164.481508 732 -1
1700993164.481508 2987 -1
1700993164.481508 979 -1
1700993164.481508 811 -1
1700993164.481508 4434 -1
1700993164.481508 3010 -1
1700993164.482203 54 1
1700993164.801482 230 1
1700993164.801608 230 1
1700993164.801732 234 1
1700993164.801856 232 1
1700993164.801971 230 1
1700993164.802078 222 1
1700993164.802199 230 1
1700993164.802291 223 1
1700993164.802390 231 1
1700993164.802477 230 1
1700993164.802574 232 1
1700993164.802682 223 1
1700993164.811462 60 -1
1700993164.811462 60 -1
1700993164.811462 60 -1
1700993164.811462 60 -1
1700993164.814134 833 -1
1700993164.814134 1514 -1
1700993164.814134 3023 -1
1700993164.814210 54 1
1700993164.814763 980 -1
1700993164.814820 54 1
1700993164.814878 809 -1
1700993164.815345 956 -1
1700993164.815345 845 -1
1700993164.815345 4434 -1
1700993164.815418 54 1
1700993164.817071 1696 -1
1700993164.817071 982 -1
1700993164.817071 2291 -1
1700993164.817071 808 -1
1700993164.817071 981 -1
1700993164.817071 809 -1
1700993164.817071 5383 -1
1700993164.817071 960 -1
1700993164.817071 979 -1
1700993164.817071 811 -1
1700993164.817490 54 1
1700993164.818024 980 -1
1700993164.818024 7354 -1
1700993164.818024 7354 -1
1700993164.818099 54 1
1700993164.818230 621 -1
1700993164.818270 7354 -1
1700993164.818332 54 1
1700993164.818937 5894 -1
1700993164.818970 54 1
1700993164.822647 3975 -1
1700993164.822647 2974 -1
1700993164.822647 2692 -1
1700993164.822647 999 -1
1700993164.822647 784 -1
1700993164.822647 4857 -1
1700993164.822647 811 -1
1700993164.822647 975 -1
1700993164.822647 813 -1
1700993164.822647 832 -1
1700993164.822647 651 -1
1700993164.822647 9427 -1
1700993164.823083 54 1
1700993164.834612 54 1
1700993165.272204 208 1
1700993165.285337 848 -1
1700993165.285337 1546 -1
1700993165.285445 54 1
1700993165.298268 86 -1
1700993165.298388 66 1
1700993167.164438 54 1
1700993167.165592 78 -1
1700993167.165592 60 -1
1700993167.165699 54 1
1700993175.471342 66 1
1700993175.472477 66 -1
1700993175.472629 54 1
1700993175.473385 934 1
1700993175.477055 60 -1
1700993175.477055 318 -1
1700993175.478583 134 1
1700993175.479305 146 1
1700993175.479645 60 -1
1700993175.479706 341 -1
1700993175.479753 590 1
1700993175.480473 60 -1
1700993175.480473 115 -1
1700993175.480473 85 -1
1700993175.480547 54 1
1700993175.480705 85 1
1700993175.480767 60 -1
1700993175.482428 60 -1
1700993175.484369 981 -1
1700993175.484369 807 -1
1700993175.484441 54 1
1700993175.484510 7354 -1
1700993175.484572 54 1
1700993175.491291 3169 -1
1700993175.491435 54 1
1700993175.496182 249 -1
1700993175.496249 66 1
1700993176.193655 230 1
1700993176.194460 229 1
1700993176.195555 60 -1
1700993176.195627 60 -1
1700993176.200222 1032 -1
1700993176.200222 743 -1
1700993176.200297 54 1
1700993176.200408 952 -1
1700993176.200408 852 -1
1700993176.200408 4938 -1
1700993176.200458 54 1
1700993176.201469 7354 -1
1700993176.201539 54 1
1700993176.204544 7354 -1
1700993176.204544 1860 -1
1700993176.204544 632 -1
1700993176.204634 54 1
1700993177.190931 54 1
1700993177.200927 78 -1
1700993177.200927 60 -1
1700993177.201025 54 1
1700993177.201474 60 -1
1700993177.990563 66 1
1700993177.991010 66 1
1700993177.991425 66 1
1700993177.991819 66 1
1700993177.992247 66 1
1700993177.993646 66 -1
1700993177.993779 54 1
1700993177.994529 631 1
1700993177.994888 66 -1
1700993177.994888 66 -1
1700993177.995187 54 1
1700993177.995225 54 1
1700993177.995603 66 -1
1700993177.995663 60 -1
1700993177.995673 54 1
1700993177.997442 631 1
1700993177.997840 663 1
1700993177.998318 663 1
1700993177.998721 66 -1
1700993177.998844 54 1
1700993177.999318 572 1
1700993177.999749 60 -1
1700993178.001690 60 -1
1700993178.004358 2974 -1
1700993178.004358 959 -1
1700993178.004447 54 1
1700993178.004622 60 -1
1700993178.004622 60 -1
1700993178.007471 2974 -1
1700993178.007509 2974 -1
1700993178.007552 54 1
1700993178.007561 54 1
1700993178.007721 957 -1
1700993178.007789 2974 -1
1700993178.007835 54 1
1700993178.008119 959 -1
1700993178.008119 2974 -1
1700993178.008169 54 1
1700993178.008459 958 -1
1700993178.009235 958 -1
1700993178.010015 134 1
1700993178.011050 60 -1
1700993178.011091 134 1
1700993178.011492 341 -1
1700993178.011492 341 -1
1700993178.011539 54 1
1700993178.011904 134 1
1700993178.012253 60 -1
1700993178.012253 341 -1
1700993178.012253 341 -1
1700993178.012302 54 1
1700993178.012724 134 1
1700993178.012833 60 -1
1700993178.012861 341 -1
1700993178.012973 341 -1
1700993178.012997 54 1
1700993178.013584 134 1
1700993178.013624 60 -1
1700993178.013757 341 -1
1700993178.013896 341 -1
1700993178.013921 54 1
1700993178.013923 54 1
1700993178.014125 54 1
1700993178.014277 54 1
1700993178.014300 54 1
1700993178.014417 54 1
1700993178.014478 54 1
1700993178.014532 60 -1
1700993178.014609 54 1
1700993178.014613 341 -1
1700993178.014613 341 -1
1700993178.014673 54 1
1700993178.014810 146 1
1700993178.015344 582 1
1700993178.015437 220 1
1700993178.015523 228 1
1700993178.015622 221 1
1700993178.015722 227 1
1700993178.016062 60 -1
1700993178.016062 115 -1
1700993178.016062 85 -1
1700993178.016121 54 1
1700993178.016337 85 1
1700993178.016863 60 -1
1700993178.017000 60 -1
1700993178.017000 60 -1
1700993178.017000 60 -1
1700993178.017000 60 -1
1700993178.017447 60 -1
1700993178.025685 1193 -1
1700993178.025774 450 -1
1700993178.025774 1175 -1
1700993178.025774 476 -1
1700993178.025774 1185 -1
1700993178.025774 3568 -1
1700993178.025774 3040 -1
1700993178.025821 54 1
1700993178.026254 461 -1
1700993178.026254 1215 -1
1700993178.026254 423 -1
1700993178.026254 1171 -1
1700993178.026304 54 1
1700993178.026368 477 -1
1700993178.026368 13141 -1
1700993178.026438 54 1
1700993178.027369 5482 -1
1700993178.027390 54 1
1700993178.027844 4165 -1
1700993178.027870 54 1
1700993180.102966 228 1
1700993180.103097 222 1
1700993180.103226 222 1
1700993180.103969 222 1
1700993180.104052 221 1
1700993180.105662 60 -1
1700993180.109264 1042 -1
1700993180.109264 1385 -1
1700993180.109366 54 1
1700993180.112702 1177 -1
1700993180.113886 2951 -1
1700993180.113886 473 -1
1700993180.113886 1172 -1
1700993180.113886 480 -1
1700993180.113886 1171 -1
1700993180.113886 485 -1
1700993180.113886 840 -1
1700993180.113886 2638 -1
1700993180.113886 1176 -1
1700993180.113886 477 -1
1700993180.114101 66 1
1700993180.114160 66 1
1700993180.114190 66 1
1700993180.114231 66 1
1700993180.114266 66 1
1700993180.114291 54 1
1700993180.114496 54 1
1700993180.115661 6736 -1
1700993180.115721 54 1
1700993187.209578 54 1
1700993187.210763 78 -1
1700993187.210763 60 -1
1700993187.210802 54 1
