1700992557.371458 66 1
1700992557.372887 66 -1
1700992557.372963 54 1
1700992557.398723 631 1
1700992557.404196 60 -1
1700992557.411161 1514 -1
1700992557.411161 1318 -1
1700992557.411198 54 1
1700992557.439660 134 1
1700992557.440677 60 -1
1700992557.440856 341 -1
1700992557.440856 341 -1
1700992557.440889 54 1
1700992557.464164 146 1
1700992557.465563 60 -1
1700992557.466225 115 -1
1700992557.466225 85 -1
1700992557.466241 586 1
1700992557.466292 54 1
1700992557.470115 85 1
1700992557.484613 60 -1
1700992557.484613 928 -1
1700992557.484613 3634 -1
1700992557.484823 54 1
1700992557.514397 60 -1
1700992557.763159 230 1
1700992557.763280 236 1
1700992557.763433 232 1
1700992557.763526 229 1
1700992557.763591 229 1
1700992557.763652 232 1
1700992557.763713 230 1
1700992557.763780 222 1
1700992557.763877 230 1
1700992557.763967 230 1
1700992557.764066 230 1
1700992557.764159 223 1
1700992557.764172 60 -1
1700992557.764253 60 -1
1700992557.765028 60 -1
1700992557.765028 60 -1
1700992557.765028 60 -1
1700992557.765028 60 -1
1700992557.765028 60 -1
1700992557.765028 60 -1
1700992557.765028 60 -1
1700992557.778678 60 -1
1700992557.778678 60 -1
1700992557.778678 60 -1
1700992557.778678 858 -1
1700992557.778678 7348 -1
1700992557.778678 856 -1
1700992557.778678 2467 -1
1700992557.778678 4585 -1
1700992557.778678 7354 -1
1700992557.778678 1514 -1
1700992557.778678 1514 -1
1700992557.778678 7354 -1
1700992557.779025 54 1
1700992557.784591 7354 -1
1700992557.784591 1514 -1
1700992557.784591 1514 -1
1700992557.784591 3239 -1
1700992557.784591 3969 -1
1700992557.784591 7354 -1
1700992557.784591 1514 -1
1700992557.784591 4434 -1
1700992557.784591 4434 -1
1700992557.784987 54 1
1700992557.785760 2974 -1
1700992557.785760 2974 -1
1700992557.785806 54 1
1700992557.785866 2974 -1
1700992557.785895 54 1
1700992557.790535 7354 -1
1700992557.790535 1514 -1
1700992557.790535 7354 -1
1700992557.790535 1514 -1
1700992557.790535 1205 -1
1700992557.790702 54 1
1700992558.052523 206 1
1700992558.053566 60 -1
1700992558.058328 849 -1
1700992558.058517 1546 -1
1700992558.058538 54 1
1700992565.509295 54 1
1700992565.523732 78 -1
1700992565.523732 60 -1
1700992565.523773 54 1
1700992568.495235 66 1
1700992568.499957 66 -1
1700992568.500029 54 1
1700992568.500537 870 1
1700992568.503207 60 -1
1700992568.503207 318 -1
1700992568.504068 134 1
1700992568.504635 146 1
1700992568.505855 579 1
1700992568.505997 229 1
1700992568.506125 230 1
1700992568.507806 60 -1
1700992568.507806 341 -1
1700992568.508837 60 -1
1700992568.508837 60 -1
1700992568.508837 60 -1
1700992568.508837 60 -1
1700992568.509819 115 -1
1700992568.509819 85 -1
1700992568.509866 54 1
1700992568.510874 85 1
1700992568.511822 829 -1
1700992568.511822 5705 -1
1700992568.511822 977 -1
1700992568.511822 4434 -1
1700992568.511822 7354 -1
1700992568.511957 54 1
1700992568.512027 3384 -1
1700992568.512076 54 1
1700992568.512694 60 -1
1700992568.514668 909 -1
1700992568.514668 1514 -1
1700992568.514668 7354 -1
1700992568.514759 54 1
1700992568.514993 7354 -1
1700992568.515058 54 1
1700992568.517269 400 -1
1700992568.517269 1290 -1
1700992568.517340 54 1
1700992570.386756 66 1
1700992570.387393 66 1
1700992570.387892 66 1
1700992570.388328 66 1
1700992570.388817 66 1
1700992570.393480 66 -1
1700992570.393487 66 -1
1700992570.393601 54 1
1700992570.393807 66 -1
1700992570.393807 66 -1
1700992570.395022 663 1
1700992570.395204 54 1
1700992570.396917 54 1
1700992570.396997 54 1
1700992570.397881 572 1
1700992570.398309 599 1
1700992570.398735 66 -1
1700992570.398747 599 1
1700992570.398830 54 1
1700992570.399771 60 -1
1700992570.400071 60 -1
1700992570.400128 60 -1
1700992570.400252 663 1
1700992570.400369 60 -1
1700992570.401452 60 -1
1700992570.406955 2974 -1
1700992570.406955 958 -1
1700992570.407044 54 1
1700992570.407177 2974 -1
1700992570.407259 54 1
1700992570.407358 959 -1
1700992570.408087 2974 -1
1700992570.408130 54 1
1700992570.408158 2974 -1
1700992570.408158 957 -1
1700992570.408197 54 1
1700992570.408417 957 -1
1700992570.410925 2974 -1
1700992570.410994 54 1
1700992570.411035 958 -1
1700992570.414374 134 1
1700992570.415232 134 1
1700992570.415341 60 -1
1700992570.415968 341 -1
1700992570.415968 341 -1
1700992570.416004 54 1
1700992570.416208 60 -1
1700992570.416482 134 1
1700992570.417186 341 -1
1700992570.417244 341 -1
1700992570.417264 54 1
1700992570.417332 134 1
1700992570.417988 60 -1
1700992570.417988 341 -1
1700992570.417988 341 -1
1700992570.418032 54 1
1700992570.418173 60 -1
1700992570.419137 341 -1
1700992570.419137 341 -1
1700992570.419181 54 1
1700992570.419489 134 1
1700992570.420211 54 1
1700992570.421111 54 1
1700992570.421393 60 -1
1700992570.421393 341 -1
1700992570.421393 341 -1
1700992570.421667 54 1
1700992570.421988 54 1
1700992570.422160 54 1
1700992570.422213 54 1
1700992570.422472 146 1
1700992570.423244 582 1
1700992570.423352 227 1
1700992570.423475 220 1
1700992570.423718 227 1
1700992570.423818 221 1
1700992570.424387 60 -1
1700992570.424387 115 -1
1700992570.424387 85 -1
1700992570.424387 93 -1
1700992570.424387 78 -1
1700992570.424387 60 -1
1700992570.424387 60 -1
1700992570.424387 60 -1
1700992570.424478 54 1
1700992570.424565 54 1
1700992570.424852 85 1
1700992570.425187 60 -1
1700992570.425187 60 -1
1700992570.425187 60 -1
1700992570.425868 60 -1
1700992570.426722 93 -1
1700992570.426722 78 -1
1700992570.426722 60 -1
1700992570.426779 54 1
1700992570.429764 1190 -1
1700992570.429764 453 -1
1700992570.429764 4173 -1
1700992570.429867 54 1
1700992570.429960 1172 -1
1700992570.429960 484 -1
1700992570.430056 54 1
1700992570.430330 1197 -1
1700992570.430330 442 -1
1700992570.430330 3032 -1
1700992570.430392 54 1
1700992570.430436 1514 -1
1700992570.430788 93 -1
1700992570.430788 78 -1
1700992570.430788 60 -1
1700992570.430850 54 1
1700992570.431396 1514 -1
1700992570.431396 656 -1
1700992570.431396 1168 -1
1700992570.431396 485 -1
1700992570.431396 5474 -1
1700992570.431480 54 1
1700992570.431698 1215 -1
1700992570.431698 423 -1
1700992570.431727 54 1
1700992570.432124 13141 -1
1700992570.432202 54 1
1700992572.485703 227 1
1700992572.487909 219 1
1700992572.488023 221 1
1700992572.490763 222 1
1700992572.491602 220 1
1700992572.495845 60 -1
1700992572.497038 1176 -1
1700992572.497038 473 -1
1700992572.498147 54 1
1700992572.498213 2951 -1
1700992572.498213 1176 -1
1700992572.498213 477 -1
1700992572.498213 6736 -1
1700992572.498213 1172 -1
1700992572.498213 483 -1
1700992572.498296 54 1
1700992572.498410 987 -1
1700992572.498410 1175 -1
1700992572.498432 54 1
1700992572.501363 1171 -1
1700992572.501363 480 -1
1700992572.501363 477 -1
1700992572.501363 840 -1
1700992572.501363 2646 -1
1700992572.501449 54 1
1700992575.524324 54 1
1700992575.524760 54 1
1700992575.525651 78 -1
1700992575.525651 60 -1
1700992575.525731 54 1
1700992575.526200 78 -1
1700992575.526200 60 -1
1700992575.526240 54 1
