1700994485.300897 66 1
1700994485.302080 66 1
1700994485.303328 66 -1
1700994485.303460 54 1
1700994485.309934 66 -1
1700994485.310050 54 1
1700994485.313762 572 1
1700994485.314988 60 -1
1700994485.317166 663 1
1700994485.323185 2778 -1
1700994485.323290 54 1
1700994485.326111 60 -1
1700994485.326361 2779 -1
1700994485.326441 54 1
1700994485.344289 134 1
1700994485.344980 134 1
1700994485.345246 60 -1
1700994485.345895 60 -1
1700994485.345899 341 -1
1700994485.345899 341 -1
1700994485.345940 66 1
1700994485.346024 54 1
1700994485.346129 341 -1
1700994485.346129 341 -1
1700994485.346158 54 1
1700994485.352978 54 1
1700994485.353238 146 1
1700994485.354076 93 -1
1700994485.354153 54 1
1700994485.354263 78 -1
1700994485.354263 60 -1
1700994485.354282 60 -1
1700994485.354449 115 -1
1700994485.354449 85 -1
1700994485.354480 54 1
1700994485.358884 586 1
1700994485.358989 230 1
1700994485.360103 60 -1
1700994485.360103 60 -1
1700994485.361441 855 -1
1700994485.361441 1514 -1
1700994485.361474 54 1
1700994485.361526 6656 -1
1700994485.361591 54 1
1700994485.363413 1051 -1
1700994485.363413 732 -1
1700994485.363466 54 1
1700994485.363546 2987 -1
1700994485.363574 54 1
1700994485.393376 85 1
1700994485.439858 60 -1
1700994485.616519 230 1
1700994485.616704 230 1
1700994485.616803 234 1
1700994485.616893 232 1
1700994485.616987 235 1
1700994485.617058 222 1
1700994485.617138 230 1
1700994485.617573 223 1
1700994485.617668 230 1
1700994485.617795 232 1
1700994485.629170 60 -1
1700994485.629170 60 -1
1700994485.629170 60 -1
1700994485.629170 60 -1
1700994485.629170 60 -1
1700994485.629170 60 -1
1700994485.629170 60 -1
1700994485.629170 60 -1
1700994485.629170 60 -1
1700994485.629170 60 -1
1700994485.629170 875 -1
1700994485.629336 2961 -1
1700994485.629336 832 -1
1700994485.629360 54 1
1700994485.629394 3051 -1
1700994485.629418 54 1
1700994485.629458 20172 -1
1700994485.629544 54 1
1700994485.631090 1746 -1
1700994485.631119 54 1
1700994485.636838 857 -1
1700994485.636838 7354 -1
1700994485.636838 3891 -1
1700994485.636838 3725 -1
1700994485.636838 3401 -1
1700994485.636838 6084 -1
1700994485.636838 2974 -1
1700994485.636838 6507 -1
1700994485.636838 976 -1
1700994485.636838 813 -1
1700994485.636838 982 -1
1700994485.636838 808 -1
1700994485.636838 651 -1
1700994485.636838 4434 -1
1700994485.636838 7354 -1
1700994485.636838 1998 -1
1700994485.637217 54 1
1700994485.641827 54 1
1700994485.836998 208 1
1700994485.838068 60 -1
1700994485.839269 848 -1
1700994485.839269 1546 -1
1700994485.839337 54 1
1700994488.167525 54 1
1700994488.173294 78 -1
1700994488.173294 60 -1
1700994488.173335 54 1
1700994497.990670 66 1
1700994497.991111 66 1
1700994497.991569 66 1
1700994497.992089 66 1
1700994497.992554 66 1
1700994498.004223 66 -1
1700994498.004223 66 -1
1700994498.004440 54 1
1700994498.004503 54 1
1700994498.005378 572 1
1700994498.005850 599 1
1700994498.010334 66 -1
1700994498.010467 54 1
1700994498.010731 66 -1
1700994498.010741 60 -1
1700994498.010741 1514 -1
1700994498.010741 1514 -1
1700994498.010741 958 -1
1700994498.010810 54 1
1700994498.010939 54 1
1700994498.012484 60 -1
1700994498.012544 66 -1
1700994498.012626 54 1
1700994498.013930 599 1
1700994498.014397 599 1
1700994498.014528 2974 -1
1700994498.014528 957 -1
1700994498.014587 54 1
1700994498.014837 572 1
1700994498.015493 60 -1
1700994498.016066 60 -1
1700994498.017141 1514 -1
1700994498.017141 1514 -1
1700994498.017198 54 1
1700994498.018029 2974 -1
1700994498.018076 54 1
1700994498.018125 959 -1
1700994498.018262 134 1
1700994498.019005 134 1
1700994498.019413 60 -1
1700994498.019413 341 -1
1700994498.019413 341 -1
1700994498.019462 54 1
1700994498.020153 60 -1
1700994498.020153 341 -1
1700994498.020153 341 -1
1700994498.020190 54 1
1700994498.020479 134 1
1700994498.021098 54 1
1700994498.021260 54 1
1700994498.021441 146 1
1700994498.021556 54 1
1700994498.021737 54 1
1700994498.022887 583 1
1700994498.023010 227 1
1700994498.023117 220 1
1700994498.023206 221 1
1700994498.023241 60 -1
1700994498.023364 227 1
1700994498.023448 60 -1
1700994498.023573 341 -1
1700994498.023600 60 -1
1700994498.023635 54 1
1700994498.023700 341 -1
1700994498.024605 93 -1
1700994498.024808 78 -1
1700994498.024808 60 -1
1700994498.025222 958 -1
1700994498.025271 54 1
1700994498.025346 93 -1
1700994498.025346 78 -1
1700994498.025346 60 -1
1700994498.025346 60 -1
1700994498.025346 60 -1
1700994498.025346 60 -1
1700994498.025346 60 -1
1700994498.025346 60 -1
1700994498.025346 115 -1
1700994498.025346 85 -1
1700994498.025429 54 1
1700994498.025548 54 1
1700994498.026512 85 1
1700994498.026934 2974 -1
1700994498.026934 957 -1
1700994498.026934 60 -1
1700994498.026996 54 1
1700994498.027500 60 -1
1700994498.028441 1175 -1
1700994498.028699 1197 -1
1700994498.028727 54 1
1700994498.028911 442 -1
1700994498.028911 476 -1
1700994498.028946 54 1
1700994498.029005 3576 -1
1700994498.029031 54 1
1700994498.030416 3040 -1
1700994498.030416 1595 -1
1700994498.030416 5482 -1
1700994498.030519 54 1
1700994498.031607 1185 -1
1700994498.031607 461 -1
1700994498.031607 4165 -1
1700994498.031670 54 1
1700994498.036395 1215 -1
1700994498.036395 423 -1
1700994498.036483 54 1
1700994498.036540 7354 -1
1700994498.036583 54 1
1700994498.036998 4434 -1
1700994498.037060 54 1
1700994498.037274 1461 -1
1700994498.037302 54 1
1700994498.175027 54 1
1700994498.179019 78 -1
1700994498.179019 60 -1
1700994498.179072 54 1
1700994500.117135 66 1
1700994500.118234 66 -1
1700994500.118346 54 1
1700994500.119608 870 1
1700994500.120582 60 -1
1700994500.121099 318 -1
1700994500.121558 134 1
1700994500.121921 146 1
1700994500.122336 583 1
1700994500.122412 222 1
1700994500.122538 222 1
1700994500.122610 60 -1
1700994500.127135 222 1
1700994500.128032 341 -1
1700994500.128032 60 -1
1700994500.128032 115 -1
1700994500.128032 85 -1
1700994500.128032 60 -1
1700994500.128032 60 -1
1700994500.128032 60 -1
1700994500.128032 1176 -1
1700994500.128032 473 -1
1700994500.128032 1175 -1
1700994500.128032 471 -1
1700994500.128032 2951 -1
1700994500.128032 849 -1
1700994500.128089 221 1
1700994500.128200 54 1
1700994500.129391 85 1
1700994500.130621 60 -1
1700994500.130677 60 -1
1700994500.132350 1172 -1
1700994500.132350 483 -1
1700994500.132397 54 1
1700994500.132949 987 -1
1700994500.132949 1174 -1
1700994500.132949 477 -1
1700994500.133022 54 1
1700994500.133432 2646 -1
1700994500.133457 54 1
1700994500.134468 1176 -1
1700994500.134468 477 -1
1700994500.134468 6736 -1
1700994500.134518 54 1
1700994508.177254 54 1
1700994508.178436 78 -1
1700994508.178436 60 -1
1700994508.178597 54 1
