1700993524.311492 66 1
1700993524.312592 66 -1
1700993524.312685 54 1
1700993524.314417 631 1
1700993524.316477 60 -1
1700993524.317467 2778 -1
1700993524.317506 54 1
1700993524.329675 134 1
1700993524.330611 60 -1
1700993524.330859 341 -1
1700993524.330859 341 -1
1700993524.330898 54 1
1700993524.353839 146 1
1700993524.354765 60 -1
1700993524.354848 115 -1
1700993524.354848 85 -1
1700993524.354912 54 1
1700993524.394714 85 1
1700993524.394858 585 1
1700993524.396188 60 -1
1700993524.396188 60 -1
1700993524.396898 927 -1
1700993524.397409 3634 -1
1700993524.397465 54 1
1700993524.444298 231 1
1700993524.448567 855 -1
1700993524.448567 4434 -1
1700993524.448633 54 1
1700993524.448857 3736 -1
1700993524.448891 54 1
1700993524.523367 232 1
1700993524.525835 857 -1
1700993524.525933 1514 -1
1700993524.525976 54 1
1700993524.526034 5888 -1
1700993524.526085 54 1
1700993524.594735 230 1
1700993524.611874 855 -1
1700993524.612310 2467 -1
1700993524.612341 54 1
1700993524.682290 230 1
1700993524.682438 235 1
1700993524.682720 230 1
1700993524.682899 222 1
1700993524.683033 230 1
1700993524.683106 223 1
1700993524.683304 231 1
1700993524.683401 230 1
1700993524.683512 232 1
1700993524.683622 223 1
1700993524.687149 60 -1
1700993524.687149 60 -1
1700993524.687149 857 -1
1700993524.687149 7354 -1
1700993524.687149 3891 -1
1700993524.687330 54 1
1700993524.696844 999 -1
1700993524.696844 784 -1
1700993524.696844 833 -1
1700993524.696844 2262 -1
1700993524.696844 4483 -1
1700993524.696844 852 -1
1700993524.696844 1379 -1
1700993524.696844 856 -1
1700993524.696844 6800 -1
1700993524.696844 878 -1
1700993524.696844 10118 -1
1700993524.696844 857 -1
1700993524.696844 6107 -1
1700993524.696844 960 -1
1700993524.696844 842 -1
1700993524.696844 858 -1
1700993524.696844 8814 -1
1700993524.696844 5641 -1
1700993524.696844 2974 -1
1700993524.696844 2692 -1
1700993524.697246 54 1
1700993524.697405 980 -1
1700993524.697405 811 -1
1700993524.697405 832 -1
1700993524.697452 54 1
1700993524.722549 54 1
1700993524.982726 208 1
1700993524.995389 852 -1
1700993524.995389 1546 -1
1700993524.995854 54 1
1700993527.705991 54 1
1700993527.707012 78 -1
1700993527.707012 60 -1
1700993527.707193 54 1
1700993533.932356 66 1
1700993533.939270 66 -1
1700993533.939512 54 1
1700993533.940964 934 1
1700993533.941998 60 -1
1700993533.942418 318 -1
1700993533.943652 134 1
1700993533.944069 146 1
1700993533.944671 585 1
1700993533.944735 229 1
1700993533.945285 60 -1
1700993533.945285 341 -1
1700993533.945285 60 -1
1700993533.945338 115 -1
1700993533.945338 85 -1
1700993533.945363 54 1
1700993533.945889 85 1
1700993533.945987 60 -1
1700993533.945987 60 -1
1700993533.946802 60 -1
1700993533.950994 908 -1
1700993533.951067 7354 -1
1700993533.951124 54 1
1700993533.951702 9160 -1
1700993533.951752 54 1
1700993533.952283 1290 -1
1700993533.952320 54 1
1700993533.952365 828 -1
1700993533.953655 5705 -1
1700993533.953683 54 1
1700993535.697973 234 1
1700993535.698079 232 1
1700993535.709956 60 -1
1700993535.709956 832 -1
1700993535.709956 3051 -1
1700993535.709956 856 -1
1700993535.709956 7354 -1
1700993535.709956 7354 -1
1700993535.709956 1552 -1
1700993535.710134 54 1
1700993535.720207 92 -1
1700993535.720257 66 1
1700993537.589758 66 1
1700993537.590936 66 -1
1700993537.591031 54 1
1700993537.591740 66 1
1700993537.592426 66 1
1700993537.592974 66 1
1700993537.593481 66 1
1700993537.594161 66 -1
1700993537.594257 54 1
1700993537.594451 663 1
1700993537.595088 572 1
1700993537.595416 60 -1
1700993537.596295 66 -1
1700993537.596415 54 1
1700993537.596954 599 1
1700993537.597282 60 -1
1700993537.597537 2974 -1
1700993537.597614 54 1
1700993537.597662 959 -1
1700993537.598011 60 -1
1700993537.598324 2974 -1
1700993537.598324 957 -1
1700993537.598358 54 1
1700993537.599962 2974 -1
1700993537.600015 54 1
1700993537.600117 958 -1
1700993537.600671 66 -1
1700993537.600671 66 -1
1700993537.600803 54 1
1700993537.600839 54 1
1700993537.601275 572 1
1700993537.605484 60 -1
1700993537.605484 2974 -1
1700993537.605484 959 -1
1700993537.605581 54 1
1700993537.606210 134 1
1700993537.607405 134 1
1700993537.607930 60 -1
1700993537.607980 341 -1
1700993537.607980 341 -1
1700993537.608012 54 1
1700993537.609100 134 1
1700993537.609483 60 -1
1700993537.609556 341 -1
1700993537.609742 341 -1
1700993537.609766 54 1
1700993537.609933 599 1
1700993537.610418 60 -1
1700993537.610650 341 -1
1700993537.610650 341 -1
1700993537.610680 54 1
1700993537.611179 134 1
1700993537.611409 60 -1
1700993537.611709 54 1
1700993537.611989 54 1
1700993537.612086 60 -1
1700993537.612165 54 1
1700993537.612347 146 1
1700993537.612434 341 -1
1700993537.612434 341 -1
1700993537.612459 54 1
1700993537.612485 54 1
1700993537.612937 93 -1
1700993537.612937 78 -1
1700993537.612937 60 -1
1700993537.613090 93 -1
1700993537.613144 54 1
1700993537.613306 583 1
1700993537.613342 78 -1
1700993537.613384 60 -1
1700993537.613439 60 -1
1700993537.613491 227 1
1700993537.613528 93 -1
1700993537.613528 78 -1
1700993537.613528 60 -1
1700993537.613577 54 1
1700993537.613585 220 1
1700993537.613572 2974 -1
1700993537.613625 54 1
1700993537.613634 115 -1
1700993537.613634 85 -1
1700993537.613665 54 1
1700993537.613690 227 1
1700993537.613772 221 1
1700993537.613897 959 -1
1700993537.613897 60 -1
1700993537.614000 85 1
1700993537.614340 60 -1
1700993537.615018 60 -1
1700993537.615570 60 -1
1700993537.615570 60 -1
1700993537.615570 60 -1
1700993537.615570 60 -1
1700993537.618514 1189 -1
1700993537.618514 453 -1
1700993537.618583 54 1
1700993537.618621 4173 -1
1700993537.618655 54 1
1700993537.620306 1171 -1
1700993537.620365 54 1
1700993537.620415 484 -1
1700993537.620415 1172 -1
1700993537.620415 3032 -1
1700993537.620461 54 1
1700993537.620640 477 -1
1700993537.620664 54 1
1700993537.620699 5482 -1
1700993537.620751 54 1
1700993537.620883 1196 -1
1700993537.620981 442 -1
1700993537.621002 54 1
1700993537.621041 3576 -1
1700993537.621063 54 1
1700993537.622718 1219 -1
1700993537.622718 415 -1
1700993537.622768 54 1
1700993537.623637 7354 -1
1700993537.623680 54 1
1700993537.624354 5849 -1
1700993537.624409 54 1
1700993537.727243 54 1
1700993537.728471 54 1
1700993537.728477 78 -1
1700993537.728477 60 -1
1700993537.728511 54 1
1700993537.729632 78 -1
1700993537.729632 60 -1
1700993537.729733 54 1
1700993539.661081 66 1
1700993539.661995 66 -1
1700993539.662059 54 1
1700993539.662551 934 1
1700993539.663505 60 -1
1700993539.664547 318 -1
1700993539.666802 134 1
1700993539.667987 146 1
1700993539.668623 583 1
1700993539.668732 222 1
1700993539.668827 222 1
1700993539.668925 222 1
1700993539.669112 60 -1
1700993539.669112 341 -1
1700993539.669112 60 -1
1700993539.669387 221 1
1700993539.669812 60 -1
1700993539.669812 60 -1
1700993539.669812 60 -1
1700993539.669812 60 -1
1700993539.670709 60 -1
1700993539.672369 115 -1
1700993539.672369 85 -1
1700993539.672444 54 1
1700993539.672747 85 1
1700993539.673627 60 -1
1700993539.675032 1172 -1
1700993539.675032 483 -1
1700993539.675105 54 1
1700993539.675301 1174 -1
1700993539.675301 477 -1
1700993539.675335 54 1
1700993539.680931 1176 -1
1700993539.680931 473 -1
1700993539.680931 987 -1
1700993539.680931 2646 -1
1700993539.680931 2951 -1
1700993539.680931 1174 -1
1700993539.680931 472 -1
1700993539.680931 848 -1
1700993539.680931 1176 -1
1700993539.680931 477 -1
1700993539.680931 6736 -1
1700993539.681380 54 1
1700993547.739410 54 1
1700993547.741140 78 -1
1700993547.741140 60 -1
1700993547.741307 54 1
