1700995447.626850 66 1
1700995447.627889 66 -1
1700995447.627966 54 1
1700995447.628897 599 1
1700995447.629988 60 -1
1700995447.638871 1514 -1
1700995447.638871 1317 -1
1700995447.638965 54 1
1700995447.650883 134 1
1700995447.651987 60 -1
1700995447.652616 341 -1
1700995447.652616 341 -1
1700995447.652651 54 1
1700995447.680403 146 1
1700995447.682097 60 -1
1700995447.682097 115 -1
1700995447.682097 85 -1
1700995447.682159 54 1
1700995447.716716 85 1
1700995447.717107 585 1
1700995447.718124 60 -1
1700995447.718124 60 -1
1700995447.721772 1051 -1
1700995447.721772 732 -1
1700995447.721815 54 1
1700995447.721864 2987 -1
1700995447.721905 54 1
1700995447.747280 231 1
1700995447.759060 855 -1
1700995447.759060 8116 -1
1700995447.759123 54 1
1700995447.804452 232 1
1700995447.821858 982 -1
1700995447.821858 812 -1
1700995447.821858 1514 -1
1700995447.821858 5161 -1
1700995447.822440 54 1
1700995447.826770 781 -1
1700995447.827222 66 1
1700995448.363567 230 1
1700995448.363687 234 1
1700995448.365371 232 1
1700995448.365504 235 1
1700995448.365631 230 1
1700995448.365749 222 1
1700995448.365862 230 1
1700995448.366446 60 -1
1700995448.366686 60 -1
1700995448.367115 223 1
1700995448.367224 231 1
1700995448.367315 230 1
1700995448.367395 223 1
1700995448.374792 1127 -1
1700995448.374792 625 -1
1700995448.374792 1000 -1
1700995448.374792 781 -1
1700995448.374792 2355 -1
1700995448.374792 2001 -1
1700995448.374792 1725 -1
1700995448.374792 1728 -1
1700995448.374792 7354 -1
1700995448.374792 3250 -1
1700995448.374792 2604 -1
1700995448.374792 1514 -1
1700995448.374792 2264 -1
1700995448.374792 1727 -1
1700995448.374792 732 -1
1700995448.375103 54 1
1700995448.376179 60 -1
1700995448.377066 980 -1
1700995448.377066 810 -1
1700995448.377104 54 1
1700995448.377258 1514 -1
1700995448.377800 7354 -1
1700995448.377836 54 1
1700995448.377895 6667 -1
1700995448.377964 54 1
1700995448.379025 981 -1
1700995448.379025 980 -1
1700995448.379025 810 -1
1700995448.379025 810 -1
1700995448.379066 54 1
1700995448.379291 4434 -1
1700995448.379341 54 1
1700995448.379554 1695 -1
1700995448.379554 5382 -1
1700995448.379624 54 1
1700995448.395654 1056 -1
1700995448.395654 725 -1
1700995448.395752 54 1
1700995448.402760 4434 -1
1700995448.402760 5098 -1
1700995448.402760 718 -1
1700995448.402869 66 1
1700995448.469965 1115 -1
1700995448.469965 611 -1
1700995448.470059 54 1
1700995448.470115 5843 -1
1700995448.470154 54 1
1700995448.605581 208 1
1700995448.621635 848 -1
1700995448.621635 1546 -1
1700995448.621728 54 1
1700995449.993898 54 1
1700995449.995705 78 -1
1700995449.995705 60 -1
1700995449.995818 54 1
1700995457.051910 66 1
1700995457.053031 66 -1
1700995457.053131 54 1
1700995457.053641 934 1
1700995457.054869 60 -1
1700995457.055426 318 -1
1700995457.056290 134 1
1700995457.057421 60 -1
1700995457.057547 146 1
1700995457.057604 341 -1
1700995457.058249 577 1
1700995457.058384 230 1
1700995457.058884 85 -1
1700995457.058915 66 1
1700995457.058958 60 -1
1700995457.058958 115 -1
1700995457.059008 54 1
1700995457.059290 229 1
1700995457.059324 60 -1
1700995457.059488 85 1
1700995457.059758 60 -1
1700995457.060256 60 -1
1700995457.060588 60 -1
1700995457.065579 979 -1
1700995457.065579 807 -1
1700995457.065615 54 1
1700995457.065701 1514 -1
1700995457.065701 1514 -1
1700995457.065722 54 1
1700995457.065811 7354 -1
1700995457.065844 54 1
1700995457.066394 2974 -1
1700995457.066423 54 1
1700995457.066669 1202 -1
1700995457.066694 54 1
1700995457.067030 952 -1
1700995457.067030 851 -1
1700995457.067052 54 1
1700995457.067209 4939 -1
1700995457.067231 54 1
1700995457.068043 984 -1
1700995457.068043 801 -1
1700995457.068043 1514 -1
1700995457.068043 7354 -1
1700995457.068129 54 1
1700995457.068902 1145 -1
1700995457.201120 54 1
1700995460.020024 54 1
1700995460.022569 78 -1
1700995460.022569 60 -1
1700995460.022683 54 1
1700995460.254739 66 1
1700995460.255229 66 1
1700995460.255661 66 1
1700995460.255780 66 -1
1700995460.255873 54 1
1700995460.256180 66 -1
1700995460.256221 66 1
1700995460.256242 54 1
1700995460.256501 66 -1
1700995460.256556 54 1
1700995460.256836 66 1
1700995460.257254 66 -1
1700995460.257323 54 1
1700995460.257641 572 1
1700995460.257738 66 -1
1700995460.257942 54 1
1700995460.258088 663 1
1700995460.258484 572 1
1700995460.258524 60 -1
1700995460.258850 663 1
1700995460.259072 60 -1
1700995460.259133 599 1
1700995460.259377 60 -1
1700995460.259850 60 -1
1700995460.259999 60 -1
1700995460.266411 2974 -1
1700995460.266485 54 1
1700995460.266571 959 -1
1700995460.267074 2974 -1
1700995460.267130 54 1
1700995460.267243 958 -1
1700995460.267974 2974 -1
1700995460.267974 957 -1
1700995460.268017 54 1
1700995460.268356 2974 -1
1700995460.268419 54 1
1700995460.268624 959 -1
1700995460.271523 134 1
1700995460.272300 134 1
1700995460.272991 134 1
1700995460.273707 134 1
1700995460.274121 54 1
1700995460.274286 54 1
1700995460.275134 2974 -1
1700995460.275134 957 -1
1700995460.275203 54 1
1700995460.279207 957 -1
1700995460.279266 66 1
1700995460.282725 60 -1
1700995460.282725 341 -1
1700995460.282725 341 -1
1700995460.282821 54 1
1700995460.282993 54 1
1700995460.283046 54 1
1700995460.283796 146 1
1700995460.283916 54 1
1700995460.283996 54 1
1700995460.284704 583 1
1700995460.284789 221 1
1700995460.284868 220 1
1700995460.284946 227 1
1700995460.285036 227 1
1700995460.287776 341 -1
1700995460.288208 60 -1
1700995460.288260 341 -1
1700995460.288300 54 1
1700995460.290695 341 -1
1700995460.290695 93 -1
1700995460.290695 78 -1
1700995460.290695 60 -1
1700995460.307305 60 -1
1700995460.307305 60 -1
1700995460.307305 60 -1
1700995460.307305 60 -1
1700995460.307305 60 -1
1700995460.307305 60 -1
1700995460.307305 60 -1
1700995460.307305 60 -1
1700995460.307305 341 -1
1700995460.307305 341 -1
1700995460.307305 341 -1
1700995460.307305 341 -1
1700995460.307305 115 -1
1700995460.307305 85 -1
1700995460.307305 93 -1
1700995460.307305 78 -1
1700995460.307305 60 -1
1700995460.307305 13141 -1
1700995460.307305 1175 -1
1700995460.307305 476 -1
1700995460.307305 1215 -1
1700995460.307305 423 -1
1700995460.307305 3040 -1
1700995460.307305 1598 -1
1700995460.307305 5475 -1
1700995460.307305 1189 -1
1700995460.307305 453 -1
1700995460.307305 1193 -1
1700995460.307305 450 -1
1700995460.307305 3568 -1
1700995460.307305 4173 -1
1700995460.307305 60 -1
1700995460.307625 66 1
1700995460.307741 66 1
1700995460.307758 66 1
1700995460.307791 66 1
1700995460.307812 66 1
1700995460.307861 54 1
1700995460.307970 54 1
1700995460.308064 54 1
1700995460.309570 85 1
1700995460.311751 60 -1
1700995462.341502 228 1
1700995462.342729 60 -1
1700995462.343664 222 1
1700995462.343776 222 1
1700995462.343889 222 1
1700995462.344071 221 1
1700995462.344668 60 -1
1700995462.344754 60 -1
1700995462.344875 60 -1
1700995462.345115 60 -1
1700995462.350799 1176 -1
1700995462.350799 473 -1
1700995462.350918 54 1
1700995462.351369 2951 -1
1700995462.351396 54 1
1700995462.351527 1172 -1
1700995462.351527 483 -1
1700995462.351527 1171 -1
1700995462.351527 480 -1
1700995462.351570 54 1
1700995462.351620 1170 -1
1700995462.351665 840 -1
1700995462.351665 485 -1
1700995462.351665 987 -1
1700995462.351690 54 1
1700995462.351758 2638 -1
1700995462.351788 54 1
1700995462.352299 1176 -1
1700995462.352299 477 -1
1700995462.352321 54 1
1700995462.352359 6736 -1
1700995462.352382 54 1
1700995470.027164 54 1
1700995470.028605 78 -1
1700995470.028605 60 -1
1700995470.028747 54 1
