1700996412.137606 66 1
1700996412.139683 66 -1
1700996412.139829 54 1
1700996412.153986 66 1
1700996412.155048 66 -1
1700996412.155141 54 1
1700996412.163370 663 1
1700996412.164433 60 -1
1700996412.168488 663 1
1700996412.177123 60 -1
1700996412.177123 2779 -1
1700996412.177216 54 1
1700996412.177574 2778 -1
1700996412.177620 54 1
1700996412.236172 134 1
1700996412.237147 134 1
1700996412.238644 60 -1
1700996412.238719 341 -1
1700996412.238719 341 -1
1700996412.238785 54 1
1700996412.239192 60 -1
1700996412.239192 341 -1
1700996412.239192 341 -1
1700996412.239277 54 1
1700996412.245687 54 1
1700996412.247522 93 -1
1700996412.247522 78 -1
1700996412.247522 60 -1
1700996412.247557 54 1
1700996412.266434 146 1
1700996412.269429 585 1
1700996412.269565 231 1
1700996412.280059 60 -1
1700996412.280059 60 -1
1700996412.280059 60 -1
1700996412.280059 115 -1
1700996412.280059 85 -1
1700996412.280202 54 1
1700996412.280416 979 -1
1700996412.280416 811 -1
1700996412.280416 1051 -1
1700996412.280459 54 1
1700996412.280768 7390 -1
1700996412.280840 54 1
1700996412.281681 85 1
1700996412.282047 732 -1
1700996412.282047 2987 -1
1700996412.282107 54 1
1700996412.283406 60 -1
1700996412.475515 229 1
1700996412.487414 60 -1
1700996412.487414 981 -1
1700996412.487414 810 -1
1700996412.487414 2974 -1
1700996412.487414 3703 -1
1700996412.487824 54 1
1700996412.584737 231 1
1700996412.584876 229 1
1700996412.584964 230 1
1700996412.585068 229 1
1700996412.585187 223 1
1700996412.585319 232 1
1700996412.585450 230 1
1700996412.585566 222 1
1700996412.593601 60 -1
1700996412.593601 60 -1
1700996412.616976 979 -1
1700996412.616976 811 -1
1700996412.616976 1741 -1
1700996412.616976 979 -1
1700996412.616976 811 -1
1700996412.616976 832 -1
1700996412.616976 1002 -1
1700996412.616976 776 -1
1700996412.616976 9427 -1
1700996412.616976 982 -1
1700996412.616976 1884 -1
1700996412.616976 6021 -1
1700996412.616976 1514 -1
1700996412.616976 9009 -1
1700996412.616976 7354 -1
1700996412.616976 4434 -1
1700996412.616976 1998 -1
1700996412.616976 3984 -1
1700996412.616976 982 -1
1700996412.616976 809 -1
1700996412.616976 5383 -1
1700996412.620436 54 1
1700996414.436399 54 1
1700996414.438337 78 -1
1700996414.438337 60 -1
1700996414.438548 54 1
1700996422.534949 66 1
1700996422.536186 66 -1
1700996422.536293 54 1
1700996422.537319 934 1
1700996422.538301 60 -1
1700996422.538865 318 -1
1700996422.539450 134 1
1700996422.540322 60 -1
1700996422.540389 341 -1
1700996422.540482 146 1
1700996422.541440 579 1
1700996422.541528 60 -1
1700996422.541528 115 -1
1700996422.541528 85 -1
1700996422.541531 230 1
1700996422.541604 54 1
1700996422.541838 231 1
1700996422.542373 60 -1
1700996422.542405 60 -1
1700996422.542406 85 1
1700996422.542985 60 -1
1700996422.543211 60 -1
1700996422.545812 1032 -1
1700996422.545812 742 -1
1700996422.545872 54 1
1700996422.546147 1100 -1
1700996422.546293 661 -1
1700996422.546293 16460 -1
1700996422.546340 54 1
1700996422.547233 633 -1
1700996422.547267 14488 -1
1700996422.547304 54 1
1700996422.548616 952 -1
1700996422.548616 852 -1
1700996422.548616 4938 -1
1700996422.548683 54 1
1700996423.757303 232 1
1700996423.759122 231 1
1700996423.761254 60 -1
1700996423.763344 999 -1
1700996423.763399 784 -1
1700996423.763426 54 1
1700996423.763567 2262 -1
1700996423.763585 54 1
1700996423.764969 980 -1
1700996423.764969 809 -1
1700996423.764969 4434 -1
1700996423.765037 54 1
1700996423.765327 2974 -1
1700996423.765359 54 1
1700996423.765613 1514 -1
1700996423.765640 54 1
1700996423.765825 2974 -1
1700996423.765869 54 1
1700996423.767187 3748 -1
1700996423.767239 54 1
1700996424.446164 54 1
1700996424.447266 78 -1
1700996424.447266 60 -1
1700996424.447301 54 1
1700996426.125094 66 1
1700996426.128544 66 1
1700996426.129167 66 1
1700996426.129214 66 -1
1700996426.129290 54 1
1700996426.129610 66 1
1700996426.130107 66 1
1700996426.131267 572 1
1700996426.131435 66 -1
1700996426.131435 66 -1
1700996426.131547 54 1
1700996426.131592 54 1
1700996426.132281 60 -1
1700996426.132585 599 1
1700996426.132998 599 1
1700996426.136071 66 -1
1700996426.136177 54 1
1700996426.136655 663 1
1700996426.137104 60 -1
1700996426.137176 66 -1
1700996426.137243 54 1
1700996426.137697 60 -1
1700996426.137735 572 1
1700996426.138724 60 -1
1700996426.139078 60 -1
1700996426.140391 2974 -1
1700996426.140454 54 1
1700996426.140502 957 -1
1700996426.142038 2974 -1
1700996426.142038 956 -1
1700996426.142094 54 1
1700996426.145690 134 1
1700996426.146085 2974 -1
1700996426.146130 54 1
1700996426.146176 957 -1
1700996426.146490 134 1
1700996426.146605 2974 -1
1700996426.146605 955 -1
1700996426.146652 60 -1
1700996426.146656 54 1
1700996426.146766 2974 -1
1700996426.146805 54 1
1700996426.146860 955 -1
1700996426.147078 341 -1
1700996426.147078 341 -1
1700996426.147125 54 1
1700996426.147467 134 1
1700996426.147691 60 -1
1700996426.147691 341 -1
1700996426.147691 341 -1
1700996426.147724 54 1
1700996426.147768 54 1
1700996426.147820 54 1
1700996426.148569 60 -1
1700996426.148655 341 -1
1700996426.148709 341 -1
1700996426.148730 54 1
1700996426.149214 134 1
1700996426.149376 146 1
1700996426.149499 54 1
1700996426.149548 54 1
1700996426.149676 54 1
1700996426.149775 54 1
1700996426.149821 54 1
1700996426.150200 60 -1
1700996426.150335 60 -1
1700996426.150756 341 -1
1700996426.150756 341 -1
1700996426.150793 54 1
1700996426.150961 582 1
1700996426.151036 93 -1
1700996426.151048 228 1
1700996426.151071 78 -1
1700996426.151071 60 -1
1700996426.151077 115 -1
1700996426.151077 85 -1
1700996426.151135 222 1
1700996426.151165 227 1
1700996426.151212 221 1
1700996426.151371 85 1
1700996426.152133 60 -1
1700996426.152133 60 -1
1700996426.152133 60 -1
1700996426.152133 60 -1
1700996426.152181 60 -1
1700996426.152281 60 -1
1700996426.156048 1197 -1
1700996426.156048 443 -1
1700996426.156700 1189 -1
1700996426.156700 453 -1
1700996426.156700 3575 -1
1700996426.157208 1215 -1
1700996426.157208 4173 -1
1700996426.157446 423 -1
1700996426.157446 1171 -1
1700996426.157481 484 -1
1700996426.157539 11734 -1
1700996426.158484 1461 -1
1700996426.158595 1599 -1
1700996426.158751 3032 -1
1700996426.159096 5474 -1
1700996426.166221 1094 -1
1700996426.166270 66 1
1700996426.166272 54 1
1700996428.291568 227 1
1700996428.291686 222 1
1700996428.291762 223 1
1700996428.291829 221 1
1700996428.294150 60 -1
1700996428.295326 1040 -1
1700996428.295326 3038 -1
1700996428.295734 54 1
1700996428.297969 222 1
1700996428.305670 1173 -1
1700996428.305670 481 -1
1700996428.305670 1173 -1
1700996428.305670 483 -1
1700996428.305670 987 -1
1700996428.305670 2943 -1
1700996428.305781 54 1
1700996428.306528 1171 -1
1700996428.306528 480 -1
1700996428.306528 840 -1
1700996428.306582 54 1
1700996428.310650 1176 -1
1700996428.310650 477 -1
1700996428.310650 2974 -1
1700996428.310650 3816 -1
1700996428.310741 54 1
1700996434.457796 54 1
1700996434.460294 78 -1
1700996434.460294 60 -1
1700996434.460333 54 1
