1700997861.199572 66 1
1700997861.200872 66 -1
1700997861.200961 54 1
1700997861.201846 599 1
1700997861.202961 60 -1
1700997861.210953 2778 -1
1700997861.211036 54 1
1700997861.236904 134 1
1700997861.237899 60 -1
1700997861.238340 341 -1
1700997861.238340 341 -1
1700997861.238367 54 1
1700997861.260177 146 1
1700997861.261150 60 -1
1700997861.261399 115 -1
1700997861.261399 85 -1
1700997861.261447 54 1
1700997861.288301 585 1
1700997861.289053 85 1
1700997861.295302 60 -1
1700997861.295302 60 -1
1700997861.299724 979 -1
1700997861.299724 811 -1
1700997861.299724 4434 -1
1700997861.299724 3010 -1
1700997861.300074 54 1
1700997861.315949 90 -1
1700997861.316531 66 1
1700997861.544636 231 1
1700997861.544738 232 1
1700997861.544819 229 1
1700997861.544921 231 1
1700997861.545051 229 1
1700997861.545141 223 1
1700997861.545246 230 1
1700997861.557528 60 -1
1700997861.557528 60 -1
1700997861.557528 979 -1
1700997861.557528 811 -1
1700997861.557528 999 -1
1700997861.557528 784 -1
1700997861.557528 1741 -1
1700997861.557528 2262 -1
1700997861.557528 956 -1
1700997861.557528 845 -1
1700997861.557528 980 -1
1700997861.557528 3046 -1
1700997861.557528 4434 -1
1700997861.557528 979 -1
1700997861.557528 7354 -1
1700997861.557528 3748 -1
1700997861.557528 811 -1
1700997861.557528 957 -1
1700997861.557528 3302 -1
1700997861.557528 3725 -1
1700997861.557528 651 -1
1700997861.557900 66 1
1700997861.557969 54 1
1700997861.558070 54 1
1700997861.560781 651 -1
1700997861.560846 66 1
1700997861.572686 223 1
1700997861.572835 231 1
1700997861.572934 232 1
1700997861.573026 230 1
1700997861.573130 222 1
1700997861.588860 60 -1
1700997861.588860 878 -1
1700997861.588860 7354 -1
1700997861.588860 2818 -1
1700997861.588860 960 -1
1700997861.588860 980 -1
1700997861.588860 811 -1
1700997861.588860 842 -1
1700997861.588860 6074 -1
1700997861.588860 5612 -1
1700997861.588860 981 -1
1700997861.588860 809 -1
1700997861.588860 5383 -1
1700997861.588860 981 -1
1700997861.588860 808 -1
1700997861.588860 7354 -1
1700997861.588860 1514 -1
1700997861.588860 2974 -1
1700997861.588860 1998 -1
1700997861.589172 54 1
1700997861.623171 538 -1
1700997861.624683 66 1
1700997865.097350 54 1
1700997865.101901 78 -1
1700997865.101901 60 -1
1700997865.102243 54 1
1700997868.039677 66 1
1700997868.040847 66 -1
1700997868.040976 54 1
1700997868.041557 870 1
1700997868.043191 60 -1
1700997868.043896 318 -1
1700997868.044531 134 1
1700997868.045109 146 1
1700997868.045479 562 1
1700997868.045566 60 -1
1700997868.048752 60 -1
1700997868.048752 341 -1
1700997868.048752 115 -1
1700997868.048752 85 -1
1700997868.048752 60 -1
1700997868.048752 852 -1
1700997868.048752 1546 -1
1700997868.048872 54 1
1700997868.051385 85 1
1700997868.052915 60 -1
1700997870.304646 230 1
1700997870.308037 60 -1
1700997870.311840 229 1
1700997870.311939 231 1
1700997870.313021 1032 -1
1700997870.313021 744 -1
1700997870.313021 60 -1
1700997870.313021 7354 -1
1700997870.313114 54 1
1700997870.313710 7354 -1
1700997870.313763 54 1
1700997870.313997 1860 -1
1700997870.314025 54 1
1700997870.314163 631 -1
1700997870.314201 60 -1
1700997870.316267 952 -1
1700997870.316267 852 -1
1700997870.317308 54 1
1700997870.317618 4938 -1
1700997870.317618 982 -1
1700997870.317618 808 -1
1700997870.317618 4434 -1
1700997870.317682 54 1
1700997870.317810 5148 -1
1700997870.317840 54 1
1700997871.988913 231 1
1700997872.004377 60 -1
1700997872.004377 1051 -1
1700997872.004377 732 -1
1700997872.004377 2987 -1
1700997872.004478 54 1
1700997873.543769 66 1
1700997873.544372 66 1
1700997873.544863 66 -1
1700997873.544946 54 1
1700997873.545258 66 1
1700997873.545447 66 -1
1700997873.545534 54 1
1700997873.546163 66 1
1700997873.546209 66 -1
1700997873.546256 54 1
1700997873.546768 66 1
1700997873.547018 66 -1
1700997873.547099 54 1
1700997873.547768 66 -1
1700997873.547833 54 1
1700997873.548704 631 1
1700997873.549092 599 1
1700997873.549411 631 1
1700997873.549726 60 -1
1700997873.549864 631 1
1700997873.550000 60 -1
1700997873.550212 631 1
1700997873.550385 60 -1
1700997873.550968 60 -1
1700997873.551163 60 -1
1700997873.552436 2974 -1
1700997873.552471 54 1
1700997873.552497 958 -1
1700997873.552917 2974 -1
1700997873.552950 54 1
1700997873.553003 958 -1
1700997873.553199 2974 -1
1700997873.553242 54 1
1700997873.553319 957 -1
1700997873.553388 2974 -1
1700997873.553408 54 1
1700997873.553646 957 -1
1700997873.555305 2974 -1
1700997873.555351 54 1
1700997873.555397 957 -1
1700997873.556587 134 1
1700997873.557145 134 1
1700997873.557466 60 -1
1700997873.557570 134 1
1700997873.557959 60 -1
1700997873.558026 134 1
1700997873.558104 341 -1
1700997873.558179 341 -1
1700997873.558193 54 1
1700997873.558597 60 -1
1700997873.558650 341 -1
1700997873.558704 341 -1
1700997873.558727 54 1
1700997873.558958 134 1
1700997873.559067 60 -1
1700997873.559200 341 -1
1700997873.559235 341 -1
1700997873.559235 341 -1
1700997873.559235 341 -1
1700997873.559255 54 1
1700997873.559282 54 1
1700997873.559524 54 1
1700997873.559718 54 1
1700997873.559982 60 -1
1700997873.560006 54 1
1700997873.560062 341 -1
1700997873.560144 341 -1
1700997873.560160 54 1
1700997873.560268 54 1
1700997873.560320 54 1
1700997873.560419 93 -1
1700997873.560457 54 1
1700997873.560519 78 -1
1700997873.560572 60 -1
1700997873.560732 146 1
1700997873.560975 93 -1
1700997873.560975 78 -1
1700997873.560975 60 -1
1700997873.561007 54 1
1700997873.561480 582 1
1700997873.561577 228 1
1700997873.561643 60 -1
1700997873.561798 221 1
1700997873.561860 227 1
1700997873.561946 222 1
1700997873.561976 93 -1
1700997873.561976 78 -1
1700997873.561976 60 -1
1700997873.562001 54 1
1700997873.562197 115 -1
1700997873.562197 85 -1
1700997873.562230 54 1
1700997873.562364 85 1
1700997873.562437 60 -1
1700997873.562437 60 -1
1700997873.562789 60 -1
1700997873.562937 60 -1
1700997873.563025 60 -1
1700997873.563248 60 -1
1700997873.565604 1059 -1
1700997873.565661 4541 -1
1700997873.565706 54 1
1700997873.566312 1038 -1
1700997873.566355 54 1
1700997873.566387 5874 -1
1700997873.566417 54 1
1700997873.567492 1063 -1
1700997873.567492 3933 -1
1700997873.567492 1175 -1
1700997873.567544 54 1
1700997873.567579 476 -1
1700997873.567604 54 1
1700997873.568071 3040 -1
1700997873.568122 54 1
1700997873.571395 1215 -1
1700997873.571395 423 -1
1700997873.571395 13141 -1
1700997873.571542 54 1
1700997875.111374 54 1
1700997875.112182 54 1
1700997875.116346 60 -1
1700997875.116346 78 -1
1700997875.116460 54 1
1700997875.116503 54 1
1700997875.116619 78 -1
1700997875.116619 60 -1
1700997875.117029 54 1
1700997875.643065 66 1
1700997875.644227 66 -1
1700997875.644329 54 1
1700997875.645704 934 1
1700997875.646826 60 -1
1700997875.647419 318 -1
1700997875.648655 134 1
1700997875.649300 146 1
1700997875.649903 582 1
1700997875.649949 60 -1
1700997875.649989 223 1
1700997875.650050 221 1
1700997875.650111 222 1
1700997875.650190 222 1
1700997875.650342 341 -1
1700997875.650342 60 -1
1700997875.650536 115 -1
1700997875.650536 85 -1
1700997875.650579 54 1
1700997875.650880 85 1
1700997875.651561 60 -1
1700997875.651561 60 -1
1700997875.651561 60 -1
1700997875.651561 60 -1
1700997875.651561 60 -1
1700997875.652420 60 -1
1700997875.653468 1047 -1
1700997875.653519 3339 -1
1700997875.653544 54 1
1700997875.656261 1171 -1
1700997875.656261 479 -1
1700997875.656261 1170 -1
1700997875.656315 54 1
1700997875.656354 484 -1
1700997875.656354 1176 -1
1700997875.656375 54 1
1700997875.656416 2639 -1
1700997875.656431 54 1
1700997875.656754 477 -1
1700997875.656754 841 -1
1700997875.656784 54 1
1700997875.656816 4434 -1
1700997875.656836 54 1
1700997875.657078 2356 -1
1700997875.657151 54 1
1700997875.657255 1172 -1
1700997875.657347 482 -1
1700997875.657363 54 1
1700997875.657386 988 -1
1700997875.699271 54 1
1700997885.126589 54 1
1700997885.129104 78 -1
1700997885.129104 60 -1
1700997885.129353 54 1
