1701006411.300057 66 1
1701006411.302013 66 -1
1701006411.302178 54 1
1701006411.313394 663 1
1701006411.317985 60 -1
1701006411.326420 2777 -1
1701006411.326627 54 1
1701006411.342894 134 1
1701006411.344229 60 -1
1701006411.344229 341 -1
1701006411.344289 341 -1
1701006411.344306 54 1
1701006411.387374 146 1
1701006411.395771 60 -1
1701006411.396673 115 -1
1701006411.396673 85 -1
1701006411.396735 54 1
1701006411.424844 585 1
1701006411.426809 60 -1
1701006411.427769 933 -1
1701006411.427769 7354 -1
1701006411.428864 54 1
1701006411.429665 3162 -1
1701006411.429707 54 1
1701006411.450619 85 1
1701006411.464855 236 1
1701006411.473533 60 -1
1701006411.474916 897 -1
1701006411.474916 4434 -1
1701006411.474982 54 1
1701006411.475145 3273 -1
1701006411.475179 54 1
1701006411.781265 230 1
1701006411.781408 232 1
1701006411.781519 231 1
1701006411.781610 232 1
1701006411.781713 231 1
1701006411.781813 230 1
1701006411.781910 236 1
1701006411.782019 235 1
1701006411.786043 60 -1
1701006411.786043 60 -1
1701006411.787166 852 -1
1701006411.787757 1514 -1
1701006411.787789 54 1
1701006411.788222 1514 -1
1701006411.788260 4095 -1
1701006411.788290 54 1
1701006411.788993 928 -1
1701006411.788993 8549 -1
1701006411.789046 54 1
1701006411.790060 7354 -1
1701006411.790118 54 1
1701006411.791039 5301 -1
1701006411.791092 54 1
1701006411.791368 7354 -1
1701006411.791454 54 1
1701006411.796156 7354 -1
1701006411.796156 1514 -1
1701006411.796156 7354 -1
1701006411.796156 4954 -1
1701006411.796156 5971 -1
1701006411.796156 1514 -1
1701006411.796156 6444 -1
1701006411.796156 4452 -1
1701006411.796584 54 1
1701006411.803235 54 1
1701006412.390297 210 1
1701006412.395697 880 -1
1701006412.395697 3053 -1
1701006412.395767 54 1
1701006419.818743 54 1
1701006419.819973 78 -1
1701006419.819973 60 -1
1701006419.820097 54 1
1701006420.796576 66 1
1701006420.801341 66 -1
1701006420.801432 54 1
1701006420.803250 934 1
1701006420.805690 60 -1
1701006420.805690 318 -1
1701006420.806328 134 1
1701006420.806849 146 1
1701006420.807159 586 1
1701006420.807246 230 1
1701006420.808745 60 -1
1701006420.808745 60 -1
1701006420.808745 341 -1
1701006420.808745 115 -1
1701006420.808811 54 1
1701006420.808866 85 -1
1701006420.808866 60 -1
1701006420.808866 60 -1
1701006420.809316 85 1
1701006420.809559 930 -1
1701006420.809559 6076 -1
1701006420.809739 54 1
1701006420.810646 60 -1
1701006420.813440 978 -1
1701006420.813440 809 -1
1701006420.813440 4721 -1
1701006420.813525 54 1
1701006422.661768 230 1
1701006422.663013 60 -1
1701006422.664289 952 -1
1701006422.664341 2974 -1
1701006422.664369 54 1
1701006422.666377 230 1
1701006422.667865 230 1
1701006422.669403 230 1
1701006422.669414 8235 -1
1701006422.669515 54 1
1701006422.672118 1028 -1
1701006422.672118 765 -1
1701006422.672188 54 1
1701006422.681961 4434 -1
1701006422.681961 3281 -1
1701006422.681961 60 -1
1701006422.681961 927 -1
1701006422.681961 1514 -1
1701006422.681961 1514 -1
1701006422.681961 2245 -1
1701006422.681961 831 -1
1701006422.681961 5241 -1
1701006422.682117 54 1
1701006425.621537 231 1
1701006425.621664 234 1
1701006425.621754 223 1
1701006425.621829 229 1
1701006425.622005 237 1
1701006425.623047 60 -1
1701006425.625331 854 -1
1701006425.625331 4434 -1
1701006425.625331 60 -1
1701006425.625331 927 -1
1701006425.625331 6186 -1
1701006425.625617 54 1
1701006425.626197 1031 -1
1701006425.626197 743 -1
1701006425.626243 54 1
1701006425.626662 7354 -1
1701006425.626701 54 1
1701006425.627046 123 -1
1701006425.627046 950 -1
1701006425.627235 54 1
1701006425.627281 851 -1
1701006425.627281 7354 -1
1701006425.627312 54 1
1701006425.627829 3071 -1
1701006425.627868 54 1
1701006425.628076 1747 -1
1701006425.628102 54 1
1701006425.628345 7354 -1
1701006425.628385 54 1
1701006425.628788 7354 -1
1701006425.628814 54 1
1701006425.629949 400 -1
1701006425.629949 3287 -1
1701006425.629984 66 1
1701006425.630033 66 1
1701006425.630939 1514 -1
1701006425.630979 54 1
1701006427.747121 228 1
1701006427.747217 231 1
1701006427.748826 232 1
1701006427.751969 60 -1
1701006427.751969 928 -1
1701006427.751969 8027 -1
1701006427.752069 54 1
1701006427.753958 89 1
1701006427.754808 927 -1
1701006427.754808 2974 -1
1701006427.754808 1520 -1
1701006427.754883 54 1
1701006427.756472 950 -1
1701006427.756472 853 -1
1701006427.756523 54 1
1701006427.756865 4003 -1
1701006427.756909 54 1
1701006429.322557 236 1
1701006429.323761 227 1
1701006429.324820 231 1
1701006429.325195 60 -1
1701006429.325243 229 1
1701006429.328759 858 -1
1701006429.328759 4434 -1
1701006429.328844 54 1
1701006429.329133 7035 -1
1701006429.329177 54 1
1701006429.330348 934 -1
1701006429.330348 13087 -1
1701006429.330399 54 1
1701006429.330861 1057 -1
1701006429.330880 54 1
1701006429.330954 731 -1
1701006429.331000 4005 -1
1701006429.331036 54 1
1701006429.331331 935 -1
1701006429.331400 7354 -1
1701006429.331426 54 1
1701006429.332019 7354 -1
1701006429.332043 54 1
1701006429.332741 1860 -1
1701006429.332784 54 1
1701006429.332827 645 -1
1701006429.332907 54 1
1701006429.825343 54 1
1701006429.827273 78 -1
1701006429.827273 60 -1
1701006429.827303 54 1
1701006430.937156 66 1
1701006430.941325 66 -1
1701006430.941435 54 1
1701006430.942820 902 1
1701006430.947532 60 -1
1701006430.948130 318 -1
1701006430.949214 134 1
1701006430.950651 146 1
1701006430.952069 586 1
1701006430.952176 222 1
1701006430.952413 225 1
1701006430.954058 60 -1
1701006430.954762 60 -1
1701006430.954762 60 -1
1701006430.954762 60 -1
1701006430.954829 60 -1
1701006430.956880 341 -1
1701006430.959193 115 -1
1701006430.959193 85 -1
1701006430.959193 957 -1
1701006430.959193 12706 -1
1701006430.959311 54 1
1701006430.960094 85 1
1701006430.962434 1082 -1
1701006430.962434 688 -1
1701006430.962434 1052 -1
1701006430.962434 730 -1
1701006430.962528 54 1
1701006430.963043 1514 -1
1701006430.963043 4221 -1
1701006430.963081 54 1
1701006430.963951 7354 -1
1701006430.964003 54 1
1701006430.964333 1514 -1
1701006430.964333 2753 -1
1701006430.964379 54 1
1701006433.069215 230 1
1701006433.069654 230 1
1701006433.069754 231 1
1701006433.070056 221 1
1701006433.072183 60 -1
1701006433.072183 60 -1
1701006433.072183 60 -1
1701006433.072183 60 -1
1701006433.089706 928 -1
1701006433.089706 961 -1
1701006433.089706 857 -1
1701006433.089706 11734 -1
1701006433.089706 4283 -1
1701006433.089706 7354 -1
1701006433.089706 2726 -1
1701006433.089706 3194 -1
1701006433.089706 829 -1
1701006433.089706 5280 -1
1701006433.089929 54 1
1701006433.099934 900 -1
1701006433.100001 66 1
1701006434.731009 234 1
1701006434.731127 232 1
1701006434.731185 234 1
1701006434.732382 60 -1
1701006434.734564 931 -1
1701006434.734615 828 -1
1701006434.734950 54 1
1701006434.735005 1514 -1
1701006434.735005 7354 -1
1701006434.735075 54 1
1701006434.735963 6115 -1
1701006434.736000 54 1
1701006434.736552 6058 -1
1701006434.736598 54 1
1701006434.736902 7354 -1
1701006434.736924 54 1
1701006434.737820 4218 -1
1701006434.737859 54 1
1701006438.107344 232 1
1701006438.112230 1056 -1
1701006438.112230 722 -1
1701006438.112292 54 1
1701006438.112420 1514 -1
1701006438.112420 3392 -1
1701006438.112452 54 1
1701006438.117759 89 1
1701006438.117898 234 1
1701006438.117980 232 1
1701006438.120406 232 1
1701006438.124011 60 -1
1701006438.125333 964 -1
1701006438.125333 4434 -1
1701006438.125333 592 -1
1701006438.125333 960 -1
1701006438.125401 54 1
1701006438.125460 6267 -1
1701006438.125501 54 1
1701006438.133705 971 -1
1701006438.133705 822 -1
1701006438.133705 4434 -1
1701006438.133705 1704 -1
1701006438.133830 54 1
1701006439.718751 226 1
1701006439.719987 236 1
1701006439.720066 231 1
1701006439.720260 235 1
1701006439.730406 60 -1
1701006439.733939 856 -1
1701006439.733939 5894 -1
1701006439.733939 1514 -1
1701006439.733939 2330 -1
1701006439.733939 907 -1
1701006439.733939 1514 -1
1701006439.733939 4434 -1
1701006439.733939 2974 -1
1701006439.733939 2630 -1
1701006439.733939 7354 -1
1701006439.733939 7354 -1
1701006439.734215 54 1
1701006439.734903 4780 -1
1701006439.734955 54 1
1701006439.849189 54 1
1701006439.851123 78 -1
1701006439.851123 60 -1
1701006439.851157 54 1
1701006441.858608 66 1
1701006441.859922 66 -1
1701006441.859999 54 1
1701006441.861203 966 1
1701006441.862495 60 -1
1701006441.863359 318 -1
1701006441.864190 134 1
1701006441.865103 146 1
1701006441.865950 584 1
1701006441.866502 234 1
1701006441.868260 60 -1
1701006441.868260 341 -1
1701006441.868260 60 -1
1701006441.868260 115 -1
1701006441.868260 85 -1
1701006441.868338 54 1
1701006441.869150 85 1
1701006441.869881 60 -1
1701006441.869881 60 -1
1701006441.872680 929 -1
1701006441.872680 2974 -1
1701006441.872680 3188 -1
1701006441.872680 909 -1
1701006441.872680 4758 -1
1701006441.872914 54 1
1701006443.483084 224 1
1701006443.483180 231 1
1701006443.490071 60 -1
1701006443.491344 1027 -1
1701006443.491344 765 -1
1701006443.491344 3339 -1
1701006443.491412 54 1
1701006443.501444 1056 -1
1701006443.501444 728 -1
1701006443.501444 4434 -1
1701006443.501563 54 1
1701006443.501640 7398 -1
1701006443.501943 66 1
1701006443.503235 1514 -1
1701006443.503288 54 1
1701006445.098119 66 1
1701006445.098574 66 1
1701006445.099088 66 1
1701006445.099277 66 -1
1701006445.099386 54 1
1701006445.099562 66 1
1701006445.099632 66 -1
1701006445.099865 54 1
1701006445.100041 66 1
1701006445.100578 66 -1
1701006445.100637 54 1
1701006445.101012 66 -1
1701006445.101190 663 1
1701006445.101235 54 1
1701006445.101572 663 1
1701006445.101932 572 1
1701006445.102218 60 -1
1701006445.102306 572 1
1701006445.102516 60 -1
1701006445.102884 66 -1
1701006445.102891 60 -1
1701006445.102962 54 1
1701006445.103271 663 1
1701006445.103479 60 -1
1701006445.104263 60 -1
1701006445.110515 1514 -1
1701006445.110515 956 -1
1701006445.110620 66 1
1701006445.110830 66 1
1701006445.110910 2974 -1
1701006445.110910 957 -1
1701006445.111011 54 1
1701006445.111585 2974 -1
1701006445.111643 54 1
1701006445.111704 958 -1
1701006445.112326 2974 -1
1701006445.112326 956 -1
1701006445.112359 54 1
1701006445.112478 2974 -1
1701006445.112520 54 1
1701006445.112612 958 -1
1701006445.115947 1514 -1
1701006445.116027 54 1
1701006445.117762 134 1
1701006445.118513 134 1
1701006445.118957 60 -1
1701006445.119173 134 1
1701006445.119318 341 -1
1701006445.119373 341 -1
1701006445.119395 54 1
1701006445.119623 134 1
1701006445.119661 60 -1
1701006445.119939 341 -1
1701006445.119939 341 -1
1701006445.119985 54 1
1701006445.120269 60 -1
1701006445.120269 341 -1
1701006445.120364 341 -1
1701006445.120394 54 1
1701006445.120586 60 -1
1701006445.120704 134 1
1701006445.120868 341 -1
1701006445.120918 341 -1
1701006445.120933 54 1
1701006445.121208 54 1
1701006445.121466 54 1
1701006445.122090 54 1
1701006445.122258 93 -1
1701006445.122334 54 1
1701006445.122357 60 -1
1701006445.122357 341 -1
1701006445.122357 341 -1
1701006445.122426 54 1
1701006445.122504 54 1
1701006445.122548 54 1
1701006445.122733 93 -1
1701006445.122733 78 -1
1701006445.122733 60 -1
1701006445.122767 146 1
1701006445.122792 54 1
1701006445.123389 582 1
1701006445.123390 93 -1
1701006445.123390 78 -1
1701006445.123390 60 -1
1701006445.123438 54 1
1701006445.123457 230 1
1701006445.123567 226 1
1701006445.123647 228 1
1701006445.123747 228 1
1701006445.123946 78 -1
1701006445.123946 60 -1
1701006445.123982 60 -1
1701006445.124460 60 -1
1701006445.124640 60 -1
1701006445.124640 60 -1
1701006445.124907 60 -1
1701006445.124907 60 -1
1701006445.128897 115 -1
1701006445.128897 85 -1
1701006445.128973 54 1
1701006445.129234 85 1
1701006445.132032 1177 -1
1701006445.132156 470 -1
1701006445.132156 1200 -1
1701006445.132187 54 1
1701006445.132221 14654 -1
1701006445.132347 66 1
1701006445.133292 1545 -1
1701006445.133320 66 1
1701006445.133449 402 -1
1701006445.133449 2974 -1
1701006445.133476 66 1
1701006445.133513 66 1
1701006445.133776 7330 -1
1701006445.133823 66 1
1701006445.134293 4608 -1
1701006445.134352 66 1
1701006445.134686 1232 -1
1701006445.134735 66 1
1701006445.134852 1172 -1
1701006445.134852 479 -1
1701006445.134884 66 1
1701006445.134916 66 1
1701006445.134952 4996 -1
1701006445.134998 66 1
1701006445.135457 1175 -1
1701006445.135457 477 -1
1701006445.135569 66 1
1701006445.135634 66 1
1701006445.135663 7042 -1
1701006445.135745 66 1
1701006445.136474 438 -1
1701006445.136629 54 1
1701006447.218907 227 1
1701006447.219024 220 1
1701006447.222563 228 1
1701006447.222739 229 1
1701006447.222906 220 1
1701006447.224324 60 -1
1701006447.234018 1043 -1
1701006447.234018 8300 -1
1701006447.234152 54 1
1701006447.234349 1171 -1
1701006447.234378 54 1
1701006447.234471 477 -1
1701006447.238180 1201 -1
1701006447.238180 442 -1
1701006447.238180 1176 -1
1701006447.238180 477 -1
1701006447.238180 3934 -1
1701006447.238273 54 1
1701006447.238340 1213 -1
1701006447.238403 434 -1
1701006447.238426 54 1
1701006447.240316 6144 -1
1701006447.240356 54 1
1701006447.240695 6958 -1
1701006447.240848 54 1
1701006447.241258 6457 -1
1701006447.241290 54 1
1701006448.828170 227 1
1701006448.828537 219 1
1701006448.828634 218 1
1701006448.828977 227 1
1701006448.830072 227 1
1701006448.832004 60 -1
1701006448.835551 1199 -1
1701006448.835551 441 -1
1701006448.835551 1203 -1
1701006448.835551 439 -1
1701006448.835653 54 1
1701006448.838249 1176 -1
1701006448.838249 482 -1
1701006448.838249 2974 -1
1701006448.838249 2415 -1
1701006448.838249 7769 -1
1701006448.838386 54 1
1701006448.838701 7354 -1
1701006448.838757 54 1
1701006448.839198 7354 -1
1701006448.839226 54 1
1701006448.839978 506 -1
1701006448.839978 1195 -1
1701006448.839978 441 -1
1701006448.839978 5198 -1
1701006448.840030 54 1
1701006448.840402 1596 -1
1701006448.840428 54 1
1701006448.840528 7354 -1
1701006448.840559 54 1
1701006448.841884 2245 -1
1701006448.841926 54 1
1701006449.853578 54 1
1701006449.853964 54 1
1701006449.854783 78 -1
1701006449.854783 60 -1
1701006449.854819 54 1
1701006449.855145 78 -1
1701006449.855145 60 -1
1701006449.855203 54 1
1701006452.320323 66 1
1701006452.321556 66 -1
1701006452.321667 54 1
1701006452.322851 902 1
1701006452.325244 60 -1
1701006452.325244 318 -1
1701006452.326117 134 1
1701006452.326516 146 1
1701006452.327075 582 1
1701006452.327138 60 -1
1701006452.327194 229 1
1701006452.327267 228 1
1701006452.327412 60 -1
1701006452.327465 227 1
1701006452.327533 220 1
1701006452.328069 60 -1
1701006452.328069 60 -1
1701006452.328261 60 -1
1701006452.328261 341 -1
1701006452.328479 60 -1
1701006452.328479 60 -1
1701006452.331131 115 -1
1701006452.331131 85 -1
1701006452.331173 54 1
1701006452.331516 85 1
1701006452.332436 60 -1
1701006452.333093 1063 -1
1701006452.333093 4434 -1
1701006452.333153 54 1
1701006452.333223 1615 -1
1701006452.333263 54 1
1701006452.333524 1171 -1
1701006452.333524 482 -1
1701006452.333524 1173 -1
1701006452.333559 54 1
1701006452.333722 478 -1
1701006452.333722 5711 -1
1701006452.333982 54 1
1701006452.334067 1514 -1
1701006452.334151 7354 -1
1701006452.334185 54 1
1701006452.334927 2396 -1
1701006452.334955 54 1
1701006452.335122 1173 -1
1701006452.335122 483 -1
1701006452.335122 3580 -1
1701006452.335155 54 1
1701006452.336637 1178 -1
1701006452.336637 473 -1
1701006452.336682 54 1
1701006452.336758 2974 -1
1701006452.336783 54 1
1701006452.336842 1461 -1
1701006452.336881 54 1
1701006454.470726 220 1
1701006454.470880 218 1
1701006454.470954 219 1
1701006454.473722 60 -1
1701006454.473722 60 -1
1701006454.473722 60 -1
1701006454.473566 231 1
1701006454.474073 222 1
1701006454.475038 60 -1
1701006454.475319 60 -1
1701006454.493565 1175 -1
1701006454.493565 469 -1
1701006454.493565 7354 -1
1701006454.493565 4471 -1
1701006454.493565 1174 -1
1701006454.493565 474 -1
1701006454.493565 1170 -1
1701006454.493565 487 -1
1701006454.493565 6830 -1
1701006454.493565 1178 -1
1701006454.493565 1647 -1
1701006454.493565 4434 -1
1701006454.493565 5619 -1
1701006454.493565 407 -1
1701006454.493565 4434 -1
1701006454.493565 1180 -1
1701006454.493565 5194 -1
1701006454.493565 814 -1
1701006454.494057 66 1
1701006454.494147 66 1
1701006454.494228 74 1
1701006454.495322 1514 -1
1701006454.495369 54 1
1701006456.085570 223 1
1701006456.089164 222 1
1701006456.089787 220 1
1701006456.090081 219 1
1701006456.090195 221 1
1701006456.092227 60 -1
1701006456.095599 1169 -1
1701006456.095599 485 -1
1701006456.095599 1173 -1
1701006456.095599 3055 -1
1701006456.095723 54 1
1701006456.095970 480 -1
1701006456.095970 3216 -1
1701006456.096003 54 1
1701006456.098502 1179 -1
1701006456.098502 474 -1
1701006456.098502 1170 -1
1701006456.098502 485 -1
1701006456.098502 7016 -1
1701006456.098502 7354 -1
1701006456.098502 1878 -1
1701006456.098640 54 1
1701006456.098727 1201 -1
1701006456.098727 439 -1
1701006456.098727 7354 -1
1701006456.098803 54 1
1701006456.099444 1491 -1
1701006456.099468 54 1
1701006457.679906 220 1
1701006457.681356 219 1
1701006457.681464 220 1
1701006457.681593 221 1
1701006457.681712 220 1
1701006457.683724 60 -1
1701006457.687023 1046 -1
1701006457.687023 2974 -1
1701006457.687107 54 1
1701006457.687232 60 -1
1701006457.687265 54 1
1701006457.688415 1181 -1
1701006457.688415 470 -1
1701006457.688415 1173 -1
1701006457.688415 478 -1
1701006457.688415 1171 -1
1701006457.688415 484 -1
1701006457.688492 54 1
1701006457.688757 7354 -1
1701006457.688808 54 1
1701006457.689344 5064 -1
1701006457.689388 54 1
1701006457.690654 1514 -1
1701006457.690654 6413 -1
1701006457.690654 6332 -1
1701006457.690721 54 1
1701006457.692419 89 1
1701006457.697488 1179 -1
1701006457.697488 473 -1
1701006457.697488 4434 -1
1701006457.697488 3757 -1
1701006457.697617 54 1
1701006457.739931 60 -1
1701006459.279535 221 1
1701006459.280645 60 -1
1701006459.280718 219 1
1701006459.281508 221 1
1701006459.281602 228 1
1701006459.281702 221 1
1701006459.281705 60 -1
1701006459.282571 60 -1
1701006459.282571 60 -1
1701006459.282637 60 -1
1701006459.288284 1177 -1
1701006459.288284 475 -1
1701006459.288284 1177 -1
1701006459.288284 470 -1
1701006459.288284 1198 -1
1701006459.288284 11712 -1
1701006459.288477 54 1
1701006459.289577 447 -1
1701006459.289577 1078 -1
1701006459.289577 7375 -1
1701006459.289631 54 1
1701006459.289696 2974 -1
1701006459.289721 54 1
1701006459.295345 2100 -1
1701006459.295345 7354 -1
1701006459.295345 3057 -1
1701006459.295345 1600 -1
1701006459.295345 4434 -1
1701006459.295345 1188 -1
1701006459.295478 66 1
1701006459.295578 66 1
1701006459.295627 66 1
1701006459.295691 66 1
1701006459.295761 66 1
1701006459.295826 66 1
1701006459.296739 1514 -1
1701006459.296820 54 1
1701006459.889889 54 1
1701006459.900533 78 -1
1701006459.900533 60 -1
1701006459.900595 54 1
1701006461.433248 66 1
1701006461.434447 66 -1
1701006461.434554 54 1
1701006461.435448 934 1
1701006461.436449 60 -1
1701006461.437050 318 -1
1701006461.437695 134 1
1701006461.438075 146 1
1701006461.438475 583 1
1701006461.438562 228 1
1701006461.438705 60 -1
1701006461.438794 341 -1
1701006461.439664 60 -1
1701006461.439664 60 -1
1701006461.439664 60 -1
1701006461.441447 85 -1
1701006461.441447 115 -1
1701006461.441487 66 1
1701006461.441549 54 1
1701006461.441769 85 1
1701006461.445171 1192 -1
1701006461.445171 455 -1
1701006461.445249 54 1
1701006461.445298 5015 -1
1701006461.445344 54 1
1701006461.446189 1178 -1
1701006461.446189 477 -1
1701006461.446189 3640 -1
1701006461.446261 54 1
1701006461.751451 85 1
1701006461.752487 60 -1
1701006469.894646 54 1
1701006469.896725 78 -1
1701006469.896785 54 1
1701006469.896853 60 -1
