1701020014.850267 66 1
1701020014.852425 66 -1
1701020014.852503 54 1
1701020014.856437 599 1
1701020014.858206 60 -1
1701020014.866022 2974 -1
1701020014.866086 54 1
1701020014.866249 958 -1
1701020014.875354 134 1
1701020014.877382 60 -1
1701020014.877382 341 -1
1701020014.877382 341 -1
1701020014.877459 54 1
1701020014.886060 146 1
1701020014.887651 60 -1
1701020014.889181 115 -1
1701020014.889181 85 -1
1701020014.889240 54 1
1701020014.907411 581 1
1701020014.908421 60 -1
1701020014.913601 1176 -1
1701020014.913601 483 -1
1701020014.913601 4363 -1
1701020014.913769 54 1
1701020014.941736 85 1
1701020014.989065 60 -1
1701020015.023027 194 1
1701020015.025028 60 -1
1701020015.029495 1027 -1
1701020015.029700 658 -1
1701020015.029700 5894 -1
1701020015.029769 54 1
1701020015.030996 4434 -1
1701020015.031053 54 1
1701020015.031761 1514 -1
1701020015.031761 4780 -1
1701020015.031954 54 1
1701020015.032429 7354 -1
1701020015.032499 54 1
1701020015.033650 7354 -1
1701020015.033725 54 1
1701020015.034728 1891 -1
1701020015.034938 54 1
1701020015.035205 85 -1
1701020015.035205 3780 -1
1701020015.035241 54 1
1701020015.077335 204 1
1701020015.080007 60 -1
1701020015.083995 923 -1
1701020015.083995 7354 -1
1701020015.084113 54 1
1701020015.084538 2974 -1
1701020015.084568 54 1
1701020015.085465 6240 -1
1701020015.085526 54 1
1701020015.086353 85 -1
1701020015.086353 7354 -1
1701020015.086421 54 1
1701020015.087135 7354 -1
1701020015.087203 54 1
1701020015.087554 1860 -1
1701020015.087605 54 1
1701020015.088303 7354 -1
1701020015.088361 54 1
1701020015.088400 7354 -1
1701020015.088466 54 1
1701020015.094356 7354 -1
1701020015.094356 7354 -1
1701020015.094356 3728 -1
1701020015.094356 7354 -1
1701020015.094356 7354 -1
1701020015.094356 7354 -1
1701020015.094356 7354 -1
1701020015.094356 4434 -1
1701020015.094356 2974 -1
1701020015.094356 7354 -1
1701020015.095306 54 1
1701020015.095414 2974 -1
1701020015.095414 1514 -1
1701020015.095414 1514 -1
1701020015.095414 7354 -1
1701020015.095479 54 1
1701020015.097451 7354 -1
1701020015.097451 7354 -1
1701020015.097451 3149 -1
1701020015.098863 54 1
1701020015.103596 54 1
1701020015.254782 202 1
1701020015.258673 60 -1
1701020015.269101 1000 -1
1701020015.269101 696 -1
1701020015.269101 5894 -1
1701020015.269101 10620 -1
1701020015.269101 4434 -1
1701020015.269101 7354 -1
1701020015.269293 54 1
1701020015.269359 4811 -1
1701020015.269392 54 1
1701020015.269486 7354 -1
1701020015.269524 54 1
1701020015.270373 7354 -1
1701020015.270426 54 1
1701020015.276227 1922 -1
1701020015.276227 14654 -1
1701020015.276227 5894 -1
1701020015.276227 7354 -1
1701020015.276227 8814 -1
1701020015.276227 7354 -1
1701020015.276227 7354 -1
1701020015.276227 7354 -1
1701020015.276227 5894 -1
1701020015.276510 54 1
1701020015.281597 7354 -1
1701020015.281597 1514 -1
1701020015.281597 7354 -1
1701020015.281597 21954 -1
1701020015.281597 1514 -1
1701020015.281597 1514 -1
1701020015.281597 7354 -1
1701020015.281597 1514 -1
1701020015.281597 1514 -1
1701020015.281597 7354 -1
1701020015.281597 7354 -1
1701020015.281981 54 1
1701020015.289254 4434 -1
1701020015.289254 5894 -1
1701020015.289254 7354 -1
1701020015.289254 6287 -1
1701020015.290770 54 1
1701020015.318595 54 1
1701020015.611889 204 1
1701020015.616161 227 1
1701020015.616252 226 1
1701020015.616335 230 1
1701020015.616404 231 1
1701020015.616470 229 1
1701020015.616536 228 1
1701020015.616604 227 1
1701020015.617245 229 1
1701020015.617313 227 1
1701020015.617382 228 1
1701020015.617617 60 -1
1701020015.617756 60 -1
1701020015.618905 60 -1
1701020015.621690 1026 -1
1701020015.621690 656 -1
1701020015.621690 1082 -1
1701020015.621690 5894 -1
1701020015.621762 54 1
1701020015.622293 6044 -1
1701020015.622332 54 1
1701020015.622707 1045 -1
1701020015.622707 7354 -1
1701020015.622753 54 1
1701020015.623269 1468 -1
1701020015.625737 7354 -1
1701020015.625775 54 1
1701020015.626139 9160 -1
1701020015.626250 54 1
1701020015.626295 228 1
1701020015.626399 228 1
1701020015.626475 229 1
1701020015.626535 229 1
1701020015.626616 227 1
1701020015.627401 7354 -1
1701020015.627434 54 1
1701020015.627506 7354 -1
1701020015.627534 54 1
1701020015.628154 1891 -1
1701020015.628189 54 1
1701020015.628268 85 -1
1701020015.628268 7354 -1
1701020015.628308 54 1
1701020015.629050 7354 -1
1701020015.629095 54 1
1701020015.629723 7354 -1
1701020015.629775 54 1
1701020015.630334 7354 -1
1701020015.630429 54 1
1701020015.631150 3697 -1
1701020015.631183 54 1
1701020015.631298 7354 -1
1701020015.631398 54 1
1701020015.631950 7354 -1
1701020015.631991 54 1
1701020015.632519 7354 -1
1701020015.632568 54 1
1701020015.633081 8814 -1
1701020015.633166 54 1
1701020015.633828 5894 -1
1701020015.633890 54 1
1701020015.634649 7354 -1
1701020015.634713 54 1
1701020015.635388 7354 -1
1701020015.635438 54 1
1701020015.636412 7354 -1
1701020015.636500 54 1
1701020015.637251 4434 -1
1701020015.637290 54 1
1701020015.637328 1514 -1
1701020015.637328 8814 -1
1701020015.637371 54 1
1701020015.638028 60 -1
1701020015.638028 4434 -1
1701020015.638088 54 1
1701020015.638356 1514 -1
1701020015.638381 54 1
1701020015.638611 2974 -1
1701020015.638638 54 1
1701020015.638704 1514 -1
1701020015.638953 1514 -1
1701020015.638978 54 1
1701020015.639074 1514 -1
1701020015.639188 7354 -1
1701020015.639249 54 1
1701020015.639692 7354 -1
1701020015.639729 54 1
1701020015.640298 4434 -1
1701020015.640359 54 1
1701020015.641009 5894 -1
1701020015.641057 54 1
1701020015.641152 1514 -1
1701020015.641482 7354 -1
1701020015.641515 54 1
1701020015.641934 10274 -1
1701020015.641985 54 1
1701020015.642984 1514 -1
1701020015.643074 54 1
1701020015.643125 1514 -1
1701020015.643248 7354 -1
1701020015.643282 54 1
1701020015.643688 4434 -1
1701020015.643721 54 1
1701020015.644072 2974 -1
1701020015.644118 54 1
1701020015.644351 1514 -1
1701020015.644394 54 1
1701020015.644481 4434 -1
1701020015.644514 54 1
1701020015.645066 7354 -1
1701020015.645127 54 1
1701020015.645559 7354 -1
1701020015.645602 54 1
1701020015.646151 4434 -1
1701020015.646192 54 1
1701020015.646599 7354 -1
1701020015.646629 54 1
1701020015.647137 7354 -1
1701020015.647196 54 1
1701020015.647994 6898 -1
1701020015.648042 54 1
1701020015.648482 7354 -1
1701020015.648522 54 1
1701020015.649031 7354 -1
1701020015.649069 54 1
1701020015.649686 7354 -1
1701020015.649717 54 1
1701020015.650292 7354 -1
1701020015.650350 54 1
1701020015.650930 7354 -1
1701020015.650973 54 1
1701020015.651434 4434 -1
1701020015.651457 54 1
1701020015.651907 7354 -1
1701020015.651944 54 1
1701020015.652417 7354 -1
1701020015.652485 54 1
1701020015.653073 7354 -1
1701020015.653123 54 1
1701020015.653754 1514 -1
1701020015.653779 6506 -1
1701020015.653830 54 1
1701020015.654322 5894 -1
1701020015.654368 54 1
1701020015.654914 7354 -1
1701020015.654955 54 1
1701020015.656104 1389 -1
1701020015.656126 54 1
1701020015.656232 1177 -1
1701020015.656362 7354 -1
1701020015.656403 54 1
1701020015.657597 7354 -1
1701020015.657628 54 1
1701020015.658342 1223 -1
1701020015.658398 54 1
1701020015.658432 7354 -1
1701020015.658465 54 1
1701020015.659042 7354 -1
1701020015.659082 54 1
1701020015.659635 7354 -1
1701020015.659688 54 1
1701020015.660247 3171 -1
1701020015.660279 54 1
1701020015.767827 206 1
1701020015.772733 1098 -1
1701020015.772733 2997 -1
1701020015.772795 54 1
1701020023.031932 54 1
1701020023.033347 78 -1
1701020023.033347 60 -1
1701020023.033379 54 1
1701020026.765953 66 1
1701020026.768288 66 -1
1701020026.768668 54 1
1701020026.769464 902 1
1701020026.775737 60 -1
1701020026.775737 318 -1
1701020026.779650 134 1
1701020026.780308 146 1
1701020026.780757 60 -1
1701020026.781025 583 1
1701020026.781101 341 -1
1701020026.781225 228 1
1701020026.781342 228 1
1701020026.781459 226 1
1701020026.781504 60 -1
1701020026.781504 115 -1
1701020026.781504 85 -1
1701020026.781543 54 1
1701020026.781835 85 1
1701020026.783428 60 -1
1701020026.783428 60 -1
1701020026.783428 60 -1
1701020026.783428 60 -1
1701020026.783428 60 -1
1701020026.787697 1176 -1
1701020026.787697 472 -1
1701020026.787697 5894 -1
1701020026.787808 54 1
1701020026.790218 2093 -1
1701020026.790296 54 1
1701020026.790984 1174 -1
1701020026.790984 475 -1
1701020026.790984 5869 -1
1701020026.790984 1225 -1
1701020026.790984 406 -1
1701020026.790984 1201 -1
1701020026.790984 445 -1
1701020026.790984 11095 -1
1701020026.790984 4897 -1
1701020026.791105 54 1
1701020028.333182 229 1
1701020028.334448 229 1
1701020028.334474 60 -1
1701020028.335712 60 -1
1701020028.336269 226 1
1701020028.337481 60 -1
1701020028.337520 1011 -1
1701020028.337520 6192 -1
1701020028.337566 54 1
1701020028.340041 227 1
1701020028.340368 229 1
1701020028.340485 1077 -1
1701020028.340485 7354 -1
1701020028.340555 54 1
1701020028.341275 1888 -1
1701020028.341308 54 1
1701020028.344086 60 -1
1701020028.359456 1142 -1
1701020028.359456 524 -1
1701020028.359508 54 1
1701020028.387802 5664 -1
1701020028.387802 1198 -1
1701020028.387802 444 -1
1701020028.387802 1207 -1
1701020028.387802 432 -1
1701020028.387802 1514 -1
1701020028.387802 6055 -1
1701020028.387802 2451 -1
1701020028.388062 54 1
1701020028.388834 991 -1
1701020028.388872 66 1
1701020030.451138 231 1
1701020030.453638 230 1
1701020030.454637 228 1
1701020030.454733 228 1
1701020030.454931 230 1
1701020030.456185 60 -1
1701020030.459592 1066 -1
1701020030.459592 1514 -1
1701020030.459696 54 1
1701020030.459756 4434 -1
1701020030.459803 54 1
1701020030.459963 3207 -1
1701020030.460000 54 1
1701020030.460227 1041 -1
1701020030.460227 8735 -1
1701020030.460299 54 1
1701020030.461187 7354 -1
1701020030.461229 54 1
1701020030.461878 1514 -1
1701020030.461878 1665 -1
1701020030.461878 5894 -1
1701020030.462057 54 1
1701020030.462296 6339 -1
1701020030.462322 54 1
1701020030.473441 1209 -1
1701020030.473441 429 -1
1701020030.473441 4552 -1
1701020030.473441 172 -1
1701020030.473538 66 1
1701020032.075344 230 1
1701020032.076269 228 1
1701020032.076349 228 1
1701020032.076586 227 1
1701020032.076681 227 1
1701020032.096091 60 -1
1701020032.096091 1072 -1
1701020032.096091 7354 -1
1701020032.096091 3169 -1
1701020032.096091 1042 -1
1701020032.096091 7287 -1
1701020032.096091 1075 -1
1701020032.096091 4579 -1
1701020032.096091 1173 -1
1701020032.096091 482 -1
1701020032.096091 7354 -1
1701020032.096091 452 -1
1701020032.096091 452 -1
1701020032.096331 66 1
1701020032.098480 1015 -1
1701020032.098563 13194 -1
1701020032.098624 54 1
1701020032.099403 719 -1
1701020032.111750 89 1
1701020032.153839 60 -1
1701020033.043641 54 1
1701020033.044798 78 -1
1701020033.044798 60 -1
1701020033.044907 54 1
1701020033.630781 66 1
1701020033.631756 66 -1
1701020033.631859 54 1
1701020033.633371 902 1
1701020033.634427 60 -1
1701020033.635131 318 -1
1701020033.636064 134 1
1701020033.636529 146 1
1701020033.637174 585 1
1701020033.637228 227 1
1701020033.637273 228 1
1701020033.637367 228 1
1701020033.637476 228 1
1701020033.642255 60 -1
1701020033.642255 60 -1
1701020033.642255 60 -1
1701020033.642255 60 -1
1701020033.642255 60 -1
1701020033.642255 60 -1
1701020033.642255 60 -1
1701020033.642255 341 -1
1701020033.642255 115 -1
1701020033.642255 85 -1
1701020033.642388 54 1
1701020033.642758 85 1
1701020033.643814 60 -1
1701020033.643814 1040 -1
1701020033.643911 7354 -1
1701020033.644099 54 1
1701020033.644254 1986 -1
1701020033.644289 54 1
1701020033.644406 1013 -1
1701020033.644493 7354 -1
1701020033.644534 54 1
1701020033.645120 2974 -1
1701020033.645140 54 1
1701020033.645338 2121 -1
1701020033.645365 54 1
1701020033.645510 1063 -1
1701020033.645601 5894 -1
1701020033.645635 54 1
1701020033.646099 3216 -1
1701020033.646118 54 1
1701020033.646345 7882 -1
1701020033.646390 54 1
1701020033.650709 1178 -1
1701020033.650709 479 -1
1701020033.650790 54 1
1701020033.652236 7354 -1
1701020033.652292 54 1
1701020033.655322 5488 -1
1701020033.655430 54 1
1701020035.731172 230 1
1701020035.732134 228 1
1701020035.732321 60 -1
1701020035.733125 60 -1
1701020035.734686 1004 -1
1701020035.734686 8993 -1
1701020035.734749 54 1
1701020035.736804 1043 -1
1701020035.736925 7354 -1
1701020035.736990 54 1
1701020035.737351 7354 -1
1701020035.737380 54 1
1701020035.737886 228 1
1701020035.737981 228 1
1701020035.738045 228 1
1701020035.738133 124 -1
1701020035.740226 1047 -1
1701020035.740276 54 1
1701020035.740338 7354 -1
1701020035.740382 54 1
1701020035.740788 2523 -1
1701020035.740815 54 1
1701020035.742628 1044 -1
1701020035.742628 13194 -1
1701020035.742706 54 1
1701020035.743587 3048 -1
1701020035.743633 54 1
1701020035.743807 1043 -1
1701020035.743941 6344 -1
1701020035.743993 54 1
1701020037.315197 229 1
1701020037.318918 1045 -1
1701020037.318925 231 1
1701020037.318918 9819 -1
1701020037.319250 54 1
1701020037.319367 228 1
1701020037.321120 230 1
1701020037.322175 229 1
1701020037.322744 60 -1
1701020037.325486 60 -1
1701020037.326873 1045 -1
1701020037.326873 2974 -1
1701020037.326873 7354 -1
1701020037.327001 54 1
1701020037.327447 2663 -1
1701020037.327476 54 1
1701020037.328419 1042 -1
1701020037.328419 7487 -1
1701020037.328470 54 1
1701020037.333376 1047 -1
1701020037.333376 7641 -1
1701020037.333470 54 1
1701020037.336631 1194 -1
1701020037.336631 450 -1
1701020037.336718 54 1
1701020037.338315 7214 -1
1701020037.338387 54 1
1701020040.558199 229 1
1701020040.565974 228 1
1701020040.566114 227 1
1701020040.566191 229 1
1701020040.568323 60 -1
1701020040.580060 1045 -1
1701020040.580060 7354 -1
1701020040.580060 1391 -1
1701020040.580060 1044 -1
1701020040.580060 6031 -1
1701020040.580060 1046 -1
1701020040.580060 7354 -1
1701020040.580060 6930 -1
1701020040.580308 54 1
1701020040.586273 228 1
1701020040.587106 89 1
1701020040.593590 1177 -1
1701020040.593590 479 -1
1701020040.593590 16460 -1
1701020040.593590 85 -1
1701020040.593590 10713 -1
1701020040.593590 493 -1
1701020040.593782 66 1
1701020040.607076 60 -1
1701020040.607076 1039 -1
1701020040.607076 4788 -1
1701020040.607168 54 1
1701020040.610906 408 -1
1701020040.611111 66 1
1701020042.157173 231 1
1701020042.157521 227 1
1701020042.158969 227 1
1701020042.159770 226 1
1701020042.159851 234 1
1701020042.160045 60 -1
1701020042.162357 1040 -1
1701020042.162357 6814 -1
1701020042.162462 54 1
1701020042.162515 1046 -1
1701020042.162703 7574 -1
1701020042.162762 54 1
1701020042.176563 1046 -1
1701020042.176563 4182 -1
1701020042.176563 1010 -1
1701020042.176563 5894 -1
1701020042.176563 2202 -1
1701020042.176563 1009 -1
1701020042.176563 6215 -1
1701020042.176749 54 1
1701020042.176904 375 -1
1701020042.176929 66 1
1701020043.059375 54 1
1701020043.061790 78 -1
1701020043.061790 60 -1
1701020043.061835 54 1
1701020044.268682 66 1
1701020044.269901 66 -1
1701020044.270022 54 1
1701020044.270912 870 1
1701020044.283687 60 -1
1701020044.283687 318 -1
1701020044.284738 134 1
1701020044.285194 146 1
1701020044.285924 585 1
1701020044.286044 227 1
1701020044.286134 228 1
1701020044.286259 228 1
1701020044.286376 227 1
1701020044.289109 60 -1
1701020044.289109 60 -1
1701020044.289109 60 -1
1701020044.289109 60 -1
1701020044.289109 60 -1
1701020044.289109 60 -1
1701020044.289109 60 -1
1701020044.289109 341 -1
1701020044.291200 115 -1
1701020044.291200 85 -1
1701020044.291265 54 1
1701020044.291877 85 1
1701020044.293912 60 -1
1701020044.293912 1176 -1
1701020044.293912 473 -1
1701020044.293912 1178 -1
1701020044.293912 473 -1
1701020044.293912 9230 -1
1701020044.294195 54 1
1701020044.302845 1514 -1
1701020044.302845 5754 -1
1701020044.302845 1174 -1
1701020044.302845 482 -1
1701020044.302978 54 1
1701020044.303627 1178 -1
1701020044.304023 477 -1
1701020044.304023 5905 -1
1701020044.304068 54 1
1701020044.309415 7354 -1
1701020044.309534 54 1
1701020044.309703 3532 -1
1701020044.309749 54 1
1701020044.310002 1179 -1
1701020044.310052 54 1
1701020044.310212 477 -1
1701020044.311621 7354 -1
1701020044.311675 54 1
1701020044.312270 4978 -1
1701020044.312322 54 1
1701020045.859045 230 1
1701020045.859591 227 1
1701020045.859670 229 1
1701020045.860288 60 -1
1701020045.860332 228 1
1701020045.860441 227 1
1701020045.860525 60 -1
1701020045.860525 60 -1
1701020045.861301 60 -1
1701020045.861301 60 -1
1701020045.866998 1067 -1
1701020045.866998 7354 -1
1701020045.866998 7454 -1
1701020045.867322 54 1
1701020045.868338 1043 -1
1701020045.868338 7993 -1
1701020045.868338 1174 -1
1701020045.868338 482 -1
1701020045.868400 54 1
1701020045.872143 7354 -1
1701020045.872143 2025 -1
1701020045.872143 1170 -1
1701020045.872143 486 -1
1701020045.872258 54 1
1701020045.873448 7354 -1
1701020045.873479 54 1
1701020045.878344 1525 -1
1701020045.878344 1178 -1
1701020045.878344 476 -1
1701020045.878440 54 1
1701020045.880899 7354 -1
1701020045.880983 54 1
1701020045.881466 3147 -1
1701020045.881499 54 1
1701020047.482582 230 1
1701020047.483314 228 1
1701020047.483602 228 1
1701020047.484539 227 1
1701020047.485073 227 1
1701020047.487040 60 -1
1701020047.493256 1143 -1
1701020047.493256 523 -1
1701020047.493256 6219 -1
1701020047.493411 54 1
1701020047.503628 1175 -1
1701020047.503628 479 -1
1701020047.503628 7354 -1
1701020047.503628 6284 -1
1701020047.503628 1149 -1
1701020047.503628 517 -1
1701020047.503628 6655 -1
1701020047.503628 1174 -1
1701020047.503628 480 -1
1701020047.503628 1196 -1
1701020047.503628 446 -1
1701020047.503628 8543 -1
1701020047.503628 7354 -1
1701020047.503628 7006 -1
1701020047.503936 54 1
1701020049.658306 228 1
1701020049.658745 231 1
1701020049.658852 229 1
1701020049.661856 227 1
1701020049.661967 228 1
1701020049.662503 60 -1
1701020049.666598 990 -1
1701020049.666598 8813 -1
1701020049.666690 54 1
1701020049.668950 89 1
1701020049.677827 1168 -1
1701020049.677827 481 -1
1701020049.677827 1173 -1
1701020049.677827 486 -1
1701020049.677827 1176 -1
1701020049.677827 473 -1
1701020049.677827 4434 -1
1701020049.677827 4434 -1
1701020049.677827 3594 -1
1701020049.677827 2915 -1
1701020049.677827 10506 -1
1701020049.677827 1064 -1
1701020049.677827 5975 -1
1701020049.678130 54 1
1701020051.272467 227 1
1701020051.272594 229 1
1701020051.273149 227 1
1701020051.278030 227 1
1701020051.278615 60 -1
1701020051.279383 229 1
1701020051.298298 60 -1
1701020051.298298 1032 -1
1701020051.298298 8462 -1
1701020051.298298 1177 -1
1701020051.298298 1172 -1
1701020051.298298 484 -1
1701020051.298298 475 -1
1701020051.298298 7354 -1
1701020051.298298 418 -1
1701020051.298298 1062 -1
1701020051.298298 4853 -1
1701020051.298298 5894 -1
1701020051.298298 909 -1
1701020051.298298 1172 -1
1701020051.298298 482 -1
1701020051.298298 6770 -1
1701020051.298585 54 1
1701020051.301368 930 -1
1701020051.301432 66 1
1701020053.080869 54 1
1701020053.102719 78 -1
1701020053.102719 60 -1
1701020053.102719 60 -1
1701020053.102789 54 1
1701020055.360277 66 1
1701020055.361544 66 -1
1701020055.361665 54 1
1701020055.362233 902 1
1701020055.363219 60 -1
1701020055.363995 318 -1
1701020055.364917 134 1
1701020055.365846 146 1
1701020055.366067 60 -1
1701020055.368314 341 -1
1701020055.368314 60 -1
1701020055.368314 115 -1
1701020055.368314 85 -1
1701020055.368397 54 1
1701020055.386146 582 1
1701020055.386307 228 1
1701020055.386386 230 1
1701020055.386472 230 1
1701020055.386862 85 1
1701020055.386951 231 1
1701020055.389320 60 -1
1701020055.389320 60 -1
1701020055.389320 60 -1
1701020055.389320 60 -1
1701020055.389320 60 -1
1701020055.389320 60 -1
1701020055.392726 1174 -1
1701020055.392726 472 -1
1701020055.392726 1203 -1
1701020055.392726 437 -1
1701020055.392726 7354 -1
1701020055.392836 54 1
1701020055.393283 6853 -1
1701020055.393334 54 1
1701020055.393831 7354 -1
1701020055.393860 54 1
1701020055.394316 4625 -1
1701020055.394367 54 1
1701020055.397937 1178 -1
1701020055.397937 467 -1
1701020055.397937 7354 -1
1701020055.397937 2549 -1
1701020055.398058 54 1
1701020055.403011 1196 -1
1701020055.403011 448 -1
1701020055.403011 1200 -1
1701020055.403139 54 1
1701020055.403297 443 -1
1701020055.403323 54 1
1701020055.404480 2974 -1
1701020055.404513 54 1
1701020055.404554 2836 -1
1701020055.404583 54 1
1701020055.410015 3891 -1
1701020055.410107 54 1
1701020057.529470 236 1
1701020057.529721 229 1
1701020057.529786 231 1
1701020057.530067 227 1
1701020057.530376 230 1
1701020057.530798 60 -1
1701020057.530798 60 -1
1701020057.530798 60 -1
1701020057.530933 60 -1
1701020057.531417 60 -1
1701020057.541675 1177 -1
1701020057.541675 476 -1
1701020057.541783 54 1
1701020057.541872 1174 -1
1701020057.541872 10194 -1
1701020057.541922 54 1
1701020057.542585 479 -1
1701020057.542585 1174 -1
1701020057.542637 54 1
1701020057.542756 7354 -1
1701020057.542798 54 1
1701020057.543336 201 -1
1701020057.543336 478 -1
1701020057.543336 1200 -1
1701020057.543380 54 1
1701020057.543424 441 -1
1701020057.543470 1514 -1
1701020057.543487 54 1
1701020057.543605 7354 -1
1701020057.543648 54 1
1701020057.544420 7354 -1
1701020057.544478 54 1
1701020057.544820 400 -1
1701020057.544820 2541 -1
1701020057.544844 54 1
1701020057.545011 1514 -1
1701020057.545036 54 1
1701020057.545224 3698 -1
1701020057.545243 54 1
1701020057.545458 1597 -1
1701020057.545494 54 1
1701020057.545672 6743 -1
1701020057.545707 54 1
1701020059.158024 228 1
1701020059.161827 230 1
1701020059.161930 226 1
1701020059.162022 230 1
1701020059.162174 228 1
1701020059.163080 60 -1
1701020059.165297 1172 -1
1701020059.165297 477 -1
1701020059.165433 54 1
1701020059.167602 7354 -1
1701020059.167602 3723 -1
1701020059.167697 54 1
1701020059.179171 1173 -1
1701020059.179171 483 -1
1701020059.179171 2974 -1
1701020059.179171 6594 -1
1701020059.179171 1042 -1
1701020059.179171 5894 -1
1701020059.179171 1701 -1
1701020059.179171 1179 -1
1701020059.179171 469 -1
1701020059.179171 7354 -1
1701020059.179171 7354 -1
1701020059.179171 1617 -1
1701020059.179171 1172 -1
1701020059.179171 482 -1
1701020059.179171 6348 -1
1701020059.179455 54 1
1701020059.184175 508 -1
1701020059.184262 66 1
1701020060.756146 228 1
1701020060.756263 228 1
1701020060.757414 60 -1
1701020060.757629 228 1
1701020060.758405 227 1
1701020060.760342 227 1
1701020060.762487 60 -1
1701020060.764810 1170 -1
1701020060.764810 486 -1
1701020060.764889 54 1
1701020060.766999 1514 -1
1701020060.766999 4591 -1
1701020060.767084 54 1
1701020060.767642 89 1
1701020060.770898 1172 -1
1701020060.770898 484 -1
1701020060.770898 1174 -1
1701020060.770898 476 -1
1701020060.770898 4650 -1
1701020060.770898 1194 -1
1701020060.770898 449 -1
1701020060.770898 7789 -1
1701020060.770898 11351 -1
1701020060.770898 1602 -1
1701020060.770898 2974 -1
1701020060.771065 54 1
1701020060.771165 3262 -1
1701020060.771190 54 1
1701020060.813025 60 -1
1701020062.419076 227 1
1701020062.419241 228 1
1701020062.419827 229 1
1701020062.419925 229 1
1701020062.420541 230 1
1701020062.422227 60 -1
1701020062.422227 60 -1
1701020062.422227 60 -1
1701020062.422227 60 -1
1701020062.422227 60 -1
1701020062.424381 1074 -1
1701020062.424381 5375 -1
1701020062.424486 54 1
1701020062.426286 1139 -1
1701020062.426286 521 -1
1701020062.426373 54 1
1701020062.428018 7076 -1
1701020062.428102 54 1
1701020062.428569 1193 -1
1701020062.428569 1225 -1
1701020062.428613 54 1
1701020062.428660 404 -1
1701020062.428660 450 -1
1701020062.428688 54 1
1701020062.429834 1195 -1
1701020062.429834 451 -1
1701020062.429834 4434 -1
1701020062.429903 54 1
1701020062.431372 1485 -1
1701020062.431372 6166 -1
1701020062.431372 3011 -1
1701020062.431479 54 1
1701020063.100755 54 1
1701020063.104322 78 -1
1701020063.104322 60 -1
1701020063.104406 54 1
1701020064.591870 66 1
1701020064.592918 66 -1
1701020064.593018 54 1
1701020064.594594 934 1
1701020064.598126 60 -1
1701020064.598727 318 -1
1701020064.599497 134 1
1701020064.599793 146 1
1701020064.600306 584 1
1701020064.600383 229 1
1701020064.600470 227 1
1701020064.600540 226 1
1701020064.600547 60 -1
1701020064.600616 231 1
1701020064.600759 341 -1
1701020064.600759 60 -1
1701020064.601029 115 -1
1701020064.601029 85 -1
1701020064.601074 54 1
1701020064.601547 60 -1
1701020064.601547 60 -1
1701020064.601547 60 -1
1701020064.601547 60 -1
1701020064.601625 60 -1
1701020064.603130 85 1
1701020064.604321 60 -1
1701020064.608474 1172 -1
1701020064.608474 483 -1
1701020064.608540 54 1
1701020064.608707 1176 -1
1701020064.608707 478 -1
1701020064.608707 1068 -1
1701020064.608745 54 1
1701020064.608793 7354 -1
1701020064.608838 54 1
1701020064.609272 128 -1
1701020064.609272 7354 -1
1701020064.609308 54 1
1701020064.610063 7354 -1
1701020064.610105 54 1
1701020064.610468 1860 -1
1701020064.610565 54 1
1701020064.610617 2573 -1
1701020064.610646 54 1
1701020064.611815 4434 -1
1701020064.611858 54 1
1701020064.611983 581 -1
1701020064.611983 1137 -1
1701020064.612030 54 1
1701020064.612475 531 -1
1701020064.612985 5942 -1
1701020064.613017 54 1
1701020064.613409 1173 -1
1701020064.613477 486 -1
1701020064.613502 54 1
1701020064.613991 3531 -1
1701020064.614022 54 1
1701020068.859034 231 1
1701020068.859161 226 1
1701020068.860767 60 -1
1701020068.860767 60 -1
1701020068.875467 1174 -1
1701020068.875467 481 -1
1701020068.875467 1177 -1
1701020068.875467 475 -1
1701020068.875467 7354 -1
1701020068.875467 2056 -1
1701020068.875467 6937 -1
1701020068.875656 54 1
1701020068.909050 230 1
1701020068.909681 230 1
1701020068.910598 229 1
1701020068.924659 60 -1
1701020068.924659 1066 -1
1701020068.924659 7354 -1
1701020068.924659 896 -1
1701020068.924659 1177 -1
1701020068.924659 475 -1
1701020068.924659 5477 -1
1701020068.924659 1201 -1
1701020068.924659 443 -1
1701020068.924659 4434 -1
1701020068.924659 674 -1
1701020068.924861 54 1
1701020070.475496 228 1
1701020070.475625 229 1
1701020070.475703 226 1
1701020070.475944 226 1
1701020070.476965 230 1
1701020070.479491 60 -1
1701020070.479693 1068 -1
1701020070.479693 4894 -1
1701020070.479821 54 1
1701020070.482549 89 1
1701020070.482795 1166 -1
1701020070.482795 490 -1
1701020070.482858 54 1
1701020070.482945 1176 -1
1701020070.482945 1514 -1
1701020070.482945 4605 -1
1701020070.483001 54 1
1701020070.483558 476 -1
1701020070.483732 6000 -1
1701020070.483779 54 1
1701020070.487032 1203 -1
1701020070.487032 446 -1
1701020070.487032 2974 -1
1701020070.487032 2414 -1
1701020070.487571 54 1
1701020070.488121 1206 -1
1701020070.488121 7187 -1
1701020070.488121 442 -1
1701020070.488224 66 1
1701020070.488272 54 1
1701020072.665813 229 1
1701020072.666769 228 1
1701020072.667332 227 1
1701020072.671204 1041 -1
1701020072.671204 1514 -1
1701020072.671204 7354 -1
1701020072.671204 1063 -1
1701020072.671639 54 1
1701020072.675091 229 1
1701020072.677184 1198 -1
1701020072.677184 452 -1
1701020072.677184 2974 -1
1701020072.677184 3126 -1
1701020072.677184 1201 -1
1701020072.677319 54 1
1701020072.678253 442 -1
1701020072.678253 1514 -1
1701020072.678253 5677 -1
1701020072.678311 54 1
1701020072.690482 1170 -1
1701020072.690482 484 -1
1701020072.690482 1514 -1
1701020072.690482 6338 -1
1701020072.690596 54 1
1701020072.716999 66 1
1701020072.717993 66 -1
1701020072.718098 54 1
1701020072.718691 573 1
1701020072.719753 60 -1
1701020072.730013 2974 -1
1701020072.730066 54 1
1701020072.730111 957 -1
1701020072.735711 134 1
1701020072.736083 146 1
1701020072.736357 590 1
1701020072.736831 60 -1
1701020072.736881 341 -1
1701020072.736881 341 -1
1701020072.736923 54 1
1701020072.736962 60 -1
1701020072.737455 60 -1
1701020072.737690 115 -1
1701020072.737690 85 -1
1701020072.737734 54 1
1701020072.737894 85 1
1701020072.738790 60 -1
1701020072.741736 1239 -1
1701020072.741736 388 -1
1701020072.741786 54 1
1701020072.741849 4263 -1
1701020072.741881 54 1
1701020073.108872 54 1
1701020073.108993 54 1
1701020073.114142 78 -1
1701020073.114142 60 -1
1701020073.114546 54 1
1701020073.114894 78 -1
1701020073.114894 60 -1
1701020073.114975 54 1
1701020074.302007 66 1
1701020074.302759 66 1
1701020074.303413 66 -1
1701020074.303502 54 1
1701020074.304621 66 -1
1701020074.304698 54 1
1701020074.305916 876 1
1701020074.306753 870 1
1701020074.306917 60 -1
1701020074.307837 318 -1
1701020074.307837 60 -1
1701020074.308534 134 1
1701020074.308591 318 -1
1701020074.309094 134 1
1701020074.309418 146 1
1701020074.309626 60 -1
1701020074.309759 146 1
1701020074.310011 594 1
1701020074.310099 60 -1
1701020074.310415 60 -1
1701020074.310518 583 1
1701020074.310631 232 1
1701020074.310717 227 1
1701020074.310751 60 -1
1701020074.310855 227 1
1701020074.311069 60 -1
1701020074.311817 60 -1
1701020074.311817 60 -1
1701020074.311817 60 -1
1701020074.311817 60 -1
1701020074.312266 341 -1
1701020074.314544 341 -1
1701020074.314979 115 -1
1701020074.314979 85 -1
1701020074.315011 54 1
1701020074.315566 85 1
1701020074.315648 1047 -1
1701020074.315682 54 1
1701020074.315872 7354 -1
1701020074.315914 54 1
1701020074.316413 4434 -1
1701020074.316453 54 1
1701020074.316825 4780 -1
1701020074.316871 54 1
1701020074.317167 1377 -1
1701020074.317200 54 1
1701020074.321613 478 -1
1701020074.321613 1068 -1
1701020074.321613 8299 -1
1701020074.321613 115 -1
1701020074.321613 85 -1
1701020074.321613 1176 -1
1701020074.321717 66 1
1701020074.321787 66 1
1701020074.321869 66 1
1701020074.321929 54 1
1701020074.321980 54 1
1701020074.322219 1514 -1
1701020074.322219 7354 -1
1701020074.322281 54 1
1701020074.322910 1873 -1
1701020074.322950 54 1
1701020074.323297 1176 -1
1701020074.323320 66 1
1701020074.323356 85 1
1701020074.323815 1212 -1
1701020074.323815 429 -1
1701020074.323851 54 1
1701020074.324774 60 -1
1701020074.326076 7354 -1
1701020074.326134 54 1
1701020074.326485 1667 -1
1701020074.326508 54 1
1701020074.333717 1202 -1
1701020074.333717 441 -1
1701020074.333801 54 1
1701020074.337035 5667 -1
1701020074.337104 54 1
1701020075.920496 230 1
1701020075.920590 227 1
1701020075.920670 227 1
1701020075.922171 230 1
1701020075.922568 230 1
1701020075.922950 60 -1
1701020075.922950 60 -1
1701020075.922950 60 -1
1701020075.923188 60 -1
1701020075.923465 60 -1
1701020075.929105 1200 -1
1701020075.929105 437 -1
1701020075.929194 54 1
1701020075.931745 4434 -1
1701020075.931745 9096 -1
1701020075.931856 54 1
1701020075.932553 1101 -1
1701020075.932553 11627 -1
1701020075.932628 54 1
1701020075.936171 1197 -1
1701020075.936171 450 -1
1701020075.936282 54 1
1701020075.936847 6330 -1
1701020075.936894 54 1
1701020075.937287 1176 -1
1701020075.937413 477 -1
1701020075.937435 54 1
1701020075.937777 7354 -1
1701020075.937813 54 1
1701020075.938392 7354 -1
1701020075.938437 54 1
1701020075.938829 1860 -1
1701020075.938868 54 1
1701020075.938995 8814 -1
1701020075.939044 54 1
1701020075.939698 1807 -1
1701020075.939736 54 1
1701020075.946342 1174 -1
1701020075.946342 482 -1
1701020075.946465 54 1
1701020075.946559 3892 -1
1701020075.946589 54 1
1701020077.589144 229 1
1701020077.589272 230 1
1701020077.589341 227 1
1701020077.589409 229 1
1701020077.589656 228 1
1701020077.593080 60 -1
1701020077.595302 1046 -1
1701020077.595302 2974 -1
1701020077.595302 2974 -1
1701020077.595302 3764 -1
1701020077.595413 54 1
1701020077.604562 1198 -1
1701020077.604562 449 -1
1701020077.604562 455 -1
1701020077.604562 1177 -1
1701020077.604562 474 -1
1701020077.604562 1205 -1
1701020077.604562 437 -1
1701020077.604562 1198 -1
1701020077.604562 7354 -1
1701020077.604720 66 1
1701020077.604789 66 1
1701020077.604827 66 1
1701020077.604862 66 1
1701020077.604882 66 1
1701020077.604912 54 1
1701020077.604947 54 1
1701020077.605026 2542 -1
1701020077.605026 4434 -1
1701020077.605059 54 1
1701020077.605125 4032 -1
1701020077.605144 54 1
1701020077.605725 7354 -1
1701020077.605781 54 1
1701020077.606107 7354 -1
1701020077.606164 54 1
1701020077.606702 1270 -1
1701020077.606730 54 1
1701020077.606861 1205 -1
1701020077.606861 437 -1
1701020077.606861 1198 -1
1701020077.606887 66 1
1701020077.606940 66 1
1701020077.606985 66 1
1701020079.721839 227 1
1701020079.725085 231 1
1701020079.726661 60 -1
1701020079.729090 230 1
1701020079.730593 231 1
1701020079.731239 231 1
1701020079.732746 60 -1
1701020079.735755 1178 -1
1701020079.735828 473 -1
1701020079.735828 1246 -1
1701020079.735828 10325 -1
1701020079.735880 54 1
1701020079.736459 382 -1
1701020079.736459 3297 -1
1701020079.736488 54 1
1701020079.737625 1201 -1
1701020079.737625 442 -1
1701020079.737625 2974 -1
1701020079.737672 54 1
1701020079.737766 2611 -1
1701020079.737783 54 1
1701020079.738337 1177 -1
1701020079.738337 482 -1
1701020079.738358 54 1
1701020079.738438 7354 -1
1701020079.738475 54 1
1701020079.738930 5694 -1
1701020079.738959 54 1
1701020079.739480 89 1
1701020079.749644 1189 -1
1701020079.749763 457 -1
1701020079.749763 8839 -1
1701020079.749839 54 1
1701020083.121213 54 1
1701020083.121380 54 1
1701020083.122502 78 -1
1701020083.122502 60 -1
1701020083.122547 54 1
1701020083.124278 78 -1
1701020083.124278 60 -1
1701020083.124446 54 1
1701020084.214106 66 1
1701020084.215169 66 -1
1701020084.215238 54 1
1701020084.215972 934 1
1701020084.216999 60 -1
1701020084.217822 318 -1
1701020084.218455 134 1
1701020084.218774 146 1
1701020084.219360 584 1
1701020084.219455 228 1
1701020084.219540 232 1
1701020084.219622 228 1
1701020084.219694 227 1
1701020084.219721 60 -1
1701020084.219721 60 -1
1701020084.220099 341 -1
1701020084.220502 60 -1
1701020084.220502 60 -1
1701020084.220600 60 -1
1701020084.220600 60 -1
1701020084.220600 60 -1
1701020084.221998 115 -1
1701020084.221998 85 -1
1701020084.222061 54 1
1701020084.222391 85 1
1701020084.223462 60 -1
1701020084.227130 1171 -1
1701020084.227130 477 -1
1701020084.227205 54 1
1701020084.230459 1174 -1
1701020084.230459 479 -1
1701020084.230459 6631 -1
1701020084.230530 54 1
1701020084.232190 1179 -1
1701020084.232190 472 -1
1701020084.232190 8814 -1
1701020084.232251 54 1
1701020084.232628 6436 -1
1701020084.232665 54 1
1701020084.233154 4170 -1
1701020084.233187 54 1
1701020084.233529 1604 -1
1701020084.233565 54 1
1701020084.235618 1514 -1
1701020084.235618 4536 -1
1701020084.235618 1170 -1
1701020084.235618 486 -1
1701020084.235618 4728 -1
1701020084.235703 54 1
1701020085.858282 227 1
1701020085.858445 228 1
1701020085.858534 230 1
1701020085.859772 60 -1
1701020085.859867 229 1
1701020085.860106 227 1
1701020085.861611 60 -1
1701020085.867251 1176 -1
1701020085.867251 474 -1
1701020085.867251 1172 -1
1701020085.867357 54 1
1701020085.867476 483 -1
1701020085.867476 10027 -1
1701020085.867551 54 1
1701020085.867977 4434 -1
1701020085.868032 54 1
1701020085.868553 2835 -1
1701020085.868597 54 1
1701020085.869018 1070 -1
1701020085.869018 13008 -1
1701020085.869110 54 1
1701020085.869729 1200 -1
1701020085.869821 446 -1
1701020085.869844 54 1
1701020085.869899 1173 -1
1701020085.869936 482 -1
1701020085.869954 54 1
1701020085.870051 8814 -1
1701020085.870090 54 1
1701020085.870845 1947 -1
1701020085.870882 54 1
1701020085.871061 11734 -1
1701020085.871116 54 1
1701020085.871904 1237 -1
1701020085.918180 54 1
1701020088.040752 232 1
1701020088.042172 227 1
1701020088.043541 227 1
1701020088.043901 60 -1
1701020088.045771 227 1
1701020088.046167 226 1
1701020088.047746 60 -1
1701020088.050026 1198 -1
1701020088.050026 444 -1
1701020088.050093 54 1
1701020088.051084 4434 -1
1701020088.051145 54 1
1701020088.051312 5882 -1
1701020088.051372 54 1
1701020088.051799 1231 -1
1701020088.051835 54 1
1701020088.051898 398 -1
1701020088.051957 1177 -1
1701020088.051981 54 1
1701020088.052064 478 -1
1701020088.052064 7354 -1
1701020088.052116 54 1
1701020088.052651 3398 -1
1701020088.052682 54 1
1701020088.053138 1514 -1
1701020088.053138 6764 -1
1701020088.053197 54 1
1701020088.053606 1202 -1
1701020088.053633 54 1
1701020088.053750 438 -1
1701020088.053750 1514 -1
1701020088.053772 54 1
1701020088.053855 7354 -1
1701020088.053896 54 1
1701020088.054551 2974 -1
1701020088.054572 54 1
1701020088.054687 2143 -1
1701020088.054714 54 1
1701020088.055046 1208 -1
1701020088.055046 445 -1
1701020088.055046 4202 -1
1701020088.055093 54 1
1701020089.716188 226 1
1701020089.716318 227 1
1701020089.716503 227 1
1701020089.716662 227 1
1701020089.716796 227 1
1701020089.720557 60 -1
1701020089.726212 1180 -1
1701020089.726212 470 -1
1701020089.726212 1175 -1
1701020089.726212 474 -1
1701020089.726212 7354 -1
1701020089.726370 54 1
1701020089.726683 7550 -1
1701020089.726741 54 1
1701020089.728968 89 1
1701020089.735544 2712 -1
1701020089.735544 1170 -1
1701020089.735692 54 1
1701020089.735778 484 -1
1701020089.735796 54 1
1701020089.739483 5500 -1
1701020089.739634 54 1
1701020089.741575 1171 -1
1701020089.741575 483 -1
1701020089.741575 1176 -1
1701020089.741575 475 -1
1701020089.741664 54 1
1701020089.748524 7354 -1
1701020089.748700 54 1
1701020089.748807 2143 -1
1701020089.748850 54 1
1701020089.748904 7354 -1
1701020089.748936 54 1
1701020089.749792 3894 -1
1701020089.749832 54 1
1701020091.340182 229 1
1701020091.353977 229 1
1701020091.354568 228 1
1701020091.355237 226 1
1701020091.355321 230 1
1701020091.356764 60 -1
1701020091.361199 1172 -1
1701020091.361199 483 -1
1701020091.361281 54 1
1701020091.361378 1176 -1
1701020091.361378 472 -1
1701020091.361410 54 1
1701020091.364299 1514 -1
1701020091.365548 2664 -1
1701020091.365548 1200 -1
1701020091.365548 445 -1
1701020091.365548 1174 -1
1701020091.365548 482 -1
1701020091.365548 8732 -1
1701020091.365548 7354 -1
1701020091.365697 54 1
1701020091.369565 1860 -1
1701020091.369565 1514 -1
1701020091.369565 11734 -1
1701020091.369565 3320 -1
1701020091.369565 1487 -1
1701020091.369711 54 1
1701020091.371739 1175 -1
1701020091.371739 478 -1
1701020091.371739 5755 -1
1701020091.371816 54 1
1701020093.125580 54 1
1701020093.134190 78 -1
1701020093.134190 60 -1
1701020093.134318 54 1
1701020093.564067 66 1
1701020093.565395 66 -1
1701020093.565543 54 1
1701020093.566381 870 1
1701020093.567625 60 -1
1701020093.568294 318 -1
1701020093.569641 134 1
1701020093.570160 146 1
1701020093.570980 583 1
1701020093.571085 227 1
1701020093.571196 228 1
1701020093.571299 226 1
1701020093.571424 230 1
1701020093.571863 60 -1
1701020093.571863 341 -1
1701020093.571863 60 -1
1701020093.571863 115 -1
1701020093.571863 85 -1
1701020093.571951 54 1
1701020093.572651 60 -1
1701020093.572767 60 -1
1701020093.572767 60 -1
1701020093.572767 60 -1
1701020093.572767 60 -1
1701020093.574088 85 1
1701020093.589486 1178 -1
1701020093.589486 474 -1
1701020093.589486 1177 -1
1701020093.589486 477 -1
1701020093.589486 1170 -1
1701020093.589486 482 -1
1701020093.589486 1205 -1
1701020093.589486 442 -1
1701020093.589486 6908 -1
1701020093.589486 5310 -1
1701020093.589486 5823 -1
1701020093.589486 1173 -1
1701020093.589486 480 -1
1701020093.589486 7354 -1
1701020093.589486 279 -1
1701020093.589486 7354 -1
1701020093.589486 740 -1
1701020093.589778 54 1
1701020093.595078 60 -1
1701020093.595078 740 -1
1701020093.595138 66 1
1701020095.234196 227 1
1701020095.234313 227 1
1701020095.234420 227 1
1701020095.234491 227 1
1701020095.235830 229 1
1701020095.236074 60 -1
1701020095.242154 1181 -1
1701020095.242154 471 -1
1701020095.242154 1206 -1
1701020095.242154 434 -1
1701020095.242276 54 1
1701020095.245852 7354 -1
1701020095.245926 54 1
1701020095.246301 7354 -1
1701020095.246347 54 1
1701020095.246923 1860 -1
1701020095.246957 54 1
1701020095.247094 85 -1
1701020095.247094 7354 -1
1701020095.247128 54 1
1701020095.247685 4808 -1
1701020095.247723 54 1
1701020095.248242 1514 -1
1701020095.248242 7354 -1
1701020095.248307 54 1
1701020095.248809 1385 -1
1701020095.248906 1177 -1
1701020095.248931 54 1
1701020095.249036 477 -1
1701020095.249036 5531 -1
1701020095.249072 54 1
1701020095.249558 2993 -1
1701020095.249582 54 1
1701020095.255612 1166 -1
1701020095.255612 494 -1
1701020095.255612 7354 -1
1701020095.255612 1888 -1
1701020095.255727 54 1
1701020100.935081 228 1
1701020100.935204 229 1
1701020100.936857 226 1
1701020100.936975 231 1
1701020100.937207 228 1
1701020100.938136 60 -1
1701020100.942691 1064 -1
1701020100.942776 13115 -1
1701020100.942850 54 1
1701020100.944921 89 1
1701020100.945102 1172 -1
1701020100.945102 482 -1
1701020100.945102 1195 -1
1701020100.945160 54 1
1701020100.945212 2974 -1
1701020100.945235 54 1
1701020100.945344 2073 -1
1701020100.945365 54 1
1701020100.945512 452 -1
1701020100.945537 54 1
1701020100.945601 1514 -1
1701020100.945627 54 1
1701020100.945747 4566 -1
1701020100.945788 54 1
1701020100.946103 1198 -1
1701020100.946135 54 1
1701020100.946179 447 -1
1701020100.946790 7047 -1
1701020100.946834 54 1
1701020100.947232 1173 -1
1701020100.947301 479 -1
1701020100.947321 54 1
1701020100.947362 7354 -1
1701020100.947395 54 1
1701020100.947969 829 -1
1701020100.948001 54 1
1701020102.612694 228 1
1701020102.612825 231 1
1701020102.613930 60 -1
1701020102.616028 1043 -1
1701020102.616028 6304 -1
1701020102.616094 54 1
1701020102.617651 230 1
1701020102.618211 229 1
1701020102.619253 227 1
1701020102.621255 1170 -1
1701020102.621372 487 -1
1701020102.621509 54 1
1701020102.623933 4754 -1
1701020102.623995 54 1
1701020102.624115 1094 -1
1701020102.624184 7791 -1
1701020102.624227 54 1
1701020102.629799 1175 -1
1701020102.629799 482 -1
1701020102.629799 6724 -1
1701020102.629906 54 1
1701020102.632870 1223 -1
1701020102.632870 416 -1
1701020102.632936 54 1
1701020102.633024 1514 -1
1701020102.633024 4135 -1
1701020102.633072 54 1
1701020103.132270 54 1
1701020103.136137 78 -1
1701020103.136137 60 -1
1701020103.136177 54 1
