1701015672.442275 66 1
1701015672.443375 66 -1
1701015672.443461 54 1
1701015672.445314 66 1
1701015672.447022 599 1
1701015672.448139 60 -1
1701015672.451618 66 -1
1701015672.451750 54 1
1701015672.459056 663 1
1701015672.459999 60 -1
1701015672.461246 2974 -1
1701015672.461246 958 -1
1701015672.461309 54 1
1701015672.473995 134 1
1701015672.474453 146 1
1701015672.474576 54 1
1701015672.475081 549 1
1701015672.475205 226 1
1701015672.492707 1514 -1
1701015672.492707 1514 -1
1701015672.492707 958 -1
1701015672.492872 54 1
1701015672.494563 60 -1
1701015672.494553 60 -1
1701015672.494553 60 -1
1701015672.494553 60 -1
1701015672.494553 60 -1
1701015672.494553 341 -1
1701015672.494553 341 -1
1701015672.494754 54 1
1701015672.496195 115 -1
1701015672.496195 85 -1
1701015672.496249 54 1
1701015672.499853 1030 -1
1701015672.499853 651 -1
1701015672.499853 1179 -1
1701015672.499853 476 -1
1701015672.499853 4370 -1
1701015672.499853 10274 -1
1701015672.499853 6240 -1
1701015672.500005 54 1
1701015672.500811 4434 -1
1701015672.500811 7354 -1
1701015672.500866 54 1
1701015672.500989 2974 -1
1701015672.501016 54 1
1701015672.501202 1891 -1
1701015672.501229 54 1
1701015672.501568 85 -1
1701015672.501568 3787 -1
1701015672.501603 54 1
1701015672.518304 85 1
1701015672.523640 60 -1
1701015672.551296 205 1
1701015672.553296 60 -1
1701015672.558838 1054 -1
1701015672.558838 623 -1
1701015672.558838 1514 -1
1701015672.558838 4434 -1
1701015672.558894 54 1
1701015672.559619 1514 -1
1701015672.559619 7354 -1
1701015672.559665 54 1
1701015672.561258 1860 -1
1701015672.561278 54 1
1701015672.565963 4434 -1
1701015672.565963 7354 -1
1701015672.565963 4811 -1
1701015672.565963 2974 -1
1701015672.565963 7354 -1
1701015672.566191 54 1
1701015672.580981 6271 -1
1701015672.580981 7354 -1
1701015672.580981 7354 -1
1701015672.580981 7354 -1
1701015672.580981 19034 -1
1701015672.580981 2974 -1
1701015672.580981 1514 -1
1701015672.580981 2974 -1
1701015672.580981 7354 -1
1701015672.580981 7354 -1
1701015672.580981 5894 -1
1701015672.580981 7354 -1
1701015672.580981 1514 -1
1701015672.581525 54 1
1701015672.588134 54 1
1701015672.597807 54 1
1701015672.621505 1514 -1
1701015672.621505 7354 -1
1701015672.621505 2974 -1
1701015672.621505 1528 -1
1701015672.621628 54 1
1701015672.708411 204 1
1701015672.708636 203 1
1701015672.708741 227 1
1701015672.708829 229 1
1701015672.712731 230 1
1701015672.712890 227 1
1701015672.732564 60 -1
1701015672.732564 60 -1
1701015672.734293 228 1
1701015672.734598 228 1
1701015672.734742 228 1
1701015672.735927 1202 -1
1701015672.735927 442 -1
1701015672.736006 54 1
1701015672.736088 60 -1
1701015672.737874 3737 -1
1701015672.737918 54 1
1701015672.738058 1190 -1
1701015672.738083 54 1
1701015672.738739 455 -1
1701015672.738791 1175 -1
1701015672.738814 54 1
1701015672.738861 478 -1
1701015672.738923 9522 -1
1701015672.738973 54 1
1701015672.740242 1025 -1
1701015672.740242 1000 -1
1701015672.740278 54 1
1701015672.740354 696 -1
1701015672.740525 656 -1
1701015672.740525 1142 -1
1701015672.740562 54 1
1701015672.740738 522 -1
1701015672.740738 16460 -1
1701015672.740835 54 1
1701015672.743602 232 1
1701015672.743739 7354 -1
1701015672.743775 228 1
1701015672.743807 54 1
1701015672.743895 227 1
1701015672.743985 226 1
1701015672.744268 228 1
1701015672.744565 229 1
1701015672.744676 229 1
1701015672.744737 2933 -1
1701015672.744789 228 1
1701015672.745121 7354 -1
1701015672.745165 54 1
1701015672.746175 7354 -1
1701015672.746219 54 1
1701015672.748069 1860 -1
1701015672.748069 85 -1
1701015672.748069 7354 -1
1701015672.748175 54 1
1701015672.749039 7354 -1
1701015672.749084 54 1
1701015672.750207 14654 -1
1701015672.750274 54 1
1701015672.759246 3697 -1
1701015672.759246 2974 -1
1701015672.759246 7354 -1
1701015672.759246 7354 -1
1701015672.759246 7354 -1
1701015672.759246 2974 -1
1701015672.759246 5894 -1
1701015672.759431 54 1
1701015672.759522 4434 -1
1701015672.759567 54 1
1701015672.760227 2974 -1
1701015672.760247 54 1
1701015672.760664 11734 -1
1701015672.760705 54 1
1701015672.768915 66 1
1701015672.770442 66 1
1701015672.770824 66 -1
1701015672.771006 54 1
1701015672.781314 5894 -1
1701015672.781314 7354 -1
1701015672.781314 5894 -1
1701015672.781314 7354 -1
1701015672.781314 4434 -1
1701015672.781314 2974 -1
1701015672.781314 16114 -1
1701015672.781314 1514 -1
1701015672.781314 7354 -1
1701015672.781314 7354 -1
1701015672.781314 8814 -1
1701015672.781314 1514 -1
1701015672.781314 60 -1
1701015672.781314 60 -1
1701015672.781314 4434 -1
1701015672.781314 7354 -1
1701015672.781314 5894 -1
1701015672.781314 2725 -1
1701015672.781314 4434 -1
1701015672.781314 7354 -1
1701015672.781314 4434 -1
1701015672.781314 7354 -1
1701015672.782056 54 1
1701015672.796966 66 -1
1701015672.797054 2974 -1
1701015672.797054 7354 -1
1701015672.797054 4434 -1
1701015672.797091 54 1
1701015672.797054 7354 -1
1701015672.797054 7354 -1
1701015672.797054 7354 -1
1701015672.797054 4434 -1
1701015672.797054 4434 -1
1701015672.797054 7354 -1
1701015672.797054 7354 -1
1701015672.797054 4434 -1
1701015672.797054 4434 -1
1701015672.797054 2974 -1
1701015672.797461 54 1
1701015672.800010 614 1
1701015672.804204 7354 -1
1701015672.804204 7354 -1
1701015672.804204 14654 -1
1701015672.804204 4434 -1
1701015672.804204 1514 -1
1701015672.804204 7354 -1
1701015672.804668 54 1
1701015672.805451 54 1
1701015672.811060 678 1
1701015672.813108 60 -1
1701015672.813108 2974 -1
1701015672.813208 54 1
1701015672.814104 1230 -1
1701015672.814596 4434 -1
1701015672.814596 7354 -1
1701015672.814596 7354 -1
1701015672.814596 2974 -1
1701015672.814596 7354 -1
1701015672.814596 2974 -1
1701015672.814596 7354 -1
1701015672.814596 7354 -1
1701015672.814596 1514 -1
1701015672.814596 7354 -1
1701015672.814596 7354 -1
1701015672.814596 7354 -1
1701015672.815133 54 1
1701015672.815197 7354 -1
1701015672.815256 54 1
1701015672.816319 7354 -1
1701015672.816401 54 1
1701015672.817850 7354 -1
1701015672.817933 54 1
1701015672.818924 3206 -1
1701015672.818979 54 1
1701015672.819193 4434 -1
1701015672.819234 54 1
1701015672.819790 7354 -1
1701015672.819859 54 1
1701015672.821108 12962 -1
1701015672.821199 54 1
1701015672.825264 54 1
1701015672.825577 54 1
1701015672.826254 60 -1
1701015672.826254 2974 -1
1701015672.826254 1230 -1
1701015672.826254 1514 -1
1701015672.826826 1686 -1
1701015672.826883 54 1
1701015672.827211 54 1
1701015672.828922 226 -1
1701015672.829966 40934 -1
1701015672.830121 54 1
1701015672.830171 7354 -1
1701015672.830242 54 1
1701015672.831708 7354 -1
1701015672.831761 54 1
1701015672.832492 54 1
1701015672.834091 54 1
1701015672.843448 6103 -1
1701015672.843448 7354 -1
1701015672.843448 7354 -1
1701015672.843448 4434 -1
1701015672.843448 7354 -1
1701015672.843448 2974 -1
1701015672.843448 7354 -1
1701015672.843448 4434 -1
1701015672.843448 7354 -1
1701015672.843696 54 1
1701015672.844477 1928 -1
1701015672.844511 54 1
1701015672.861027 134 1
1701015672.861443 134 1
1701015672.863437 54 1
1701015672.864271 146 1
1701015672.865158 60 -1
1701015672.865158 357 -1
1701015672.865158 357 -1
1701015672.865232 54 1
1701015672.865910 472 1
1701015672.866011 170 1
1701015672.875528 60 -1
1701015672.875528 115 -1
1701015672.875528 85 -1
1701015672.875640 54 1
1701015672.879213 85 1
1701015672.886761 60 -1
1701015672.886761 60 -1
1701015672.886761 940 -1
1701015672.886761 2974 -1
1701015672.886761 2974 -1
1701015672.886761 5894 -1
1701015672.886761 1514 -1
1701015672.886761 2438 -1
1701015672.886761 1154 -1
1701015672.886962 54 1
1701015672.897506 60 -1
1701015672.911889 60 -1
1701015672.911889 357 -1
1701015672.911889 357 -1
1701015672.911889 93 -1
1701015672.911889 78 -1
1701015672.911889 60 -1
1701015672.912089 54 1
1701015672.988836 66 1
1701015672.996419 66 -1
1701015672.996563 54 1
1701015673.018451 582 1
1701015673.026838 60 -1
1701015673.026838 2974 -1
1701015673.026838 1230 -1
1701015673.026962 54 1
1701015673.032306 1514 -1
1701015673.032624 54 1
1701015673.033190 226 -1
1701015673.034178 134 1
1701015673.034618 146 1
1701015673.035201 513 1
1701015673.035308 168 1
1701015673.035357 60 -1
1701015673.035474 171 1
1701015673.035582 357 -1
1701015673.035582 357 -1
1701015673.035638 54 1
1701015673.035689 60 -1
1701015673.035778 170 1
1701015673.036206 115 -1
1701015673.036206 85 -1
1701015673.036206 60 -1
1701015673.036268 54 1
1701015673.036551 85 1
1701015673.036612 60 -1
1701015673.036612 60 -1
1701015673.037041 60 -1
1701015673.038052 60 -1
1701015673.039564 943 -1
1701015673.043356 7354 -1
1701015673.043356 4434 -1
1701015673.043356 5894 -1
1701015673.043356 5894 -1
1701015673.043356 7354 -1
1701015673.043356 2237 -1
1701015673.043356 7354 -1
1701015673.043356 4434 -1
1701015673.043356 7354 -1
1701015673.043626 54 1
1701015673.043741 2974 -1
1701015673.043782 54 1
1701015673.044139 1514 -1
1701015673.044139 7354 -1
1701015673.044220 54 1
1701015673.044646 1514 -1
1701015673.044671 54 1
1701015673.044840 4434 -1
1701015673.044872 54 1
1701015673.045069 7354 -1
1701015673.045124 54 1
1701015673.045700 7354 -1
1701015673.045767 54 1
1701015673.046276 7354 -1
1701015673.046319 54 1
1701015673.048858 1514 -1
1701015673.048858 14654 -1
1701015673.048858 7354 -1
1701015673.049012 54 1
1701015673.049310 5894 -1
1701015673.049310 5894 -1
1701015673.049406 54 1
1701015673.051543 7354 -1
1701015673.051543 7354 -1
1701015673.051543 7354 -1
1701015673.051671 54 1
1701015673.051728 4434 -1
1701015673.051762 54 1
1701015673.052079 14654 -1
1701015673.052139 54 1
1701015673.058514 7354 -1
1701015673.058514 1514 -1
1701015673.058514 8814 -1
1701015673.058514 7354 -1
1701015673.058514 5894 -1
1701015673.058514 7354 -1
1701015673.058514 7354 -1
1701015673.058514 5894 -1
1701015673.058514 14654 -1
1701015673.058768 54 1
1701015673.058837 1015 -1
1701015673.058864 54 1
1701015673.061796 54 1
1701015673.292209 206 1
1701015673.293022 176 1
1701015673.296619 60 -1
1701015673.296619 913 -1
1701015673.300708 5894 -1
1701015673.300708 7354 -1
1701015673.300708 3320 -1
1701015673.300708 85 -1
1701015673.300708 7354 -1
1701015673.300708 7354 -1
1701015673.300708 1097 -1
1701015673.300708 2997 -1
1701015673.300708 1860 -1
1701015673.300708 2974 -1
1701015673.300708 7354 -1
1701015673.300708 4434 -1
1701015673.300708 7354 -1
1701015673.300708 3669 -1
1701015673.301075 54 1
1701015673.301126 54 1
1701015673.841243 198 1
1701015673.844394 941 -1
1701015673.844492 7354 -1
1701015673.844551 54 1
1701015673.845429 9160 -1
1701015673.845499 54 1
1701015673.845686 4434 -1
1701015673.845719 54 1
1701015673.845982 1239 -1
1701015673.887024 54 1
1701015673.992460 239 1
1701015674.000785 939 -1
1701015674.000785 1791 -1
1701015674.000882 54 1
1701015675.582675 160 1
1701015675.582788 162 1
1701015675.582871 160 1
1701015675.582950 159 1
1701015675.593768 161 1
1701015675.593880 161 1
1701015675.595450 60 -1
1701015675.595450 60 -1
1701015675.595450 60 -1
1701015675.595450 60 -1
1701015675.595450 722 -1
1701015675.595450 265 -1
1701015675.595450 723 -1
1701015675.595450 264 -1
1701015675.595548 54 1
1701015675.606786 853 -1
1701015675.606786 268 -1
1701015675.606786 60 -1
1701015675.606786 266 -1
1701015675.606786 723 -1
1701015675.606786 853 -1
1701015675.606786 265 -1
1701015675.606786 852 -1
1701015675.606786 266 -1
1701015675.606928 66 1
1701015675.606988 54 1
1701015675.607038 54 1
1701015677.681224 165 1
1701015677.685753 938 -1
1701015677.685753 3722 -1
1701015677.685884 54 1
1701015677.957024 169 1
1701015677.959917 998 -1
1701015677.959917 2741 -1
1701015677.960003 54 1
1701015678.350176 165 1
1701015678.352942 970 -1
1701015678.353015 16460 -1
1701015678.353071 54 1
1701015678.355331 4434 -1
1701015678.355366 54 1
1701015678.355783 7354 -1
1701015678.355826 54 1
1701015678.356435 4811 -1
1701015678.356469 54 1
1701015678.356742 4434 -1
1701015678.356784 54 1
1701015678.357126 5894 -1
1701015678.357174 54 1
1701015678.357607 6302 -1
1701015678.357647 54 1
1701015678.358138 4434 -1
1701015678.358187 54 1
1701015678.358495 7354 -1
1701015678.358544 54 1
1701015678.359122 7354 -1
1701015678.359175 54 1
1701015678.359708 7354 -1
1701015678.359762 54 1
1701015678.361826 2673 -1
1701015678.361860 54 1
1701015678.370016 89 1
1701015678.417688 60 -1
1701015680.280730 54 1
1701015680.283823 54 1
1701015680.283998 54 1
1701015680.286415 78 -1
1701015680.286415 60 -1
1701015680.286415 78 -1
1701015680.286415 60 -1
1701015680.286557 54 1
1701015680.286644 54 1
1701015680.286927 78 -1
1701015680.286927 60 -1
1701015680.286960 54 1
1701015681.612952 66 1
1701015681.614762 66 -1
1701015681.614917 54 1
1701015681.615474 901 1
1701015681.616541 60 -1
1701015681.617153 318 -1
1701015681.617711 134 1
1701015681.617979 146 1
1701015681.618262 505 1
1701015681.618662 60 -1
1701015681.618746 357 -1
1701015681.618999 60 -1
1701015681.619217 115 -1
1701015681.619217 85 -1
1701015681.619258 54 1
1701015681.619294 60 -1
1701015681.619377 85 1
1701015681.620503 969 -1
1701015681.620503 7403 -1
1701015681.620572 54 1
1701015681.620973 60 -1
1701015685.338749 66 1
1701015685.340899 66 -1
1701015685.341006 54 1
1701015685.341675 966 1
1701015685.342698 60 -1
1701015685.343294 318 -1
1701015685.343919 134 1
1701015685.344314 146 1
1701015685.344888 584 1
1701015685.344999 228 1
1701015685.345087 60 -1
1701015685.345087 341 -1
1701015685.345093 228 1
1701015685.345197 227 1
1701015685.345529 60 -1
1701015685.345529 115 -1
1701015685.345529 85 -1
1701015685.345561 54 1
1701015685.345890 60 -1
1701015685.345955 60 -1
1701015685.346072 60 -1
1701015685.346094 85 1
1701015685.346171 60 -1
1701015685.346991 60 -1
1701015685.350778 1171 -1
1701015685.350778 480 -1
1701015685.350844 54 1
1701015685.351837 7354 -1
1701015685.351837 625 -1
1701015685.351913 54 1
1701015685.352046 1203 -1
1701015685.352046 437 -1
1701015685.352046 1169 -1
1701015685.352046 483 -1
1701015685.352046 2974 -1
1701015685.352099 54 1
1701015685.352229 1985 -1
1701015685.352443 54 1
1701015685.352482 5861 -1
1701015685.352528 54 1
1701015685.355733 1224 -1
1701015685.355733 407 -1
1701015685.355810 54 1
1701015685.356062 7354 -1
1701015685.356114 54 1
1701015685.356367 3794 -1
1701015685.356661 54 1
1701015687.031763 228 1
1701015687.031893 227 1
1701015687.032923 60 -1
1701015687.032923 60 -1
1701015687.034135 228 1
1701015687.034384 228 1
1701015687.035372 60 -1
1701015687.035372 60 -1
1701015687.035604 232 1
1701015687.037349 60 -1
1701015687.042331 1207 -1
1701015687.042331 437 -1
1701015687.042422 54 1
1701015687.042969 7354 -1
1701015687.043010 54 1
1701015687.043832 1536 -1
1701015687.043832 1193 -1
1701015687.043832 452 -1
1701015687.043832 7507 -1
1701015687.044060 54 1
1701015687.044255 1205 -1
1701015687.044279 54 1
1701015687.044347 432 -1
1701015687.044376 2451 -1
1701015687.044389 54 1
1701015687.044684 1142 -1
1701015687.044701 54 1
1701015687.044736 522 -1
1701015687.044736 5755 -1
1701015687.044761 54 1
1701015687.048408 1141 -1
1701015687.048786 54 1
1701015687.048851 524 -1
1701015687.048851 5664 -1
1701015687.048907 54 1
1701015689.152337 228 1
1701015689.153289 228 1
1701015689.154659 229 1
1701015689.154753 231 1
1701015689.155105 60 -1
1701015689.156686 60 -1
1701015689.156855 230 1
1701015689.160131 1195 -1
1701015689.160131 440 -1
1701015689.160214 54 1
1701015689.161335 7354 -1
1701015689.161418 54 1
1701015689.161574 1392 -1
1701015689.161591 54 1
1701015689.161717 1173 -1
1701015689.161759 476 -1
1701015689.161759 1196 -1
1701015689.161781 54 1
1701015689.161898 443 -1
1701015689.161921 54 1
1701015689.162194 7354 -1
1701015689.162251 54 1
1701015689.162933 1044 -1
1701015689.162963 54 1
1701015689.163249 7354 -1
1701015689.163289 54 1
1701015689.163327 1757 -1
1701015689.163352 54 1
1701015689.163601 1200 -1
1701015689.163619 54 1
1701015689.163927 438 -1
1701015689.163927 4434 -1
1701015689.163991 54 1
1701015689.164054 6429 -1
1701015689.164099 54 1
1701015689.164660 1208 -1
1701015689.164660 429 -1
1701015689.164660 4552 -1
1701015689.164697 54 1
1701015690.311315 54 1
1701015690.311964 54 1
1701015690.313113 78 -1
1701015690.313113 60 -1
1701015690.313138 54 1
1701015690.313698 78 -1
1701015690.313698 60 -1
1701015690.313724 54 1
1701015690.730710 66 1
1701015690.731817 66 -1
1701015690.731900 54 1
1701015690.732821 902 1
1701015690.733773 60 -1
1701015690.734408 318 -1
1701015690.735074 134 1
1701015690.735546 146 1
1701015690.735939 60 -1
1701015690.736092 583 1
1701015690.736167 230 1
1701015690.736266 228 1
1701015690.736334 226 1
1701015690.736388 232 1
1701015690.736563 60 -1
1701015690.737069 60 -1
1701015690.737069 60 -1
1701015690.737489 60 -1
1701015690.737489 60 -1
1701015690.737489 60 -1
1701015690.737838 341 -1
1701015690.740584 115 -1
1701015690.740584 85 -1
1701015690.740648 54 1
1701015690.740845 85 1
1701015690.741913 60 -1
1701015690.741913 1204 -1
1701015690.741913 439 -1
1701015690.741913 4225 -1
1701015690.741975 54 1
1701015690.742563 1202 -1
1701015690.742563 437 -1
1701015690.742563 10117 -1
1701015690.742625 54 1
1701015690.743234 1176 -1
1701015690.743350 473 -1
1701015690.743370 54 1
1701015690.744023 7354 -1
1701015690.744054 54 1
1701015690.744687 461 -1
1701015690.744712 54 1
1701015690.744944 1175 -1
1701015690.744944 474 -1
1701015690.744978 54 1
1701015690.745343 2974 -1
1701015690.745364 54 1
1701015690.745391 3978 -1
1701015690.745427 54 1
1701015690.752171 1148 -1
1701015690.752171 511 -1
1701015690.752171 2974 -1
1701015690.752171 7354 -1
1701015690.752290 54 1
1701015690.752895 3213 -1
1701015690.752942 54 1
1701015692.297078 228 1
1701015692.298154 229 1
1701015692.298252 229 1
1701015692.298972 60 -1
1701015692.300387 60 -1
1701015692.300387 60 -1
1701015692.300574 229 1
1701015692.301978 229 1
1701015692.302921 1172 -1
1701015692.302921 475 -1
1701015692.302921 7354 -1
1701015692.303002 54 1
1701015692.303352 1596 -1
1701015692.303382 54 1
1701015692.303651 60 -1
1701015692.311346 1177 -1
1701015692.311346 480 -1
1701015692.311346 1195 -1
1701015692.311346 444 -1
1701015692.311346 12787 -1
1701015692.311346 7354 -1
1701015692.311346 1397 -1
1701015692.311346 1164 -1
1701015692.311346 492 -1
1701015692.311346 1145 -1
1701015692.311346 511 -1
1701015692.311346 1514 -1
1701015692.311346 7354 -1
1701015692.311346 3155 -1
1701015692.311614 54 1
1701015692.311700 6494 -1
1701015692.311737 54 1
1701015694.431693 228 1
1701015694.431840 229 1
1701015694.432900 228 1
1701015694.434261 227 1
1701015694.434814 226 1
1701015694.435868 60 -1
1701015694.440454 1172 -1
1701015694.440454 480 -1
1701015694.440454 1172 -1
1701015694.440454 486 -1
1701015694.440589 54 1
1701015694.440650 2974 -1
1701015694.440686 54 1
1701015694.440799 5894 -1
1701015694.440832 54 1
1701015694.441240 1514 -1
1701015694.441357 4109 -1
1701015694.441401 54 1
1701015694.441821 5943 -1
1701015694.441869 54 1
1701015694.442188 1133 -1
1701015694.442220 54 1
1701015694.442384 531 -1
1701015694.442384 7354 -1
1701015694.442414 54 1
1701015694.442930 1247 -1
1701015694.443114 1176 -1
1701015694.443134 54 1
1701015694.443166 472 -1
1701015694.443198 4434 -1
1701015694.443217 54 1
1701015694.443827 5894 -1
1701015694.443854 54 1
1701015694.443998 5581 -1
1701015694.444038 54 1
1701015694.447839 1175 -1
1701015694.447839 472 -1
1701015694.447839 9436 -1
1701015694.447924 54 1
1701015696.039461 228 1
1701015696.042915 231 1
1701015696.043089 228 1
1701015696.043198 230 1
1701015696.043303 228 1
1701015696.044150 60 -1
1701015696.047816 60 -1
1701015696.051624 1174 -1
1701015696.051624 475 -1
1701015696.051624 1174 -1
1701015696.051624 476 -1
1701015696.051798 54 1
1701015696.053414 7354 -1
1701015696.053657 54 1
1701015696.054024 2129 -1
1701015696.054024 1177 -1
1701015696.054067 54 1
1701015696.054393 467 -1
1701015696.054393 7096 -1
1701015696.054457 54 1
1701015696.054906 1198 -1
1701015696.054906 442 -1
1701015696.054906 1177 -1
1701015696.054906 480 -1
1701015696.054945 54 1
1701015696.056173 89 1
1701015696.056908 7354 -1
1701015696.056973 54 1
1701015696.057294 5201 -1
1701015696.057334 54 1
1701015696.057719 7222 -1
1701015696.057774 54 1
1701015696.058343 4434 -1
1701015696.058371 54 1
1701015696.058834 1514 -1
1701015696.058834 1406 -1
1701015696.058875 54 1
1701015696.102797 60 -1
1701015699.112854 227 1
1701015699.113965 60 -1
1701015699.121926 229 1
1701015699.122970 60 -1
1701015699.124480 227 1
1701015699.124675 228 1
1701015699.124765 228 1
1701015699.125410 60 -1
1701015699.125477 60 -1
1701015699.125755 60 -1
1701015699.133873 1181 -1
1701015699.133873 471 -1
1701015699.133927 54 1
1701015699.134111 1175 -1
1701015699.134111 476 -1
1701015699.134111 1174 -1
1701015699.134111 482 -1
1701015699.134111 1176 -1
1701015699.134111 5634 -1
1701015699.134190 54 1
1701015699.134696 470 -1
1701015699.134721 54 1
1701015699.135864 7354 -1
1701015699.135891 54 1
1701015699.136195 9160 -1
1701015699.136234 54 1
1701015699.136911 85 -1
1701015699.136911 2974 -1
1701015699.136945 54 1
1701015699.137162 4434 -1
1701015699.137198 54 1
1701015699.137529 1514 -1
1701015699.137746 1961 -1
1701015699.137770 54 1
1701015699.137802 7354 -1
1701015699.137832 54 1
1701015699.138407 1000 -1
1701015699.138483 5894 -1
1701015699.138501 54 1
1701015699.138967 8005 -1
1701015699.139000 54 1
1701015699.140809 1173 -1
1701015699.140809 478 -1
1701015699.140861 54 1
1701015699.141858 4395 -1
1701015699.141903 54 1
1701015700.321796 54 1
1701015700.322938 78 -1
1701015700.322938 60 -1
1701015700.322974 54 1
1701015700.650256 66 1
1701015700.651252 66 -1
1701015700.651352 54 1
1701015700.652708 966 1
1701015700.653741 60 -1
1701015700.654452 318 -1
1701015700.655453 134 1
1701015700.656173 146 1
1701015700.656386 60 -1
1701015700.656661 582 1
1701015700.656723 226 1
1701015700.656818 232 1
1701015700.656911 228 1
1701015700.657002 226 1
1701015700.657060 60 -1
1701015700.657826 60 -1
1701015700.657826 60 -1
1701015700.657826 60 -1
1701015700.657826 60 -1
1701015700.657878 60 -1
1701015700.659351 341 -1
1701015700.662789 115 -1
1701015700.662789 85 -1
1701015700.662876 54 1
1701015700.663162 85 1
1701015700.663995 1176 -1
1701015700.663995 472 -1
1701015700.664069 54 1
1701015700.664130 60 -1
1701015700.665131 1170 -1
1701015700.665131 483 -1
1701015700.665131 1176 -1
1701015700.665184 54 1
1701015700.665271 1514 -1
1701015700.665271 4956 -1
1701015700.665317 54 1
1701015700.665681 1514 -1
1701015700.665860 2756 -1
1701015700.665904 54 1
1701015700.666162 7184 -1
1701015700.666207 54 1
1701015700.666486 1143 -1
1701015700.667051 516 -1
1701015700.667051 1142 -1
1701015700.667051 516 -1
1701015700.667051 4434 -1
1701015700.667326 54 1
1701015700.667378 3231 -1
1701015700.667429 54 1
1701015700.669053 1514 -1
1701015700.669053 4324 -1
1701015700.669102 54 1
1701015702.795839 227 1
1701015702.795995 229 1
1701015702.796124 227 1
1701015702.796237 229 1
1701015702.796350 229 1
1701015702.797986 60 -1
1701015702.797986 60 -1
1701015702.797986 60 -1
1701015702.797986 60 -1
1701015702.797986 60 -1
1701015702.804243 1180 -1
1701015702.804243 469 -1
1701015702.804243 7354 -1
1701015702.804358 54 1
1701015702.806303 3540 -1
1701015702.806303 1177 -1
1701015702.806303 473 -1
1701015702.806409 54 1
1701015702.807026 1176 -1
1701015702.807026 5914 -1
1701015702.807026 473 -1
1701015702.807026 1173 -1
1701015702.807026 9230 -1
1701015702.807146 54 1
1701015702.807789 481 -1
1701015702.807814 54 1
1701015702.808509 1181 -1
1701015702.808509 468 -1
1701015702.808509 7206 -1
1701015702.808693 54 1
1701015702.809443 7354 -1
1701015702.809574 54 1
1701015702.809744 4987 -1
1701015702.809782 54 1
1701015704.408650 227 1
1701015704.408756 227 1
1701015704.409336 227 1
1701015704.409434 227 1
1701015704.409516 225 1
1701015704.410040 60 -1
1701015704.410040 60 -1
1701015704.410473 60 -1
1701015704.410473 60 -1
1701015704.410473 60 -1
1701015704.414828 1201 -1
1701015704.414828 438 -1
1701015704.414901 54 1
1701015704.414950 7354 -1
1701015704.414998 54 1
1701015704.415326 7101 -1
1701015704.415366 54 1
1701015704.416371 1174 -1
1701015704.416371 481 -1
1701015704.416411 54 1
1701015704.416622 1174 -1
1701015704.416622 477 -1
1701015704.416646 54 1
1701015704.416983 2974 -1
1701015704.416983 6406 -1
1701015704.417023 54 1
1701015704.417301 8834 -1
1701015704.417344 54 1
1701015704.418035 1181 -1
1701015704.418155 467 -1
1701015704.418181 54 1
1701015704.418312 10456 -1
1701015704.418371 54 1
1701015704.419080 1173 -1
1701015704.419337 481 -1
1701015704.419337 7354 -1
1701015704.419384 54 1
1701015704.420046 297 -1
1701015704.420078 54 1
1701015706.058383 227 1
1701015706.063798 227 1
1701015706.072594 227 1
1701015706.074090 228 1
1701015706.074477 227 1
1701015706.086969 1191 -1
1701015706.086969 455 -1
1701015706.086969 8534 -1
1701015706.086969 1234 -1
1701015706.086969 1178 -1
1701015706.086969 471 -1
1701015706.086969 5894 -1
1701015706.086969 2974 -1
1701015706.086969 4832 -1
1701015706.086969 1177 -1
1701015706.086969 471 -1
1701015706.086969 7354 -1
1701015706.086969 1514 -1
1701015706.086969 5555 -1
1701015706.086969 1152 -1
1701015706.086969 508 -1
1701015706.086969 2974 -1
1701015706.086969 1514 -1
1701015706.086969 2284 -1
1701015706.087280 66 1
1701015706.087438 54 1
1701015706.092060 89 1
1701015706.102154 1147 -1
1701015706.102154 514 -1
1701015706.102154 1514 -1
1701015706.102154 2974 -1
1701015706.102154 1848 -1
1701015706.102272 54 1
1701015706.168265 60 -1
1701015708.220468 229 1
1701015708.220609 230 1
1701015708.220853 227 1
1701015708.221917 60 -1
1701015708.221917 60 -1
1701015708.221917 60 -1
1701015708.225053 228 1
1701015708.225166 226 1
1701015708.226095 60 -1
1701015708.226386 60 -1
1701015708.228264 1175 -1
1701015708.228351 477 -1
1701015708.228389 54 1
1701015708.233063 2924 -1
1701015708.233129 54 1
1701015708.236007 1125 -1
1701015708.236007 548 -1
1701015708.236007 1175 -1
1701015708.236007 473 -1
1701015708.236007 2974 -1
1701015708.236007 5430 -1
1701015708.236007 1514 -1
1701015708.236007 9046 -1
1701015708.236201 54 1
1701015708.236562 1197 -1
1701015708.236801 442 -1
1701015708.236823 54 1
1701015708.237037 1167 -1
1701015708.237037 480 -1
1701015708.237037 5618 -1
1701015708.237072 54 1
1701015708.237376 2974 -1
1701015708.237399 54 1
1701015708.237870 7354 -1
1701015708.237925 54 1
1701015708.238906 2135 -1
1701015708.238941 54 1
1701015709.827501 227 1
1701015709.829064 60 -1
1701015709.831711 228 1
1701015709.831823 229 1
1701015709.833428 229 1
1701015709.833794 1166 -1
1701015709.833794 485 -1
1701015709.833794 5894 -1
1701015709.833794 2222 -1
1701015709.833794 60 -1
1701015709.833794 60 -1
1701015709.833983 229 1
1701015709.834102 54 1
1701015709.834393 60 -1
1701015709.835180 60 -1
1701015709.837370 1177 -1
1701015709.837370 476 -1
1701015709.837444 54 1
1701015709.837496 6757 -1
1701015709.837553 54 1
1701015709.840295 1177 -1
1701015709.840295 475 -1
1701015709.840295 7718 -1
1701015709.840757 54 1
1701015709.844137 1176 -1
1701015709.844137 473 -1
1701015709.844137 2974 -1
1701015709.844137 3859 -1
1701015709.844257 54 1
1701015709.844450 1192 -1
1701015709.844450 449 -1
1701015709.844450 4489 -1
1701015709.844517 54 1
1701015710.327254 54 1
1701015710.328968 78 -1
1701015710.328968 60 -1
1701015710.329019 54 1
1701015713.570595 66 1
1701015713.578003 66 -1
1701015713.578164 54 1
1701015713.578882 870 1
1701015713.580102 60 -1
1701015713.581101 318 -1
1701015713.582082 134 1
1701015713.582962 146 1
1701015713.583691 583 1
1701015713.584000 229 1
1701015713.584080 229 1
1701015713.584161 227 1
1701015713.584237 227 1
1701015713.589201 60 -1
1701015713.589201 341 -1
1701015713.589201 60 -1
1701015713.589201 115 -1
1701015713.589201 85 -1
1701015713.589201 60 -1
1701015713.589201 60 -1
1701015713.589201 60 -1
1701015713.589201 60 -1
1701015713.589201 60 -1
1701015713.589356 54 1
1701015713.591429 85 1
1701015713.596219 1174 -1
1701015713.596219 471 -1
1701015713.596219 1178 -1
1701015713.596219 467 -1
1701015713.596219 1202 -1
1701015713.596219 436 -1
1701015713.596219 4434 -1
1701015713.596219 7546 -1
1701015713.596418 54 1
1701015713.597314 4434 -1
1701015713.597314 5469 -1
1701015713.597314 7354 -1
1701015713.597387 54 1
1701015713.598546 7354 -1
1701015713.598546 1087 -1
1701015713.598588 54 1
1701015713.598664 5421 -1
1701015713.598693 54 1
1701015713.599063 60 -1
1701015713.599063 4434 -1
1701015713.599132 54 1
1701015713.599408 1385 -1
1701015713.646885 54 1
1701015715.785351 230 1
1701015715.791285 60 -1
1701015715.798100 229 1
1701015715.798201 229 1
1701015715.798293 227 1
1701015715.798628 229 1
1701015715.800308 1176 -1
1701015715.800308 475 -1
1701015715.800308 7354 -1
1701015715.800308 2895 -1
1701015715.800433 54 1
1701015715.801140 60 -1
1701015715.805347 1176 -1
1701015715.805347 1199 -1
1701015715.805347 441 -1
1701015715.805347 473 -1
1701015715.805347 5158 -1
1701015715.805507 54 1
1701015715.806298 6744 -1
1701015715.806298 1177 -1
1701015715.806359 54 1
1701015715.806448 471 -1
1701015715.806448 1178 -1
1701015715.806472 54 1
1701015715.806592 7354 -1
1701015715.806636 54 1
1701015715.807078 625 -1
1701015715.807119 7354 -1
1701015715.807164 54 1
1701015715.807875 7354 -1
1701015715.807922 54 1
1701015715.808570 1860 -1
1701015715.808570 2549 -1
1701015715.808630 54 1
1701015717.436070 231 1
1701015717.437353 228 1
1701015717.439207 60 -1
1701015717.440034 228 1
1701015717.440119 230 1
1701015717.440214 230 1
1701015717.442064 60 -1
1701015717.444940 1176 -1
1701015717.444940 470 -1
1701015717.445036 54 1
1701015717.445361 7354 -1
1701015717.445394 54 1
1701015717.446055 3730 -1
1701015717.446092 54 1
1701015717.446129 1174 -1
1701015717.446314 479 -1
1701015717.446314 7147 -1
1701015717.446339 54 1
1701015717.447528 1179 -1
1701015717.447528 470 -1
1701015717.447528 7354 -1
1701015717.447611 54 1
1701015717.447868 1514 -1
1701015717.447910 7354 -1
1701015717.447931 54 1
1701015717.448514 156 -1
1701015717.448986 1175 -1
1701015717.448986 476 -1
1701015717.449023 54 1
1701015717.449324 1174 -1
1701015717.449324 475 -1
1701015717.449324 1514 -1
1701015717.449377 54 1
1701015717.449421 7354 -1
1701015717.449470 54 1
1701015717.449967 761 -1
1701015717.449986 54 1
1701015717.450019 6355 -1
1701015717.450042 54 1
1701015719.055576 231 1
1701015719.057982 227 1
1701015719.058106 228 1
1701015719.058225 229 1
1701015719.058995 227 1
1701015719.059938 60 -1
1701015719.063152 1173 -1
1701015719.063152 478 -1
1701015719.063267 54 1
1701015719.064057 2974 -1
1701015719.064057 3139 -1
1701015719.064120 54 1
1701015719.064269 1199 -1
1701015719.064269 440 -1
1701015719.064269 1514 -1
1701015719.064333 54 1
1701015719.064510 5894 -1
1701015719.064574 54 1
1701015719.064851 4060 -1
1701015719.064901 54 1
1701015719.066272 89 1
1701015719.071897 1174 -1
1701015719.071897 476 -1
1701015719.071897 7354 -1
1701015719.071897 489 -1
1701015719.071897 1177 -1
1701015719.071897 475 -1
1701015719.071897 6190 -1
1701015719.071897 1175 -1
1701015719.071897 476 -1
1701015719.072401 54 1
1701015719.073463 4658 -1
1701015719.073509 54 1
1701015720.339913 54 1
1701015720.341149 78 -1
1701015720.341149 60 -1
1701015720.341193 54 1
1701015720.719501 66 1
1701015720.726337 66 -1
1701015720.726492 54 1
1701015720.728059 870 1
1701015720.731609 60 -1
1701015720.732395 318 -1
1701015720.733153 134 1
1701015720.733533 146 1
1701015720.734182 587 1
1701015720.734271 227 1
1701015720.734350 227 1
1701015720.734452 226 1
1701015720.734556 229 1
1701015720.743824 60 -1
1701015720.743824 60 -1
1701015720.743824 60 -1
1701015720.743824 60 -1
1701015720.743824 60 -1
1701015720.743824 60 -1
1701015720.743824 60 -1
1701015720.744290 341 -1
1701015720.746903 115 -1
1701015720.746903 85 -1
1701015720.746948 54 1
1701015720.747575 85 1
1701015720.748711 1199 -1
1701015720.748711 443 -1
1701015720.748711 1205 -1
1701015720.748711 437 -1
1701015720.748711 6174 -1
1701015720.748819 54 1
1701015720.749262 5023 -1
1701015720.749313 54 1
1701015720.750079 1196 -1
1701015720.750114 54 1
1701015720.750192 442 -1
1701015720.750232 5873 -1
1701015720.750281 54 1
1701015720.754038 1140 -1
1701015720.754038 520 -1
1701015720.754038 1224 -1
1701015720.754038 404 -1
1701015720.754106 54 1
1701015720.754807 1514 -1
1701015720.754807 5617 -1
1701015720.754855 54 1
1701015720.758176 3011 -1
1701015720.758216 54 1
1701015722.909228 231 1
1701015722.909510 229 1
1701015722.909662 226 1
1701015722.910190 60 -1
1701015722.910751 227 1
1701015722.911258 60 -1
1701015722.911258 60 -1
1701015722.911271 228 1
1701015722.912276 60 -1
1701015722.912556 60 -1
1701015722.920641 1175 -1
1701015722.920641 475 -1
1701015722.920641 1175 -1
1701015722.920641 479 -1
1701015722.920641 1139 -1
1701015722.920880 54 1
1701015722.920969 524 -1
1701015722.920969 3538 -1
1701015722.920969 4969 -1
1701015722.921025 54 1
1701015722.921252 5949 -1
1701015722.921290 54 1
1701015722.921952 1588 -1
1701015722.921974 54 1
1701015722.924076 7069 -1
1701015722.924132 54 1
1701015722.925119 1175 -1
1701015722.925119 478 -1
1701015722.925119 7354 -1
1701015722.925178 54 1
1701015722.925976 9160 -1
1701015722.926022 54 1
1701015722.926407 2573 -1
1701015722.926433 54 1
1701015727.324199 231 1
1701015727.326280 228 1
1701015727.326387 228 1
1701015727.327551 60 -1
1701015727.331119 229 1
1701015727.331303 228 1
1701015727.333445 1177 -1
1701015727.333445 475 -1
1701015727.333445 1176 -1
1701015727.333445 475 -1
1701015727.333563 54 1
1701015727.335994 1514 -1
1701015727.335994 5894 -1
1701015727.336061 54 1
1701015727.336205 2062 -1
1701015727.336231 54 1
1701015727.336472 6937 -1
1701015727.336512 54 1
1701015727.336762 89 1
1701015727.336971 1579 -1
1701015727.337008 54 1
1701015727.337089 2974 -1
1701015727.337112 54 1
1701015727.337292 1514 -1
1701015727.337314 54 1
1701015727.337353 1514 -1
1701015727.337535 54 1
1701015727.337579 2039 -1
1701015727.337599 54 1
1701015727.341608 1199 -1
1701015727.341608 444 -1
1701015727.341682 54 1
1701015727.343945 1175 -1
1701015727.343945 475 -1
1701015727.343945 5053 -1
1701015727.344021 54 1
1701015727.346885 5477 -1
1701015727.346947 54 1
1701015728.928467 228 1
1701015728.934641 1198 -1
1701015728.934641 443 -1
1701015728.934729 54 1
1701015728.935702 4536 -1
1701015728.935946 54 1
1701015728.947085 230 1
1701015728.947528 226 1
1701015728.947639 226 1
1701015728.947722 229 1
1701015728.953721 60 -1
1701015728.960389 1166 -1
1701015728.960389 490 -1
1701015728.960389 1176 -1
1701015728.960389 477 -1
1701015728.960389 1206 -1
1701015728.960469 54 1
1701015728.960557 438 -1
1701015728.960576 54 1
1701015728.961486 6065 -1
1701015728.961529 54 1
1701015728.961997 5342 -1
1701015728.962053 54 1
1701015728.963753 1588 -1
1701015728.963753 7196 -1
1701015728.963753 5999 -1
1701015728.963836 54 1
1701015730.346068 54 1
1701015730.349349 78 -1
1701015730.349349 60 -1
1701015730.349394 54 1
1701015731.114765 66 1
1701015731.117028 66 -1
1701015731.117126 54 1
1701015731.118174 870 1
1701015731.121406 60 -1
1701015731.121406 318 -1
1701015731.122209 134 1
1701015731.124900 146 1
1701015731.132132 584 1
1701015731.132252 229 1
1701015731.132341 228 1
1701015731.132441 230 1
1701015731.133075 60 -1
1701015731.133075 60 -1
1701015731.133075 341 -1
1701015731.133706 115 -1
1701015731.133706 85 -1
1701015731.133889 54 1
1701015731.134100 85 1
1701015731.134659 60 -1
1701015731.134659 60 -1
1701015731.134659 60 -1
1701015731.134659 60 -1
1701015731.136360 60 -1
1701015731.139251 1200 -1
1701015731.139251 441 -1
1701015731.139251 7138 -1
1701015731.139352 54 1
1701015731.140672 1173 -1
1701015731.140672 474 -1
1701015731.140827 54 1
1701015731.140935 2974 -1
1701015731.140972 54 1
1701015731.141133 5894 -1
1701015731.141167 54 1
1701015731.141605 674 -1
1701015731.141628 54 1
1701015731.142749 1173 -1
1701015731.142749 475 -1
1701015731.143080 54 1
1701015731.143123 4434 -1
1701015731.143123 3427 -1
1701015731.143167 54 1
1701015731.144422 1201 -1
1701015731.144422 445 -1
1701015731.144422 6053 -1
1701015731.144474 54 1
1701015731.148025 66 1
1701015731.150973 66 -1
1701015731.151095 54 1
1701015731.152656 669 1
1701015731.155020 60 -1
1701015731.166674 2974 -1
1701015731.166674 957 -1
1701015731.166783 54 1
1701015731.173485 134 1
1701015731.173959 146 1
1701015731.174274 593 1
1701015731.177513 60 -1
1701015731.178374 341 -1
1701015731.178374 341 -1
1701015731.178374 60 -1
1701015731.178374 60 -1
1701015731.178459 54 1
1701015731.179239 115 -1
1701015731.179239 85 -1
1701015731.179274 54 1
1701015731.182344 1242 -1
1701015731.182344 381 -1
1701015731.182344 4270 -1
1701015731.182382 85 1
1701015731.182427 54 1
1701015731.185216 60 -1
1701015732.793541 232 1
1701015732.794804 60 -1
1701015732.801590 1212 -1
1701015732.801590 430 -1
1701015732.801733 54 1
1701015732.801857 8966 -1
1701015732.801941 54 1
1701015732.810380 229 1
1701015732.810518 229 1
1701015732.810667 229 1
1701015732.810811 226 1
1701015732.811722 60 -1
1701015732.811722 60 -1
1701015732.811722 60 -1
1701015732.812035 60 -1
1701015732.818212 1179 -1
1701015732.818212 469 -1
1701015732.818268 54 1
1701015732.818679 10642 -1
1701015732.818724 54 1
1701015732.819682 1205 -1
1701015732.819682 433 -1
1701015732.819682 5675 -1
1701015732.819774 54 1
1701015732.821977 1177 -1
1701015732.821977 475 -1
1701015732.822033 54 1
1701015732.822130 2974 -1
1701015732.822168 54 1
1701015732.822214 7354 -1
1701015732.822253 54 1
1701015732.822755 6240 -1
1701015732.822819 54 1
1701015732.823457 987 -1
1701015732.825443 1203 -1
1701015732.825443 440 -1
1701015732.825443 7354 -1
1701015732.825511 54 1
1701015732.825980 644 -1
1701015732.868870 54 1
1701015734.440486 229 1
1701015734.442137 230 1
1701015734.442233 227 1
1701015734.443881 229 1
1701015734.444459 227 1
1701015734.445569 60 -1
1701015734.453580 1176 -1
1701015734.453580 477 -1
1701015734.453661 54 1
1701015734.453995 3897 -1
1701015734.454030 54 1
1701015734.454170 1178 -1
1701015734.454198 54 1
1701015734.454266 469 -1
1701015734.454910 1199 -1
1701015734.454910 443 -1
1701015734.454945 54 1
1701015734.455061 1234 -1
1701015734.455091 54 1
1701015734.455173 1514 -1
1701015734.455173 4877 -1
1701015734.455218 54 1
1701015734.457461 401 -1
1701015734.457461 11734 -1
1701015734.457461 4780 -1
1701015734.457461 2974 -1
1701015734.457461 7354 -1
1701015734.457598 54 1
1701015734.457662 7354 -1
1701015734.457716 54 1
1701015734.458274 4312 -1
1701015734.458314 54 1
1701015734.458749 1199 -1
1701015734.458789 54 1
1701015734.458976 437 -1
1701015734.460271 4434 -1
1701015734.460314 54 1
1701015734.460524 5894 -1
1701015734.460550 54 1
1701015734.461078 3256 -1
1701015734.461110 54 1
1701015736.060633 228 1
1701015736.061735 228 1
1701015736.062499 229 1
1701015736.065472 228 1
1701015736.065598 227 1
1701015736.066454 60 -1
1701015736.084283 60 -1
1701015736.084283 1175 -1
1701015736.084283 477 -1
1701015736.084283 2974 -1
1701015736.084283 6292 -1
1701015736.084283 1201 -1
1701015736.084283 447 -1
1701015736.084283 1202 -1
1701015736.084283 441 -1
1701015736.084283 1205 -1
1701015736.084283 8001 -1
1701015736.084283 1514 -1
1701015736.084283 7354 -1
1701015736.084283 1090 -1
1701015736.084283 5894 -1
1701015736.084283 2572 -1
1701015736.084283 1598 -1
1701015736.084283 1514 -1
1701015736.084283 6853 -1
1701015736.084648 54 1
1701015736.096736 1013 -1
1701015736.096815 66 1
1701015738.250633 228 1
1701015738.251313 229 1
1701015738.251825 229 1
1701015738.252365 228 1
1701015738.252909 226 1
1701015738.254136 60 -1
1701015738.256789 60 -1
1701015738.258649 1174 -1
1701015738.258649 482 -1
1701015738.258724 54 1
1701015738.260484 89 1
1701015738.262558 7354 -1
1701015738.262654 54 1
1701015738.268294 3016 -1
1701015738.268294 1249 -1
1701015738.268294 1520 -1
1701015738.268294 1564 -1
1701015738.268294 483 -1
1701015738.268294 3306 -1
1701015738.268294 5531 -1
1701015738.268294 2974 -1
1701015738.268294 7354 -1
1701015738.268294 2773 -1
1701015738.268294 1191 -1
1701015738.268294 448 -1
1701015738.268294 2974 -1
1701015738.268294 5928 -1
1701015738.268554 54 1
1701015740.362254 54 1
1701015740.363069 54 1
1701015740.364243 78 -1
1701015740.364243 60 -1
1701015740.364305 54 1
1701015740.371510 78 -1
1701015740.371510 60 -1
1701015740.371622 54 1
1701015743.556810 66 1
1701015743.558126 66 -1
1701015743.558361 54 1
1701015743.559117 966 1
1701015743.560205 60 -1
1701015743.560758 318 -1
1701015743.561339 134 1
1701015743.561611 146 1
1701015743.562096 586 1
1701015743.562176 228 1
1701015743.562276 229 1
1701015743.562380 228 1
1701015743.562462 229 1
1701015743.565437 60 -1
1701015743.565437 60 -1
1701015743.565437 60 -1
1701015743.565437 60 -1
1701015743.565437 60 -1
1701015743.565437 60 -1
1701015743.565437 60 -1
1701015743.573422 341 -1
1701015743.578523 115 -1
1701015743.578523 85 -1
1701015743.578617 54 1
1701015743.579270 85 1
1701015743.582899 1177 -1
1701015743.582899 471 -1
1701015743.582899 1170 -1
1701015743.582899 477 -1
1701015743.582899 1177 -1
1701015743.582899 4171 -1
1701015743.582899 471 -1
1701015743.582899 1171 -1
1701015743.582899 477 -1
1701015743.582899 1173 -1
1701015743.582899 485 -1
1701015743.582899 4737 -1
1701015743.583107 54 1
1701015743.583462 4434 -1
1701015743.583462 2251 -1
1701015743.583462 15204 -1
1701015743.583553 54 1
1701015743.584767 1514 -1
1701015743.584767 4536 -1
1701015743.584814 54 1
1701015745.255658 227 1
1701015745.256718 60 -1
1701015745.259160 227 1
1701015745.259288 228 1
1701015745.259565 229 1
1701015745.259668 229 1
1701015745.260257 60 -1
1701015745.260257 60 -1
1701015745.260586 60 -1
1701015745.260586 60 -1
1701015745.272454 1176 -1
1701015745.272454 475 -1
1701015745.272454 1175 -1
1701015745.272454 475 -1
1701015745.272454 1202 -1
1701015745.272454 438 -1
1701015745.272454 1202 -1
1701015745.272454 441 -1
1701015745.272585 54 1
1701015745.286168 7354 -1
1701015745.286168 2726 -1
1701015745.286168 7223 -1
1701015745.286168 7354 -1
1701015745.286168 3415 -1
1701015745.286168 1594 -1
1701015745.286168 2974 -1
1701015745.286168 7354 -1
1701015745.286168 2432 -1
1701015745.286168 7354 -1
1701015745.286168 5626 -1
1701015745.305369 54 1
1701015745.305514 1246 -1
1701015745.305560 66 1
1701015747.394145 229 1
1701015747.394722 227 1
1701015747.398728 60 -1
1701015747.400466 229 1
1701015747.401322 227 1
1701015747.401442 1198 -1
1701015747.401442 444 -1
1701015747.401442 10262 -1
1701015747.401543 54 1
1701015747.404172 1230 -1
1701015747.404172 398 -1
1701015747.404241 54 1
1701015747.405153 231 1
1701015747.406549 10698 -1
1701015747.406647 54 1
1701015747.409235 1174 -1
1701015747.409235 478 -1
1701015747.409297 54 1
1701015747.417698 7354 -1
1701015747.417698 924 -1
1701015747.417698 1201 -1
1701015747.417698 438 -1
1701015747.417698 2974 -1
1701015747.417698 4434 -1
1701015747.417698 6523 -1
1701015747.417698 1210 -1
1701015747.417698 437 -1
1701015747.417897 54 1
1701015747.419478 4210 -1
1701015747.419537 54 1
1701015749.037366 227 1
1701015749.039435 227 1
1701015749.039533 228 1
1701015749.039628 228 1
1701015749.039777 229 1
1701015749.040705 60 -1
1701015749.045403 60 -1
1701015749.049616 1172 -1
1701015749.049616 475 -1
1701015749.049709 54 1
1701015749.049935 1514 -1
1701015749.049935 1514 -1
1701015749.049960 54 1
1701015749.050314 6531 -1
1701015749.050367 54 1
1701015749.050616 1175 -1
1701015749.050644 54 1
1701015749.050729 475 -1
1701015749.050729 1178 -1
1701015749.050757 54 1
1701015749.051065 467 -1
1701015749.051065 1178 -1
1701015749.051065 469 -1
1701015749.051065 2711 -1
1701015749.051093 54 1
1701015749.051257 11202 -1
1701015749.051306 54 1
1701015749.052187 2974 -1
1701015749.052230 54 1
1701015749.052385 7354 -1
1701015749.052412 54 1
1701015749.052746 89 1
1701015749.052996 4631 -1
1701015749.053043 54 1
1701015749.053385 1170 -1
1701015749.053754 484 -1
1701015749.053754 5500 -1
1701015749.053801 54 1
1701015749.094518 60 -1
1701015750.376475 54 1
1701015750.377696 78 -1
1701015750.377696 60 -1
1701015750.377769 54 1
1701015750.662438 66 1
1701015750.663552 66 -1
1701015750.663667 54 1
1701015750.664222 934 1
1701015750.667725 60 -1
1701015750.667725 318 -1
1701015750.668667 134 1
1701015750.668974 146 1
1701015750.669463 582 1
1701015750.669560 227 1
1701015750.669662 227 1
1701015750.669758 230 1
1701015750.669858 228 1
1701015750.670453 60 -1
1701015750.670453 341 -1
1701015750.671494 60 -1
1701015750.671494 60 -1
1701015750.671494 60 -1
1701015750.671494 60 -1
1701015750.671494 60 -1
1701015750.671494 60 -1
1701015750.676416 115 -1
1701015750.676416 85 -1
1701015750.676416 1174 -1
1701015750.676416 475 -1
1701015750.676516 54 1
1701015750.676641 1201 -1
1701015750.676641 436 -1
1701015750.676641 1176 -1
1701015750.676641 4132 -1
1701015750.676707 54 1
1701015750.676944 4434 -1
1701015750.676991 54 1
1701015750.677713 85 1
1701015750.678264 4789 -1
1701015750.678264 471 -1
1701015750.678317 54 1
1701015750.679173 2974 -1
1701015750.679202 54 1
1701015750.679461 2842 -1
1701015750.679461 1175 -1
1701015750.679461 472 -1
1701015750.679461 1177 -1
1701015750.679511 54 1
1701015750.679921 474 -1
1701015750.679921 60 -1
1701015750.679921 4434 -1
1701015750.679979 54 1
1701015750.680710 1514 -1
1701015750.680710 7354 -1
1701015750.680710 3320 -1
1701015750.680764 54 1
1701015750.681448 1495 -1
1701015750.681448 4434 -1
1701015750.681448 4352 -1
1701015750.681509 54 1
1701015750.692856 1432 -1
1701015750.692936 66 1
1701015752.915732 231 1
1701015752.916699 228 1
1701015752.916794 225 1
1701015752.917061 230 1
1701015752.917138 228 1
1701015752.919404 60 -1
1701015752.919404 60 -1
1701015752.919404 60 -1
1701015752.919404 60 -1
1701015752.919404 60 -1
1701015752.922647 1171 -1
1701015752.922647 485 -1
1701015752.922647 1171 -1
1701015752.922739 54 1
1701015752.924742 480 -1
1701015752.924742 1164 -1
1701015752.924742 490 -1
1701015752.924742 1203 -1
1701015752.924742 5815 -1
1701015752.924742 7354 -1
1701015752.924742 279 -1
1701015752.924742 442 -1
1701015752.924742 8040 -1
1701015752.924742 2974 -1
1701015752.924886 54 1
1701015752.928687 2382 -1
1701015752.928755 54 1
1701015752.931662 1172 -1
1701015752.931662 483 -1
1701015752.931662 6899 -1
1701015752.931792 54 1
1701015754.525933 230 1
1701015754.526161 228 1
1701015754.526262 229 1
1701015754.526375 229 1
1701015754.526476 231 1
1701015754.530187 60 -1
1701015754.534572 1202 -1
1701015754.534572 442 -1
1701015754.534669 54 1
1701015754.534829 1165 -1
1701015754.534829 5894 -1
1701015754.534908 54 1
1701015754.535382 2748 -1
1701015754.535382 494 -1
1701015754.535427 54 1
1701015754.537598 1177 -1
1701015754.537598 480 -1
1701015754.537598 1172 -1
1701015754.537598 483 -1
1701015754.537598 9188 -1
1701015754.537699 54 1
1701015754.539200 7354 -1
1701015754.539239 54 1
1701015754.539447 5894 -1
1701015754.539479 54 1
1701015754.539942 3320 -1
1701015754.539969 54 1
1701015754.540230 85 -1
1701015754.540230 7354 -1
1701015754.540262 54 1
1701015754.540854 4799 -1
1701015754.540901 54 1
1701015754.541371 7081 -1
1701015754.541406 54 1
1701015754.541811 2984 -1
1701015754.541840 54 1
1701015760.030808 230 1
1701015760.034185 228 1
1701015760.034304 228 1
1701015760.035534 229 1
1701015760.035637 60 -1
1701015760.036119 227 1
1701015760.038364 60 -1
1701015760.039949 1194 -1
1701015760.039949 448 -1
1701015760.040037 54 1
1701015760.041806 1514 -1
1701015760.041856 89 1
1701015760.041899 54 1
1701015760.042118 7354 -1
1701015760.042171 54 1
1701015760.042430 3992 -1
1701015760.042463 54 1
1701015760.042864 1169 -1
1701015760.042864 488 -1
1701015760.042864 1171 -1
1701015760.043208 54 1
1701015760.043245 482 -1
1701015760.043245 1193 -1
1701015760.043266 54 1
1701015760.043292 456 -1
1701015760.043292 4993 -1
1701015760.043351 54 1
1701015760.043531 7038 -1
1701015760.043578 54 1
1701015760.044186 7354 -1
1701015760.044241 54 1
1701015760.044704 820 -1
1701015760.044739 54 1
1701015760.044992 1194 -1
1701015760.044992 453 -1
1701015760.044992 6025 -1
1701015760.045048 54 1
1701015760.391693 54 1
1701015760.393602 78 -1
1701015760.393602 60 -1
1701015760.393909 54 1
