1701023140.978428 66 1
1701023140.990541 66 -1
1701023140.990695 54 1
1701023140.994878 599 1
1701023141.000473 60 -1
1701023141.012709 2974 -1
1701023141.012709 958 -1
1701023141.013687 54 1
1701023141.020030 134 1
1701023141.020968 60 -1
1701023141.021416 341 -1
1701023141.021416 341 -1
1701023141.021446 54 1
1701023141.044058 146 1
1701023141.044958 60 -1
1701023141.045334 115 -1
1701023141.045334 85 -1
1701023141.045369 54 1
1701023141.047922 551 1
1701023141.048042 226 1
1701023141.049489 60 -1
1701023141.049489 60 -1
1701023141.050892 85 1
1701023141.052367 60 -1
1701023141.055604 896 -1
1701023141.055656 7354 -1
1701023141.055679 54 1
1701023141.056890 5894 -1
1701023141.056929 54 1
1701023141.057388 13194 -1
1701023141.057452 54 1
1701023141.059671 6617 -1
1701023141.059698 54 1
1701023141.060882 4384 -1
1701023141.060926 54 1
1701023141.061490 5913 -1
1701023141.061587 54 1
1701023141.188056 202 1
1701023141.194721 1057 -1
1701023141.194930 614 -1
1701023141.194930 7354 -1
1701023141.194981 54 1
1701023141.199746 7354 -1
1701023141.199746 1860 -1
1701023141.199746 85 -1
1701023141.199746 7354 -1
1701023141.201992 54 1
1701023141.202219 7354 -1
1701023141.202219 1860 -1
1701023141.202219 7354 -1
1701023141.202219 7354 -1
1701023141.202967 54 1
1701023141.203061 7354 -1
1701023141.203182 54 1
1701023141.214897 1514 -1
1701023141.214897 2974 -1
1701023141.214897 2974 -1
1701023141.214897 1514 -1
1701023141.214897 1514 -1
1701023141.214897 7354 -1
1701023141.214897 7354 -1
1701023141.214897 7354 -1
1701023141.214897 7354 -1
1701023141.214897 7354 -1
1701023141.214897 1514 -1
1701023141.214897 4434 -1
1701023141.214897 7354 -1
1701023141.216620 54 1
1701023141.216732 1514 -1
1701023141.216732 1514 -1
1701023141.216732 7354 -1
1701023141.216732 7354 -1
1701023141.216732 4434 -1
1701023141.217702 54 1
1701023141.217753 3374 -1
1701023141.217797 54 1
1701023141.219450 54 1
1701023141.463803 203 1
1701023141.476485 1000 -1
1701023141.476485 695 -1
1701023141.476485 7354 -1
1701023141.476485 7354 -1
1701023141.476485 1860 -1
1701023141.476485 7354 -1
1701023141.476680 54 1
1701023141.476762 7354 -1
1701023141.477014 54 1
1701023141.477367 1891 -1
1701023141.477367 7354 -1
1701023141.477416 54 1
1701023141.478103 7354 -1
1701023141.478160 54 1
1701023141.483555 203 1
1701023141.483686 228 1
1701023141.483792 227 1
1701023141.483876 230 1
1701023141.484003 228 1
1701023141.486593 1922 -1
1701023141.486593 5894 -1
1701023141.486593 7354 -1
1701023141.486593 7354 -1
1701023141.486593 2974 -1
1701023141.486593 7354 -1
1701023141.486593 7354 -1
1701023141.486593 7354 -1
1701023141.486593 1514 -1
1701023141.486593 11734 -1
1701023141.486593 4434 -1
1701023141.486593 7354 -1
1701023141.486593 7354 -1
1701023141.486593 4434 -1
1701023141.486593 1514 -1
1701023141.486593 2974 -1
1701023141.486593 7354 -1
1701023141.487150 54 1
1701023141.487430 1514 -1
1701023141.487430 7354 -1
1701023141.487514 54 1
1701023141.496339 8814 -1
1701023141.496339 2974 -1
1701023141.496339 7354 -1
1701023141.496339 7354 -1
1701023141.496339 60 -1
1701023141.496339 7354 -1
1701023141.496339 14654 -1
1701023141.496671 54 1
1701023141.496896 1514 -1
1701023141.496896 7354 -1
1701023141.497065 54 1
1701023141.497740 7354 -1
1701023141.497803 54 1
1701023141.499141 54 1
1701023141.501807 229 1
1701023141.501902 227 1
1701023141.501955 228 1
1701023141.502036 230 1
1701023141.502140 229 1
1701023141.502219 230 1
1701023141.502328 229 1
1701023141.502430 230 1
1701023141.502570 230 1
1701023141.502694 228 1
1701023141.502829 228 1
1701023141.504718 14654 -1
1701023141.504718 8814 -1
1701023141.504718 773 -1
1701023141.504718 7354 -1
1701023141.504718 7354 -1
1701023141.504718 5082 -1
1701023141.504718 1025 -1
1701023141.504718 656 -1
1701023141.504718 7354 -1
1701023141.504718 7354 -1
1701023141.504718 1860 -1
1701023141.504718 7354 -1
1701023141.504718 7354 -1
1701023141.504718 1891 -1
1701023141.505149 54 1
1701023141.505422 7354 -1
1701023141.505470 54 1
1701023141.506436 7354 -1
1701023141.506436 1922 -1
1701023141.506436 14654 -1
1701023141.506538 54 1
1701023141.508104 7354 -1
1701023141.508326 54 1
1701023141.508374 167 -1
1701023141.508374 7354 -1
1701023141.508495 54 1
1701023141.513882 54 1
1701023141.514166 54 1
1701023141.514277 60 -1
1701023141.514277 60 -1
1701023141.514277 60 -1
1701023141.514277 7354 -1
1701023141.514277 2974 -1
1701023141.514277 4434 -1
1701023141.514277 7354 -1
1701023141.514277 7354 -1
1701023141.514277 1514 -1
1701023141.514277 7354 -1
1701023141.514277 7354 -1
1701023141.514277 7354 -1
1701023141.514277 4434 -1
1701023141.514277 7354 -1
1701023141.514277 5894 -1
1701023141.514555 54 1
1701023141.514641 7354 -1
1701023141.514726 54 1
1701023141.515830 7354 -1
1701023141.515891 54 1
1701023141.515928 2974 -1
1701023141.515957 54 1
1701023141.516740 7354 -1
1701023141.516740 7354 -1
1701023141.516802 54 1
1701023141.517418 7354 -1
1701023141.517468 54 1
1701023141.517880 7354 -1
1701023141.517915 54 1
1701023141.518621 4434 -1
1701023141.518655 54 1
1701023141.518841 7354 -1
1701023141.518877 54 1
1701023141.520908 4434 -1
1701023141.520908 6081 -1
1701023141.520908 7354 -1
1701023141.521331 54 1
1701023141.521388 7211 -1
1701023141.521433 54 1
1701023141.521686 7354 -1
1701023141.521732 54 1
1701023141.522680 7354 -1
1701023141.522753 54 1
1701023141.522802 7354 -1
1701023141.523027 54 1
1701023141.523370 7354 -1
1701023141.523425 54 1
1701023141.523500 54 1
1701023141.523671 54 1
1701023141.523945 7354 -1
1701023141.523976 54 1
1701023141.524582 5894 -1
1701023141.524617 54 1
1701023141.525082 5217 -1
1701023141.525135 54 1
1701023141.525612 7354 -1
1701023141.525662 54 1
1701023141.526083 7354 -1
1701023141.526152 54 1
1701023141.527043 7354 -1
1701023141.527098 54 1
1701023141.528045 4434 -1
1701023141.528045 7354 -1
1701023141.528148 54 1
1701023141.532269 2974 -1
1701023141.532269 1514 -1
1701023141.532269 7354 -1
1701023141.532269 7354 -1
1701023141.532269 466 -1
1701023141.532269 1198 -1
1701023141.532269 451 -1
1701023141.532269 7318 -1
1701023141.532269 4434 -1
1701023141.532269 1514 -1
1701023141.532269 1686 -1
1701023141.532269 3624 -1
1701023141.532575 54 1
1701023141.593512 54 1
1701023141.823246 205 1
1701023141.830507 1097 -1
1701023141.830507 2997 -1
1701023141.830599 54 1
1701023149.083451 54 1
1701023149.095599 78 -1
1701023149.095599 60 -1
1701023149.095638 54 1
1701023153.930097 66 1
1701023153.938594 66 -1
1701023153.938768 54 1
1701023153.944358 902 1
1701023153.955633 60 -1
1701023153.955633 318 -1
1701023153.959522 134 1
1701023153.959887 146 1
1701023153.960444 583 1
1701023153.960535 229 1
1701023153.960614 229 1
1701023153.960683 227 1
1701023153.960748 60 -1
1701023153.960748 60 -1
1701023153.961548 60 -1
1701023153.961548 60 -1
1701023153.961548 60 -1
1701023153.961548 60 -1
1701023153.965875 341 -1
1701023153.968963 115 -1
1701023153.968963 85 -1
1701023153.969033 54 1
1701023153.969703 85 1
1701023153.970716 60 -1
1701023153.974894 1172 -1
1701023153.974894 480 -1
1701023153.974950 54 1
1701023153.980936 7354 -1
1701023153.980936 625 -1
1701023153.980936 1170 -1
1701023153.980936 1629 -1
1701023153.980936 6253 -1
1701023153.980936 6421 -1
1701023153.980936 7354 -1
1701023153.980936 1514 -1
1701023153.980936 2334 -1
1701023153.981113 54 1
1701023155.529866 228 1
1701023155.530745 60 -1
1701023155.531362 229 1
1701023155.531485 227 1
1701023155.531583 228 1
1701023155.531682 228 1
1701023155.532225 60 -1
1701023155.532349 60 -1
1701023155.532400 60 -1
1701023155.532574 60 -1
1701023155.537130 1072 -1
1701023155.537130 2798 -1
1701023155.537291 54 1
1701023155.538892 1141 -1
1701023155.538892 523 -1
1701023155.538892 1012 -1
1701023155.538892 1514 -1
1701023155.538892 4643 -1
1701023155.538969 54 1
1701023155.539184 5754 -1
1701023155.539205 54 1
1701023155.545860 1208 -1
1701023155.545860 437 -1
1701023155.545940 54 1
1701023155.546836 7354 -1
1701023155.546877 54 1
1701023155.547507 1536 -1
1701023155.547564 54 1
1701023155.547608 1193 -1
1701023155.547608 451 -1
1701023155.547650 54 1
1701023155.550329 7354 -1
1701023155.550389 54 1
1701023155.550622 208 -1
1701023155.550649 54 1
1701023157.652390 231 1
1701023157.654588 227 1
1701023157.655023 227 1
1701023157.655926 228 1
1701023157.656112 228 1
1701023157.656472 60 -1
1701023157.661038 60 -1
1701023157.669042 1194 -1
1701023157.669042 448 -1
1701023157.669042 1198 -1
1701023157.669042 442 -1
1701023157.669042 1199 -1
1701023157.669042 446 -1
1701023157.669180 54 1
1701023157.669595 7354 -1
1701023157.669638 54 1
1701023157.673657 1384 -1
1701023157.673657 9058 -1
1701023157.673657 7354 -1
1701023157.673657 3501 -1
1701023157.673657 1587 -1
1701023157.673657 1514 -1
1701023157.673657 1514 -1
1701023157.673657 1625 -1
1701023157.673829 54 1
1701023157.688936 1172 -1
1701023157.688936 482 -1
1701023157.688936 8338 -1
1701023157.689063 54 1
1701023159.087634 54 1
1701023159.089029 78 -1
1701023159.089029 60 -1
1701023159.089066 54 1
1701023159.264710 66 1
1701023159.265961 66 -1
1701023159.266073 54 1
1701023159.267185 902 1
1701023159.277078 60 -1
1701023159.277078 318 -1
1701023159.279653 134 1
1701023159.280152 146 1
1701023159.280816 582 1
1701023159.280913 228 1
1701023159.281002 227 1
1701023159.281095 227 1
1701023159.281194 226 1
1701023159.281493 60 -1
1701023159.281628 341 -1
1701023159.283253 60 -1
1701023159.283253 60 -1
1701023159.283253 60 -1
1701023159.283253 60 -1
1701023159.283253 60 -1
1701023159.283253 60 -1
1701023159.287044 115 -1
1701023159.287044 85 -1
1701023159.287134 54 1
1701023159.287848 85 1
1701023159.289440 1014 -1
1701023159.289440 7354 -1
1701023159.289440 6559 -1
1701023159.289554 54 1
1701023159.297101 1202 -1
1701023159.297101 447 -1
1701023159.297101 1176 -1
1701023159.297101 474 -1
1701023159.297101 1174 -1
1701023159.297101 482 -1
1701023159.297101 6898 -1
1701023159.297101 7354 -1
1701023159.297101 452 -1
1701023159.297101 4217 -1
1701023159.297101 1199 -1
1701023159.297101 445 -1
1701023159.297101 7354 -1
1701023159.297101 2809 -1
1701023159.297335 54 1
1701023160.840530 228 1
1701023160.841101 229 1
1701023160.841624 228 1
1701023160.842111 227 1
1701023160.842596 227 1
1701023160.843979 60 -1
1701023160.854790 1062 -1
1701023160.854910 7354 -1
1701023160.854954 54 1
1701023160.855261 1756 -1
1701023160.855500 54 1
1701023160.857389 1146 -1
1701023160.857389 511 -1
1701023160.857431 54 1
1701023160.859167 7354 -1
1701023160.859230 54 1
1701023160.859563 4615 -1
1701023160.859591 54 1
1701023160.861471 1169 -1
1701023160.861471 483 -1
1701023160.861471 1178 -1
1701023160.861471 476 -1
1701023160.861529 54 1
1701023160.862794 1169 -1
1701023160.862794 484 -1
1701023160.862825 54 1
1701023160.862921 7354 -1
1701023160.862949 54 1
1701023160.863413 5491 -1
1701023160.863447 54 1
1701023160.864637 2974 -1
1701023160.864637 5968 -1
1701023160.864689 54 1
1701023160.877476 6502 -1
1701023160.877593 54 1
1701023160.889662 662 -1
1701023160.889727 66 1
1701023162.993394 227 1
1701023162.993538 231 1
1701023162.993618 231 1
1701023162.993889 228 1
1701023162.993966 227 1
1701023162.995097 60 -1
1701023163.000711 1174 -1
1701023163.000711 480 -1
1701023163.000813 54 1
1701023163.003095 1173 -1
1701023163.003481 480 -1
1701023163.003481 9428 -1
1701023163.003545 54 1
1701023163.007107 7354 -1
1701023163.007199 54 1
1701023163.007574 7029 -1
1701023163.007618 54 1
1701023163.008215 1000 -1
1701023163.008255 54 1
1701023163.008322 7354 -1
1701023163.008354 54 1
1701023163.008751 1693 -1
1701023163.008779 54 1
1701023163.010172 1172 -1
1701023163.010172 485 -1
1701023163.010172 1175 -1
1701023163.010172 479 -1
1701023163.010263 54 1
1701023163.010582 5944 -1
1701023163.010624 54 1
1701023163.010788 15794 -1
1701023163.010845 54 1
1701023164.617244 229 1
1701023164.618700 228 1
1701023164.619954 227 1
1701023164.620041 226 1
1701023164.620180 227 1
1701023164.621679 60 -1
1701023164.626007 60 -1
1701023164.636815 1045 -1
1701023164.636815 7354 -1
1701023164.636815 5583 -1
1701023164.636815 1193 -1
1701023164.636815 450 -1
1701023164.636932 54 1
1701023164.637017 1514 -1
1701023164.637017 4434 -1
1701023164.637050 54 1
1701023164.637126 1374 -1
1701023164.637265 1177 -1
1701023164.637291 54 1
1701023164.637376 479 -1
1701023164.637376 7247 -1
1701023164.637415 54 1
1701023164.637960 1172 -1
1701023164.638166 484 -1
1701023164.638189 54 1
1701023164.641182 89 1
1701023164.641565 7088 -1
1701023164.641650 54 1
1701023164.646777 1173 -1
1701023164.646777 481 -1
1701023164.646896 54 1
1701023164.648952 7354 -1
1701023164.649029 54 1
1701023164.649764 2123 -1
1701023164.649807 54 1
1701023167.530691 230 1
1701023167.531315 228 1
1701023167.531421 227 1
1701023167.535828 229 1
1701023167.537556 228 1
1701023167.538790 60 -1
1701023167.551085 1176 -1
1701023167.551085 479 -1
1701023167.551085 1175 -1
1701023167.551085 476 -1
1701023167.551172 54 1
1701023167.551283 1043 -1
1701023167.551283 1514 -1
1701023167.551283 5894 -1
1701023167.551344 54 1
1701023167.551747 5894 -1
1701023167.551804 54 1
1701023167.552202 3320 -1
1701023167.552228 54 1
1701023167.552575 7354 -1
1701023167.552601 54 1
1701023167.553153 3444 -1
1701023167.553193 54 1
1701023167.553579 2974 -1
1701023167.553659 54 1
1701023167.553827 7354 -1
1701023167.553862 54 1
1701023167.555590 5894 -1
1701023167.555590 6416 -1
1701023167.555648 54 1
1701023167.587395 1045 -1
1701023167.587395 6031 -1
1701023167.587395 1170 -1
1701023167.587395 486 -1
1701023167.587648 54 1
1701023167.621585 4387 -1
1701023167.621710 54 1
1701023169.085280 228 1
1701023169.093798 1170 -1
1701023169.093798 483 -1
1701023169.093903 54 1
1701023169.107413 228 1
1701023169.107514 229 1
1701023169.107584 228 1
1701023169.107673 227 1
1701023169.111714 6416 -1
1701023169.111714 576 -1
1701023169.111817 66 1
1701023169.113346 60 -1
1701023169.118962 1173 -1
1701023169.118962 483 -1
1701023169.118962 1177 -1
1701023169.118962 472 -1
1701023169.118962 7176 -1
1701023169.119044 54 1
1701023169.119577 3795 -1
1701023169.119607 54 1
1701023169.120290 1139 -1
1701023169.120290 524 -1
1701023169.120413 54 1
1701023169.120473 5776 -1
1701023169.120506 54 1
1701023169.130131 1141 -1
1701023169.130131 524 -1
1701023169.130131 7354 -1
1701023169.130131 303 -1
1701023169.130255 54 1
1701023171.209218 228 1
1701023171.216687 231 1
1701023171.217287 229 1
1701023171.218055 1047 -1
1701023171.218055 11224 -1
1701023171.218142 54 1
1701023171.219668 230 1
1701023171.221103 89 1
1701023171.221190 226 1
1701023171.223023 60 -1
1701023171.232955 1181 -1
1701023171.232955 469 -1
1701023171.233048 54 1
1701023171.234904 2974 -1
1701023171.234953 54 1
1701023171.235020 7354 -1
1701023171.235064 54 1
1701023171.235550 2066 -1
1701023171.235580 54 1
1701023171.235689 1178 -1
1701023171.235712 54 1
1701023171.235822 1591 -1
1701023171.235851 54 1
1701023171.235916 481 -1
1701023171.240709 5914 -1
1701023171.240795 54 1
1701023171.240992 9222 -1
1701023171.241041 54 1
1701023171.241774 1174 -1
1701023171.241816 54 1
1701023171.241874 481 -1
1701023171.243304 7206 -1
1701023171.243362 54 1
1701023172.844652 230 1
1701023172.846960 229 1
1701023172.847031 226 1
1701023172.847088 226 1
1701023172.847340 227 1
1701023172.848372 60 -1
1701023172.866142 1174 -1
1701023172.866142 482 -1
1701023172.866142 1177 -1
1701023172.866142 475 -1
1701023172.866242 54 1
1701023172.885789 7354 -1
1701023172.885789 2025 -1
1701023172.885789 7354 -1
1701023172.885789 3148 -1
1701023172.885789 1601 -1
1701023172.885789 1198 -1
1701023172.885789 446 -1
1701023172.885789 7354 -1
1701023172.885789 297 -1
1701023172.885789 297 -1
1701023172.885968 66 1
1701023172.887911 14393 -1
1701023172.887911 1171 -1
1701023172.887911 486 -1
1701023172.887990 54 1
1701023172.896927 8825 -1
1701023172.897044 54 1
1701023174.486439 231 1
1701023174.486589 227 1
1701023174.486728 229 1
1701023174.486851 231 1
1701023174.491101 232 1
1701023174.495034 60 -1
1701023174.499999 1012 -1
1701023174.499999 6657 -1
1701023174.500127 54 1
1701023174.502293 1192 -1
1701023174.502293 455 -1
1701023174.502293 1018 -1
1701023174.502362 54 1
1701023174.502529 2974 -1
1701023174.502551 54 1
1701023174.502765 4167 -1
1701023174.502805 54 1
1701023174.503155 7354 -1
1701023174.503209 54 1
1701023174.508556 1234 -1
1701023174.508556 1044 -1
1701023174.508556 5894 -1
1701023174.508556 4434 -1
1701023174.508556 3758 -1
1701023174.508714 54 1
1701023174.512930 1173 -1
1701023174.512930 480 -1
1701023174.513006 54 1
1701023174.513077 2974 -1
1701023174.513101 54 1
1701023174.513153 7354 -1
1701023174.513199 54 1
1701023174.513866 4086 -1
1701023174.513921 54 1
1701023176.660914 230 1
1701023176.662289 229 1
1701023176.662670 227 1
1701023176.662761 229 1
1701023176.663986 60 -1
1701023176.664875 226 1
1701023176.670731 1119 -1
1701023176.670731 557 -1
1701023176.670731 1175 -1
1701023176.670731 474 -1
1701023176.670872 54 1
1701023176.671527 1176 -1
1701023176.671527 478 -1
1701023176.671527 7354 -1
1701023176.671594 54 1
1701023176.671803 1041 -1
1701023176.671831 54 1
1701023176.674522 89 1
1701023176.678102 1164 -1
1701023176.678102 1498 -1
1701023176.678102 5975 -1
1701023176.678102 2923 -1
1701023176.678102 7354 -1
1701023176.678102 5046 -1
1701023176.678102 10505 -1
1701023176.678335 54 1
1701023176.720291 60 -1
1701023178.303425 228 1
1701023178.303865 229 1
1701023178.304086 229 1
1701023178.304617 60 -1
1701023178.304736 60 -1
1701023178.305509 60 -1
1701023178.306290 228 1
1701023178.306560 228 1
1701023178.307211 60 -1
1701023178.307604 60 -1
1701023178.317369 1163 -1
1701023178.317369 494 -1
1701023178.317369 1173 -1
1701023178.317369 483 -1
1701023178.317707 54 1
1701023178.322723 7354 -1
1701023178.322817 54 1
1701023178.322945 753 -1
1701023178.322965 54 1
1701023178.323005 7710 -1
1701023178.323065 54 1
1701023178.323651 1601 -1
1701023178.323686 54 1
1701023178.324977 1043 -1
1701023178.325060 5894 -1
1701023178.325081 54 1
1701023178.325424 1308 -1
1701023178.325446 54 1
1701023178.325572 6770 -1
1701023178.325605 54 1
1701023178.326088 1583 -1
1701023178.326117 54 1
1701023178.327718 4497 -1
1701023178.327784 54 1
1701023179.116171 54 1
1701023179.117817 78 -1
1701023179.117817 60 -1
1701023179.117904 54 1
1701023182.736996 66 1
1701023182.738060 66 -1
1701023182.738178 54 1
1701023182.739207 966 1
1701023182.740150 60 -1
1701023182.740919 318 -1
1701023182.741673 134 1
1701023182.741984 146 1
1701023182.742696 582 1
1701023182.742725 60 -1
1701023182.742773 227 1
1701023182.742838 228 1
1701023182.742902 230 1
1701023182.743188 341 -1
1701023182.743188 60 -1
1701023182.743188 115 -1
1701023182.743188 85 -1
1701023182.743242 54 1
1701023182.743252 229 1
1701023182.743630 85 1
1701023182.743698 60 -1
1701023182.743698 60 -1
1701023182.743698 60 -1
1701023182.743698 60 -1
1701023182.744237 60 -1
1701023182.744754 60 -1
1701023182.750184 1040 -1
1701023182.750184 4434 -1
1701023182.750287 54 1
1701023182.750407 7932 -1
1701023182.750463 54 1
1701023182.752730 1194 -1
1701023182.752730 448 -1
1701023182.752772 54 1
1701023182.752937 1195 -1
1701023182.752937 451 -1
1701023182.752937 5756 -1
1701023182.752970 54 1
1701023182.754463 1174 -1
1701023182.754463 475 -1
1701023182.754463 3883 -1
1701023182.754525 54 1
1701023182.756429 7354 -1
1701023182.756523 54 1
1701023182.756873 2541 -1
1701023182.756913 54 1
1701023182.764322 1199 -1
1701023182.764322 443 -1
1701023182.764412 54 1
1701023182.768375 7354 -1
1701023182.768502 54 1
1701023182.769404 6847 -1
1701023182.769490 54 1
1701023184.890041 227 1
1701023184.890163 228 1
1701023184.890247 228 1
1701023184.891721 231 1
1701023184.891817 228 1
1701023184.898791 60 -1
1701023184.898791 60 -1
1701023184.898791 60 -1
1701023184.898791 1043 -1
1701023184.898791 5894 -1
1701023184.898791 2055 -1
1701023184.898791 1173 -1
1701023184.898791 484 -1
1701023184.898985 54 1
1701023184.900164 7354 -1
1701023184.900238 54 1
1701023184.900822 2886 -1
1701023184.900867 54 1
1701023184.906564 1173 -1
1701023184.906564 479 -1
1701023184.906564 7354 -1
1701023184.906564 7354 -1
1701023184.906564 1860 -1
1701023184.906564 2540 -1
1701023184.906732 54 1
1701023184.911335 1195 -1
1701023184.911335 449 -1
1701023184.911335 5150 -1
1701023184.911468 54 1
1701023184.922606 1172 -1
1701023184.922606 480 -1
1701023184.922606 1514 -1
1701023184.922606 5277 -1
1701023184.922725 54 1
1701023186.530379 229 1
1701023186.530540 227 1
1701023186.530611 228 1
1701023186.530984 227 1
1701023186.531192 229 1
1701023186.532432 60 -1
1701023186.538263 1176 -1
1701023186.538263 475 -1
1701023186.538263 9522 -1
1701023186.538377 54 1
1701023186.539322 1176 -1
1701023186.539322 474 -1
1701023186.539366 54 1
1701023186.539562 6356 -1
1701023186.539604 54 1
1701023186.542429 1173 -1
1701023186.542429 477 -1
1701023186.542515 54 1
1701023186.543092 1172 -1
1701023186.543092 485 -1
1701023186.543126 54 1
1701023186.543313 7141 -1
1701023186.543355 54 1
1701023186.544997 7354 -1
1701023186.545128 54 1
1701023186.545401 3723 -1
1701023186.545430 54 1
1701023186.550910 1177 -1
1701023186.550910 478 -1
1701023186.551001 54 1
1701023186.551623 7354 -1
1701023186.551684 54 1
1701023186.552003 8908 -1
1701023186.552045 54 1
1701023188.156340 228 1
1701023188.156445 228 1
1701023188.156560 228 1
1701023188.156644 234 1
1701023188.156799 229 1
1701023188.158978 60 -1
1701023188.164446 1172 -1
1701023188.164446 484 -1
1701023188.164731 54 1
1701023188.165670 1174 -1
1701023188.165670 482 -1
1701023188.165670 4650 -1
1701023188.165740 54 1
1701023188.166036 1040 -1
1701023188.166036 6183 -1
1701023188.166090 54 1
1701023188.168333 7354 -1
1701023188.168333 880 -1
1701023188.168408 54 1
1701023188.169205 89 1
1701023188.169274 1195 -1
1701023188.169274 449 -1
1701023188.169310 54 1
1701023188.172030 7354 -1
1701023188.172134 54 1
1701023188.172344 4051 -1
1701023188.172374 54 1
1701023188.218768 1173 -1
1701023188.218768 483 -1
1701023188.218857 54 1
1701023188.219231 1514 -1
1701023188.219343 4594 -1
1701023188.219371 54 1
1701023189.122069 54 1
1701023189.124009 78 -1
1701023189.124009 60 -1
1701023189.124102 54 1
1701023189.791065 66 1
1701023189.806427 66 -1
1701023189.806600 54 1
1701023189.807822 902 1
1701023189.808841 60 -1
1701023189.809796 318 -1
1701023189.810417 134 1
1701023189.810821 146 1
1701023189.811380 60 -1
1701023189.811471 584 1
1701023189.811691 227 1
1701023189.811777 228 1
1701023189.811898 60 -1
1701023189.811898 341 -1
1701023189.811983 231 1
1701023189.812073 228 1
1701023189.812197 115 -1
1701023189.812197 85 -1
1701023189.812224 54 1
1701023189.812452 85 1
1701023189.812829 60 -1
1701023189.812829 60 -1
1701023189.812829 60 -1
1701023189.812980 60 -1
1701023189.812980 60 -1
1701023189.813326 60 -1
1701023189.815114 1063 -1
1701023189.815335 6230 -1
1701023189.815374 54 1
1701023189.817939 1201 -1
1701023189.817939 445 -1
1701023189.817939 5015 -1
1701023189.818022 54 1
1701023189.818993 1140 -1
1701023189.818993 520 -1
1701023189.819026 54 1
1701023189.819475 7077 -1
1701023189.819534 54 1
1701023189.820754 1195 -1
1701023189.820754 450 -1
1701023189.820799 54 1
1701023189.820943 4434 -1
1701023189.820986 54 1
1701023189.821056 1787 -1
1701023189.821111 54 1
1701023189.826074 1221 -1
1701023189.826074 412 -1
1701023189.826170 54 1
1701023189.826233 3003 -1
1701023189.826258 54 1
1701023191.973047 230 1
1701023191.974398 227 1
1701023191.974526 227 1
1701023191.974629 227 1
1701023191.974827 226 1
1701023191.984785 60 -1
1701023191.984785 60 -1
1701023191.984785 60 -1
1701023191.984785 60 -1
1701023191.984785 60 -1
1701023191.984785 1176 -1
1701023191.984785 475 -1
1701023191.984785 4969 -1
1701023191.984785 1044 -1
1701023191.984785 2974 -1
1701023191.984785 4434 -1
1701023191.984785 7354 -1
1701023191.984785 1860 -1
1701023191.984785 2966 -1
1701023191.984785 1194 -1
1701023191.984785 450 -1
1701023191.984785 1172 -1
1701023191.984785 486 -1
1701023191.984785 1136 -1
1701023191.984785 530 -1
1701023191.984785 3531 -1
1701023191.984785 7063 -1
1701023191.985060 54 1
1701023191.985160 5943 -1
1701023191.985197 54 1
1701023196.262669 228 1
1701023196.266392 227 1
1701023196.267691 228 1
1701023196.269392 1178 -1
1701023196.269392 474 -1
1701023196.269392 7354 -1
1701023196.269511 54 1
1701023196.269771 2063 -1
1701023196.269818 54 1
1701023196.271220 60 -1
1701023196.271484 229 1
1701023196.271916 230 1
1701023196.273482 60 -1
1701023196.273641 89 1
1701023196.278811 1043 -1
1701023196.278811 5867 -1
1701023196.278940 54 1
1701023196.279511 1173 -1
1701023196.279511 483 -1
1701023196.279723 54 1
1701023196.279849 1228 -1
1701023196.279849 409 -1
1701023196.279889 54 1
1701023196.280121 6929 -1
1701023196.280164 54 1
1701023196.280506 2974 -1
1701023196.280554 54 1
1701023196.282059 4952 -1
1701023196.282059 1594 -1
1701023196.282122 54 1
1701023196.282291 2974 -1
1701023196.282291 2127 -1
1701023196.282325 54 1
1701023197.838339 231 1
1701023197.839952 227 1
1701023197.841742 228 1
1701023197.843083 60 -1
1701023197.843880 227 1
1701023197.844446 228 1
1701023197.849398 60 -1
1701023197.851485 1166 -1
1701023197.851485 491 -1
1701023197.851555 54 1
1701023197.854245 1196 -1
1701023197.854245 451 -1
1701023197.854245 6064 -1
1701023197.854335 54 1
1701023197.856167 4528 -1
1701023197.856215 54 1
1701023197.856557 1174 -1
1701023197.856557 485 -1
1701023197.856557 1210 -1
1701023197.856557 434 -1
1701023197.856667 54 1
1701023197.857614 4434 -1
1701023197.857647 54 1
1701023197.858089 1611 -1
1701023197.858115 54 1
1701023197.858156 7195 -1
1701023197.858190 54 1
1701023197.863992 1204 -1
1701023197.863992 446 -1
1701023197.863992 5334 -1
1701023197.864092 54 1
1701023199.140863 54 1
1701023199.143421 78 -1
1701023199.143421 60 -1
1701023199.143466 54 1
1701023200.046414 66 1
1701023200.049920 66 -1
1701023200.050052 54 1
1701023200.051312 966 1
1701023200.052819 60 -1
1701023200.053169 318 -1
1701023200.057078 134 1
1701023200.059003 146 1
1701023200.059461 60 -1
1701023200.059461 341 -1
1701023200.059531 582 1
1701023200.059637 229 1
1701023200.059738 226 1
1701023200.059831 229 1
1701023200.060163 60 -1
1701023200.061271 60 -1
1701023200.061271 60 -1
1701023200.061271 60 -1
1701023200.061271 60 -1
1701023200.064167 115 -1
1701023200.064167 85 -1
1701023200.064234 54 1
1701023200.066931 85 1
1701023200.070844 66 1
1701023200.075454 1039 -1
1701023200.075454 1514 -1
1701023200.075454 6737 -1
1701023200.075454 60 -1
1701023200.075454 1067 -1
1701023200.075454 1514 -1
1701023200.075454 4953 -1
1701023200.075454 66 -1
1701023200.075454 1205 -1
1701023200.075454 434 -1
1701023200.075767 54 1
1701023200.075942 54 1
1701023200.075980 54 1
1701023200.077537 637 1
1701023200.078539 7145 -1
1701023200.078948 54 1
1701023200.085347 60 -1
1701023200.094062 2974 -1
1701023200.094062 956 -1
1701023200.094062 1172 -1
1701023200.094062 481 -1
1701023200.094062 7354 -1
1701023200.094062 2127 -1
1701023200.094253 54 1
1701023200.094300 54 1
1701023200.101694 134 1
1701023200.102103 146 1
1701023200.102348 590 1
1701023200.103557 667 -1
1701023200.103623 66 1
1701023200.104367 60 -1
1701023200.104367 60 -1
1701023200.104367 60 -1
1701023200.108288 341 -1
1701023200.108288 341 -1
1701023200.108423 54 1
1701023200.111188 115 -1
1701023200.111188 85 -1
1701023200.111263 54 1
1701023200.112033 85 1
1701023200.113070 60 -1
1701023200.119603 1238 -1
1701023200.119603 387 -1
1701023200.119725 54 1
1701023200.122542 4264 -1
1701023200.122626 54 1
1701023201.670012 231 1
1701023201.671076 60 -1
1701023201.675497 228 1
1701023201.678786 1211 -1
1701023201.678786 429 -1
1701023201.678786 7354 -1
1701023201.678786 1667 -1
1701023201.680426 54 1
1701023201.683319 228 1
1701023201.683436 228 1
1701023201.684120 1180 -1
1701023201.684120 470 -1
1701023201.684206 54 1
1701023201.685041 7354 -1
1701023201.685098 54 1
1701023201.685481 3341 -1
1701023201.685510 54 1
1701023201.685818 228 1
1701023201.688027 1047 -1
1701023201.688027 8814 -1
1701023201.688128 54 1
1701023201.691010 4434 -1
1701023201.691010 3320 -1
1701023201.691010 1377 -1
1701023201.691117 54 1
1701023201.693611 1202 -1
1701023201.693611 441 -1
1701023201.693680 54 1
1701023201.694027 1198 -1
1701023201.694027 448 -1
1701023201.694062 54 1
1701023201.694195 5667 -1
1701023201.694256 54 1
1701023201.695702 7936 -1
1701023201.695766 54 1
1701023203.350432 228 1
1701023203.351393 228 1
1701023203.353541 228 1
1701023203.354155 60 -1
1701023203.355355 230 1
1701023203.355507 230 1
1701023203.357728 60 -1
1701023203.360204 1066 -1
1701023203.360204 7354 -1
1701023203.360287 54 1
1701023203.360782 6528 -1
1701023203.360889 54 1
1701023203.363190 1197 -1
1701023203.363190 451 -1
1701023203.363388 54 1
1701023203.364148 4434 -1
1701023203.364187 54 1
1701023203.364411 1949 -1
1701023203.364430 54 1
1701023203.364459 1174 -1
1701023203.364562 485 -1
1701023203.364577 54 1
1701023203.369656 1232 -1
1701023203.369656 410 -1
1701023203.369656 3889 -1
1701023203.369656 1175 -1
1701023203.369656 478 -1
1701023203.369656 11302 -1
1701023203.369822 54 1
1701023203.370414 7354 -1
1701023203.370454 54 1
1701023203.371275 7354 -1
1701023203.371321 54 1
1701023203.371579 1860 -1
1701023203.371622 54 1
1701023203.372329 7354 -1
1701023203.372361 54 1
1701023203.372608 3266 -1
1701023203.372629 54 1
1701023204.962391 226 1
1701023204.962555 232 1
1701023204.962688 228 1
1701023204.964243 227 1
1701023204.964724 226 1
1701023204.965454 60 -1
1701023204.966442 60 -1
1701023204.969271 1043 -1
1701023204.969271 1514 -1
1701023204.969271 8144 -1
1701023204.969421 54 1
1701023204.971901 1072 -1
1701023204.971901 5844 -1
1701023204.971901 2974 -1
1701023204.972046 66 1
1701023204.972108 54 1
1701023204.979909 1199 -1
1701023204.979909 454 -1
1701023204.979909 1200 -1
1701023204.979909 449 -1
1701023204.979909 7611 -1
1701023204.979909 9842 -1
1701023204.980059 54 1
1701023204.982299 1176 -1
1701023204.982299 482 -1
1701023204.982299 7354 -1
1701023204.982424 54 1
1701023204.982798 1006 -1
1701023204.982827 54 1
1701023207.159783 227 1
1701023207.159910 228 1
1701023207.160046 226 1
1701023207.160350 227 1
1701023207.160683 227 1
1701023207.163004 60 -1
1701023207.164868 1044 -1
1701023207.165309 7354 -1
1701023207.165309 3413 -1
1701023207.165410 54 1
1701023207.166331 1068 -1
1701023207.166331 5888 -1
1701023207.166397 54 1
1701023207.167331 1250 -1
1701023207.167331 374 -1
1701023207.167331 3305 -1
1701023207.167378 54 1
1701023207.171519 1177 -1
1701023207.171519 482 -1
1701023207.171519 7354 -1
1701023207.171519 5694 -1
1701023207.171807 54 1
1701023207.172067 1189 -1
1701023207.172067 456 -1
1701023207.172067 4434 -1
1701023207.172067 4460 -1
1701023207.172175 54 1
1701023207.173900 89 1
1701023207.217306 60 -1
1701023209.152968 54 1
1701023209.153440 54 1
1701023209.154202 78 -1
1701023209.154202 60 -1
1701023209.154466 54 1
1701023209.154551 78 -1
1701023209.154551 60 -1
1701023209.154581 54 1
1701023212.026356 66 1
1701023212.027833 66 -1
1701023212.027930 54 1
1701023212.028419 934 1
1701023212.029466 60 -1
1701023212.030259 318 -1
1701023212.031393 134 1
1701023212.032404 60 -1
1701023212.032585 341 -1
1701023212.036717 146 1
1701023212.038143 60 -1
1701023212.038926 583 1
1701023212.039021 227 1
1701023212.039186 230 1
1701023212.039273 229 1
1701023212.039383 229 1
1701023212.039959 115 -1
1701023212.039959 85 -1
1701023212.040001 54 1
1701023212.040284 85 1
1701023212.041450 60 -1
1701023212.041450 60 -1
1701023212.041450 60 -1
1701023212.041450 60 -1
1701023212.041450 60 -1
1701023212.041450 60 -1
1701023212.043763 1044 -1
1701023212.043763 4557 -1
1701023212.043868 54 1
1701023212.049399 1168 -1
1701023212.049399 486 -1
1701023212.049399 1167 -1
1701023212.049399 4728 -1
1701023212.049512 54 1
1701023212.049643 485 -1
1701023212.049643 6623 -1
1701023212.049799 54 1
1701023212.051829 1173 -1
1701023212.051829 479 -1
1701023212.051914 54 1
1701023212.052235 5894 -1
1701023212.052275 54 1
1701023212.053013 7354 -1
1701023212.053052 54 1
1701023212.053221 2056 -1
1701023212.053447 54 1
1701023212.054142 1173 -1
1701023212.054142 485 -1
1701023212.054192 54 1
1701023212.055994 5996 -1
1701023212.056068 54 1
1701023213.629089 229 1
1701023213.629209 227 1
1701023213.629283 229 1
1701023213.629392 231 1
1701023213.629476 227 1
1701023213.631213 60 -1
1701023213.633285 1043 -1
1701023213.633285 5894 -1
1701023213.633346 54 1
1701023213.633625 7474 -1
1701023213.634046 54 1
1701023213.637020 1173 -1
1701023213.637020 482 -1
1701023213.637020 4434 -1
1701023213.637020 5639 -1
1701023213.637118 54 1
1701023213.640006 1200 -1
1701023213.640006 449 -1
1701023213.640075 54 1
1701023213.641497 4434 -1
1701023213.641547 54 1
1701023213.641655 7354 -1
1701023213.641805 54 1
1701023213.642230 964 -1
1701023213.651864 1174 -1
1701023213.651864 484 -1
1701023213.651864 1201 -1
1701023213.651864 446 -1
1701023213.651953 54 1
1701023213.653610 2974 -1
1701023213.653610 4294 -1
1701023213.653822 54 1
1701023213.660516 1514 -1
1701023213.660622 2974 -1
1701023213.660646 54 1
1701023213.660788 4434 -1
1701023213.660834 54 1
1701023213.661207 1947 -1
1701023213.661231 54 1
1701023215.852779 227 1
1701023215.852894 230 1
1701023215.852994 229 1
1701023215.853805 229 1
1701023215.853907 227 1
1701023215.856263 60 -1
1701023215.861729 1198 -1
1701023215.861729 443 -1
1701023215.861729 1232 -1
1701023215.861829 54 1
1701023215.861941 7354 -1
1701023215.862009 54 1
1701023215.862333 2963 -1
1701023215.862363 54 1
1701023215.862501 398 -1
1701023215.862501 1173 -1
1701023215.862548 54 1
1701023215.862762 1514 -1
1701023215.862762 9670 -1
1701023215.862801 54 1
1701023215.863537 1588 -1
1701023215.863569 54 1
1701023215.863972 7354 -1
1701023215.864008 54 1
1701023215.864292 916 -1
1701023215.864315 54 1
1701023215.864425 1514 -1
1701023215.864466 4434 -1
1701023215.864486 54 1
1701023215.865018 7354 -1
1701023215.865063 54 1
1701023215.865614 682 -1
1701023215.865614 1211 -1
1701023215.865614 4593 -1
1701023215.865660 54 1
1701023217.518986 230 1
1701023217.519597 228 1
1701023217.520201 229 1
1701023217.520690 229 1
1701023217.520801 230 1
1701023217.533149 60 -1
1701023217.537271 1040 -1
1701023217.537271 5894 -1
1701023217.537357 54 1
1701023217.537425 60 -1
1701023217.537446 54 1
1701023217.538884 89 1
1701023217.543301 1175 -1
1701023217.543301 476 -1
1701023217.543439 54 1
1701023217.549201 7354 -1
1701023217.549288 54 1
1701023217.549580 2150 -1
1701023217.549618 54 1
1701023217.550493 1176 -1
1701023217.550493 476 -1
1701023217.550524 54 1
1701023217.554805 1180 -1
1701023217.554805 469 -1
1701023217.554805 1174 -1
1701023217.554805 11621 -1
1701023217.554949 54 1
1701023217.565414 7354 -1
1701023217.565526 54 1
1701023217.565976 7354 -1
1701023217.566028 54 1
1701023217.566836 251 -1
1701023217.566836 2704 -1
1701023217.566908 54 1
1701023219.157527 54 1
1701023219.158494 66 1
1701023219.159543 66 -1
1701023219.159614 54 1
1701023219.160446 966 1
1701023219.161392 60 -1
1701023219.162186 78 -1
1701023219.162186 60 -1
1701023219.162238 54 1
1701023219.162311 318 -1
1701023219.162923 134 1
1701023219.163283 146 1
1701023219.163865 584 1
1701023219.163967 227 1
1701023219.164060 226 1
1701023219.164072 60 -1
1701023219.164141 229 1
1701023219.164150 60 -1
1701023219.164225 231 1
1701023219.164976 60 -1
1701023219.165203 60 -1
1701023219.165203 60 -1
1701023219.165203 60 -1
1701023219.165203 60 -1
1701023219.165876 341 -1
1701023219.177696 115 -1
1701023219.177696 85 -1
1701023219.177696 1043 -1
1701023219.177696 9119 -1
1701023219.177696 1199 -1
1701023219.177696 445 -1
1701023219.177696 1173 -1
1701023219.177696 483 -1
1701023219.177696 1174 -1
1701023219.177696 479 -1
1701023219.177696 9160 -1
1701023219.177922 54 1
1701023219.180859 4124 -1
1701023219.180859 2974 -1
1701023219.180859 2834 -1
1701023219.180859 1178 -1
1701023219.180859 474 -1
1701023219.180970 54 1
1701023219.182258 7354 -1
1701023219.182258 7354 -1
1701023219.182359 54 1
1701023219.186012 85 1
1701023219.194487 3301 -1
1701023219.194579 54 1
1701023219.197411 381 -1
1701023219.197411 60 -1
1701023219.197474 66 1
1701023221.354562 228 1
1701023221.355557 227 1
1701023221.355685 60 -1
1701023221.356484 230 1
1701023221.357927 60 -1
1701023221.358083 229 1
1701023221.358198 228 1
1701023221.359146 60 -1
1701023221.359146 60 -1
1701023221.359146 60 -1
1701023221.363661 1171 -1
1701023221.363661 485 -1
1701023221.363661 1164 -1
1701023221.363661 490 -1
1701023221.363888 54 1
1701023221.376237 5302 -1
1701023221.376237 1171 -1
1701023221.376237 480 -1
1701023221.376237 5815 -1
1701023221.376237 1514 -1
1701023221.376237 4434 -1
1701023221.376237 1739 -1
1701023221.376237 1173 -1
1701023221.376237 483 -1
1701023221.376237 1203 -1
1701023221.376237 442 -1
1701023221.376237 6899 -1
1701023221.376237 7354 -1
1701023221.376237 740 -1
1701023221.376537 54 1
1701023223.017714 227 1
1701023223.018161 227 1
1701023223.018358 229 1
1701023223.018454 227 1
1701023223.018532 234 1
1701023223.019090 60 -1
1701023223.022654 60 -1
1701023223.022654 60 -1
1701023223.022654 60 -1
1701023223.022654 60 -1
1701023223.026957 1173 -1
1701023223.026957 483 -1
1701023223.027055 54 1
1701023223.027134 5531 -1
1701023223.027179 54 1
1701023223.029320 1201 -1
1701023223.029320 442 -1
1701023223.029320 1514 -1
1701023223.029320 7128 -1
1701023223.029421 54 1
1701023223.030444 1176 -1
1701023223.030665 479 -1
1701023223.030665 7354 -1
1701023223.030711 54 1
1701023223.031184 9160 -1
1701023223.031218 54 1
1701023223.031657 11734 -1
1701023223.031699 54 1
1701023223.033010 451 -1
1701023223.034004 1173 -1
1701023223.034004 484 -1
1701023223.034056 54 1
1701023223.034128 2986 -1
1701023223.034185 54 1
1701023223.042257 1166 -1
1701023223.042257 494 -1
1701023223.042257 9188 -1
1701023223.042371 54 1
1701023227.312850 227 1
1701023227.317139 227 1
1701023227.317258 229 1
1701023227.317515 226 1
1701023227.317578 227 1
1701023227.321838 60 -1
1701023227.323179 1064 -1
1701023227.323179 2974 -1
1701023227.323255 54 1
1701023227.323326 7354 -1
1701023227.323394 54 1
1701023227.324083 2895 -1
1701023227.324115 54 1
1701023227.324603 1064 -1
1701023227.324603 6393 -1
1701023227.324651 54 1
1701023227.326248 1169 -1
1701023227.326248 487 -1
1701023227.326294 54 1
1701023227.326797 7354 -1
1701023227.326852 54 1
1701023227.326903 821 -1
1701023227.326924 54 1
1701023227.329739 89 1
1701023227.333728 1171 -1
1701023227.333728 481 -1
1701023227.333728 4994 -1
1701023227.333728 1193 -1
1701023227.333728 455 -1
1701023227.333728 1514 -1
1701023227.333728 5579 -1
1701023227.333872 54 1
1701023227.376344 60 -1
1701023229.171430 54 1
1701023229.177479 78 -1
1701023229.177479 60 -1
1701023229.177574 54 1
