1701022539.109220 66 1
1701022539.116087 66 -1
1701022539.116217 54 1
1701022539.137044 599 1
1701022539.138146 60 -1
1701022539.149101 2974 -1
1701022539.149183 54 1
1701022539.149255 956 -1
1701022539.214262 66 1
1701022539.216730 66 -1
1701022539.216737 134 1
1701022539.217059 54 1
1701022539.217720 60 -1
1701022539.218861 341 -1
1701022539.218861 341 -1
1701022539.218917 54 1
1701022539.225991 870 1
1701022539.233121 146 1
1701022539.233230 54 1
1701022539.235523 60 -1
1701022539.235523 318 -1
1701022539.235607 54 1
1701022539.236074 60 -1
1701022539.236706 115 -1
1701022539.236706 85 -1
1701022539.236717 60 -1
1701022539.236753 54 1
1701022539.237434 551 1
1701022539.237535 226 1
1701022539.241172 60 -1
1701022539.241172 60 -1
1701022539.251741 1027 -1
1701022539.251741 658 -1
1701022539.251741 7354 -1
1701022539.251741 1514 -1
1701022539.251741 7354 -1
1701022539.251741 400 -1
1701022539.251741 85 -1
1701022539.251741 7354 -1
1701022539.251741 1514 -1
1701022539.251741 7354 -1
1701022539.251741 1514 -1
1701022539.251741 7354 -1
1701022539.251741 1257 -1
1701022539.252172 54 1
1701022539.258114 85 1
1701022539.283093 202 1
1701022539.293931 60 -1
1701022539.295976 924 -1
1701022539.295976 2974 -1
1701022539.295976 7354 -1
1701022539.295976 1514 -1
1701022539.295976 4780 -1
1701022539.295976 7354 -1
1701022539.296164 54 1
1701022539.296590 7354 -1
1701022539.296628 54 1
1701022539.298266 1891 -1
1701022539.298266 85 -1
1701022539.298266 11734 -1
1701022539.298377 54 1
1701022539.299687 7354 -1
1701022539.299745 54 1
1701022539.301409 7354 -1
1701022539.301460 54 1
1701022539.306437 7354 -1
1701022539.306437 4434 -1
1701022539.306437 7354 -1
1701022539.306437 7354 -1
1701022539.306556 54 1
1701022539.306734 4434 -1
1701022539.306788 54 1
1701022539.307634 7354 -1
1701022539.307698 54 1
1701022539.308711 5894 -1
1701022539.308783 54 1
1701022539.309196 5894 -1
1701022539.309280 54 1
1701022539.310962 1514 -1
1701022539.310962 19034 -1
1701022539.311093 54 1
1701022539.314356 1514 -1
1701022539.314356 5894 -1
1701022539.314420 54 1
1701022539.314525 54 1
1701022539.315602 3872 -1
1701022539.315638 54 1
1701022539.378058 203 1
1701022539.378192 203 1
1701022539.378278 228 1
1701022539.378368 227 1
1701022539.378510 230 1
1701022539.378625 228 1
1701022539.378761 229 1
1701022539.388168 60 -1
1701022539.388168 60 -1
1701022539.388168 1204 -1
1701022539.388168 442 -1
1701022539.388168 3737 -1
1701022539.388168 870 -1
1701022539.388168 7354 -1
1701022539.388168 4434 -1
1701022539.388168 4780 -1
1701022539.388168 5894 -1
1701022539.388168 7354 -1
1701022539.388168 5894 -1
1701022539.388437 54 1
1701022539.388541 7354 -1
1701022539.388596 54 1
1701022539.388661 5894 -1
1701022539.388717 54 1
1701022539.397801 1514 -1
1701022539.397801 4434 -1
1701022539.397801 7354 -1
1701022539.397801 2974 -1
1701022539.397801 4434 -1
1701022539.397801 4434 -1
1701022539.397801 7354 -1
1701022539.397801 7354 -1
1701022539.397801 4434 -1
1701022539.397801 7354 -1
1701022539.397801 5894 -1
1701022539.397801 7354 -1
1701022539.397801 17574 -1
1701022539.398219 54 1
1701022539.402927 54 1
1701022539.404779 4434 -1
1701022539.404779 2974 -1
1701022539.404779 7354 -1
1701022539.404779 7354 -1
1701022539.404779 5894 -1
1701022539.404779 7354 -1
1701022539.404779 4434 -1
1701022539.404779 7354 -1
1701022539.405024 54 1
1701022539.406026 7354 -1
1701022539.406111 54 1
1701022539.414689 7354 -1
1701022539.414689 5894 -1
1701022539.414689 2974 -1
1701022539.414689 7354 -1
1701022539.414689 7354 -1
1701022539.414689 7354 -1
1701022539.414689 7354 -1
1701022539.414689 1514 -1
1701022539.414689 2974 -1
1701022539.414982 54 1
1701022539.415241 7354 -1
1701022539.415290 54 1
1701022539.424254 7354 -1
1701022539.424254 7354 -1
1701022539.424254 4434 -1
1701022539.424254 4434 -1
1701022539.424254 7354 -1
1701022539.424254 7354 -1
1701022539.424254 7354 -1
1701022539.424254 7354 -1
1701022539.424705 54 1
1701022539.427269 54 1
1701022539.435219 1514 -1
1701022539.435219 2974 -1
1701022539.435219 7354 -1
1701022539.435219 7354 -1
1701022539.435219 7354 -1
1701022539.435219 7354 -1
1701022539.435219 1514 -1
1701022539.435219 7354 -1
1701022539.435219 7354 -1
1701022539.435219 7354 -1
1701022539.435488 54 1
1701022539.440879 227 1
1701022539.440987 228 1
1701022539.441079 230 1
1701022539.441171 229 1
1701022539.441250 230 1
1701022539.441351 229 1
1701022539.441435 230 1
1701022539.441549 230 1
1701022539.441656 228 1
1701022539.446496 4434 -1
1701022539.446496 4434 -1
1701022539.446496 2974 -1
1701022539.446496 7354 -1
1701022539.446496 7354 -1
1701022539.446496 2974 -1
1701022539.446496 7354 -1
1701022539.446496 5862 -1
1701022539.446496 7354 -1
1701022539.446496 23414 -1
1701022539.446496 1514 -1
1701022539.446496 1546 -1
1701022539.446496 7354 -1
1701022539.446496 1514 -1
1701022539.446496 2974 -1
1701022539.446496 1514 -1
1701022539.446496 7354 -1
1701022539.446496 7354 -1
1701022539.446997 54 1
1701022539.447213 2974 -1
1701022539.447213 7354 -1
1701022539.447264 54 1
1701022539.447400 7354 -1
1701022539.447453 54 1
1701022539.455477 7354 -1
1701022539.455477 4434 -1
1701022539.455477 4434 -1
1701022539.455477 2974 -1
1701022539.455477 4434 -1
1701022539.455477 7275 -1
1701022539.455477 60 -1
1701022539.455477 60 -1
1701022539.455477 1045 -1
1701022539.455477 8005 -1
1701022539.455477 1176 -1
1701022539.455477 477 -1
1701022539.455477 7354 -1
1701022539.455477 2496 -1
1701022539.455477 1047 -1
1701022539.455477 10274 -1
1701022539.455477 2487 -1
1701022539.455874 54 1
1701022539.456121 8616 -1
1701022539.456196 54 1
1701022539.456648 1206 -1
1701022539.456667 54 1
1701022539.456731 431 -1
1701022539.456937 7354 -1
1701022539.456983 54 1
1701022539.457381 2887 -1
1701022539.457420 54 1
1701022539.459863 228 1
1701022539.477308 54 1
1701022539.496264 7354 -1
1701022539.496339 54 1
1701022539.496446 7354 -1
1701022539.496490 54 1
1701022539.498494 7354 -1
1701022539.498538 54 1
1701022539.499228 7354 -1
1701022539.499277 54 1
1701022539.506069 1514 -1
1701022539.506069 7354 -1
1701022539.506069 7354 -1
1701022539.506069 7254 -1
1701022539.506218 54 1
1701022539.535196 54 1
1701022539.856183 205 1
1701022539.860190 1098 -1
1701022539.860190 2997 -1
1701022539.860301 54 1
1701022547.464063 54 1
1701022547.465204 78 -1
1701022547.465204 60 -1
1701022547.465236 54 1
1701022551.644069 66 1
1701022551.645153 66 -1
1701022551.645263 54 1
1701022551.645876 902 1
1701022551.646871 60 -1
1701022551.647920 318 -1
1701022551.648471 134 1
1701022551.649077 146 1
1701022551.649490 583 1
1701022551.649557 229 1
1701022551.649615 229 1
1701022551.649666 227 1
1701022551.651284 60 -1
1701022551.651284 60 -1
1701022551.651284 60 -1
1701022551.651284 60 -1
1701022551.651284 60 -1
1701022551.651284 60 -1
1701022551.651284 341 -1
1701022551.653358 115 -1
1701022551.653358 85 -1
1701022551.653438 54 1
1701022551.653697 85 1
1701022551.655100 60 -1
1701022551.656247 1229 -1
1701022551.656247 398 -1
1701022551.656297 54 1
1701022551.656334 1039 -1
1701022551.656388 6259 -1
1701022551.656435 54 1
1701022551.656750 7354 -1
1701022551.656802 54 1
1701022551.657484 3803 -1
1701022551.657512 54 1
1701022551.657786 1172 -1
1701022551.657840 1201 -1
1701022551.657840 480 -1
1701022551.657881 66 1
1701022551.657930 54 1
1701022551.657982 445 -1
1701022551.657982 7354 -1
1701022551.658025 54 1
1701022551.658529 625 -1
1701022551.658565 54 1
1701022551.658601 4897 -1
1701022551.658640 54 1
1701022553.247945 228 1
1701022553.249560 229 1
1701022553.249599 60 -1
1701022553.250442 227 1
1701022553.250543 228 1
1701022553.250601 60 -1
1701022553.250716 228 1
1701022553.251447 60 -1
1701022553.251883 60 -1
1701022553.251883 60 -1
1701022553.261321 1207 -1
1701022553.261321 437 -1
1701022553.261321 1143 -1
1701022553.261321 524 -1
1701022553.261449 54 1
1701022553.262291 7354 -1
1701022553.262341 54 1
1701022553.262478 1536 -1
1701022553.262503 54 1
1701022553.262578 5664 -1
1701022553.262617 54 1
1701022553.263191 1193 -1
1701022553.263191 452 -1
1701022553.263191 1203 -1
1701022553.263234 54 1
1701022553.263290 440 -1
1701022553.263290 2443 -1
1701022553.263317 54 1
1701022553.263502 7354 -1
1701022553.263537 54 1
1701022553.264099 207 -1
1701022553.267852 1142 -1
1701022553.267852 521 -1
1701022553.267852 1514 -1
1701022553.267852 2974 -1
1701022553.267852 1376 -1
1701022553.268121 54 1
1701022555.405185 231 1
1701022555.405317 227 1
1701022555.405445 227 1
1701022555.406544 60 -1
1701022555.407029 228 1
1701022555.407118 228 1
1701022555.408990 60 -1
1701022555.412605 1194 -1
1701022555.412605 448 -1
1701022555.412738 54 1
1701022555.413551 7354 -1
1701022555.413591 54 1
1701022555.414018 1384 -1
1701022555.414048 54 1
1701022555.414140 1064 -1
1701022555.414311 4434 -1
1701022555.414354 54 1
1701022555.414595 5035 -1
1701022555.414631 54 1
1701022555.415335 1172 -1
1701022555.415335 484 -1
1701022555.415335 1068 -1
1701022555.415335 7354 -1
1701022555.415409 54 1
1701022555.415845 3862 -1
1701022555.415877 54 1
1701022555.416198 7354 -1
1701022555.416262 54 1
1701022555.416777 1036 -1
1701022555.426578 1207 -1
1701022555.426578 436 -1
1701022555.426578 4545 -1
1701022555.426713 54 1
1701022557.007859 227 1
1701022557.008001 228 1
1701022557.008079 226 1
1701022557.008184 227 1
1701022557.008412 227 1
1701022557.011793 60 -1
1701022557.016138 1178 -1
1701022557.016138 473 -1
1701022557.016138 1173 -1
1701022557.016138 482 -1
1701022557.016138 1205 -1
1701022557.016138 439 -1
1701022557.016251 54 1
1701022557.016859 6890 -1
1701022557.016901 54 1
1701022557.017300 4225 -1
1701022557.017338 54 1
1701022557.019244 89 1
1701022557.020224 7354 -1
1701022557.020284 54 1
1701022557.020355 461 -1
1701022557.020379 54 1
1701022557.020888 1201 -1
1701022557.020888 445 -1
1701022557.020888 10109 -1
1701022557.020962 54 1
1701022557.033760 1146 -1
1701022557.033760 519 -1
1701022557.033835 54 1
1701022557.035876 7354 -1
1701022557.035954 54 1
1701022557.036374 6125 -1
1701022557.036418 54 1
1701022557.463592 54 1
1701022557.467141 78 -1
1701022557.467141 60 -1
1701022557.467200 54 1
1701022558.559060 66 1
1701022558.560205 66 -1
1701022558.560328 54 1
1701022558.561386 934 1
1701022558.562429 60 -1
1701022558.562920 318 -1
1701022558.563790 134 1
1701022558.564267 146 1
1701022558.564801 60 -1
1701022558.564897 583 1
1701022558.565073 228 1
1701022558.565170 229 1
1701022558.565289 341 -1
1701022558.565289 60 -1
1701022558.565424 227 1
1701022558.565564 227 1
1701022558.570513 60 -1
1701022558.570513 60 -1
1701022558.570513 60 -1
1701022558.570513 60 -1
1701022558.570513 115 -1
1701022558.570513 85 -1
1701022558.570606 54 1
1701022558.570818 1174 -1
1701022558.570818 475 -1
1701022558.570818 8896 -1
1701022558.570884 54 1
1701022558.571680 60 -1
1701022558.580497 1178 -1
1701022558.580497 478 -1
1701022558.580497 1165 -1
1701022558.580497 493 -1
1701022558.580497 1143 -1
1701022558.580497 12789 -1
1701022558.580497 6493 -1
1701022558.580497 519 -1
1701022558.580497 7354 -1
1701022558.580739 54 1
1701022558.580856 4607 -1
1701022558.580906 54 1
1701022558.581849 85 1
1701022558.587658 1195 -1
1701022558.587658 451 -1
1701022558.587735 54 1
1701022558.587812 7354 -1
1701022558.587873 54 1
1701022558.588182 1390 -1
1701022558.588226 54 1
1701022560.697450 227 1
1701022560.699763 231 1
1701022560.700501 231 1
1701022560.701132 228 1
1701022560.701864 227 1
1701022560.702640 60 -1
1701022560.709007 1172 -1
1701022560.709007 481 -1
1701022560.709007 1175 -1
1701022560.709007 472 -1
1701022560.709130 54 1
1701022560.712159 7354 -1
1701022560.712211 54 1
1701022560.712351 7028 -1
1701022560.712391 54 1
1701022560.712901 1130 -1
1701022560.713099 5894 -1
1701022560.713152 54 1
1701022560.714782 4081 -1
1701022560.714782 1514 -1
1701022560.714826 54 1
1701022560.714936 7079 -1
1701022560.714982 54 1
1701022560.715290 1177 -1
1701022560.715382 477 -1
1701022560.715404 54 1
1701022560.715449 1043 -1
1701022560.715506 7354 -1
1701022560.715537 54 1
1701022560.716194 7354 -1
1701022560.716223 54 1
1701022560.716725 1588 -1
1701022560.716764 54 1
1701022560.716982 5952 -1
1701022560.717019 54 1
1701022562.308925 229 1
1701022562.309237 228 1
1701022562.310094 227 1
1701022562.310187 226 1
1701022562.310294 227 1
1701022562.311342 60 -1
1701022562.313829 60 -1
1701022562.322227 1175 -1
1701022562.322227 474 -1
1701022562.322227 1175 -1
1701022562.322227 474 -1
1701022562.322363 54 1
1701022562.324204 7354 -1
1701022562.324284 54 1
1701022562.324609 2130 -1
1701022562.324640 54 1
1701022562.324746 4434 -1
1701022562.324787 54 1
1701022562.325574 8114 -1
1701022562.325630 54 1
1701022562.326190 1172 -1
1701022562.326826 1626 -1
1701022562.326826 442 -1
1701022562.326855 54 1
1701022562.330524 7089 -1
1701022562.330653 54 1
1701022562.330837 7222 -1
1701022562.330875 54 1
1701022562.331392 1603 -1
1701022562.331431 54 1
1701022562.338698 1514 -1
1701022562.338777 5786 -1
1701022562.338810 54 1
1701022565.428677 230 1
1701022565.428799 228 1
1701022565.429315 227 1
1701022565.429415 229 1
1701022565.429509 228 1
1701022565.432441 60 -1
1701022565.439448 1173 -1
1701022565.439448 478 -1
1701022565.439543 54 1
1701022565.440886 479 -1
1701022565.440886 1177 -1
1701022565.440935 66 1
1701022565.440981 54 1
1701022565.441972 89 1
1701022565.442667 4434 -1
1701022565.442716 54 1
1701022565.443191 7354 -1
1701022565.443236 54 1
1701022565.443513 4780 -1
1701022565.443554 54 1
1701022565.443970 85 -1
1701022565.443970 10713 -1
1701022565.444125 54 1
1701022565.444765 1172 -1
1701022565.444793 54 1
1701022565.444883 483 -1
1701022565.444904 54 1
1701022565.444949 11734 -1
1701022565.444980 54 1
1701022565.445881 3706 -1
1701022565.445910 54 1
1701022565.446223 11734 -1
1701022565.446260 54 1
1701022565.447363 2193 -1
1701022565.447363 1171 -1
1701022565.447423 54 1
1701022565.447547 485 -1
1701022565.447571 54 1
1701022565.448270 4388 -1
1701022565.448314 54 1
1701022566.963379 228 1
1701022566.963465 228 1
1701022566.963762 229 1
1701022566.966710 228 1
1701022566.966820 227 1
1701022566.970270 60 -1
1701022566.974682 1177 -1
1701022566.974682 472 -1
1701022566.974682 3795 -1
1701022566.974818 54 1
1701022566.976591 1176 -1
1701022566.976591 474 -1
1701022566.976591 7185 -1
1701022566.976681 54 1
1701022566.984252 1140 -1
1701022566.984252 523 -1
1701022566.984252 7354 -1
1701022566.984252 304 -1
1701022566.984416 54 1
1701022566.985640 1171 -1
1701022566.985640 483 -1
1701022566.985640 1140 -1
1701022566.985679 54 1
1701022566.985741 524 -1
1701022566.985763 54 1
1701022566.985801 2974 -1
1701022566.985824 54 1
1701022566.985957 3496 -1
1701022566.985983 54 1
1701022566.986918 4434 -1
1701022566.986918 1396 -1
1701022566.986977 54 1
1701022567.487520 54 1
1701022567.500732 60 -1
1701022567.500732 78 -1
1701022567.500732 60 -1
1701022567.500786 54 1
1701022567.500861 54 1
1701022569.075675 66 1
1701022569.080244 66 -1
1701022569.080383 54 1
1701022569.081047 870 1
1701022569.084078 60 -1
1701022569.084078 318 -1
1701022569.084828 134 1
1701022569.085178 146 1
1701022569.085815 583 1
1701022569.085893 229 1
1701022569.085961 230 1
1701022569.086094 226 1
1701022569.086180 231 1
1701022569.086782 60 -1
1701022569.086782 341 -1
1701022569.087701 60 -1
1701022569.087701 60 -1
1701022569.087701 60 -1
1701022569.087701 60 -1
1701022569.087701 60 -1
1701022569.087701 60 -1
1701022569.100704 115 -1
1701022569.100704 85 -1
1701022569.100704 1050 -1
1701022569.100704 11224 -1
1701022569.100704 1175 -1
1701022569.100704 473 -1
1701022569.100704 9230 -1
1701022569.100704 1173 -1
1701022569.100704 481 -1
1701022569.100704 1181 -1
1701022569.100704 468 -1
1701022569.100704 7354 -1
1701022569.100704 4987 -1
1701022569.100704 7206 -1
1701022569.100966 54 1
1701022569.103418 85 1
1701022569.109876 1175 -1
1701022569.109876 480 -1
1701022569.109876 5907 -1
1701022569.109988 54 1
1701022569.111391 60 -1
1701022570.745167 230 1
1701022570.745751 229 1
1701022570.745855 226 1
1701022570.745934 226 1
1701022570.746084 227 1
1701022570.746232 60 -1
1701022570.746961 60 -1
1701022570.746961 60 -1
1701022570.746961 60 -1
1701022570.747035 60 -1
1701022570.753144 1197 -1
1701022570.753144 447 -1
1701022570.753204 54 1
1701022570.754672 7354 -1
1701022570.754706 54 1
1701022570.755150 7092 -1
1701022570.755213 54 1
1701022570.755715 1172 -1
1701022570.755777 477 -1
1701022570.755789 54 1
1701022570.755815 2974 -1
1701022570.755832 54 1
1701022570.756195 1514 -1
1701022570.756259 4454 -1
1701022570.756280 54 1
1701022570.761090 1181 -1
1701022570.761141 54 1
1701022570.761295 468 -1
1701022570.761295 1173 -1
1701022570.761295 481 -1
1701022570.761295 7597 -1
1701022570.761355 54 1
1701022570.761831 7354 -1
1701022570.761939 54 1
1701022570.762518 3155 -1
1701022570.762561 54 1
1701022570.771934 1174 -1
1701022570.771934 479 -1
1701022570.772030 54 1
1701022570.779847 7354 -1
1701022570.779847 2028 -1
1701022570.779969 54 1
1701022572.315139 231 1
1701022572.316489 227 1
1701022572.316557 229 1
1701022572.316980 231 1
1701022572.317069 232 1
1701022572.323980 60 -1
1701022572.323980 60 -1
1701022572.323980 1061 -1
1701022572.323980 8904 -1
1701022572.324273 54 1
1701022572.325009 1018 -1
1701022572.325009 7087 -1
1701022572.325092 54 1
1701022572.329521 1043 -1
1701022572.329521 2974 -1
1701022572.329521 7354 -1
1701022572.329521 4481 -1
1701022572.329521 1143 -1
1701022572.329521 522 -1
1701022572.329521 1175 -1
1701022572.329521 480 -1
1701022572.329521 6220 -1
1701022572.329521 7354 -1
1701022572.329521 2974 -1
1701022572.329521 1514 -1
1701022572.329521 1903 -1
1701022572.329685 54 1
1701022574.464605 230 1
1701022574.464693 229 1
1701022574.467861 60 -1
1701022574.471239 227 1
1701022574.472763 229 1
1701022574.473045 1124 -1
1701022574.473045 548 -1
1701022574.473045 8350 -1
1701022574.473314 54 1
1701022574.473634 226 1
1701022574.475392 1171 -1
1701022574.475392 486 -1
1701022574.475456 54 1
1701022574.475925 89 1
1701022574.477652 2915 -1
1701022574.477714 54 1
1701022574.484078 1172 -1
1701022574.484078 482 -1
1701022574.484078 1194 -1
1701022574.484078 450 -1
1701022574.484078 10497 -1
1701022574.484078 1514 -1
1701022574.484227 54 1
1701022574.484571 4150 -1
1701022574.484619 54 1
1701022574.491963 1164 -1
1701022574.491963 489 -1
1701022574.491963 7354 -1
1701022574.491963 5046 -1
1701022574.492104 54 1
1701022576.108974 228 1
1701022576.110586 229 1
1701022576.112994 60 -1
1701022576.113130 229 1
1701022576.113358 228 1
1701022576.113727 228 1
1701022576.117726 60 -1
1701022576.121787 1166 -1
1701022576.121787 485 -1
1701022576.121894 54 1
1701022576.125624 7354 -1
1701022576.125710 54 1
1701022576.126026 762 -1
1701022576.126026 1178 -1
1701022576.126026 475 -1
1701022576.126094 54 1
1701022576.129761 1173 -1
1701022576.129761 485 -1
1701022576.129761 7718 -1
1701022576.129870 54 1
1701022576.141478 6748 -1
1701022576.141574 54 1
1701022576.141655 1194 -1
1701022576.141655 449 -1
1701022576.141682 54 1
1701022576.149402 1174 -1
1701022576.149402 482 -1
1701022576.149402 4489 -1
1701022576.149529 54 1
1701022576.153354 6770 -1
1701022576.153454 54 1
1701022577.493306 54 1
1701022577.502583 78 -1
1701022577.502583 60 -1
1701022577.502660 54 1
1701022580.338887 66 1
1701022580.339865 66 -1
1701022580.339940 54 1
1701022580.340547 934 1
1701022580.341500 60 -1
1701022580.342137 318 -1
1701022580.342840 134 1
1701022580.343125 146 1
1701022580.343589 582 1
1701022580.343670 230 1
1701022580.343745 227 1
1701022580.343813 228 1
1701022580.343833 60 -1
1701022580.343894 229 1
1701022580.344010 341 -1
1701022580.344010 60 -1
1701022580.344381 115 -1
1701022580.344381 85 -1
1701022580.344413 54 1
1701022580.344930 60 -1
1701022580.344933 85 1
1701022580.345025 60 -1
1701022580.345025 60 -1
1701022580.345025 60 -1
1701022580.345072 60 -1
1701022580.346024 60 -1
1701022580.352492 1174 -1
1701022580.352492 472 -1
1701022580.352567 54 1
1701022580.353424 2974 -1
1701022580.353424 7354 -1
1701022580.353510 54 1
1701022580.353705 1705 -1
1701022580.353747 54 1
1701022580.353877 1196 -1
1701022580.353899 54 1
1701022580.353936 451 -1
1701022580.353972 1514 -1
1701022580.353991 54 1
1701022580.354076 2423 -1
1701022580.354100 54 1
1701022580.355477 1199 -1
1701022580.355477 444 -1
1701022580.355513 54 1
1701022580.356334 1174 -1
1701022580.356334 476 -1
1701022580.356334 2974 -1
1701022580.356380 54 1
1701022580.356540 7354 -1
1701022580.356594 54 1
1701022580.356966 3926 -1
1701022580.356990 54 1
1701022580.357289 1194 -1
1701022580.357392 448 -1
1701022580.357417 54 1
1701022580.357453 4434 -1
1701022580.357487 54 1
1701022580.357776 1376 -1
1701022580.357797 54 1
1701022580.357870 1514 -1
1701022580.358044 7354 -1
1701022580.358352 54 1
1701022580.358624 1080 -1
1701022580.410348 54 1
1701022582.527457 227 1
1701022582.528503 60 -1
1701022582.530215 228 1
1701022582.530687 228 1
1701022582.531159 60 -1
1701022582.531236 231 1
1701022582.531371 228 1
1701022582.531683 60 -1
1701022582.532375 60 -1
1701022582.532375 60 -1
1701022582.538534 1172 -1
1701022582.538534 483 -1
1701022582.538534 1177 -1
1701022582.538652 54 1
1701022582.538702 471 -1
1701022582.538702 1194 -1
1701022582.538702 450 -1
1701022582.538739 54 1
1701022582.539748 7354 -1
1701022582.539809 54 1
1701022582.540355 2887 -1
1701022582.540390 54 1
1701022582.540414 2974 -1
1701022582.540428 54 1
1701022582.540730 2229 -1
1701022582.540758 54 1
1701022582.540832 1173 -1
1701022582.540849 54 1
1701022582.540924 479 -1
1701022582.540960 1514 -1
1701022582.540980 54 1
1701022582.541103 7354 -1
1701022582.541149 54 1
1701022582.541788 5894 -1
1701022582.541824 54 1
1701022582.542347 1860 -1
1701022582.542347 5894 -1
1701022582.542376 54 1
1701022582.542835 4155 -1
1701022582.542870 54 1
1701022582.543170 1595 -1
1701022582.543192 54 1
1701022582.543285 6743 -1
1701022582.543334 54 1
1701022584.151323 229 1
1701022584.151455 227 1
1701022584.151568 228 1
1701022584.152190 227 1
1701022584.152382 229 1
1701022584.152722 60 -1
1701022584.155330 60 -1
1701022584.158400 1175 -1
1701022584.158400 469 -1
1701022584.158400 1175 -1
1701022584.158400 474 -1
1701022584.158504 54 1
1701022584.158576 7354 -1
1701022584.158627 54 1
1701022584.159035 3731 -1
1701022584.159100 54 1
1701022584.159399 6356 -1
1701022584.159430 54 1
1701022584.159995 1175 -1
1701022584.159995 478 -1
1701022584.159995 2974 -1
1701022584.160018 54 1
1701022584.160527 4228 -1
1701022584.160590 54 1
1701022584.163529 1172 -1
1701022584.163529 483 -1
1701022584.163529 9514 -1
1701022584.163647 54 1
1701022584.164924 1179 -1
1701022584.164924 470 -1
1701022584.164962 54 1
1701022584.165643 16216 -1
1701022584.165735 54 1
1701022585.809911 228 1
1701022585.811322 228 1
1701022585.811921 228 1
1701022585.812813 234 1
1701022585.812975 229 1
1701022585.815496 60 -1
1701022585.820754 1170 -1
1701022585.820754 486 -1
1701022585.820875 54 1
1701022585.820962 1194 -1
1701022585.820962 448 -1
1701022585.821006 54 1
1701022585.823420 2974 -1
1701022585.823420 3131 -1
1701022585.823505 54 1
1701022585.823570 2974 -1
1701022585.823594 54 1
1701022585.823893 8432 -1
1701022585.823948 54 1
1701022585.824499 1172 -1
1701022585.824532 54 1
1701022585.824577 484 -1
1701022585.824612 89 1
1701022585.824641 54 1
1701022585.824784 2974 -1
1701022585.824835 54 1
1701022585.824998 1730 -1
1701022585.824998 1170 -1
1701022585.825032 54 1
1701022585.825072 484 -1
1701022585.825110 7354 -1
1701022585.825136 54 1
1701022585.825724 481 -1
1701022585.830177 1174 -1
1701022585.830177 483 -1
1701022585.830291 54 1
1701022585.833728 4434 -1
1701022585.833814 54 1
1701022585.833902 1802 -1
1701022585.833942 54 1
1701022587.442083 229 1
1701022587.444017 228 1
1701022587.445261 228 1
1701022587.445767 231 1
1701022587.445970 60 -1
1701022587.446945 227 1
1701022587.451335 60 -1
1701022587.457578 1196 -1
1701022587.457578 451 -1
1701022587.457677 54 1
1701022587.457773 1204 -1
1701022587.457773 437 -1
1701022587.457806 54 1
1701022587.458108 1222 -1
1701022587.458108 412 -1
1701022587.458140 54 1
1701022587.467869 2974 -1
1701022587.467869 3246 -1
1701022587.468022 54 1
1701022587.468364 5023 -1
1701022587.468416 54 1
1701022587.481641 3003 -1
1701022587.481641 83 -1
1701022587.481641 1195 -1
1701022587.481641 450 -1
1701022587.481753 66 1
1701022587.481841 54 1
1701022587.484936 1140 -1
1701022587.484936 521 -1
1701022587.484936 5865 -1
1701022587.485041 54 1
1701022587.492537 7076 -1
1701022587.492657 54 1
1701022587.519586 54 1
1701022587.520838 78 -1
1701022587.520838 60 -1
1701022587.520927 54 1
1701022589.625874 66 1
1701022589.626986 66 -1
1701022589.627102 54 1
1701022589.627914 902 1
1701022589.628933 60 -1
1701022589.629725 318 -1
1701022589.631463 134 1
1701022589.631862 146 1
1701022589.632452 60 -1
1701022589.632455 585 1
1701022589.632576 227 1
1701022589.632660 226 1
1701022589.632752 227 1
1701022589.632792 60 -1
1701022589.632828 227 1
1701022589.633509 60 -1
1701022589.633541 60 -1
1701022589.633684 60 -1
1701022589.633766 60 -1
1701022589.633789 60 -1
1701022589.637550 341 -1
1701022589.643494 115 -1
1701022589.643494 85 -1
1701022589.643566 54 1
1701022589.643787 85 1
1701022589.645024 60 -1
1701022589.651974 1172 -1
1701022589.651974 482 -1
1701022589.651974 1141 -1
1701022589.651974 522 -1
1701022589.652074 54 1
1701022589.656807 4962 -1
1701022589.656919 54 1
1701022589.656970 1196 -1
1701022589.657025 450 -1
1701022589.657090 54 1
1701022589.657124 5951 -1
1701022589.657168 54 1
1701022589.660072 1175 -1
1701022589.660072 476 -1
1701022589.660072 7063 -1
1701022589.660137 54 1
1701022589.662884 7354 -1
1701022589.663013 54 1
1701022589.663260 7354 -1
1701022589.663759 54 1
1701022589.663885 1860 -1
1701022589.663928 54 1
1701022589.664020 2575 -1
1701022589.664052 54 1
1701022589.670556 1174 -1
1701022589.670556 485 -1
1701022589.670640 54 1
1701022589.680431 3532 -1
1701022589.680431 612 -1
1701022589.680578 66 1
1701022594.116561 228 1
1701022594.116693 227 1
1701022594.117837 60 -1
1701022594.117837 60 -1
1701022594.118088 228 1
1701022594.118151 229 1
1701022594.118429 230 1
1701022594.121585 60 -1
1701022594.121585 60 -1
1701022594.121585 60 -1
1701022594.139815 1175 -1
1701022594.139815 482 -1
1701022594.139815 1228 -1
1701022594.139815 409 -1
1701022594.139815 1174 -1
1701022594.139815 482 -1
1701022594.139941 54 1
1701022594.142735 1174 -1
1701022594.142735 483 -1
1701022594.142735 7872 -1
1701022594.142969 54 1
1701022594.143339 5470 -1
1701022594.143382 54 1
1701022594.149056 7354 -1
1701022594.149124 54 1
1701022594.149345 2055 -1
1701022594.149367 54 1
1701022594.149482 4434 -1
1701022594.149688 54 1
1701022594.149847 2549 -1
1701022594.149875 54 1
1701022594.150052 1595 -1
1701022594.150068 54 1
1701022594.154495 5046 -1
1701022594.154581 54 1
1701022595.727334 231 1
1701022595.727874 227 1
1701022595.727971 228 1
1701022595.728066 227 1
1701022595.728150 228 1
1701022595.729163 60 -1
1701022595.735534 1207 -1
1701022595.735534 441 -1
1701022595.735654 54 1
1701022595.736670 1166 -1
1701022595.736670 491 -1
1701022595.736670 7188 -1
1701022595.736737 54 1
1701022595.737207 89 1
1701022595.737315 6064 -1
1701022595.737445 54 1
1701022595.737664 1174 -1
1701022595.737682 54 1
1701022595.737811 485 -1
1701022595.737832 54 1
1701022595.737998 5991 -1
1701022595.738023 54 1
1701022595.738491 1203 -1
1701022595.738491 445 -1
1701022595.738491 5335 -1
1701022595.738527 54 1
1701022595.744746 1197 -1
1701022595.744746 450 -1
1701022595.744746 4529 -1
1701022595.744842 54 1
1701022597.529968 54 1
1701022597.531397 78 -1
1701022597.531397 60 -1
1701022597.531430 54 1
1701022597.853865 66 1
1701022597.854833 66 -1
1701022597.854942 54 1
1701022597.855511 870 1
1701022597.856636 60 -1
1701022597.857408 318 -1
1701022597.858545 134 1
1701022597.859543 60 -1
1701022597.859665 341 -1
1701022597.859892 146 1
1701022597.860788 60 -1
1701022597.860866 115 -1
1701022597.860866 85 -1
1701022597.860899 54 1
1701022597.861968 582 1
1701022597.862472 85 1
1701022597.862541 229 1
1701022597.862883 60 -1
1701022597.863504 60 -1
1701022597.863504 60 -1
1701022597.865900 229 1
1701022597.865997 226 1
1701022597.866769 60 -1
1701022597.866813 60 -1
1701022597.874060 1172 -1
1701022597.874060 482 -1
1701022597.874060 1198 -1
1701022597.874060 452 -1
1701022597.874146 54 1
1701022597.877888 7354 -1
1701022597.877987 54 1
1701022597.878205 2126 -1
1701022597.878466 54 1
1701022597.878516 4434 -1
1701022597.878585 54 1
1701022597.878731 1666 -1
1701022597.878757 54 1
1701022597.878850 1201 -1
1701022597.878993 442 -1
1701022597.879018 54 1
1701022597.879858 4434 -1
1701022597.879900 54 1
1701022597.880127 2757 -1
1701022597.880154 54 1
1701022597.880814 1170 -1
1701022597.880814 483 -1
1701022597.880844 54 1
1701022597.882226 7354 -1
1701022597.882282 54 1
1701022597.882733 499 -1
1701022597.893138 66 1
1701022597.894172 66 -1
1701022597.894404 54 1
1701022597.894883 573 1
1701022597.899421 60 -1
1701022597.905449 2974 -1
1701022597.905744 54 1
1701022597.905809 958 -1
1701022597.912087 134 1
1701022597.912503 146 1
1701022597.912764 590 1
1701022597.913228 60 -1
1701022597.913769 60 -1
1701022597.913909 60 -1
1701022597.916025 341 -1
1701022597.916025 341 -1
1701022597.916077 54 1
1701022597.919124 115 -1
1701022597.919124 85 -1
1701022597.919173 54 1
1701022597.919348 85 1
1701022597.920441 60 -1
1701022597.925594 1243 -1
1701022597.925594 380 -1
1701022597.925673 54 1
1701022597.929977 4271 -1
1701022597.930060 54 1
1701022597.934024 54 1
1701022599.486820 231 1
1701022599.488773 60 -1
1701022599.489559 228 1
1701022599.489666 228 1
1701022599.489765 228 1
1701022599.489842 228 1
1701022599.496412 60 -1
1701022599.499892 1213 -1
1701022599.499892 429 -1
1701022599.499892 7354 -1
1701022599.499892 1667 -1
1701022599.499995 54 1
1701022599.502029 1174 -1
1701022599.502029 483 -1
1701022599.502100 54 1
1701022599.502751 1202 -1
1701022599.502751 442 -1
1701022599.502782 54 1
1701022599.503562 13194 -1
1701022599.503608 54 1
1701022599.504414 3320 -1
1701022599.504461 54 1
1701022599.504684 979 -1
1701022599.504889 2974 -1
1701022599.504907 54 1
1701022599.505075 1514 -1
1701022599.505115 54 1
1701022599.505162 1286 -1
1701022599.508815 1198 -1
1701022599.508815 448 -1
1701022599.508871 54 1
1701022599.520676 1176 -1
1701022599.520676 478 -1
1701022599.520676 7936 -1
1701022599.520791 54 1
1701022599.527237 7354 -1
1701022599.527365 54 1
1701022599.527813 3333 -1
1701022599.527855 54 1
1701022601.111108 228 1
1701022601.117871 1196 -1
1701022601.117871 450 -1
1701022601.117938 54 1
1701022601.117994 2974 -1
1701022601.118048 54 1
1701022601.118154 3410 -1
1701022601.118205 54 1
1701022601.120905 228 1
1701022601.121042 228 1
1701022601.121458 230 1
1701022601.123140 230 1
1701022601.124718 60 -1
1701022601.135542 1196 -1
1701022601.135542 446 -1
1701022601.135542 1177 -1
1701022601.135542 477 -1
1701022601.135616 54 1
1701022601.135674 1174 -1
1701022601.135674 477 -1
1701022601.135720 54 1
1701022601.136631 1514 -1
1701022601.136631 1514 -1
1701022601.136631 7354 -1
1701022601.136694 54 1
1701022601.137712 3247 -1
1701022601.137753 54 1
1701022601.138448 2974 -1
1701022601.138484 54 1
1701022601.138521 977 -1
1701022601.138596 13194 -1
1701022601.138668 54 1
1701022601.140781 3320 -1
1701022601.140812 54 1
1701022601.141929 85 -1
1701022601.141929 1514 -1
1701022601.141976 54 1
1701022601.142192 4434 -1
1701022601.142223 54 1
1701022601.142552 2974 -1
1701022601.142574 54 1
1701022601.142909 1776 -1
1701022601.142946 54 1
1701022601.143657 1232 -1
1701022601.143657 410 -1
1701022601.143699 54 1
1701022601.145216 7354 -1
1701022601.145278 54 1
1701022601.145847 4002 -1
1701022601.145879 54 1
1701022602.738384 226 1
1701022602.739744 232 1
1701022602.741459 228 1
1701022602.741605 227 1
1701022602.741710 226 1
1701022602.742118 60 -1
1701022602.744960 60 -1
1701022602.748133 1198 -1
1701022602.748133 448 -1
1701022602.748133 1202 -1
1701022602.748133 445 -1
1701022602.748227 54 1
1701022602.748440 7354 -1
1701022602.748489 54 1
1701022602.748954 2543 -1
1701022602.748954 8404 -1
1701022602.749038 54 1
1701022602.749821 1198 -1
1701022602.749821 455 -1
1701022602.749863 54 1
1701022602.750510 7354 -1
1701022602.750559 54 1
1701022602.750797 310 -1
1701022602.750797 1174 -1
1701022602.750821 54 1
1701022602.750914 482 -1
1701022602.750947 7354 -1
1701022602.750988 54 1
1701022602.752040 1006 -1
1701022602.760371 1174 -1
1701022602.760371 484 -1
1701022602.760462 54 1
1701022602.761760 5894 -1
1701022602.761814 54 1
1701022602.762083 3365 -1
1701022602.762105 54 1
1701022604.905930 227 1
1701022604.907075 228 1
1701022604.907232 226 1
1701022604.907858 227 1
1701022604.908041 227 1
1701022604.909147 60 -1
1701022604.918032 1250 -1
1701022604.918032 374 -1
1701022604.918122 54 1
1701022604.918194 1188 -1
1701022604.918194 457 -1
1701022604.918230 54 1
1701022604.919595 1174 -1
1701022604.919595 482 -1
1701022604.919627 54 1
1701022604.919686 3305 -1
1701022604.919703 54 1
1701022604.919878 2974 -1
1701022604.919916 54 1
1701022604.920105 5919 -1
1701022604.920148 54 1
1701022604.920766 89 1
1701022604.923452 7354 -1
1701022604.923498 54 1
1701022604.923783 3016 -1
1701022604.923811 54 1
1701022604.924035 1595 -1
1701022604.924061 54 1
1701022604.924159 1605 -1
1701022604.924179 54 1
1701022604.924547 4434 -1
1701022604.924579 54 1
1701022604.924654 7354 -1
1701022604.924675 54 1
1701022604.925271 1314 -1
1701022604.927699 5522 -1
1701022604.927757 54 1
1701022607.551275 54 1
1701022607.552141 54 1
1701022607.552693 78 -1
1701022607.552729 54 1
1701022607.552845 60 -1
1701022607.554893 78 -1
1701022607.554893 60 -1
1701022607.554942 54 1
1701022609.312948 66 1
1701022609.318207 66 -1
1701022609.318446 54 1
1701022609.319025 902 1
1701022609.320957 60 -1
1701022609.321560 318 -1
1701022609.324056 134 1
1701022609.324475 146 1
1701022609.325207 60 -1
1701022609.325547 341 -1
1701022609.325547 60 -1
1701022609.325571 583 1
1701022609.325673 230 1
1701022609.325762 229 1
1701022609.325872 227 1
1701022609.325962 229 1
1701022609.326193 115 -1
1701022609.326193 85 -1
1701022609.326530 54 1
1701022609.326699 85 1
1701022609.327121 60 -1
1701022609.327121 60 -1
1701022609.327121 60 -1
1701022609.327121 60 -1
1701022609.327418 60 -1
1701022609.327764 60 -1
1701022609.333803 1175 -1
1701022609.333803 480 -1
1701022609.333803 1039 -1
1701022609.333803 5129 -1
1701022609.333984 54 1
1701022609.334086 1041 -1
1701022609.334283 54 1
1701022609.334468 7023 -1
1701022609.334524 54 1
1701022609.337665 4162 -1
1701022609.337665 1174 -1
1701022609.337665 484 -1
1701022609.337838 54 1
1701022609.339017 5997 -1
1701022609.339086 54 1
1701022609.340200 1174 -1
1701022609.340200 479 -1
1701022609.340236 54 1
1701022609.340461 4434 -1
1701022609.340514 54 1
1701022609.340910 7354 -1
1701022609.340955 54 1
1701022609.341522 3516 -1
1701022609.341556 54 1
1701022610.924880 229 1
1701022610.925970 60 -1
1701022610.929518 227 1
1701022610.930212 229 1
1701022610.930308 231 1
1701022610.930516 227 1
1701022610.930820 1176 -1
1701022610.930820 474 -1
1701022610.930879 54 1
1701022610.932839 1514 -1
1701022610.932839 1514 -1
1701022610.932839 1514 -1
1701022610.932895 54 1
1701022610.932972 5647 -1
1701022610.933014 54 1
1701022610.936886 1171 -1
1701022610.936886 483 -1
1701022610.936886 2974 -1
1701022610.936886 4295 -1
1701022610.936986 54 1
1701022610.938390 1203 -1
1701022610.938390 438 -1
1701022610.938447 54 1
1701022610.938782 7354 -1
1701022610.938826 54 1
1701022610.939163 3415 -1
1701022610.939187 54 1
1701022610.939706 1172 -1
1701022610.939706 482 -1
1701022610.939706 7354 -1
1701022610.939760 54 1
1701022610.941152 5617 -1
1701022610.941208 54 1
1701022610.941768 1202 -1
1701022610.941768 441 -1
1701022610.941809 54 1
1701022610.944156 1514 -1
1701022610.944156 7354 -1
1701022610.944228 54 1
1701022610.945568 3892 -1
1701022610.945613 54 1
1701022613.123144 227 1
1701022613.128224 230 1
1701022613.128521 229 1
1701022613.128835 229 1
1701022613.128950 227 1
1701022613.130029 1068 -1
1701022613.130029 10621 -1
1701022613.130148 54 1
1701022613.130758 60 -1
1701022613.134330 1232 -1
1701022613.134330 398 -1
1701022613.134520 54 1
1701022613.134577 4434 -1
1701022613.134606 54 1
1701022613.134755 6318 -1
1701022613.134779 54 1
1701022613.135943 1200 -1
1701022613.135977 54 1
1701022613.136026 447 -1
1701022613.139581 1173 -1
1701022613.139581 486 -1
1701022613.139581 1514 -1
1701022613.139708 54 1
1701022613.139784 7354 -1
1701022613.139841 54 1
1701022613.140561 5054 -1
1701022613.140606 54 1
1701022613.141658 8216 -1
1701022613.141696 54 1
1701022613.143990 1210 -1
1701022613.143990 444 -1
1701022613.143990 1514 -1
1701022613.144065 54 1
1701022613.144117 2743 -1
1701022613.144132 54 1
1701022614.760921 230 1
1701022614.761864 228 1
1701022614.763326 229 1
1701022614.763816 229 1
1701022614.764006 60 -1
1701022614.764161 230 1
1701022614.766897 1049 -1
1701022614.766897 13194 -1
1701022614.767006 54 1
1701022614.767906 2095 -1
1701022614.767945 54 1
1701022614.768798 1042 -1
1701022614.768798 3101 -1
1701022614.768846 54 1
1701022614.769527 89 1
1701022614.771002 1171 -1
1701022614.771002 484 -1
1701022614.771002 9442 -1
1701022614.771100 54 1
1701022614.780898 1176 -1
1701022614.780898 475 -1
1701022614.780898 4434 -1
1701022614.780898 6814 -1
1701022614.780898 1171 -1
1701022614.780898 484 -1
1701022614.780898 5500 -1
1701022614.781080 54 1
1701022616.388741 229 1
1701022616.388898 231 1
1701022616.394545 227 1
1701022616.395233 1045 -1
1701022616.395233 4522 -1
1701022616.395320 54 1
1701022616.395527 229 1
1701022616.396407 226 1
1701022616.397952 60 -1
1701022616.403113 1044 -1
1701022616.403113 7354 -1
1701022616.403234 54 1
1701022616.403292 7354 -1
1701022616.403331 54 1
1701022616.403596 1860 -1
1701022616.403614 54 1
1701022616.403726 1884 -1
1701022616.403747 54 1
1701022616.404245 1179 -1
1701022616.404245 472 -1
1701022616.404245 2974 -1
1701022616.404245 2841 -1
1701022616.404302 54 1
1701022616.404999 1199 -1
1701022616.404999 444 -1
1701022616.404999 2974 -1
1701022616.405047 54 1
1701022616.405087 6241 -1
1701022616.405108 54 1
1701022616.406898 1174 -1
1701022616.406898 481 -1
1701022616.406953 54 1
1701022616.407364 5894 -1
1701022616.407364 2883 -1
1701022616.407536 54 1
1701022617.559345 54 1
1701022617.560705 78 -1
1701022617.560705 60 -1
1701022617.560771 54 1
1701022618.524232 66 1
1701022618.525362 66 -1
1701022618.525487 54 1
1701022618.526849 934 1
1701022618.527918 60 -1
1701022618.528846 318 -1
1701022618.529881 134 1
1701022618.530220 146 1
1701022618.530783 583 1
1701022618.530871 228 1
1701022618.530913 60 -1
1701022618.530939 229 1
1701022618.531000 227 1
1701022618.531056 230 1
1701022618.531117 341 -1
1701022618.531117 60 -1
1701022618.531363 115 -1
1701022618.531363 85 -1
1701022618.531420 54 1
1701022618.531768 60 -1
1701022618.531822 60 -1
1701022618.531845 85 1
1701022618.531982 60 -1
1701022618.531982 60 -1
1701022618.531982 60 -1
1701022618.532779 60 -1
1701022618.537644 1172 -1
1701022618.537644 485 -1
1701022618.537644 1074 -1
1701022618.537644 7354 -1
1701022618.537753 54 1
1701022618.538045 1097 -1
1701022618.538123 1043 -1
1701022618.538148 54 1
1701022618.538247 7297 -1
1701022618.538283 54 1
1701022618.538847 7354 -1
1701022618.538879 54 1
1701022618.539620 1662 -1
1701022618.539650 54 1
1701022618.539704 5302 -1
1701022618.539746 54 1
1701022618.541957 1166 -1
1701022618.541957 490 -1
1701022618.541957 5815 -1
1701022618.542045 54 1
1701022620.175886 227 1
1701022620.176512 227 1
1701022620.177514 60 -1
1701022620.177741 229 1
1701022620.177959 60 -1
1701022620.178754 60 -1
1701022620.178984 227 1
1701022620.180114 234 1
1701022620.194805 60 -1
1701022620.194805 60 -1
1701022620.194805 1177 -1
1701022620.194805 479 -1
1701022620.194805 1043 -1
1701022620.194805 5929 -1
1701022620.194805 7354 -1
1701022620.194805 7354 -1
1701022620.194805 1860 -1
1701022620.194805 7354 -1
1701022620.194805 4831 -1
1701022620.194805 7354 -1
1701022620.195099 54 1
1701022620.200887 6363 -1
1701022620.200887 2985 -1
1701022620.200887 2974 -1
1701022620.200887 5676 -1
1701022620.200887 1296 -1
1701022620.201038 66 1
1701022625.220526 227 1
1701022625.221505 227 1
1701022625.223339 60 -1
1701022625.224675 229 1
1701022625.225352 226 1
1701022625.225487 227 1
1701022625.225944 1194 -1
1701022625.225944 448 -1
1701022625.225995 54 1
1701022625.227564 1514 -1
1701022625.227680 7354 -1
1701022625.227744 89 1
1701022625.227794 54 1
1701022625.228128 3992 -1
1701022625.228153 54 1
1701022625.229485 1169 -1
1701022625.229776 487 -1
1701022625.229776 1041 -1
1701022625.229776 5390 -1
1701022625.229810 54 1
1701022625.230361 7354 -1
1701022625.230408 54 1
1701022625.230794 821 -1
1701022625.230861 1064 -1
1701022625.230885 54 1
1701022625.231042 4434 -1
1701022625.231082 54 1
1701022625.231312 2013 -1
1701022625.231342 54 1
1701022625.235478 1197 -1
1701022625.235478 447 -1
1701022625.235574 54 1
1701022625.236263 7047 -1
1701022625.236306 54 1
1701022626.860280 227 1
1701022626.860911 228 1
1701022626.861430 229 1
1701022626.861983 229 1
1701022626.862531 229 1
1701022626.892809 60 -1
1701022626.892809 1169 -1
1701022626.892809 486 -1
1701022626.892809 4755 -1
1701022626.892809 1174 -1
1701022626.892809 482 -1
1701022626.892809 6724 -1
1701022626.892809 1174 -1
1701022626.892809 482 -1
1701022626.892809 5907 -1
1701022626.892809 67 -1
1701022626.893092 66 1
1701022626.896756 60 -1
1701022626.896756 1222 -1
1701022626.896756 416 -1
1701022626.896756 5595 -1
1701022626.896756 1224 -1
1701022626.896756 408 -1
1701022626.896756 7354 -1
1701022626.896756 168 -1
1701022626.896926 54 1
1701022627.589808 54 1
1701022627.592684 78 -1
1701022627.592684 60 -1
1701022627.592733 54 1
