1701022779.219794 66 1
1701022779.220896 66 -1
1701022779.221175 54 1
1701022779.229030 572 1
1701022779.230136 60 -1
1701022779.241361 2974 -1
1701022779.241361 957 -1
1701022779.241451 54 1
1701022779.258405 134 1
1701022779.259435 60 -1
1701022779.259471 341 -1
1701022779.259489 341 -1
1701022779.259501 54 1
1701022779.320058 146 1
1701022779.321031 60 -1
1701022779.321492 115 -1
1701022779.321492 85 -1
1701022779.321524 54 1
1701022779.331884 85 1
1701022779.332096 581 1
1701022779.333973 60 -1
1701022779.333973 60 -1
1701022779.339299 1177 -1
1701022779.339299 484 -1
1701022779.339299 4362 -1
1701022779.339403 54 1
1701022779.387982 196 1
1701022779.408842 1028 -1
1701022779.408842 659 -1
1701022779.408842 5894 -1
1701022779.408842 2974 -1
1701022779.408842 2974 -1
1701022779.408842 4780 -1
1701022779.408842 85 -1
1701022779.408842 5894 -1
1701022779.409187 54 1
1701022779.409684 1514 -1
1701022779.409707 54 1
1701022779.409786 2974 -1
1701022779.409802 54 1
1701022779.410073 4434 -1
1701022779.410098 54 1
1701022779.412842 1860 -1
1701022779.412842 3810 -1
1701022779.413864 54 1
1701022779.529147 202 1
1701022779.529265 203 1
1701022779.529373 203 1
1701022779.529755 228 1
1701022779.529863 227 1
1701022779.529988 230 1
1701022779.530076 228 1
1701022779.530552 60 -1
1701022779.531226 60 -1
1701022779.537169 1054 -1
1701022779.537169 623 -1
1701022779.537208 54 1
1701022779.538288 7354 -1
1701022779.538340 54 1
1701022779.539071 7354 -1
1701022779.539189 54 1
1701022779.540429 1860 -1
1701022779.540479 54 1
1701022779.541902 16491 -1
1701022779.542218 54 1
1701022779.545361 7354 -1
1701022779.545613 54 1
1701022779.545786 7354 -1
1701022779.545863 54 1
1701022779.548270 1922 -1
1701022779.548331 54 1
1701022779.548447 7354 -1
1701022779.548509 54 1
1701022779.553232 7354 -1
1701022779.553232 7354 -1
1701022779.553232 4434 -1
1701022779.553232 7354 -1
1701022779.553519 54 1
1701022779.555349 7354 -1
1701022779.555425 54 1
1701022779.556407 7354 -1
1701022779.556493 54 1
1701022779.558168 4434 -1
1701022779.558241 54 1
1701022779.558295 7354 -1
1701022779.558373 54 1
1701022779.560244 229 1
1701022779.560325 2974 -1
1701022779.560325 7354 -1
1701022779.560367 227 1
1701022779.560416 54 1
1701022779.560518 228 1
1701022779.560614 230 1
1701022779.560710 229 1
1701022779.561093 230 1
1701022779.561191 229 1
1701022779.561286 230 1
1701022779.561390 230 1
1701022779.561575 7354 -1
1701022779.561629 54 1
1701022779.562816 7354 -1
1701022779.562999 54 1
1701022779.563572 1514 -1
1701022779.564097 54 1
1701022779.564373 7354 -1
1701022779.564433 54 1
1701022779.586783 7354 -1
1701022779.586783 7354 -1
1701022779.586783 2974 -1
1701022779.586783 7354 -1
1701022779.586783 2974 -1
1701022779.586783 5894 -1
1701022779.586783 4434 -1
1701022779.586783 7354 -1
1701022779.586783 7354 -1
1701022779.586783 7354 -1
1701022779.586783 7354 -1
1701022779.586783 1514 -1
1701022779.586783 4434 -1
1701022779.586783 1514 -1
1701022779.586783 4434 -1
1701022779.586783 1514 -1
1701022779.586783 7354 -1
1701022779.586783 7354 -1
1701022779.588094 54 1
1701022779.588363 2974 -1
1701022779.588363 60 -1
1701022779.588363 60 -1
1701022779.588363 7354 -1
1701022779.588363 7354 -1
1701022779.588363 7354 -1
1701022779.588363 1514 -1
1701022779.588656 54 1
1701022779.591160 26334 -1
1701022779.591408 54 1
1701022779.593890 2974 -1
1701022779.594010 54 1
1701022779.594180 11734 -1
1701022779.594290 54 1
1701022779.596445 7354 -1
1701022779.596655 54 1
1701022779.597648 7354 -1
1701022779.597740 54 1
1701022779.599156 7354 -1
1701022779.599247 54 1
1701022779.600305 4434 -1
1701022779.600380 54 1
1701022779.601233 21954 -1
1701022779.601375 54 1
1701022779.605700 228 1
1701022779.607460 4434 -1
1701022779.607460 5894 -1
1701022779.607460 5894 -1
1701022779.607849 7354 -1
1701022779.608744 7354 -1
1701022779.609554 1514 -1
1701022779.609591 13186 -1
1701022779.610679 54 1
1701022779.611503 228 1
1701022779.612460 60 -1
1701022779.613246 54 1
1701022779.617734 7354 -1
1701022779.617734 5894 -1
1701022779.617734 1514 -1
1701022779.617734 7354 -1
1701022779.617734 7354 -1
1701022779.618016 54 1
1701022779.618184 5902 -1
1701022779.618247 54 1
1701022779.618693 7354 -1
1701022779.618740 54 1
1701022779.619557 2974 -1
1701022779.619592 54 1
1701022779.619880 4434 -1
1701022779.619946 54 1
1701022779.620478 4434 -1
1701022779.620525 54 1
1701022779.620822 2974 -1
1701022779.620854 54 1
1701022779.621883 4434 -1
1701022779.621955 54 1
1701022779.622001 2974 -1
1701022779.622050 54 1
1701022779.622527 1514 -1
1701022779.622559 54 1
1701022779.622721 5894 -1
1701022779.622814 54 1
1701022779.623391 7354 -1
1701022779.623456 54 1
1701022779.624361 7354 -1
1701022779.624423 54 1
1701022779.625351 7354 -1
1701022779.625424 54 1
1701022779.627906 5894 -1
1701022779.627906 5894 -1
1701022779.627906 1514 -1
1701022779.627906 7354 -1
1701022779.628120 54 1
1701022779.629756 7354 -1
1701022779.629756 8814 -1
1701022779.629848 54 1
1701022779.630382 7354 -1
1701022779.630442 54 1
1701022779.631620 1514 -1
1701022779.631653 54 1
1701022779.632106 7354 -1
1701022779.632200 54 1
1701022779.633137 1514 -1
1701022779.633163 54 1
1701022779.633434 7354 -1
1701022779.634546 54 1
1701022779.634893 1514 -1
1701022779.635111 54 1
1701022779.635158 7354 -1
1701022779.635248 54 1
1701022779.637369 7354 -1
1701022779.637481 54 1
1701022779.638133 1514 -1
1701022779.638133 7354 -1
1701022779.638216 54 1
1701022779.639375 1514 -1
1701022779.639690 7354 -1
1701022779.639777 54 1
1701022779.640461 2974 -1
1701022779.640503 54 1
1701022779.641077 4434 -1
1701022779.641126 54 1
1701022779.642349 5894 -1
1701022779.642395 54 1
1701022779.643108 7354 -1
1701022779.643183 54 1
1701022779.644610 2974 -1
1701022779.644662 54 1
1701022779.644694 5894 -1
1701022779.644735 54 1
1701022779.645771 2974 -1
1701022779.645825 54 1
1701022779.646202 1514 -1
1701022779.646264 5894 -1
1701022779.646315 54 1
1701022779.647595 4434 -1
1701022779.647664 54 1
1701022779.648460 1514 -1
1701022779.648688 5894 -1
1701022779.648757 54 1
1701022779.649308 7354 -1
1701022779.649383 54 1
1701022779.650557 54 1
1701022779.651851 4434 -1
1701022779.651851 2974 -1
1701022779.651851 7354 -1
1701022779.652135 54 1
1701022779.653153 2974 -1
1701022779.653189 54 1
1701022779.653299 2974 -1
1701022779.653352 54 1
1701022779.654074 1514 -1
1701022779.654141 1514 -1
1701022779.654158 54 1
1701022779.654256 1514 -1
1701022779.654889 7354 -1
1701022779.655135 54 1
1701022779.656155 2974 -1
1701022779.656203 54 1
1701022779.656330 7354 -1
1701022779.656500 54 1
1701022779.657845 2974 -1
1701022779.657891 54 1
1701022779.658202 7354 -1
1701022779.658324 54 1
1701022779.659351 2974 -1
1701022779.659381 54 1
1701022779.659619 7354 -1
1701022779.659684 54 1
1701022779.661056 2974 -1
1701022779.661106 54 1
1701022779.664345 5894 -1
1701022779.664345 4434 -1
1701022779.664345 7354 -1
1701022779.664466 54 1
1701022779.664542 7354 -1
1701022779.664609 54 1
1701022779.677397 2974 -1
1701022779.677397 4434 -1
1701022779.677397 4912 -1
1701022779.677397 7133 -1
1701022779.677640 54 1
1701022779.733099 54 1
1701022779.892070 205 1
1701022779.902359 1098 -1
1701022779.902359 2997 -1
1701022779.902468 54 1
1701022787.757938 54 1
1701022787.759663 78 -1
1701022787.759663 60 -1
1701022787.759689 54 1
1701022791.387872 66 1
1701022791.391344 66 -1
1701022791.391484 54 1
1701022791.392942 966 1
1701022791.394790 60 -1
1701022791.394790 318 -1
1701022791.396247 134 1
1701022791.396638 146 1
1701022791.397218 583 1
1701022791.397315 229 1
1701022791.397390 60 -1
1701022791.397390 341 -1
1701022791.397428 227 1
1701022791.397519 229 1
1701022791.399963 60 -1
1701022791.399963 115 -1
1701022791.399963 85 -1
1701022791.399963 60 -1
1701022791.400142 54 1
1701022791.400784 60 -1
1701022791.400784 60 -1
1701022791.400784 60 -1
1701022791.401233 85 1
1701022791.402166 60 -1
1701022791.402786 1039 -1
1701022791.402848 6259 -1
1701022791.402873 54 1
1701022791.403314 1094 -1
1701022791.403358 7354 -1
1701022791.403396 54 1
1701022791.403943 4116 -1
1701022791.403975 54 1
1701022791.404292 1171 -1
1701022791.404310 54 1
1701022791.404380 480 -1
1701022791.404694 2974 -1
1701022791.404711 54 1
1701022791.404791 5005 -1
1701022791.404810 54 1
1701022791.407776 1204 -1
1701022791.407776 437 -1
1701022791.407776 1514 -1
1701022791.407776 3445 -1
1701022791.407866 54 1
1701022792.997898 228 1
1701022792.999447 229 1
1701022792.999558 227 1
1701022792.999947 228 1
1701022793.000175 228 1
1701022793.004250 60 -1
1701022793.009870 1206 -1
1701022793.009870 437 -1
1701022793.009870 1141 -1
1701022793.009870 9306 -1
1701022793.010023 54 1
1701022793.010558 1140 -1
1701022793.010558 522 -1
1701022793.010587 54 1
1701022793.010624 5664 -1
1701022793.010651 54 1
1701022793.012561 5755 -1
1701022793.012649 54 1
1701022793.012844 1201 -1
1701022793.013049 440 -1
1701022793.013073 54 1
1701022793.014359 1197 -1
1701022793.014359 444 -1
1701022793.014359 2443 -1
1701022793.014413 54 1
1701022793.015770 1514 -1
1701022793.015770 6055 -1
1701022793.015833 54 1
1701022795.091749 231 1
1701022795.095676 227 1
1701022795.095795 227 1
1701022795.095877 228 1
1701022795.096052 228 1
1701022795.109389 60 -1
1701022795.112322 1045 -1
1701022795.112322 8735 -1
1701022795.112415 54 1
1701022795.112877 1064 -1
1701022795.112901 54 1
1701022795.112983 2974 -1
1701022795.113006 54 1
1701022795.113213 6495 -1
1701022795.113247 54 1
1701022795.116664 1193 -1
1701022795.116664 448 -1
1701022795.116761 54 1
1701022795.117477 7354 -1
1701022795.117520 54 1
1701022795.117691 1384 -1
1701022795.117918 1205 -1
1701022795.117918 437 -1
1701022795.117918 4544 -1
1701022795.117968 54 1
1701022795.118489 1198 -1
1701022795.118489 446 -1
1701022795.118520 54 1
1701022795.121630 7354 -1
1701022795.121723 54 1
1701022795.122182 3501 -1
1701022795.122230 54 1
1701022796.669483 227 1
1701022796.669824 228 1
1701022796.669933 226 1
1701022796.670316 227 1
1701022796.672446 227 1
1701022796.675321 60 -1
1701022796.680715 1205 -1
1701022796.680715 439 -1
1701022796.680846 54 1
1701022796.680927 4225 -1
1701022796.680963 54 1
1701022796.687534 1199 -1
1701022796.687534 445 -1
1701022796.687534 2974 -1
1701022796.687534 7189 -1
1701022796.687534 1173 -1
1701022796.687534 482 -1
1701022796.687534 4434 -1
1701022796.687534 3372 -1
1701022796.687534 1144 -1
1701022796.687534 519 -1
1701022796.687534 7354 -1
1701022796.687534 6125 -1
1701022796.687534 1172 -1
1701022796.687534 482 -1
1701022796.687534 6890 -1
1701022796.687881 54 1
1701022796.695902 89 1
1701022796.737536 60 -1
1701022797.766160 54 1
1701022797.767531 78 -1
1701022797.767531 60 -1
1701022797.767605 54 1
1701022798.242821 66 1
1701022798.243806 66 -1
1701022798.243891 54 1
1701022798.244983 870 1
1701022798.245898 60 -1
1701022798.246651 318 -1
1701022798.247264 134 1
1701022798.248250 146 1
1701022798.248652 60 -1
1701022798.248652 341 -1
1701022798.248933 583 1
1701022798.249030 227 1
1701022798.249133 229 1
1701022798.249244 228 1
1701022798.249445 60 -1
1701022798.249540 227 1
1701022798.249547 115 -1
1701022798.249547 85 -1
1701022798.249606 54 1
1701022798.249903 85 1
1701022798.250000 60 -1
1701022798.250000 60 -1
1701022798.250000 60 -1
1701022798.250075 60 -1
1701022798.250687 60 -1
1701022798.250898 60 -1
1701022798.254812 1048 -1
1701022798.254812 1514 -1
1701022798.254812 11722 -1
1701022798.254945 54 1
1701022798.255431 1173 -1
1701022798.255431 475 -1
1701022798.255463 54 1
1701022798.255620 4434 -1
1701022798.255648 54 1
1701022798.255788 4516 -1
1701022798.255818 54 1
1701022798.257499 1143 -1
1701022798.257499 519 -1
1701022798.257499 1165 -1
1701022798.257548 54 1
1701022798.257615 7354 -1
1701022798.257658 54 1
1701022798.258082 1514 -1
1701022798.258112 54 1
1701022798.258856 3147 -1
1701022798.258856 493 -1
1701022798.258856 6493 -1
1701022798.258908 54 1
1701022798.262929 1193 -1
1701022798.262929 452 -1
1701022798.262991 54 1
1701022798.264195 2974 -1
1701022798.264195 5769 -1
1701022798.264253 54 1
1701022800.349893 227 1
1701022800.350020 231 1
1701022800.352633 60 -1
1701022800.354895 231 1
1701022800.355147 228 1
1701022800.355307 227 1
1701022800.357879 60 -1
1701022800.360629 1042 -1
1701022800.360629 2974 -1
1701022800.360688 54 1
1701022800.360791 2974 -1
1701022800.360811 54 1
1701022800.361052 7354 -1
1701022800.361100 54 1
1701022800.361671 1584 -1
1701022800.361695 54 1
1701022800.361935 1130 -1
1701022800.361935 539 -1
1701022800.361961 54 1
1701022800.363515 1514 -1
1701022800.363515 7079 -1
1701022800.363549 54 1
1701022800.363900 1176 -1
1701022800.363900 472 -1
1701022800.363900 1172 -1
1701022800.363935 54 1
1701022800.364031 486 -1
1701022800.364052 54 1
1701022800.365585 7354 -1
1701022800.365663 54 1
1701022800.366369 2136 -1
1701022800.366369 5943 -1
1701022800.366439 54 1
1701022800.378506 1174 -1
1701022800.378506 477 -1
1701022800.378506 5894 -1
1701022800.378506 7354 -1
1701022800.378506 2656 -1
1701022800.378734 54 1
1701022801.962287 229 1
1701022801.964493 228 1
1701022801.964784 227 1
1701022801.965779 226 1
1701022801.968042 227 1
1701022801.968859 60 -1
1701022801.979243 1044 -1
1701022801.979243 12883 -1
1701022801.979416 54 1
1701022801.979854 1171 -1
1701022801.980990 483 -1
1701022801.980990 1175 -1
1701022801.980990 475 -1
1701022801.980990 5894 -1
1701022801.980990 1249 -1
1701022801.980990 1175 -1
1701022801.980990 480 -1
1701022801.981092 54 1
1701022801.981342 7354 -1
1701022801.981388 54 1
1701022801.981690 2129 -1
1701022801.981722 54 1
1701022801.981863 1194 -1
1701022801.983987 450 -1
1701022801.983987 7246 -1
1701022801.984371 54 1
1701022801.984498 2974 -1
1701022801.984498 4294 -1
1701022801.984541 54 1
1701022805.310514 230 1
1701022805.312544 228 1
1701022805.312649 227 1
1701022805.312719 229 1
1701022805.312849 228 1
1701022805.313942 60 -1
1701022805.318081 1044 -1
1701022805.318354 6031 -1
1701022805.318389 54 1
1701022805.319881 1176 -1
1701022805.319881 479 -1
1701022805.319935 54 1
1701022805.319993 7354 -1
1701022805.320042 54 1
1701022805.320622 89 1
1701022805.321243 7354 -1
1701022805.321243 1860 -1
1701022805.321311 54 1
1701022805.321390 4434 -1
1701022805.321581 54 1
1701022805.327008 6364 -1
1701022805.327008 1175 -1
1701022805.327008 475 -1
1701022805.327008 4434 -1
1701022805.327008 3921 -1
1701022805.327008 1173 -1
1701022805.327008 478 -1
1701022805.327008 7354 -1
1701022805.327008 6537 -1
1701022805.327458 54 1
1701022805.336073 1170 -1
1701022805.336073 483 -1
1701022805.336073 4390 -1
1701022805.336317 54 1
1701022806.854492 228 1
1701022806.854702 228 1
1701022806.854815 229 1
1701022806.855132 228 1
1701022806.855229 227 1
1701022806.856548 60 -1
1701022806.863411 1140 -1
1701022806.863411 524 -1
1701022806.863517 54 1
1701022806.867414 1173 -1
1701022806.867414 483 -1
1701022806.867414 1173 -1
1701022806.867414 480 -1
1701022806.867414 7603 -1
1701022806.867414 7176 -1
1701022806.867414 1170 -1
1701022806.867414 484 -1
1701022806.867414 3787 -1
1701022806.867584 54 1
1701022806.869235 2974 -1
1701022806.869235 3495 -1
1701022806.869235 1139 -1
1701022806.869298 54 1
1701022806.872435 524 -1
1701022806.872435 4434 -1
1701022806.872435 1396 -1
1701022806.872553 54 1
1701022807.781710 54 1
1701022807.787425 78 -1
1701022807.787425 60 -1
1701022807.787512 54 1
1701022808.978505 66 1
1701022808.979643 66 -1
1701022808.979786 54 1
1701022808.981169 902 1
1701022808.990828 60 -1
1701022808.991822 318 -1
1701022808.992492 134 1
1701022808.992949 146 1
1701022808.993599 583 1
1701022808.993683 229 1
1701022808.993759 230 1
1701022808.993835 226 1
1701022808.993953 231 1
1701022808.998687 60 -1
1701022808.998687 60 -1
1701022808.998687 60 -1
1701022808.998687 60 -1
1701022808.998687 60 -1
1701022808.998687 60 -1
1701022808.998687 60 -1
1701022808.998687 341 -1
1701022808.998687 115 -1
1701022808.998687 85 -1
1701022808.999047 54 1
1701022808.999695 85 1
1701022809.000832 1175 -1
1701022809.000832 473 -1
1701022809.000832 1177 -1
1701022809.000958 54 1
1701022809.010359 476 -1
1701022809.010359 12279 -1
1701022809.010359 1173 -1
1701022809.010359 4434 -1
1701022809.010359 5277 -1
1701022809.010359 5906 -1
1701022809.010359 1176 -1
1701022809.010359 472 -1
1701022809.010359 2974 -1
1701022809.010359 4295 -1
1701022809.010359 1178 -1
1701022809.010359 477 -1
1701022809.010359 8814 -1
1701022809.010359 2072 -1
1701022809.010656 54 1
1701022810.591411 230 1
1701022810.592823 60 -1
1701022810.596926 229 1
1701022810.597499 226 1
1701022810.597972 60 -1
1701022810.598089 226 1
1701022810.598297 227 1
1701022810.598432 60 -1
1701022810.599890 1200 -1
1701022810.599890 438 -1
1701022810.599890 60 -1
1701022810.599890 60 -1
1701022810.599983 54 1
1701022810.601781 4434 -1
1701022810.601851 54 1
1701022810.602292 7354 -1
1701022810.602348 54 1
1701022810.603003 2721 -1
1701022810.603046 54 1
1701022810.607534 1173 -1
1701022810.607534 481 -1
1701022810.607642 54 1
1701022810.609346 7354 -1
1701022810.609411 54 1
1701022810.609696 2026 -1
1701022810.609739 54 1
1701022810.611860 1170 -1
1701022810.611860 486 -1
1701022810.611912 54 1
1701022810.611955 4434 -1
1701022810.611996 54 1
1701022810.612337 4445 -1
1701022810.612382 54 1
1701022810.620042 1177 -1
1701022810.620130 476 -1
1701022810.620389 54 1
1701022810.621305 7354 -1
1701022810.621358 54 1
1701022810.622132 3147 -1
1701022810.622184 54 1
1701022810.623635 1176 -1
1701022810.623635 474 -1
1701022810.623684 54 1
1701022810.626479 7354 -1
1701022810.626582 54 1
1701022810.628454 304 -1
1701022810.628521 54 1
1701022812.213081 231 1
1701022812.213221 227 1
1701022812.213296 229 1
1701022812.213377 231 1
1701022812.213624 232 1
1701022812.214851 60 -1
1701022812.214851 60 -1
1701022812.214851 60 -1
1701022812.214851 60 -1
1701022812.214851 60 -1
1701022812.222727 1065 -1
1701022812.222727 4434 -1
1701022812.222841 54 1
1701022812.222901 4524 -1
1701022812.222936 54 1
1701022812.225101 1142 -1
1701022812.225101 523 -1
1701022812.225101 1018 -1
1701022812.225101 7087 -1
1701022812.225196 54 1
1701022812.225483 6219 -1
1701022812.225523 54 1
1701022812.226064 1173 -1
1701022812.226064 479 -1
1701022812.226091 54 1
1701022812.226338 4434 -1
1701022812.226372 54 1
1701022812.226489 9927 -1
1701022812.226538 54 1
1701022812.233701 1175 -1
1701022812.233701 478 -1
1701022812.233779 54 1
1701022812.234118 2974 -1
1701022812.234171 54 1
1701022812.234363 7354 -1
1701022812.234419 54 1
1701022812.234786 3365 -1
1701022812.234819 54 1
1701022814.373638 230 1
1701022814.373779 229 1
1701022814.373856 227 1
1701022814.374880 229 1
1701022814.375046 226 1
1701022814.375743 60 -1
1701022814.379477 60 -1
1701022814.380822 1171 -1
1701022814.380822 486 -1
1701022814.380919 54 1
1701022814.381099 1063 -1
1701022814.381099 2915 -1
1701022814.381099 5975 -1
1701022814.381161 54 1
1701022814.383360 1163 -1
1701022814.383360 488 -1
1701022814.383416 54 1
1701022814.384532 4434 -1
1701022814.384590 54 1
1701022814.384697 7354 -1
1701022814.384747 54 1
1701022814.386403 667 -1
1701022814.387355 89 1
1701022814.393989 1172 -1
1701022814.393989 481 -1
1701022814.393989 7354 -1
1701022814.394117 54 1
1701022814.394427 3198 -1
1701022814.394472 54 1
1701022814.424924 1120 -1
1701022814.424924 556 -1
1701022814.425036 54 1
1701022814.430802 8342 -1
1701022814.430914 54 1
1701022816.011064 228 1
1701022816.021937 229 1
1701022816.022051 229 1
1701022816.022191 228 1
1701022816.022461 228 1
1701022816.023852 1162 -1
1701022816.023852 493 -1
1701022816.023852 7354 -1
1701022816.023852 754 -1
1701022816.023988 54 1
1701022816.024099 60 -1
1701022816.032733 1046 -1
1701022816.032832 4434 -1
1701022816.032885 54 1
1701022816.033051 2787 -1
1701022816.033070 54 1
1701022816.036735 1172 -1
1701022816.036735 484 -1
1701022816.036735 1192 -1
1701022816.036735 448 -1
1701022816.036808 54 1
1701022816.040586 1514 -1
1701022816.040668 5289 -1
1701022816.040700 54 1
1701022816.041060 1174 -1
1701022816.041060 4918 -1
1701022816.041140 54 1
1701022816.042578 4434 -1
1701022816.042578 3331 -1
1701022816.042642 54 1
1701022817.804249 54 1
1701022817.805577 78 -1
1701022817.805577 60 -1
1701022817.805615 54 1
1701022820.140158 66 1
1701022820.141531 66 -1
1701022820.141902 54 1
1701022820.142695 966 1
1701022820.143614 60 -1
1701022820.144373 318 -1
1701022820.145380 134 1
1701022820.146141 146 1
1701022820.146637 60 -1
1701022820.146637 341 -1
1701022820.147827 582 1
1701022820.148466 60 -1
1701022820.148466 115 -1
1701022820.148466 85 -1
1701022820.148535 230 1
1701022820.148705 54 1
1701022820.148755 60 -1
1701022820.148996 228 1
1701022820.149141 229 1
1701022820.149548 227 1
1701022820.149571 60 -1
1701022820.149809 85 1
1701022820.150537 60 -1
1701022820.150537 60 -1
1701022820.150537 60 -1
1701022820.150704 60 -1
1701022820.153866 1170 -1
1701022820.153866 480 -1
1701022820.153866 1068 -1
1701022820.153866 10274 -1
1701022820.154007 54 1
1701022820.154564 4285 -1
1701022820.154623 54 1
1701022820.154901 1064 -1
1701022820.154927 54 1
1701022820.154992 2974 -1
1701022820.155024 54 1
1701022820.155238 3199 -1
1701022820.155274 54 1
1701022820.155504 4434 -1
1701022820.155549 54 1
1701022820.155949 7354 -1
1701022820.155995 54 1
1701022820.156494 237 -1
1701022820.156494 1174 -1
1701022820.156535 54 1
1701022820.156574 476 -1
1701022820.156604 54 1
1701022820.156653 4434 -1
1701022820.156689 54 1
1701022820.156978 5460 -1
1701022820.157006 54 1
1701022820.160089 1195 -1
1701022820.160089 451 -1
1701022820.160089 3883 -1
1701022820.160168 54 1
1701022822.310540 227 1
1701022822.310670 228 1
1701022822.310777 228 1
1701022822.310882 231 1
1701022822.311096 228 1
1701022822.312260 60 -1
1701022822.317200 1042 -1
1701022822.317200 4434 -1
1701022822.317321 54 1
1701022822.320510 6205 -1
1701022822.320510 1198 -1
1701022822.320510 442 -1
1701022822.320510 5157 -1
1701022822.320510 1173 -1
1701022822.320510 478 -1
1701022822.320510 1173 -1
1701022822.320510 479 -1
1701022822.320510 2974 -1
1701022822.320510 7354 -1
1701022822.320701 54 1
1701022822.323023 6240 -1
1701022822.323023 85 -1
1701022822.323023 7354 -1
1701022822.323023 201 -1
1701022822.323023 4055 -1
1701022822.323023 6735 -1
1701022822.323136 54 1
1701022823.943682 229 1
1701022823.943973 227 1
1701022823.944120 228 1
1701022823.944245 227 1
1701022823.944360 229 1
1701022823.946226 60 -1
1701022823.949112 1041 -1
1701022823.949112 1514 -1
1701022823.949112 5285 -1
1701022823.949208 54 1
1701022823.951187 1172 -1
1701022823.951187 483 -1
1701022823.951187 1172 -1
1701022823.951187 477 -1
1701022823.951187 2974 -1
1701022823.951433 54 1
1701022823.951497 6594 -1
1701022823.951526 54 1
1701022823.951924 7354 -1
1701022823.951954 54 1
1701022823.952935 3723 -1
1701022823.952935 1176 -1
1701022823.952935 478 -1
1701022823.952935 7354 -1
1701022823.953008 54 1
1701022823.953485 7354 -1
1701022823.953526 54 1
1701022823.954073 1608 -1
1701022823.954102 54 1
1701022823.955520 1172 -1
1701022823.955520 486 -1
1701022823.955520 7140 -1
1701022823.955596 54 1
1701022825.576090 228 1
1701022825.581520 228 1
1701022825.581814 228 1
1701022825.583799 234 1
1701022825.584495 229 1
1701022825.586936 1170 -1
1701022825.586936 485 -1
1701022825.587057 54 1
1701022825.589061 6052 -1
1701022825.589202 54 1
1701022825.589549 1064 -1
1701022825.589549 4434 -1
1701022825.589604 54 1
1701022825.589639 7335 -1
1701022825.589694 54 1
1701022825.590841 1172 -1
1701022825.590841 483 -1
1701022825.590898 54 1
1701022825.590951 4651 -1
1701022825.590981 54 1
1701022825.591590 1173 -1
1701022825.591590 483 -1
1701022825.591624 54 1
1701022825.591804 6182 -1
1701022825.591837 54 1
1701022825.591913 89 1
1701022825.611502 1170 -1
1701022825.611502 482 -1
1701022825.611658 54 1
1701022825.612445 4434 -1
1701022825.612486 54 1
1701022825.612567 3403 -1
1701022825.612597 54 1
1701022825.621752 483 -1
1701022825.621841 66 1
1701022827.220405 229 1
1701022827.220515 228 1
1701022827.220592 228 1
1701022827.220850 231 1
1701022827.220934 227 1
1701022827.222487 60 -1
1701022827.225543 60 -1
1701022827.230203 1139 -1
1701022827.230203 520 -1
1701022827.230203 1195 -1
1701022827.230203 450 -1
1701022827.230557 54 1
1701022827.230642 7077 -1
1701022827.230680 54 1
1701022827.230793 6167 -1
1701022827.230841 54 1
1701022827.234543 1201 -1
1701022827.234543 445 -1
1701022827.234543 1221 -1
1701022827.234543 411 -1
1701022827.234647 54 1
1701022827.235930 2974 -1
1701022827.235981 54 1
1701022827.236113 2095 -1
1701022827.236155 54 1
1701022827.236718 3004 -1
1701022827.236718 1193 -1
1701022827.236718 450 -1
1701022827.236785 54 1
1701022827.241219 4434 -1
1701022827.241219 1485 -1
1701022827.241324 54 1
1701022827.815700 54 1
1701022827.816799 78 -1
1701022827.816799 60 -1
1701022827.816843 54 1
1701022829.355611 66 1
1701022829.356800 66 -1
1701022829.356898 54 1
1701022829.357583 870 1
1701022829.359255 60 -1
1701022829.360050 318 -1
1701022829.360551 134 1
1701022829.360864 146 1
1701022829.361396 585 1
1701022829.361470 60 -1
1701022829.361574 227 1
1701022829.361628 341 -1
1701022829.361752 60 -1
1701022829.361781 226 1
1701022829.361893 115 -1
1701022829.361893 85 -1
1701022829.361920 54 1
1701022829.361977 227 1
1701022829.362303 227 1
1701022829.362340 60 -1
1701022829.362463 85 1
1701022829.362527 60 -1
1701022829.362674 60 -1
1701022829.362825 60 -1
1701022829.363251 60 -1
1701022829.363467 60 -1
1701022829.367056 1171 -1
1701022829.367056 483 -1
1701022829.367151 54 1
1701022829.367197 1064 -1
1701022829.367197 7428 -1
1701022829.367268 54 1
1701022829.367625 4961 -1
1701022829.367693 54 1
1701022829.370867 1136 -1
1701022829.370867 530 -1
1701022829.370955 54 1
1701022829.371015 2974 -1
1701022829.371044 54 1
1701022829.371095 3023 -1
1701022829.371122 54 1
1701022829.375058 1172 -1
1701022829.375058 486 -1
1701022829.375144 54 1
1701022829.375732 1174 -1
1701022829.375732 479 -1
1701022829.375765 54 1
1701022829.376054 3531 -1
1701022829.376086 54 1
1701022829.376928 1514 -1
1701022829.376928 7354 -1
1701022829.377003 54 1
1701022829.377105 7354 -1
1701022829.377163 54 1
1701022829.377569 400 -1
1701022829.377602 2572 -1
1701022829.377620 54 1
1701022833.816051 228 1
1701022833.821141 227 1
1701022833.822630 228 1
1701022833.822917 229 1
1701022833.823338 230 1
1701022833.823540 60 -1
1701022833.826257 60 -1
1701022833.833002 1173 -1
1701022833.833002 482 -1
1701022833.833085 54 1
1701022833.838510 7354 -1
1701022833.838591 54 1
1701022833.838692 2055 -1
1701022833.838723 54 1
1701022833.838829 1173 -1
1701022833.838856 54 1
1701022833.838992 483 -1
1701022833.838992 1172 -1
1701022833.839018 54 1
1701022833.839099 483 -1
1701022833.840885 2974 -1
1701022833.840885 4009 -1
1701022833.840924 54 1
1701022833.841136 1228 -1
1701022833.841288 408 -1
1701022833.841288 5469 -1
1701022833.841338 54 1
1701022833.846643 2974 -1
1701022833.846717 54 1
1701022833.846778 4953 -1
1701022833.846831 54 1
1701022833.852527 1197 -1
1701022833.852527 451 -1
1701022833.852614 54 1
1701022833.852954 5046 -1
1701022833.852985 54 1
1701022835.440227 231 1
1701022835.440706 227 1
1701022835.443108 228 1
1701022835.443233 227 1
1701022835.443916 228 1
1701022835.452936 60 -1
1701022835.454619 1194 -1
1701022835.454619 451 -1
1701022835.454619 1165 -1
1701022835.454619 4528 -1
1701022835.454619 491 -1
1701022835.454619 6064 -1
1701022835.454774 54 1
1701022835.457980 89 1
1701022835.459866 1205 -1
1701022835.459866 442 -1
1701022835.459945 54 1
1701022835.461686 1202 -1
1701022835.461686 446 -1
1701022835.461686 7187 -1
1701022835.461760 54 1
1701022835.464911 1172 -1
1701022835.464911 485 -1
1701022835.464911 5334 -1
1701022835.465023 54 1
1701022835.467747 5991 -1
1701022835.467837 54 1
1701022837.660700 227 1
1701022837.660848 229 1
1701022837.660961 229 1
1701022837.661053 226 1
1701022837.664207 60 -1
1701022837.667994 1170 -1
1701022837.667994 483 -1
1701022837.668101 54 1
1701022837.668177 9425 -1
1701022837.668234 54 1
1701022837.668676 1198 -1
1701022837.668711 54 1
1701022837.668793 453 -1
1701022837.668916 6045 -1
1701022837.668940 54 1
1701022837.671193 1201 -1
1701022837.671428 442 -1
1701022837.671428 7137 -1
1701022837.671488 54 1
1701022837.671742 1169 -1
1701022837.671781 54 1
1701022837.671944 484 -1
1701022837.671944 7798 -1
1701022837.671985 54 1
1701022837.677718 254 1
1701022837.697669 1238 -1
1701022837.697669 387 -1
1701022837.697669 4264 -1
1701022837.697669 1344 -1
1701022837.697843 66 1
1701022837.826536 54 1
1701022837.827673 78 -1
1701022837.827673 60 -1
1701022837.827696 54 1
1701022839.275206 66 1
1701022839.283639 66 -1
1701022839.283753 54 1
1701022839.284693 669 1
1701022839.285798 60 -1
1701022839.287932 66 1
1701022839.288834 66 -1
1701022839.288942 54 1
1701022839.294301 2974 -1
1701022839.294301 956 -1
1701022839.294430 54 1
1701022839.302520 966 1
1701022839.305981 60 -1
1701022839.305981 318 -1
1701022839.308405 134 1
1701022839.309036 134 1
1701022839.309418 146 1
1701022839.309644 146 1
1701022839.309873 590 1
1701022839.310044 60 -1
1701022839.310044 341 -1
1701022839.310175 583 1
1701022839.310278 228 1
1701022839.310382 228 1
1701022839.310488 228 1
1701022839.310855 60 -1
1701022839.311128 60 -1
1701022839.311210 60 -1
1701022839.311703 60 -1
1701022839.311703 60 -1
1701022839.312554 60 -1
1701022839.312554 60 -1
1701022839.312554 60 -1
1701022839.312554 341 -1
1701022839.312637 341 -1
1701022839.312663 54 1
1701022839.314711 115 -1
1701022839.314711 85 -1
1701022839.314755 54 1
1701022839.314994 85 1
1701022839.315169 115 -1
1701022839.315169 85 -1
1701022839.315247 54 1
1701022839.315445 85 1
1701022839.315809 60 -1
1701022839.316574 60 -1
1701022839.317247 1173 -1
1701022839.317247 482 -1
1701022839.317247 7354 -1
1701022839.317338 54 1
1701022839.317725 7354 -1
1701022839.317764 54 1
1701022839.318320 2786 -1
1701022839.318344 54 1
1701022839.318564 1215 -1
1701022839.318643 421 -1
1701022839.318667 54 1
1701022839.319483 7354 -1
1701022839.319533 54 1
1701022839.319783 1675 -1
1701022839.319803 54 1
1701022839.322615 1175 -1
1701022839.322615 478 -1
1701022839.322615 1197 -1
1701022839.322615 448 -1
1701022839.322615 4434 -1
1701022839.322807 54 1
1701022839.322868 6253 -1
1701022839.322928 54 1
1701022839.323187 1202 -1
1701022839.323292 7936 -1
1701022839.323316 54 1
1701022839.324020 441 -1
1701022839.324039 54 1
1701022839.324859 5667 -1
1701022839.324896 54 1
1701022840.914169 228 1
1701022840.915540 228 1
1701022840.918158 60 -1
1701022840.919623 228 1
1701022840.920444 230 1
1701022840.921848 230 1
1701022840.922866 60 -1
1701022840.925850 1196 -1
1701022840.925850 451 -1
1701022840.925908 54 1
1701022840.926144 1196 -1
1701022840.926144 446 -1
1701022840.926175 54 1
1701022840.929670 2974 -1
1701022840.929670 1514 -1
1701022840.929670 5894 -1
1701022840.929670 1514 -1
1701022840.929670 1514 -1
1701022840.929670 327 -1
1701022840.929670 6329 -1
1701022840.929804 54 1
1701022840.929877 1173 -1
1701022840.929877 484 -1
1701022840.929877 1175 -1
1701022840.929877 3890 -1
1701022840.929939 54 1
1701022840.929991 477 -1
1701022840.930019 54 1
1701022840.930464 7354 -1
1701022840.930497 54 1
1701022840.930875 7354 -1
1701022840.930918 54 1
1701022840.931633 1860 -1
1701022840.931633 85 -1
1701022840.931690 54 1
1701022840.931726 7354 -1
1701022840.931774 54 1
1701022840.932246 3236 -1
1701022840.932287 54 1
1701022840.932548 1231 -1
1701022840.932590 54 1
1701022840.932632 410 -1
1701022840.932632 7354 -1
1701022840.932711 54 1
1701022840.935739 4002 -1
1701022840.935795 54 1
1701022842.557367 226 1
1701022842.563819 232 1
1701022842.564202 228 1
1701022842.564292 227 1
1701022842.564722 226 1
1701022842.571706 60 -1
1701022842.571897 1198 -1
1701022842.571897 449 -1
1701022842.571975 54 1
1701022842.574413 7354 -1
1701022842.574506 54 1
1701022842.576072 2542 -1
1701022842.576140 54 1
1701022842.576984 1198 -1
1701022842.576984 454 -1
1701022842.577033 54 1
1701022842.578553 7354 -1
1701022842.578635 54 1
1701022842.578742 311 -1
1701022842.578770 1173 -1
1701022842.578788 54 1
1701022842.578861 483 -1
1701022842.584888 1203 -1
1701022842.584888 445 -1
1701022842.584888 8305 -1
1701022842.585011 54 1
1701022842.591034 7354 -1
1701022842.591034 1104 -1
1701022842.591034 1174 -1
1701022842.591034 485 -1
1701022842.591034 7354 -1
1701022842.591172 54 1
1701022842.592341 1904 -1
1701022842.592390 54 1
1701022844.752925 227 1
1701022844.755549 228 1
1701022844.755933 1043 -1
1701022844.755933 10713 -1
1701022844.756047 54 1
1701022844.758066 226 1
1701022844.758156 227 1
1701022844.758251 227 1
1701022844.758799 89 1
1701022844.758958 60 -1
1701022844.761633 60 -1
1701022844.769257 1201 -1
1701022844.769349 442 -1
1701022844.769403 54 1
1701022844.771445 1250 -1
1701022844.771445 373 -1
1701022844.771445 5531 -1
1701022844.771554 54 1
1701022844.772227 3306 -1
1701022844.772257 54 1
1701022844.773813 1178 -1
1701022844.773813 482 -1
1701022844.773855 54 1
1701022844.777553 1189 -1
1701022844.777553 457 -1
1701022844.777553 7354 -1
1701022844.777553 1539 -1
1701022844.777553 1514 -1
1701022844.777553 1514 -1
1701022844.777553 7354 -1
1701022844.777667 54 1
1701022844.788829 2774 -1
1701022844.788829 1314 -1
1701022844.788956 66 1
1701022847.848929 54 1
1701022847.849506 54 1
1701022847.851698 78 -1
1701022847.851698 60 -1
1701022847.851855 54 1
1701022847.852030 78 -1
1701022847.852030 60 -1
1701022847.852090 54 1
1701022850.203152 66 1
1701022850.205623 66 -1
1701022850.205753 54 1
1701022850.207374 966 1
1701022850.234412 60 -1
1701022850.234412 318 -1
1701022850.235282 134 1
1701022850.235904 146 1
1701022850.236303 60 -1
1701022850.236613 583 1
1701022850.236732 229 1
1701022850.236811 229 1
1701022850.236893 230 1
1701022850.236966 227 1
1701022850.237289 60 -1
1701022850.237672 341 -1
1701022850.238120 60 -1
1701022850.238120 60 -1
1701022850.238120 60 -1
1701022850.238120 60 -1
1701022850.238120 60 -1
1701022850.239899 115 -1
1701022850.239899 85 -1
1701022850.239952 54 1
1701022850.240392 85 1
1701022850.241290 60 -1
1701022850.248360 1175 -1
1701022850.248360 480 -1
1701022850.248360 1173 -1
1701022850.248465 54 1
1701022850.248665 4162 -1
1701022850.248719 54 1
1701022850.248752 479 -1
1701022850.248752 1170 -1
1701022850.248772 54 1
1701022850.248828 8604 -1
1701022850.248892 54 1
1701022850.249618 7354 -1
1701022850.249665 54 1
1701022850.250741 2974 -1
1701022850.250741 4976 -1
1701022850.250799 54 1
1701022850.250840 5996 -1
1701022850.250887 54 1
1701022850.251290 4434 -1
1701022850.251330 54 1
1701022850.251657 1894 -1
1701022850.251683 54 1
1701022851.867637 229 1
1701022851.868367 227 1
1701022851.868603 229 1
1701022851.868885 231 1
1701022851.868986 227 1
1701022851.889450 60 -1
1701022851.889450 1176 -1
1701022851.889450 474 -1
1701022851.889450 7354 -1
1701022851.889450 2727 -1
1701022851.889450 1172 -1
1701022851.889450 483 -1
1701022851.889450 7215 -1
1701022851.889660 54 1
1701022851.890045 60 -1
1701022851.896930 1172 -1
1701022851.896930 482 -1
1701022851.897009 54 1
1701022851.898341 12917 -1
1701022851.898430 54 1
1701022851.901916 1200 -1
1701022851.901916 446 -1
1701022851.901916 1200 -1
1701022851.901916 7354 -1
1701022851.901916 3407 -1
1701022851.901916 448 -1
1701022851.901916 7354 -1
1701022851.901916 5345 -1
1701022851.902132 54 1
1701022854.102078 227 1
1701022854.105063 230 1
1701022854.106340 60 -1
1701022854.107672 229 1
1701022854.108044 229 1
1701022854.108138 227 1
1701022854.113820 1198 -1
1701022854.113820 443 -1
1701022854.113949 54 1
1701022854.116945 1514 -1
1701022854.116945 7354 -1
1701022854.117024 54 1
1701022854.117413 1503 -1
1701022854.121167 1229 -1
1701022854.121167 406 -1
1701022854.121167 1173 -1
1701022854.121167 486 -1
1701022854.121167 1208 -1
1701022854.121167 445 -1
1701022854.121290 54 1
1701022854.121684 7354 -1
1701022854.121723 54 1
1701022854.122081 3390 -1
1701022854.122107 54 1
1701022854.122353 7354 -1
1701022854.122390 54 1
1701022854.123033 916 -1
1701022854.123033 2974 -1
1701022854.123077 54 1
1701022854.123271 1282 -1
1701022854.123288 54 1
1701022854.124121 1199 -1
1701022854.124121 447 -1
1701022854.124148 54 1
1701022854.124218 7354 -1
1701022854.124253 54 1
1701022854.124897 6514 -1
1701022854.124937 54 1
1701022855.748974 230 1
1701022855.750578 228 1
1701022855.751842 60 -1
1701022855.754777 229 1
1701022855.754913 229 1
1701022855.755665 230 1
1701022855.760738 1169 -1
1701022855.760738 483 -1
1701022855.760844 54 1
1701022855.762507 89 1
1701022855.763723 9443 -1
1701022855.763792 54 1
1701022855.767943 1177 -1
1701022855.767943 478 -1
1701022855.768029 54 1
1701022855.771984 7354 -1
1701022855.772108 54 1
1701022855.772203 7354 -1
1701022855.772250 54 1
1701022855.772832 242 -1
1701022855.772832 1173 -1
1701022855.772883 54 1
1701022855.773050 1599 -1
1701022855.773050 7051 -1
1701022855.773094 54 1
1701022855.773770 475 -1
1701022855.774099 2703 -1
1701022855.774120 54 1
1701022855.774296 7354 -1
1701022855.774349 54 1
1701022855.775371 3894 -1
1701022855.775402 54 1
1701022857.406716 229 1
1701022857.406873 231 1
1701022857.409741 60 -1
1701022857.410040 227 1
1701022857.410182 229 1
1701022857.410354 226 1
1701022857.412174 60 -1
1701022857.415274 1172 -1
1701022857.415274 483 -1
1701022857.415384 54 1
1701022857.417931 4124 -1
1701022857.418001 54 1
1701022857.418068 1199 -1
1701022857.418110 54 1
1701022857.418170 445 -1
1701022857.418398 7354 -1
1701022857.418448 54 1
1701022857.418894 1860 -1
1701022857.418922 54 1
1701022857.419018 1174 -1
1701022857.419070 482 -1
1701022857.419092 54 1
1701022857.419179 8814 -1
1701022857.419223 54 1
1701022857.419837 4434 -1
1701022857.419860 54 1
1701022857.420196 3320 -1
1701022857.420230 54 1
1701022857.420474 1487 -1
1701022857.422818 1173 -1
1701022857.422818 481 -1
1701022857.422872 54 1
1701022857.425015 7354 -1
1701022857.425080 54 1
1701022857.425499 1423 -1
1701022857.425705 1175 -1
1701022857.425705 480 -1
1701022857.425737 54 1
1701022857.428381 5753 -1
1701022857.428434 54 1
1701022857.870464 54 1
1701022857.872284 78 -1
1701022857.872284 60 -1
1701022857.872387 54 1
1701022859.611939 66 1
1701022859.613212 66 -1
1701022859.613328 54 1
1701022859.615289 966 1
1701022859.617008 60 -1
1701022859.617086 318 -1
1701022859.617627 134 1
1701022859.617988 146 1
1701022859.618450 583 1
1701022859.618551 227 1
1701022859.618651 230 1
1701022859.618732 60 -1
1701022859.618769 228 1
1701022859.618828 229 1
1701022859.618902 60 -1
1701022859.619307 341 -1
1701022859.619380 115 -1
1701022859.619380 85 -1
1701022859.619399 54 1
1701022859.619762 85 1
1701022859.619873 60 -1
1701022859.619873 60 -1
1701022859.619873 60 -1
1701022859.619873 60 -1
1701022859.619873 60 -1
1701022859.621134 60 -1
1701022859.626397 1165 -1
1701022859.626397 490 -1
1701022859.626487 54 1
1701022859.626717 5815 -1
1701022859.626957 54 1
1701022859.628298 1171 -1
1701022859.628298 480 -1
1701022859.628298 7579 -1
1701022859.628930 54 1
1701022859.629175 1172 -1
1701022859.629175 485 -1
1701022859.629216 54 1
1701022859.629451 5302 -1
1701022859.629515 54 1
1701022859.629962 1173 -1
1701022859.629962 483 -1
1701022859.629996 54 1
1701022859.630619 1207 -1
1701022859.630680 434 -1
1701022859.630680 6899 -1
1701022859.630703 54 1
1701022859.632131 7354 -1
1701022859.632174 54 1
1701022859.632816 748 -1
1701022859.680687 54 1
1701022861.269345 227 1
1701022861.270052 227 1
1701022861.270633 60 -1
1701022861.270719 229 1
1701022861.271232 227 1
1701022861.271775 234 1
1701022861.272077 60 -1
1701022861.272870 60 -1
1701022861.272870 60 -1
1701022861.272870 60 -1
1701022861.280004 1181 -1
1701022861.280004 471 -1
1701022861.280105 54 1
1701022861.281235 2974 -1
1701022861.281235 4434 -1
1701022861.281293 54 1
1701022861.281462 2974 -1
1701022861.281488 54 1
1701022861.281806 4434 -1
1701022861.281842 54 1
1701022861.281951 1860 -1
1701022861.281979 54 1
1701022861.282180 85 -1
1701022861.282180 7354 -1
1701022861.282219 54 1
1701022861.282790 4808 -1
1701022861.282819 54 1
1701022861.286854 1604 -1
1701022861.286854 1166 -1
1701022861.286854 494 -1
1701022861.286854 2985 -1
1701022861.286854 9188 -1
1701022861.286854 1173 -1
1701022861.286854 483 -1
1701022861.286854 5531 -1
1701022861.286854 1202 -1
1701022861.286854 442 -1
1701022861.286854 7354 -1
1701022861.286854 1288 -1
1701022861.287040 54 1
1701022866.828274 227 1
1701022866.829132 227 1
1701022866.831706 60 -1
1701022866.832179 229 1
1701022866.832638 226 1
1701022866.833082 227 1
1701022866.836925 60 -1
1701022866.841742 1199 -1
1701022866.841742 440 -1
1701022866.841873 54 1
1701022866.842519 7354 -1
1701022866.842680 54 1
1701022866.842961 5460 -1
1701022866.843003 54 1
1701022866.843274 1169 -1
1701022866.843299 54 1
1701022866.843387 1628 -1
1701022866.843411 54 1
1701022866.843704 452 -1
1701022866.844115 7354 -1
1701022866.844140 54 1
1701022866.844751 821 -1
1701022866.844751 1198 -1
1701022866.844791 54 1
1701022866.844862 447 -1
1701022866.844862 6026 -1
1701022866.844914 54 1
1701022866.845464 1172 -1
1701022866.845464 481 -1
1701022866.845485 54 1
1701022866.845930 7047 -1
1701022866.845973 54 1
1701022866.846236 4994 -1
1701022866.846264 54 1
1701022866.847139 89 1
1701022866.889565 60 -1
1701022867.885818 54 1
1701022867.887512 78 -1
1701022867.887512 60 -1
1701022867.887693 54 1
