1701025426.430258 66 1
1701025426.431268 66 -1
1701025426.431506 54 1
1701025426.434654 631 1
1701025426.435706 60 -1
1701025426.447373 2974 -1
1701025426.447373 955 -1
1701025426.447453 54 1
1701025426.464211 134 1
1701025426.465199 60 -1
1701025426.465718 341 -1
1701025426.465899 341 -1
1701025426.465926 54 1
1701025426.510240 146 1
1701025426.511837 60 -1
1701025426.513433 115 -1
1701025426.513433 85 -1
1701025426.513503 54 1
1701025426.541890 583 1
1701025426.543104 60 -1
1701025426.545146 1046 -1
1701025426.545146 1514 -1
1701025426.545146 3301 -1
1701025426.545183 54 1
1701025426.560322 85 1
1701025426.601574 60 -1
1701025426.602207 197 1
1701025426.603298 60 -1
1701025426.606518 897 -1
1701025426.606518 14654 -1
1701025426.606974 54 1
1701025426.607603 1860 -1
1701025426.607630 54 1
1701025426.608306 85 -1
1701025426.608306 4434 -1
1701025426.608379 54 1
1701025426.609408 1514 -1
1701025426.609408 7354 -1
1701025426.609524 54 1
1701025426.610214 3320 -1
1701025426.610251 54 1
1701025426.611410 4384 -1
1701025426.611472 54 1
1701025426.701166 202 1
1701025426.702736 60 -1
1701025426.711843 1055 -1
1701025426.711843 622 -1
1701025426.711843 7354 -1
1701025426.712565 54 1
1701025426.712633 7354 -1
1701025426.713435 54 1
1701025426.713529 1860 -1
1701025426.713529 5894 -1
1701025426.714181 54 1
1701025426.715166 2974 -1
1701025426.715166 7354 -1
1701025426.715254 54 1
1701025426.717192 431 -1
1701025426.717192 7354 -1
1701025426.717567 54 1
1701025426.717631 4434 -1
1701025426.717686 54 1
1701025426.718476 1514 -1
1701025426.718548 3382 -1
1701025426.718603 54 1
1701025426.719198 7354 -1
1701025426.719273 54 1
1701025426.720428 7354 -1
1701025426.720505 54 1
1701025426.721374 7354 -1
1701025426.721408 54 1
1701025426.722654 7354 -1
1701025426.722723 54 1
1701025426.724198 7354 -1
1701025426.724310 54 1
1701025426.725265 7354 -1
1701025426.725325 54 1
1701025426.726233 5534 -1
1701025426.726493 54 1
1701025426.727600 7354 -1
1701025426.727699 54 1
1701025426.728984 4434 -1
1701025426.729047 54 1
1701025426.729565 7354 -1
1701025426.735649 54 1
1701025426.735774 7354 -1
1701025426.735774 5894 -1
1701025426.735774 7354 -1
1701025426.735774 1858 -1
1701025426.735882 54 1
1701025426.902035 202 1
1701025426.903510 60 -1
1701025426.916918 1002 -1
1701025426.916918 696 -1
1701025426.916918 2974 -1
1701025426.916918 7354 -1
1701025426.917076 54 1
1701025426.918697 6240 -1
1701025426.918697 7354 -1
1701025426.918697 7354 -1
1701025426.918697 1891 -1
1701025426.918697 85 -1
1701025426.918697 7354 -1
1701025426.920023 54 1
1701025426.921042 7354 -1
1701025426.921042 2974 -1
1701025426.921042 7354 -1
1701025426.921042 7354 -1
1701025426.921466 54 1
1701025426.921560 777 -1
1701025426.921560 7354 -1
1701025426.921641 54 1
1701025426.921954 7354 -1
1701025426.922062 54 1
1701025426.922562 54 1
1701025426.922594 7354 -1
1701025426.922638 54 1
1701025426.923166 7354 -1
1701025426.923203 54 1
1701025426.923957 21954 -1
1701025426.924068 54 1
1701025426.925579 2974 -1
1701025426.925635 54 1
1701025426.925930 7354 -1
1701025426.926006 54 1
1701025426.926459 4561 -1
1701025426.926538 54 1
1701025426.927070 7354 -1
1701025426.927147 54 1
1701025426.927395 929 -1
1701025426.927414 54 1
1701025426.927479 7354 -1
1701025426.927539 54 1
1701025426.928103 7354 -1
1701025426.928161 54 1
1701025426.928690 1860 -1
1701025426.928709 54 1
1701025426.929006 85 -1
1701025426.929006 7354 -1
1701025426.929073 54 1
1701025426.929139 54 1
1701025426.929573 7354 -1
1701025426.929628 54 1
1701025426.930067 1860 -1
1701025426.930098 54 1
1701025426.930194 7354 -1
1701025426.930249 54 1
1701025426.930722 54 1
1701025426.930917 54 1
1701025426.931009 7354 -1
1701025426.931042 54 1
1701025426.931551 7354 -1
1701025426.931582 54 1
1701025426.932028 7354 -1
1701025426.932133 54 1
1701025426.932629 1305 -1
1701025426.932649 54 1
1701025427.109387 205 1
1701025427.113479 896 -1
1701025427.113479 7354 -1
1701025427.113644 54 1
1701025427.114435 7354 -1
1701025427.114435 1860 -1
1701025427.114477 54 1
1701025427.114534 2974 -1
1701025427.114559 54 1
1701025427.114658 7354 -1
1701025427.114697 54 1
1701025427.115691 6271 -1
1701025427.116032 404 1
1701025427.116377 1275 1
1701025427.116455 7354 -1
1701025427.116455 7354 -1
1701025427.117250 228 1
1701025427.117328 228 1
1701025427.117362 1891 -1
1701025427.117362 7354 -1
1701025427.117427 402 1
1701025427.117501 227 1
1701025427.117576 227 1
1701025427.118680 7354 -1
1701025427.118680 7354 -1
1701025427.119055 7354 -1
1701025427.119996 7354 -1
1701025427.120319 7354 -1
1701025427.120892 5565 -1
1701025427.121343 7354 -1
1701025427.122036 7354 -1
1701025427.122556 7354 -1
1701025427.123164 7354 -1
1701025427.123955 2974 -1
1701025427.124010 7354 -1
1701025427.124628 7354 -1
1701025427.125566 1514 -1
1701025427.125616 5894 -1
1701025427.126091 14654 -1
1701025427.127296 7354 -1
1701025427.127944 5894 -1
1701025427.128692 7354 -1
1701025427.129109 7354 -1
1701025427.129401 54 1
1701025427.129700 2974 -1
1701025427.129728 54 1
1701025427.130053 5894 -1
1701025427.130098 54 1
1701025427.130428 2974 -1
1701025427.130451 54 1
1701025427.130958 7354 -1
1701025427.130992 54 1
1701025427.131495 4434 -1
1701025427.131557 54 1
1701025427.131655 7354 -1
1701025427.131712 54 1
1701025427.132161 8307 -1
1701025427.132212 54 1
1701025427.133141 60 -1
1701025427.133141 60 -1
1701025427.133141 1013 -1
1701025427.133141 7354 -1
1701025427.133216 54 1
1701025427.134218 7354 -1
1701025427.134258 54 1
1701025427.135000 1514 -1
1701025427.135031 54 1
1701025427.135100 1514 -1
1701025427.135100 5082 -1
1701025427.135163 54 1
1701025427.135500 520 -1
1701025427.135535 54 1
1701025427.135591 1203 -1
1701025427.135632 7354 -1
1701025427.135665 54 1
1701025427.136243 7354 -1
1701025427.136432 54 1
1701025427.137012 2974 -1
1701025427.137065 54 1
1701025427.137111 7354 -1
1701025427.137169 54 1
1701025427.137707 7354 -1
1701025427.137755 54 1
1701025427.138781 7354 -1
1701025427.138837 54 1
1701025427.140239 7354 -1
1701025427.140239 7354 -1
1701025427.140239 7354 -1
1701025427.140406 54 1
1701025427.140709 7354 -1
1701025427.140891 54 1
1701025427.141316 2974 -1
1701025427.141374 54 1
1701025427.141566 2101 -1
1701025427.141604 54 1
1701025427.141754 8814 -1
1701025427.141906 54 1
1701025427.142589 7354 -1
1701025427.142651 54 1
1701025427.143492 7354 -1
1701025427.143559 54 1
1701025427.143814 5435 -1
1701025427.143892 54 1
1701025427.144332 7354 -1
1701025427.144411 54 1
1701025427.145131 7354 -1
1701025427.145174 54 1
1701025427.145546 54 1
1701025427.145640 7354 -1
1701025427.145690 54 1
1701025427.146264 6275 -1
1701025427.146296 54 1
1701025427.146925 7354 -1
1701025427.146966 54 1
1701025427.147397 4416 -1
1701025427.147438 54 1
1701025427.147750 1068 -1
1701025427.148091 7354 -1
1701025427.148472 54 1
1701025427.148530 140 -1
1701025427.194146 54 1
1701025427.329394 206 1
1701025427.332147 1098 -1
1701025427.332147 2997 -1
1701025427.332327 54 1
1701025434.774452 54 1
1701025434.779401 78 -1
1701025434.779590 54 1
1701025434.779656 60 -1
1701025438.519193 66 1
1701025438.520148 66 -1
1701025438.520283 54 1
1701025438.522003 870 1
1701025438.526757 60 -1
1701025438.527632 318 -1
1701025438.528221 134 1
1701025438.528501 146 1
1701025438.528993 582 1
1701025438.529073 229 1
1701025438.529157 230 1
1701025438.529226 60 -1
1701025438.529336 226 1
1701025438.529402 60 -1
1701025438.530060 60 -1
1701025438.530060 60 -1
1701025438.530060 60 -1
1701025438.530268 60 -1
1701025438.536646 341 -1
1701025438.540250 115 -1
1701025438.540250 85 -1
1701025438.540290 54 1
1701025438.540533 85 1
1701025438.541423 60 -1
1701025438.543408 1225 -1
1701025438.543408 407 -1
1701025438.543459 54 1
1701025438.545398 1176 -1
1701025438.545478 472 -1
1701025438.545478 11094 -1
1701025438.545543 54 1
1701025438.546205 1202 -1
1701025438.546286 445 -1
1701025438.546306 54 1
1701025438.546802 4897 -1
1701025438.546869 54 1
1701025438.547434 5894 -1
1701025438.547470 54 1
1701025438.547569 2093 -1
1701025438.547594 54 1
1701025438.554031 1172 -1
1701025438.554031 482 -1
1701025438.554031 1514 -1
1701025438.554031 4402 -1
1701025438.554182 54 1
1701025440.104466 227 1
1701025440.104736 230 1
1701025440.104880 228 1
1701025440.105082 227 1
1701025440.105719 60 -1
1701025440.105719 60 -1
1701025440.106087 229 1
1701025440.106188 60 -1
1701025440.106491 60 -1
1701025440.107141 60 -1
1701025440.113519 1207 -1
1701025440.113519 436 -1
1701025440.113519 1011 -1
1701025440.113519 6103 -1
1701025440.113660 54 1
1701025440.114785 1141 -1
1701025440.114785 522 -1
1701025440.114785 8837 -1
1701025440.114871 54 1
1701025440.117002 5755 -1
1701025440.117055 54 1
1701025440.118267 1192 -1
1701025440.118267 452 -1
1701025440.118267 7507 -1
1701025440.118337 54 1
1701025440.121431 1205 -1
1701025440.121431 432 -1
1701025440.121520 54 1
1701025440.122027 2451 -1
1701025440.122055 54 1
1701025442.243596 226 1
1701025442.246163 229 1
1701025442.247028 1062 -1
1701025442.247028 4434 -1
1701025442.247028 4667 -1
1701025442.247152 54 1
1701025442.247366 231 1
1701025442.248257 228 1
1701025442.248357 230 1
1701025442.250184 60 -1
1701025442.255383 1205 -1
1701025442.255383 437 -1
1701025442.255457 54 1
1701025442.256202 4544 -1
1701025442.256260 54 1
1701025442.257329 1171 -1
1701025442.257329 484 -1
1701025442.257367 54 1
1701025442.257478 2974 -1
1701025442.257502 54 1
1701025442.257546 5416 -1
1701025442.257572 54 1
1701025442.258655 1194 -1
1701025442.258655 450 -1
1701025442.258683 54 1
1701025442.258721 2974 -1
1701025442.258741 54 1
1701025442.258858 6130 -1
1701025442.258916 54 1
1701025442.262470 1199 -1
1701025442.262470 446 -1
1701025442.262553 54 1
1701025442.263551 7354 -1
1701025442.263602 54 1
1701025442.263975 3501 -1
1701025442.264004 54 1
1701025443.830036 229 1
1701025443.830170 228 1
1701025443.833740 228 1
1701025443.834073 231 1
1701025443.834192 228 1
1701025443.834468 60 -1
1701025443.842320 60 -1
1701025443.844435 1013 -1
1701025443.844435 2974 -1
1701025443.844521 54 1
1701025443.844699 7354 -1
1701025443.844796 54 1
1701025443.844858 3639 -1
1701025443.845078 54 1
1701025443.846187 89 1
1701025443.846330 1041 -1
1701025443.846330 7287 -1
1701025443.846374 54 1
1701025443.847263 1174 -1
1701025443.847263 482 -1
1701025443.847263 1202 -1
1701025443.847263 447 -1
1701025443.847263 7752 -1
1701025443.847308 54 1
1701025443.847714 1514 -1
1701025443.847750 54 1
1701025443.848065 2757 -1
1701025443.848103 54 1
1701025443.853303 1200 -1
1701025443.853303 446 -1
1701025443.853377 54 1
1701025443.853429 4434 -1
1701025443.853458 54 1
1701025443.853556 1514 -1
1701025443.853656 4268 -1
1701025443.853705 54 1
1701025444.782311 54 1
1701025444.789664 78 -1
1701025444.789664 60 -1
1701025444.789789 54 1
1701025445.426414 66 1
1701025445.427492 66 -1
1701025445.427562 54 1
1701025445.429193 902 1
1701025445.430238 60 -1
1701025445.431090 318 -1
1701025445.431622 134 1
1701025445.431939 146 1
1701025445.432390 584 1
1701025445.432483 229 1
1701025445.432575 60 -1
1701025445.432577 230 1
1701025445.432671 228 1
1701025445.432761 227 1
1701025445.432881 60 -1
1701025445.433298 60 -1
1701025445.433458 60 -1
1701025445.433458 60 -1
1701025445.433537 60 -1
1701025445.433695 60 -1
1701025445.435128 341 -1
1701025445.437723 115 -1
1701025445.437723 85 -1
1701025445.437756 54 1
1701025445.437804 1012 -1
1701025445.437804 12341 -1
1701025445.438075 54 1
1701025445.438681 1034 -1
1701025445.438681 6901 -1
1701025445.438720 54 1
1701025445.439386 85 1
1701025445.440302 1193 -1
1701025445.440302 451 -1
1701025445.440302 2974 -1
1701025445.440341 54 1
1701025445.440478 5770 -1
1701025445.440502 54 1
1701025445.440938 60 -1
1701025445.441466 1181 -1
1701025445.441466 469 -1
1701025445.441505 54 1
1701025445.442593 7354 -1
1701025445.442621 54 1
1701025445.443022 5498 -1
1701025445.443049 54 1
1701025445.450515 1171 -1
1701025445.450515 483 -1
1701025445.450609 54 1
1701025445.451152 7354 -1
1701025445.451182 54 1
1701025445.451483 1588 -1
1701025445.451524 54 1
1701025447.532431 227 1
1701025447.533593 60 -1
1701025447.535004 229 1
1701025447.535943 60 -1
1701025447.536576 228 1
1701025447.537504 60 -1
1701025447.537955 226 1
1701025447.538240 227 1
1701025447.539190 60 -1
1701025447.539190 60 -1
1701025447.544542 1173 -1
1701025447.544542 480 -1
1701025447.544542 1131 -1
1701025447.544542 539 -1
1701025447.544635 54 1
1701025447.546209 7354 -1
1701025447.546209 7029 -1
1701025447.546268 54 1
1701025447.546339 7354 -1
1701025447.546383 54 1
1701025447.547093 1239 -1
1701025447.547150 54 1
1701025447.547360 1600 -1
1701025447.547360 7354 -1
1701025447.547395 54 1
1701025447.547779 2128 -1
1701025447.547805 54 1
1701025447.548160 1173 -1
1701025447.548160 486 -1
1701025447.548160 1174 -1
1701025447.548160 479 -1
1701025447.548203 54 1
1701025447.548252 15794 -1
1701025447.548334 54 1
1701025447.549505 5943 -1
1701025447.549536 54 1
1701025449.121441 230 1
1701025449.121540 230 1
1701025449.121633 228 1
1701025449.121854 227 1
1701025449.121932 232 1
1701025449.123188 60 -1
1701025449.123188 60 -1
1701025449.123188 60 -1
1701025449.123188 60 -1
1701025449.124079 60 -1
1701025449.130152 1175 -1
1701025449.130152 475 -1
1701025449.130152 1063 -1
1701025449.130253 54 1
1701025449.130318 7579 -1
1701025449.130361 54 1
1701025449.132428 7354 -1
1701025449.132467 54 1
1701025449.132865 2129 -1
1701025449.132887 54 1
1701025449.133429 1175 -1
1701025449.133429 475 -1
1701025449.133429 1172 -1
1701025449.133429 484 -1
1701025449.133429 7354 -1
1701025449.133479 54 1
1701025449.133897 5193 -1
1701025449.134077 54 1
1701025449.134246 1177 -1
1701025449.134270 54 1
1701025449.134346 480 -1
1701025449.135341 7088 -1
1701025449.135364 54 1
1701025449.135458 7246 -1
1701025449.135499 54 1
1701025452.049313 225 1
1701025452.052172 229 1
1701025452.052310 229 1
1701025452.052502 227 1
1701025452.053274 228 1
1701025452.055240 60 -1
1701025452.056592 60 -1
1701025452.058540 1047 -1
1701025452.058540 5894 -1
1701025452.058622 54 1
1701025452.058862 7354 -1
1701025452.058930 54 1
1701025452.059642 3320 -1
1701025452.059671 54 1
1701025452.059868 85 -1
1701025452.059868 11107 -1
1701025452.059920 54 1
1701025452.060777 89 1
1701025452.061330 1042 -1
1701025452.061330 7354 -1
1701025452.061375 54 1
1701025452.061798 1391 -1
1701025452.063681 1169 -1
1701025452.063681 485 -1
1701025452.063740 54 1
1701025452.063839 4388 -1
1701025452.063869 54 1
1701025452.066585 1174 -1
1701025452.066585 478 -1
1701025452.066634 54 1
1701025452.067368 7354 -1
1701025452.067422 54 1
1701025452.067811 6537 -1
1701025452.067862 54 1
1701025452.069767 1175 -1
1701025452.069767 482 -1
1701025452.069767 2974 -1
1701025452.069767 2714 -1
1701025452.069838 54 1
1701025453.649339 228 1
1701025453.652243 229 1
1701025453.653164 229 1
1701025453.653259 230 1
1701025453.653327 60 -1
1701025453.653333 227 1
1701025453.655411 1040 -1
1701025453.655411 6814 -1
1701025453.655503 54 1
1701025453.660232 1177 -1
1701025453.660232 472 -1
1701025453.660330 54 1
1701025453.660390 1140 -1
1701025453.660390 1514 -1
1701025453.660390 2335 -1
1701025453.660439 54 1
1701025453.660477 524 -1
1701025453.660501 5776 -1
1701025453.660519 54 1
1701025453.661754 1141 -1
1701025453.661754 524 -1
1701025453.661800 54 1
1701025453.664480 7354 -1
1701025453.664544 54 1
1701025453.664894 303 -1
1701025453.665213 1175 -1
1701025453.665213 483 -1
1701025453.665244 54 1
1701025453.665287 7176 -1
1701025453.665324 54 1
1701025454.804451 54 1
1701025454.806875 78 -1
1701025454.806875 60 -1
1701025454.806924 54 1
1701025455.732065 66 1
1701025455.736666 66 -1
1701025455.736793 54 1
1701025455.737505 870 1
1701025455.738531 60 -1
1701025455.739339 318 -1
1701025455.740121 134 1
1701025455.740416 146 1
1701025455.740993 583 1
1701025455.741220 229 1
1701025455.741295 60 -1
1701025455.741361 227 1
1701025455.741441 226 1
1701025455.741487 341 -1
1701025455.741487 60 -1
1701025455.741560 115 -1
1701025455.741560 85 -1
1701025455.741584 54 1
1701025455.741684 226 1
1701025455.741918 85 1
1701025455.742215 60 -1
1701025455.742215 60 -1
1701025455.742646 60 -1
1701025455.742646 60 -1
1701025455.742646 60 -1
1701025455.742822 60 -1
1701025455.748528 1177 -1
1701025455.748528 478 -1
1701025455.748528 1041 -1
1701025455.748528 7354 -1
1701025455.748646 54 1
1701025455.748926 2318 -1
1701025455.748987 54 1
1701025455.749183 10831 -1
1701025455.749230 54 1
1701025455.751791 1173 -1
1701025455.751791 482 -1
1701025455.751791 1178 -1
1701025455.751791 476 -1
1701025455.751853 54 1
1701025455.752002 1174 -1
1701025455.752002 480 -1
1701025455.752002 8814 -1
1701025455.752072 54 1
1701025455.752476 3519 -1
1701025455.752508 54 1
1701025455.753304 5905 -1
1701025455.753343 54 1
1701025455.753610 7207 -1
1701025455.753656 54 1
1701025457.344342 228 1
1701025457.344473 230 1
1701025457.345395 60 -1
1701025457.345395 60 -1
1701025457.345836 228 1
1701025457.346803 60 -1
1701025457.347697 230 1
1701025457.348686 60 -1
1701025457.349542 227 1
1701025457.350528 60 -1
1701025457.352399 1197 -1
1701025457.352399 446 -1
1701025457.352399 1174 -1
1701025457.352399 482 -1
1701025457.352488 54 1
1701025457.354275 4434 -1
1701025457.354354 54 1
1701025457.354461 7354 -1
1701025457.354520 54 1
1701025457.355123 2713 -1
1701025457.355185 54 1
1701025457.355280 7354 -1
1701025457.355308 54 1
1701025457.355891 2025 -1
1701025457.355931 54 1
1701025457.356091 1177 -1
1701025457.356113 54 1
1701025457.356154 475 -1
1701025457.357774 2974 -1
1701025457.357834 54 1
1701025457.357885 7354 -1
1701025457.357922 54 1
1701025457.358439 228 -1
1701025457.358439 1170 -1
1701025457.358469 54 1
1701025457.358532 486 -1
1701025457.359609 7354 -1
1701025457.359677 54 1
1701025457.360144 1525 -1
1701025457.360144 1173 -1
1701025457.360194 54 1
1701025457.360233 481 -1
1701025457.360258 54 1
1701025457.360601 7354 -1
1701025457.360644 54 1
1701025457.361039 297 -1
1701025457.361060 54 1
1701025458.926600 227 1
1701025458.927249 229 1
1701025458.927371 228 1
1701025458.927523 227 1
1701025458.927658 227 1
1701025458.928771 60 -1
1701025458.934716 1194 -1
1701025458.934887 447 -1
1701025458.934924 54 1
1701025458.935268 4434 -1
1701025458.935308 54 1
1701025458.935402 4162 -1
1701025458.935429 54 1
1701025458.935837 1153 -1
1701025458.935837 508 -1
1701025458.935880 54 1
1701025458.936204 6664 -1
1701025458.936263 54 1
1701025458.936939 1044 -1
1701025458.936939 4434 -1
1701025458.936939 7354 -1
1701025458.937016 54 1
1701025458.937547 2298 -1
1701025458.937579 54 1
1701025458.937756 1142 -1
1701025458.937826 523 -1
1701025458.937844 54 1
1701025458.941212 6219 -1
1701025458.941267 54 1
1701025458.945672 1179 -1
1701025458.945672 471 -1
1701025458.945821 54 1
1701025458.945883 2974 -1
1701025458.945883 7354 -1
1701025458.945955 54 1
1701025458.946427 4095 -1
1701025458.946463 54 1
1701025461.121365 228 1
1701025461.121518 229 1
1701025461.121617 229 1
1701025461.121702 228 1
1701025461.122268 228 1
1701025461.123436 60 -1
1701025461.133354 1041 -1
1701025461.133354 3316 -1
1701025461.133503 54 1
1701025461.133548 1168 -1
1701025461.133567 481 -1
1701025461.133585 54 1
1701025461.135359 89 1
1701025461.139510 7354 -1
1701025461.139510 5054 -1
1701025461.139670 54 1
1701025461.139717 1195 -1
1701025461.139730 54 1
1701025461.139797 450 -1
1701025461.144358 1121 -1
1701025461.144358 556 -1
1701025461.144358 5610 -1
1701025461.144471 54 1
1701025461.149203 7354 -1
1701025461.149309 54 1
1701025461.149535 1042 -1
1701025461.149624 1173 -1
1701025461.149669 54 1
1701025461.149857 482 -1
1701025461.154263 4434 -1
1701025461.154363 54 1
1701025461.154434 2974 -1
1701025461.154469 54 1
1701025461.154648 3197 -1
1701025461.154705 54 1
1701025462.750472 227 1
1701025462.750581 229 1
1701025462.750714 229 1
1701025462.750985 228 1
1701025462.751107 231 1
1701025462.751570 60 -1
1701025462.753970 60 -1
1701025462.756371 1162 -1
1701025462.756371 493 -1
1701025462.756468 54 1
1701025462.757162 7354 -1
1701025462.757214 54 1
1701025462.757509 754 -1
1701025462.757548 54 1
1701025462.757590 1172 -1
1701025462.757677 484 -1
1701025462.757702 54 1
1701025462.757742 6749 -1
1701025462.757796 54 1
1701025462.758257 1192 -1
1701025462.758275 54 1
1701025462.758309 449 -1
1701025462.758347 4489 -1
1701025462.758371 54 1
1701025462.758729 1177 -1
1701025462.758747 54 1
1701025462.758809 475 -1
1701025462.758947 7354 -1
1701025462.758975 54 1
1701025462.759454 418 -1
1701025462.762598 1172 -1
1701025462.762598 481 -1
1701025462.762674 54 1
1701025462.762719 6771 -1
1701025462.762770 54 1
1701025464.822740 54 1
1701025464.823944 78 -1
1701025464.823944 60 -1
1701025464.824101 54 1
1701025466.957181 66 1
1701025466.958285 66 -1
1701025466.958392 54 1
1701025466.959394 966 1
1701025466.960396 60 -1
1701025466.961051 318 -1
1701025466.962505 134 1
1701025466.962898 146 1
1701025466.963451 60 -1
1701025466.963477 586 1
1701025466.963570 341 -1
1701025466.963633 231 1
1701025466.963680 228 1
1701025466.963713 229 1
1701025466.963741 60 -1
1701025466.963804 229 1
1701025466.963994 115 -1
1701025466.963994 85 -1
1701025466.964183 85 1
1701025466.964454 60 -1
1701025466.964557 60 -1
1701025466.964557 60 -1
1701025466.964557 60 -1
1701025466.964626 60 -1
1701025466.965042 60 -1
1701025466.975800 1173 -1
1701025466.975800 472 -1
1701025466.975800 11925 -1
1701025466.975800 1199 -1
1701025466.975800 445 -1
1701025466.975800 11734 -1
1701025466.975800 2465 -1
1701025466.975800 1195 -1
1701025466.975800 448 -1
1701025466.975800 4434 -1
1701025466.975800 1376 -1
1701025466.976049 54 1
1701025466.980166 1196 -1
1701025466.980166 450 -1
1701025466.980293 54 1
1701025466.981380 4434 -1
1701025466.981380 10832 -1
1701025466.981453 54 1
1701025469.154136 230 1
1701025469.154330 227 1
1701025469.154442 228 1
1701025469.155935 227 1
1701025469.156867 228 1
1701025469.157917 60 -1
1701025469.161896 1173 -1
1701025469.161896 484 -1
1701025469.161972 54 1
1701025469.162300 7354 -1
1701025469.162338 54 1
1701025469.162747 2886 -1
1701025469.162789 54 1
1701025469.163130 1178 -1
1701025469.163154 54 1
1701025469.163336 470 -1
1701025469.163336 1175 -1
1701025469.163336 474 -1
1701025469.163336 7354 -1
1701025469.163423 54 1
1701025469.163847 7354 -1
1701025469.163898 54 1
1701025469.164512 1860 -1
1701025469.164539 54 1
1701025469.164614 2549 -1
1701025469.164640 54 1
1701025469.164803 6743 -1
1701025469.164842 54 1
1701025469.165422 1174 -1
1701025469.165510 479 -1
1701025469.165510 1195 -1
1701025469.165539 54 1
1701025469.165634 449 -1
1701025469.165634 5150 -1
1701025469.165674 54 1
1701025469.166039 7354 -1
1701025469.166094 54 1
1701025469.166659 201 -1
1701025469.166685 54 1
1701025470.787975 231 1
1701025470.790047 228 1
1701025470.791538 229 1
1701025470.791648 228 1
1701025470.791865 228 1
1701025470.793538 60 -1
1701025470.797329 1041 -1
1701025470.797329 6745 -1
1701025470.797448 54 1
1701025470.797702 1042 -1
1701025470.797702 11415 -1
1701025470.797782 54 1
1701025470.801067 1172 -1
1701025470.801067 485 -1
1701025470.801067 7141 -1
1701025470.801067 1173 -1
1701025470.801067 481 -1
1701025470.801067 4434 -1
1701025470.801067 5136 -1
1701025470.801415 54 1
1701025470.801535 1176 -1
1701025470.801535 477 -1
1701025470.801566 54 1
1701025470.801640 2974 -1
1701025470.801667 54 1
1701025470.801721 7354 -1
1701025470.801760 54 1
1701025470.802382 5989 -1
1701025470.802428 54 1
1701025472.395232 229 1
1701025472.395356 227 1
1701025472.395455 229 1
1701025472.395538 227 1
1701025472.395625 228 1
1701025472.407766 60 -1
1701025472.413847 1170 -1
1701025472.413847 485 -1
1701025472.413847 1174 -1
1701025472.413847 483 -1
1701025472.413923 54 1
1701025472.415774 89 1
1701025472.416645 2974 -1
1701025472.416694 54 1
1701025472.416793 3132 -1
1701025472.416831 54 1
1701025472.417057 2974 -1
1701025472.417085 54 1
1701025472.417527 3262 -1
1701025472.417527 1173 -1
1701025472.417571 54 1
1701025472.417638 484 -1
1701025472.417668 54 1
1701025472.419862 4650 -1
1701025472.419932 54 1
1701025472.420278 1041 -1
1701025472.420278 8180 -1
1701025472.420333 54 1
1701025472.452422 1196 -1
1701025472.452422 449 -1
1701025472.452517 54 1
1701025472.469467 7354 -1
1701025472.469573 54 1
1701025472.469699 4051 -1
1701025472.469728 54 1
1701025473.989489 228 1
1701025473.991743 230 1
1701025473.992917 230 1
1701025473.994559 231 1
1701025473.994646 229 1
1701025474.003528 1010 -1
1701025474.003528 7512 -1
1701025474.003649 54 1
1701025474.008264 60 -1
1701025474.008264 1092 -1
1701025474.008264 3330 -1
1701025474.008264 1064 -1
1701025474.008264 6230 -1
1701025474.008264 390 -1
1701025474.008264 1196 -1
1701025474.008264 451 -1
1701025474.008264 4434 -1
1701025474.008264 1786 -1
1701025474.008444 66 1
1701025474.008526 54 1
1701025474.008920 1202 -1
1701025474.008970 445 -1
1701025474.008990 54 1
1701025474.009446 5015 -1
1701025474.009477 54 1
1701025474.834855 54 1
1701025474.836140 78 -1
1701025474.836140 60 -1
1701025474.836196 54 1
1701025476.165377 66 1
1701025476.166606 66 -1
1701025476.166694 54 1
1701025476.167453 934 1
1701025476.168406 60 -1
1701025476.170372 318 -1
1701025476.171241 134 1
1701025476.171570 146 1
1701025476.172267 584 1
1701025476.172341 229 1
1701025476.172418 228 1
1701025476.172531 230 1
1701025476.172651 229 1
1701025476.177008 60 -1
1701025476.177410 60 -1
1701025476.177410 60 -1
1701025476.177410 60 -1
1701025476.177410 60 -1
1701025476.177410 60 -1
1701025476.177410 60 -1
1701025476.177410 341 -1
1701025476.179421 115 -1
1701025476.179421 85 -1
1701025476.179500 54 1
1701025476.179557 1042 -1
1701025476.179557 5359 -1
1701025476.179591 54 1
1701025476.179755 1045 -1
1701025476.179844 7354 -1
1701025476.179873 54 1
1701025476.180561 7354 -1
1701025476.180593 54 1
1701025476.180965 85 1
1701025476.181073 1860 -1
1701025476.181110 54 1
1701025476.181468 2966 -1
1701025476.181497 54 1
1701025476.184505 60 -1
1701025476.184505 1196 -1
1701025476.184505 450 -1
1701025476.184505 1141 -1
1701025476.184505 7063 -1
1701025476.184505 521 -1
1701025476.184505 5952 -1
1701025476.184670 54 1
1701025476.187689 1174 -1
1701025476.187689 486 -1
1701025476.187760 54 1
1701025476.189413 3531 -1
1701025476.189474 54 1
1701025477.777359 228 1
1701025477.777550 225 1
1701025477.777622 230 1
1701025477.778013 227 1
1701025477.778101 229 1
1701025477.778588 60 -1
1701025477.778588 60 -1
1701025477.778664 60 -1
1701025477.779552 60 -1
1701025477.779552 60 -1
1701025477.787418 1098 -1
1701025477.787418 2974 -1
1701025477.787418 5276 -1
1701025477.787418 1174 -1
1701025477.787418 481 -1
1701025477.787418 1174 -1
1701025477.787418 483 -1
1701025477.787418 1139 -1
1701025477.787418 5469 -1
1701025477.787418 527 -1
1701025477.787418 7354 -1
1701025477.787636 54 1
1701025477.787735 2056 -1
1701025477.787776 54 1
1701025477.788355 7354 -1
1701025477.788392 54 1
1701025477.788498 1392 -1
1701025477.788520 54 1
1701025477.797595 1175 -1
1701025477.797595 483 -1
1701025477.797693 54 1
1701025477.797825 6929 -1
1701025477.797887 54 1
1701025482.347637 227 1
1701025482.348390 229 1
1701025482.350986 60 -1
1701025482.353331 228 1
1701025482.354396 229 1
1701025482.355467 226 1
1701025482.357823 60 -1
1701025482.360813 1197 -1
1701025482.360813 450 -1
1701025482.360891 54 1
1701025482.362035 5047 -1
1701025482.362074 54 1
1701025482.362269 1195 -1
1701025482.362372 89 1
1701025482.362426 450 -1
1701025482.362426 1195 -1
1701025482.362461 54 1
1701025482.362575 452 -1
1701025482.362634 2974 -1
1701025482.362652 54 1
1701025482.362769 1609 -1
1701025482.362812 54 1
1701025482.362955 5412 -1
1701025482.362978 54 1
1701025482.388835 1166 -1
1701025482.388835 490 -1
1701025482.388835 6065 -1
1701025482.388835 1173 -1
1701025482.388835 484 -1
1701025482.388835 5992 -1
1701025482.388835 152 -1
1701025482.389024 66 1
1701025484.528577 228 1
1701025484.531761 1073 -1
1701025484.531842 4434 -1
1701025484.532214 54 1
1701025484.533300 1315 -1
1701025484.536000 231 1
1701025484.536947 228 1
1701025484.537025 229 1
1701025484.537179 229 1
1701025484.540096 60 -1
1701025484.543632 1068 -1
1701025484.543682 6413 -1
1701025484.543721 54 1
1701025484.545646 1206 -1
1701025484.545721 441 -1
1701025484.545721 1171 -1
1701025484.545742 54 1
1701025484.545791 483 -1
1701025484.545815 54 1
1701025484.547657 4434 -1
1701025484.547709 54 1
1701025484.547968 2808 -1
1701025484.548004 54 1
1701025484.548179 7354 -1
1701025484.548439 54 1
1701025484.549737 2125 -1
1701025484.549777 54 1
1701025484.549946 1206 -1
1701025484.550644 433 -1
1701025484.550644 2974 -1
1701025484.550676 54 1
1701025484.550882 4226 -1
1701025484.550923 54 1
1701025484.843417 54 1
1701025484.848004 78 -1
1701025484.848004 60 -1
1701025484.848055 54 1
1701025486.175361 66 1
1701025486.176688 66 -1
1701025486.176791 54 1
1701025486.177373 966 1
1701025486.179156 60 -1
1701025486.181379 318 -1
1701025486.182717 134 1
1701025486.183845 146 1
1701025486.183864 60 -1
1701025486.184281 581 1
1701025486.184359 227 1
1701025486.184467 227 1
1701025486.185015 341 -1
1701025486.186137 60 -1
1701025486.186137 60 -1
1701025486.186137 60 -1
1701025486.186137 60 -1
1701025486.189788 115 -1
1701025486.189788 85 -1
1701025486.189788 1046 -1
1701025486.189788 2974 -1
1701025486.189788 4434 -1
1701025486.189788 3726 -1
1701025486.189871 54 1
1701025486.190633 85 1
1701025486.192534 1174 -1
1701025486.192534 476 -1
1701025486.192534 7354 -1
1701025486.192644 54 1
1701025486.192718 506 -1
1701025486.192718 60 -1
1701025486.192744 54 1
1701025486.195043 1173 -1
1701025486.195043 484 -1
1701025486.195086 54 1
1701025486.195475 5581 -1
1701025486.195516 54 1
1701025486.203920 66 1
1701025486.204418 66 1
1701025486.205099 66 -1
1701025486.205186 54 1
1701025486.206434 605 1
1701025486.207582 60 -1
1701025486.211193 66 -1
1701025486.211443 54 1
1701025486.213794 573 1
1701025486.214748 60 -1
1701025486.219907 2974 -1
1701025486.219994 54 1
1701025486.220065 958 -1
1701025486.225083 134 1
1701025486.225654 146 1
1701025486.225780 54 1
1701025486.226087 2974 -1
1701025486.226151 54 1
1701025486.226186 594 1
1701025486.226231 958 -1
1701025486.226271 60 -1
1701025486.226282 235 1
1701025486.226636 60 -1
1701025486.227014 341 -1
1701025486.227075 341 -1
1701025486.227099 54 1
1701025486.227150 60 -1
1701025486.227154 60 -1
1701025486.227357 60 -1
1701025486.229944 115 -1
1701025486.229944 85 -1
1701025486.229993 54 1
1701025486.230236 85 1
1701025486.231517 60 -1
1701025486.232591 1239 -1
1701025486.232674 387 -1
1701025486.232674 4264 -1
1701025486.232726 54 1
1701025486.239432 1212 -1
1701025486.239432 428 -1
1701025486.239432 8968 -1
1701025486.239525 54 1
1701025487.817663 227 1
1701025487.821679 228 1
1701025487.821779 227 1
1701025487.821860 228 1
1701025487.822827 60 -1
1701025487.822835 230 1
1701025487.824849 60 -1
1701025487.827962 1175 -1
1701025487.827962 481 -1
1701025487.828021 54 1
1701025487.828154 2974 -1
1701025487.828175 54 1
1701025487.828467 7354 -1
1701025487.828506 54 1
1701025487.828903 6240 -1
1701025487.828936 54 1
1701025487.829622 981 -1
1701025487.829622 1199 -1
1701025487.829622 448 -1
1701025487.829622 7354 -1
1701025487.829713 54 1
1701025487.830232 636 -1
1701025487.830430 1206 -1
1701025487.830430 434 -1
1701025487.830430 5674 -1
1701025487.830470 54 1
1701025487.830879 1201 -1
1701025487.830906 54 1
1701025487.830988 442 -1
1701025487.831032 6338 -1
1701025487.831053 54 1
1701025487.834604 1197 -1
1701025487.834604 445 -1
1701025487.834604 13468 -1
1701025487.834724 54 1
1701025489.446382 228 1
1701025489.446496 228 1
1701025489.447529 226 1
1701025489.447592 60 -1
1701025489.449038 227 1
1701025489.449101 228 1
1701025489.451138 60 -1
1701025489.453732 1231 -1
1701025489.453732 409 -1
1701025489.453796 54 1
1701025489.453861 1045 -1
1701025489.453861 5894 -1
1701025489.453905 54 1
1701025489.454324 7354 -1
1701025489.454365 54 1
1701025489.455485 3320 -1
1701025489.455485 2974 -1
1701025489.455485 1514 -1
1701025489.455485 6579 -1
1701025489.455552 54 1
1701025489.456031 1173 -1
1701025489.456054 54 1
1701025489.456116 484 -1
1701025489.456160 3890 -1
1701025489.456174 54 1
1701025489.456434 1514 -1
1701025489.456631 1514 -1
1701025489.456648 54 1
1701025489.456692 2974 -1
1701025489.456705 54 1
1701025489.456912 1514 -1
1701025489.457057 4003 -1
1701025489.457082 54 1
1701025489.457378 1205 -1
1701025489.457476 435 -1
1701025489.457494 54 1
1701025489.457546 7354 -1
1701025489.457582 54 1
1701025489.458115 1114 -1
1701025489.458136 54 1
1701025489.469588 1198 -1
1701025489.469588 448 -1
1701025489.469683 54 1
1701025489.470735 4434 -1
1701025489.470784 54 1
1701025489.471035 2974 -1
1701025489.471064 54 1
1701025489.471436 2543 -1
1701025489.471479 54 1
1701025491.635808 229 1
1701025491.635886 227 1
1701025491.636499 229 1
1701025491.636561 227 1
1701025491.636871 227 1
1701025491.636970 60 -1
1701025491.640905 60 -1
1701025491.644037 1067 -1
1701025491.644124 7354 -1
1701025491.644163 54 1
1701025491.644560 680 -1
1701025491.645043 1176 -1
1701025491.645043 476 -1
1701025491.645077 54 1
1701025491.645156 7354 -1
1701025491.645194 54 1
1701025491.645693 89 1
1701025491.645712 1913 -1
1701025491.645740 54 1
1701025491.645825 1176 -1
1701025491.645894 472 -1
1701025491.645910 54 1
1701025491.645997 4434 -1
1701025491.646020 54 1
1701025491.646444 5946 -1
1701025491.646479 54 1
1701025491.647134 1246 -1
1701025491.647134 382 -1
1701025491.647171 54 1
1701025491.647438 3297 -1
1701025491.647468 54 1
1701025491.647920 1043 -1
1701025491.647920 8703 -1
1701025491.647953 54 1
1701025493.265512 228 1
1701025493.265641 227 1
1701025493.266091 227 1
1701025493.266206 227 1
1701025493.266300 227 1
1701025493.268565 60 -1
1701025493.270658 1047 -1
1701025493.270658 13391 -1
1701025493.270861 54 1
1701025493.274538 1198 -1
1701025493.274538 451 -1
1701025493.274623 54 1
1701025493.274898 1188 -1
1701025493.274898 456 -1
1701025493.274898 1175 -1
1701025493.274898 480 -1
1701025493.274898 8840 -1
1701025493.274966 54 1
1701025493.286021 4162 -1
1701025493.286021 5522 -1
1701025493.286021 1175 -1
1701025493.286021 479 -1
1701025493.286021 4434 -1
1701025493.286021 7354 -1
1701025493.286021 2974 -1
1701025493.286021 596 -1
1701025493.286194 54 1
1701025493.289508 596 -1
1701025493.289567 66 1
1701025494.849439 54 1
1701025494.850061 54 1
1701025494.850796 78 -1
1701025494.850796 60 -1
1701025494.850857 54 1
1701025494.851511 78 -1
1701025494.851511 60 -1
1701025494.851546 54 1
1701025497.906604 66 1
1701025497.910400 66 -1
1701025497.910505 54 1
1701025497.912093 934 1
1701025497.916772 60 -1
1701025497.917494 318 -1
1701025497.918320 134 1
1701025497.919058 146 1
1701025497.919329 60 -1
1701025497.920090 582 1
1701025497.920130 341 -1
1701025497.920130 60 -1
1701025497.920192 227 1
1701025497.920300 227 1
1701025497.920396 229 1
1701025497.920491 232 1
1701025497.920713 115 -1
1701025497.920713 85 -1
1701025497.920762 54 1
1701025497.920925 85 1
1701025497.921110 60 -1
1701025497.921752 60 -1
1701025497.921752 60 -1
1701025497.921752 60 -1
1701025497.921752 60 -1
1701025497.921821 60 -1
1701025497.926188 1042 -1
1701025497.926295 7354 -1
1701025497.926347 54 1
1701025497.926659 313 -1
1701025497.926659 1039 -1
1701025497.926693 54 1
1701025497.926771 2974 -1
1701025497.926797 54 1
1701025497.926998 2209 -1
1701025497.927037 54 1
1701025497.930293 1172 -1
1701025497.930293 477 -1
1701025497.930293 6631 -1
1701025497.930366 54 1
1701025497.930717 1173 -1
1701025497.930736 54 1
1701025497.930798 482 -1
1701025497.931305 4434 -1
1701025497.931345 54 1
1701025497.931542 5639 -1
1701025497.931572 54 1
1701025497.932964 1174 -1
1701025497.932964 484 -1
1701025497.933018 54 1
1701025497.933298 4434 -1
1701025497.933337 54 1
1701025497.933487 1617 -1
1701025497.933505 54 1
1701025500.116460 228 1
1701025500.116670 229 1
1701025500.116796 228 1
1701025500.116886 228 1
1701025500.116968 227 1
1701025500.117553 60 -1
1701025500.117654 60 -1
1701025500.117836 60 -1
1701025500.117836 60 -1
1701025500.117836 60 -1
1701025500.120236 1097 -1
1701025500.120236 11011 -1
1701025500.120457 54 1
1701025500.124817 1199 -1
1701025500.124817 448 -1
1701025500.124907 54 1
1701025500.127801 7354 -1
1701025500.127801 5345 -1
1701025500.127919 54 1
1701025500.129686 1199 -1
1701025500.129686 447 -1
1701025500.129726 54 1
1701025500.130155 1172 -1
1701025500.130155 482 -1
1701025500.130155 4434 -1
1701025500.130155 6326 -1
1701025500.130457 54 1
1701025500.130791 1198 -1
1701025500.130791 443 -1
1701025500.130850 54 1
1701025500.132025 2974 -1
1701025500.132058 54 1
1701025500.132283 7354 -1
1701025500.132352 54 1
1701025500.132737 2697 -1
1701025500.132775 54 1
1701025500.133170 7354 -1
1701025500.133233 54 1
1701025500.133610 2963 -1
1701025500.133646 54 1
1701025501.767127 227 1
1701025501.767400 230 1
1701025501.767888 227 1
1701025501.774663 60 -1
1701025501.774663 1041 -1
1701025501.774663 8617 -1
1701025501.774810 54 1
1701025501.775020 229 1
1701025501.775148 228 1
1701025501.776089 1207 -1
1701025501.776089 443 -1
1701025501.776089 4204 -1
1701025501.776164 54 1
1701025501.776856 60 -1
1701025501.786640 1174 -1
1701025501.786640 475 -1
1701025501.787037 54 1
1701025501.788532 7354 -1
1701025501.788532 2151 -1
1701025501.788532 1175 -1
1701025501.788532 477 -1
1701025501.788620 54 1
1701025501.790965 7354 -1
1701025501.791064 54 1
1701025501.791786 7543 -1
1701025501.791837 54 1
1701025501.803992 1199 -1
1701025501.803992 446 -1
1701025501.804074 54 1
1701025501.809455 2974 -1
1701025501.809455 10895 -1
1701025501.809596 54 1
1701025503.423269 228 1
1701025503.427210 229 1
1701025503.427354 227 1
1701025503.427449 227 1
1701025503.430292 229 1
1701025503.434719 60 -1
1701025503.445229 1169 -1
1701025503.445229 482 -1
1701025503.445229 1174 -1
1701025503.445229 475 -1
1701025503.445229 1171 -1
1701025503.445371 54 1
1701025503.445649 1514 -1
1701025503.445649 9734 -1
1701025503.445772 54 1
1701025503.446043 482 -1
1701025503.446071 54 1
1701025503.447708 1177 -1
1701025503.447708 473 -1
1701025503.447708 5502 -1
1701025503.447766 54 1
1701025503.447982 1514 -1
1701025503.448054 2665 -1
1701025503.448079 54 1
1701025503.448257 1590 -1
1701025503.448276 54 1
1701025503.449729 2713 -1
1701025503.449803 54 1
1701025503.449847 89 1
1701025503.449844 7354 -1
1701025503.449899 54 1
1701025503.450650 1861 -1
1701025503.450681 54 1
1701025503.493103 60 -1
1701025504.877371 54 1
1701025504.879539 78 -1
1701025504.879539 60 -1
1701025504.879752 54 1
1701025505.613745 66 1
1701025505.615112 66 -1
1701025505.615253 54 1
1701025505.633304 870 1
1701025505.635861 60 -1
1701025505.635861 318 -1
1701025505.636752 134 1
1701025505.637138 146 1
1701025505.637685 60 -1
1701025505.637779 341 -1
1701025505.637779 581 1
1701025505.638002 60 -1
1701025505.638049 228 1
1701025505.638148 230 1
1701025505.638240 231 1
1701025505.638327 226 1
1701025505.641880 115 -1
1701025505.641880 85 -1
1701025505.641880 60 -1
1701025505.641994 54 1
1701025505.642249 85 1
1701025505.642821 60 -1
1701025505.642821 60 -1
1701025505.642821 60 -1
1701025505.642821 60 -1
1701025505.643233 60 -1
1701025505.645189 1178 -1
1701025505.645189 473 -1
1701025505.645189 1042 -1
1701025505.645242 54 1
1701025505.645823 4434 -1
1701025505.645823 4739 -1
1701025505.645885 54 1
1701025505.647576 7354 -1
1701025505.647649 54 1
1701025505.647856 7354 -1
1701025505.647895 54 1
1701025505.648553 1860 -1
1701025505.648582 54 1
1701025505.648891 1496 -1
1701025505.648891 1174 -1
1701025505.648891 480 -1
1701025505.648891 5753 -1
1701025505.648957 54 1
1701025505.649749 1171 -1
1701025505.649749 485 -1
1701025505.649749 5302 -1
1701025505.649817 54 1
1701025505.651156 1171 -1
1701025505.651156 480 -1
1701025505.651336 54 1
1701025505.651851 4434 -1
1701025505.651851 3199 -1
1701025505.651898 54 1
1701025507.277719 228 1
1701025507.278874 60 -1
1701025507.283253 1164 -1
1701025507.286572 489 -1
1701025507.286572 5816 -1
1701025507.286686 54 1
1701025507.287740 229 1
1701025507.287825 229 1
1701025507.288626 229 1
1701025507.288702 228 1
1701025507.292135 60 -1
1701025507.296072 1042 -1
1701025507.296072 3385 -1
1701025507.296170 54 1
1701025507.296657 1173 -1
1701025507.296657 483 -1
1701025507.296657 1203 -1
1701025507.296657 442 -1
1701025507.296657 1176 -1
1701025507.296713 54 1
1701025507.298130 8465 -1
1701025507.298130 16460 -1
1701025507.298237 54 1
1701025507.299872 7354 -1
1701025507.299931 54 1
1701025507.300096 4831 -1
1701025507.300096 6899 -1
1701025507.300171 54 1
1701025512.553014 228 1
1701025512.554409 228 1
1701025512.554986 227 1
1701025512.555198 229 1
1701025512.555652 227 1
1701025512.558609 60 -1
1701025512.558721 1042 -1
1701025512.558721 5929 -1
1701025512.558877 54 1
1701025512.559280 1071 -1
1701025512.559280 4434 -1
1701025512.559315 54 1
1701025512.559687 4565 -1
1701025512.559733 54 1
1701025512.561196 89 1
1701025512.565623 1195 -1
1701025512.565623 448 -1
1701025512.565700 54 1
1701025512.566193 1514 -1
1701025512.566193 7354 -1
1701025512.566265 54 1
1701025512.566681 3992 -1
1701025512.566710 54 1
1701025512.567067 1170 -1
1701025512.567119 54 1
1701025512.567178 486 -1
1701025512.567721 4434 -1
1701025512.567784 54 1
1701025512.568085 3742 -1
1701025512.568121 54 1
1701025512.598516 1166 -1
1701025512.598516 494 -1
1701025512.598516 4434 -1
1701025512.598516 4808 -1
1701025512.598516 428 -1
1701025512.598691 66 1
1701025514.239582 227 1
1701025514.240852 228 1
1701025514.242862 60 -1
1701025514.243047 228 1
1701025514.243133 226 1
1701025514.243193 231 1
1701025514.248342 60 -1
1701025514.253681 1173 -1
1701025514.253681 482 -1
1701025514.253750 54 1
1701025514.254509 4993 -1
1701025514.254617 54 1
1701025514.254731 1194 -1
1701025514.254890 452 -1
1701025514.254890 1174 -1
1701025514.254922 54 1
1701025514.255167 482 -1
1701025514.255183 54 1
1701025514.255240 6026 -1
1701025514.255298 54 1
1701025514.255659 5907 -1
1701025514.255687 54 1
1701025514.256915 1170 -1
1701025514.256915 486 -1
1701025514.256957 54 1
1701025514.257280 4755 -1
1701025514.257336 54 1
1701025514.258732 1195 -1
1701025514.258732 453 -1
1701025514.258787 54 1
1701025514.259237 1514 -1
1701025514.259237 4434 -1
1701025514.259237 1201 -1
1701025514.259303 54 1
1701025514.892643 54 1
1701025514.894932 78 -1
1701025514.894932 60 -1
1701025514.894974 54 1
