1701025306.269596 66 1
1701025306.286752 66 -1
1701025306.286926 54 1
1701025306.291662 572 1
1701025306.303274 60 -1
1701025306.306930 2974 -1
1701025306.306930 959 -1
1701025306.306998 54 1
1701025306.309722 66 1
1701025306.313166 66 -1
1701025306.313277 54 1
1701025306.328030 134 1
1701025306.329275 599 1
1701025306.330052 146 1
1701025306.330140 54 1
1701025306.330312 60 -1
1701025306.333246 60 -1
1701025306.333246 60 -1
1701025306.333270 552 1
1701025306.333382 228 1
1701025306.333442 341 -1
1701025306.333442 341 -1
1701025306.333500 54 1
1701025306.334096 115 -1
1701025306.334096 85 -1
1701025306.334121 54 1
1701025306.335186 60 -1
1701025306.335186 60 -1
1701025306.340890 85 1
1701025306.342238 1026 -1
1701025306.342238 657 -1
1701025306.342295 54 1
1701025306.342427 60 -1
1701025306.342852 2974 -1
1701025306.342852 957 -1
1701025306.342852 60 -1
1701025306.342908 54 1
1701025306.343880 5894 -1
1701025306.343929 54 1
1701025306.345046 4434 -1
1701025306.345046 1514 -1
1701025306.345097 54 1
1701025306.345565 4780 -1
1701025306.345651 54 1
1701025306.346475 85 -1
1701025306.346475 2974 -1
1701025306.346524 54 1
1701025306.346646 7354 -1
1701025306.346727 54 1
1701025306.348245 7354 -1
1701025306.348320 54 1
1701025306.349187 2974 -1
1701025306.349229 54 1
1701025306.350044 5637 -1
1701025306.350127 54 1
1701025306.557703 202 1
1701025306.557892 202 1
1701025306.557993 205 1
1701025306.558096 229 1
1701025306.558224 229 1
1701025306.558302 228 1
1701025306.558390 230 1
1701025306.558479 230 1
1701025306.559012 228 1
1701025306.559109 227 1
1701025306.559173 60 -1
1701025306.559173 60 -1
1701025306.559173 60 -1
1701025306.559173 60 -1
1701025306.559173 60 -1
1701025306.559332 229 1
1701025306.559410 60 -1
1701025306.559410 60 -1
1701025306.559410 60 -1
1701025306.559580 227 1
1701025306.559664 228 1
1701025306.559768 228 1
1701025306.559831 229 1
1701025306.559993 60 -1
1701025306.560204 227 1
1701025306.560317 227 1
1701025306.560412 227 1
1701025306.560619 60 -1
1701025306.560619 60 -1
1701025306.560927 60 -1
1701025306.560927 60 -1
1701025306.560927 60 -1
1701025306.561484 60 -1
1701025306.561484 60 -1
1701025306.562888 60 -1
1701025306.567870 895 -1
1701025306.567970 7354 -1
1701025306.568010 54 1
1701025306.569615 7354 -1
1701025306.569659 54 1
1701025306.571221 1860 -1
1701025306.571221 85 -1
1701025306.571221 7354 -1
1701025306.571285 54 1
1701025306.578463 1514 -1
1701025306.578463 7354 -1
1701025306.578463 400 -1
1701025306.578463 1514 -1
1701025306.578463 7354 -1
1701025306.578463 7354 -1
1701025306.578463 2974 -1
1701025306.578463 7354 -1
1701025306.578681 54 1
1701025306.610916 7354 -1
1701025306.610916 4434 -1
1701025306.610916 7354 -1
1701025306.610916 7354 -1
1701025306.610916 4434 -1
1701025306.610916 4434 -1
1701025306.610916 1514 -1
1701025306.610916 7354 -1
1701025306.610916 7354 -1
1701025306.610916 1514 -1
1701025306.610916 7354 -1
1701025306.610916 7354 -1
1701025306.610916 7354 -1
1701025306.610916 4434 -1
1701025306.610916 7354 -1
1701025306.610916 7354 -1
1701025306.610916 1514 -1
1701025306.610916 7354 -1
1701025306.610916 7354 -1
1701025306.611580 54 1
1701025306.611742 5894 -1
1701025306.611794 54 1
1701025306.614084 4434 -1
1701025306.614084 5894 -1
1701025306.614168 54 1
1701025306.615426 10274 -1
1701025306.615426 5894 -1
1701025306.615499 54 1
1701025306.619000 4434 -1
1701025306.619000 2974 -1
1701025306.619000 7354 -1
1701025306.619000 2974 -1
1701025306.619000 2974 -1
1701025306.619000 2974 -1
1701025306.619128 54 1
1701025306.619529 5894 -1
1701025306.619567 54 1
1701025306.619736 54 1
1701025306.620389 4434 -1
1701025306.620445 54 1
1701025306.621635 2974 -1
1701025306.621661 54 1
1701025306.622645 1514 -1
1701025306.622645 2974 -1
1701025306.622709 54 1
1701025306.625125 2974 -1
1701025306.625161 54 1
1701025306.626237 2974 -1
1701025306.626275 54 1
1701025306.627348 2974 -1
1701025306.627385 54 1
1701025306.627575 1514 -1
1701025306.627600 54 1
1701025306.627658 1514 -1
1701025306.627891 5894 -1
1701025306.627935 54 1
1701025306.628335 4434 -1
1701025306.628364 54 1
1701025306.629472 2974 -1
1701025306.629472 7354 -1
1701025306.629525 54 1
1701025306.629619 4434 -1
1701025306.629657 54 1
1701025306.629971 1514 -1
1701025306.630029 2974 -1
1701025306.630053 54 1
1701025306.630513 4434 -1
1701025306.630536 54 1
1701025306.630704 4434 -1
1701025306.630737 54 1
1701025306.631071 2974 -1
1701025306.631112 54 1
1701025306.631426 2974 -1
1701025306.631447 54 1
1701025306.631482 2974 -1
1701025306.631504 54 1
1701025306.631736 1514 -1
1701025306.631758 54 1
1701025306.631837 4434 -1
1701025306.631873 54 1
1701025306.632203 1514 -1
1701025306.632232 54 1
1701025306.632322 4434 -1
1701025306.632358 54 1
1701025306.636461 1514 -1
1701025306.636461 2974 -1
1701025306.636461 20494 -1
1701025306.636461 10274 -1
1701025306.636461 10274 -1
1701025306.636656 54 1
1701025306.636740 2974 -1
1701025306.636762 54 1
1701025306.637338 2974 -1
1701025306.637338 2974 -1
1701025306.637338 4434 -1
1701025306.637451 54 1
1701025306.637552 5894 -1
1701025306.637612 54 1
1701025306.638299 1514 -1
1701025306.638299 1514 -1
1701025306.638299 7354 -1
1701025306.638442 54 1
1701025306.638878 2974 -1
1701025306.638903 54 1
1701025306.639175 2974 -1
1701025306.639205 54 1
1701025306.639365 2974 -1
1701025306.639394 54 1
1701025306.639685 1514 -1
1701025306.639939 1514 -1
1701025306.639939 2974 -1
1701025306.639977 54 1
1701025306.640062 2974 -1
1701025306.640090 54 1
1701025306.640309 2974 -1
1701025306.640334 54 1
1701025306.641995 2974 -1
1701025306.641995 1514 -1
1701025306.641995 2974 -1
1701025306.641995 2974 -1
1701025306.641995 7354 -1
1701025306.642070 54 1
1701025306.642353 1514 -1
1701025306.642795 7354 -1
1701025306.642842 54 1
1701025306.643196 54 1
1701025306.643359 1514 -1
1701025306.643689 7354 -1
1701025306.643741 54 1
1701025306.644116 1514 -1
1701025306.644711 4434 -1
1701025306.644764 54 1
1701025306.645040 4434 -1
1701025306.645073 54 1
1701025306.645466 2974 -1
1701025306.645495 54 1
1701025306.645660 5894 -1
1701025306.645712 54 1
1701025306.646489 7354 -1
1701025306.646528 54 1
1701025306.646901 1514 -1
1701025306.647416 5894 -1
1701025306.647452 54 1
1701025306.647883 8814 -1
1701025306.647933 54 1
1701025306.649010 7354 -1
1701025306.649058 54 1
1701025306.650039 1514 -1
1701025306.650236 7354 -1
1701025306.650265 54 1
1701025306.651151 4434 -1
1701025306.651178 54 1
1701025306.651497 7354 -1
1701025306.651530 54 1
1701025306.652533 4434 -1
1701025306.652560 54 1
1701025306.653086 1514 -1
1701025306.653086 2974 -1
1701025306.653119 54 1
1701025306.654993 7354 -1
1701025306.654993 7354 -1
1701025306.654993 4434 -1
1701025306.654993 7354 -1
1701025306.655108 66 1
1701025306.655163 54 1
1701025306.655219 54 1
1701025306.655476 1514 -1
1701025306.655589 2974 -1
1701025306.655614 54 1
1701025306.655838 11734 -1
1701025306.655912 54 1
1701025306.656801 7354 -1
1701025306.656843 54 1
1701025306.657401 4434 -1
1701025306.657436 54 1
1701025306.657758 1514 -1
1701025306.657785 54 1
1701025306.657862 7354 -1
1701025306.657910 54 1
1701025306.658528 2974 -1
1701025306.658554 54 1
1701025306.658753 7354 -1
1701025306.658808 54 1
1701025306.659363 1514 -1
1701025306.659548 2974 -1
1701025306.659567 54 1
1701025306.659874 5894 -1
1701025306.659908 66 1
1701025306.660201 1514 -1
1701025306.660226 54 1
1701025306.660388 4434 -1
1701025306.660447 54 1
1701025306.660693 7354 -1
1701025306.660745 54 1
1701025306.661295 4434 -1
1701025306.661327 54 1
1701025306.661656 7354 -1
1701025306.661724 54 1
1701025306.662289 4434 -1
1701025306.662334 54 1
1701025306.662684 7354 -1
1701025306.662743 54 1
1701025306.663314 4434 -1
1701025306.663352 54 1
1701025306.663602 7354 -1
1701025306.663654 54 1
1701025306.665944 4434 -1
1701025306.665944 7354 -1
1701025306.665944 4434 -1
1701025306.665944 1514 -1
1701025306.665944 4434 -1
1701025306.666140 54 1
1701025306.666202 7354 -1
1701025306.666260 54 1
1701025306.666666 4434 -1
1701025306.666733 54 1
1701025306.675187 7354 -1
1701025306.675187 4434 -1
1701025306.675266 54 1
1701025306.679356 4246 -1
1701025306.679438 54 1
1701025306.680407 54 1
1701025306.698953 7354 -1
1701025306.698953 7354 -1
1701025306.698953 7354 -1
1701025306.698953 7354 -1
1701025306.698953 2974 -1
1701025306.698953 4622 -1
1701025306.698953 7354 -1
1701025306.698953 7354 -1
1701025306.698953 7354 -1
1701025306.698953 1271 -1
1701025306.699245 54 1
1701025306.701362 54 1
1701025306.705811 1271 -1
1701025306.705872 66 1
1701025306.711470 54 1
1701025307.008229 206 1
1701025307.012730 1097 -1
1701025307.012730 2997 -1
1701025307.012809 54 1
1701025314.331404 54 1
1701025314.333858 78 -1
1701025314.333883 54 1
1701025314.333985 60 -1
1701025317.929279 66 1
1701025317.930381 66 -1
1701025317.930460 54 1
1701025317.931351 934 1
1701025317.932477 60 -1
1701025317.933031 318 -1
1701025317.934169 134 1
1701025317.934593 146 1
1701025317.935080 60 -1
1701025317.935222 341 -1
1701025317.935397 582 1
1701025317.935624 60 -1
1701025317.935680 226 1
1701025317.935682 115 -1
1701025317.935682 85 -1
1701025317.935721 54 1
1701025317.935820 229 1
1701025317.935915 230 1
1701025317.937158 85 1
1701025317.937615 60 -1
1701025317.937615 60 -1
1701025317.937615 60 -1
1701025317.937615 60 -1
1701025317.938504 60 -1
1701025317.944520 5894 -1
1701025317.944520 1172 -1
1701025317.944520 480 -1
1701025317.944520 1170 -1
1701025317.944520 485 -1
1701025317.944624 66 1
1701025317.944699 66 1
1701025317.944733 66 1
1701025317.944782 66 1
1701025317.944810 54 1
1701025317.944865 2085 -1
1701025317.944903 54 1
1701025317.944967 1225 -1
1701025317.944995 407 -1
1701025317.945007 54 1
1701025317.945035 2974 -1
1701025317.945050 54 1
1701025317.945601 2939 -1
1701025317.945631 54 1
1701025317.945712 7354 -1
1701025317.945737 54 1
1701025317.946982 1514 -1
1701025317.946982 2334 -1
1701025317.946982 1172 -1
1701025317.946982 480 -1
1701025317.946982 1170 -1
1701025317.946982 485 -1
1701025317.947043 66 1
1701025317.947090 66 1
1701025317.947105 66 1
1701025317.947125 66 1
1701025317.950317 1205 -1
1701025317.950317 437 -1
1701025317.950382 54 1
1701025317.956287 4905 -1
1701025317.956359 54 1
1701025319.510728 227 1
1701025319.511100 230 1
1701025319.511210 228 1
1701025319.511293 227 1
1701025319.511802 229 1
1701025319.512958 60 -1
1701025319.517158 1010 -1
1701025319.517158 6192 -1
1701025319.517326 54 1
1701025319.517514 1076 -1
1701025319.517682 9188 -1
1701025319.517746 54 1
1701025319.520482 1142 -1
1701025319.520482 525 -1
1701025319.520530 54 1
1701025319.521285 5663 -1
1701025319.521318 54 1
1701025319.529228 1192 -1
1701025319.529228 452 -1
1701025319.529228 7507 -1
1701025319.529228 1202 -1
1701025319.529228 440 -1
1701025319.529228 2443 -1
1701025319.529527 54 1
1701025319.529603 983 -1
1701025319.529634 66 1
1701025321.615594 226 1
1701025321.616241 229 1
1701025321.625140 60 -1
1701025321.627007 1040 -1
1701025321.627007 8735 -1
1701025321.627101 54 1
1701025321.629807 1062 -1
1701025321.629807 9047 -1
1701025321.629998 54 1
1701025321.630581 231 1
1701025321.631891 228 1
1701025321.631986 230 1
1701025321.634026 60 -1
1701025321.639660 1063 -1
1701025321.639660 7354 -1
1701025321.639770 54 1
1701025321.640454 2115 -1
1701025321.640454 1067 -1
1701025321.640454 7354 -1
1701025321.640533 54 1
1701025321.640956 3862 -1
1701025321.640993 54 1
1701025321.641675 1205 -1
1701025321.641675 437 -1
1701025321.641700 54 1
1701025321.641759 4544 -1
1701025321.641791 54 1
1701025323.188743 229 1
1701025323.188897 228 1
1701025323.189421 228 1
1701025323.189538 231 1
1701025323.189627 228 1
1701025323.191324 60 -1
1701025323.192856 1068 -1
1701025323.192856 1013 -1
1701025323.192927 54 1
1701025323.198758 7354 -1
1701025323.198758 6559 -1
1701025323.198758 1071 -1
1701025323.198758 4579 -1
1701025323.198758 10469 -1
1701025323.198758 1041 -1
1701025323.198758 7287 -1
1701025323.199033 54 1
1701025323.201003 1172 -1
1701025323.201003 482 -1
1701025323.201003 7354 -1
1701025323.201057 54 1
1701025323.202755 452 -1
1701025323.205565 89 1
1701025323.247570 60 -1
1701025324.338601 54 1
1701025324.341642 78 -1
1701025324.341642 60 -1
1701025324.341674 54 1
1701025324.744617 66 1
1701025324.745751 66 -1
1701025324.745862 54 1
1701025324.746662 966 1
1701025324.747744 60 -1
1701025324.748350 318 -1
1701025324.749527 134 1
1701025324.749767 146 1
1701025324.750532 60 -1
1701025324.750599 584 1
1701025324.750672 341 -1
1701025324.750672 60 -1
1701025324.750752 227 1
1701025324.750963 229 1
1701025324.751005 115 -1
1701025324.751005 85 -1
1701025324.751098 54 1
1701025324.751198 230 1
1701025324.751304 228 1
1701025324.751641 60 -1
1701025324.751641 60 -1
1701025324.751797 85 1
1701025324.752041 60 -1
1701025324.752211 60 -1
1701025324.752211 60 -1
1701025324.753046 60 -1
1701025324.753601 1039 -1
1701025324.753601 7354 -1
1701025324.753662 54 1
1701025324.754030 1986 -1
1701025324.754121 54 1
1701025324.757426 1012 -1
1701025324.757545 7354 -1
1701025324.757576 54 1
1701025324.758106 5041 -1
1701025324.758147 54 1
1701025324.758593 1062 -1
1701025324.758593 7354 -1
1701025324.758629 54 1
1701025324.759200 1756 -1
1701025324.759239 54 1
1701025324.759278 1178 -1
1701025324.759332 1034 -1
1701025324.759353 54 1
1701025324.759388 6901 -1
1701025324.759430 54 1
1701025324.760167 478 -1
1701025324.760167 2974 -1
1701025324.760333 54 1
1701025324.760519 7354 -1
1701025324.760552 54 1
1701025324.760986 2569 -1
1701025324.761021 54 1
1701025326.857926 227 1
1701025326.858099 229 1
1701025326.858239 228 1
1701025326.858321 226 1
1701025326.858561 227 1
1701025326.859430 60 -1
1701025326.859430 60 -1
1701025326.859430 60 -1
1701025326.859430 60 -1
1701025326.859524 60 -1
1701025326.864567 1042 -1
1701025326.864567 7354 -1
1701025326.864667 54 1
1701025326.864963 1514 -1
1701025326.865080 5964 -1
1701025326.865111 54 1
1701025326.865566 1000 -1
1701025326.865637 2974 -1
1701025326.865654 54 1
1701025326.865986 6073 -1
1701025326.866024 54 1
1701025326.866427 1042 -1
1701025326.866547 1514 -1
1701025326.866567 54 1
1701025326.866655 4884 -1
1701025326.866685 54 1
1701025326.867327 1043 -1
1701025326.867327 7354 -1
1701025326.867375 54 1
1701025326.867737 7354 -1
1701025326.867762 54 1
1701025326.868308 1588 -1
1701025326.868339 54 1
1701025326.873433 1043 -1
1701025326.873663 54 1
1701025326.873720 2974 -1
1701025326.873720 6903 -1
1701025326.873769 54 1
1701025328.435910 230 1
1701025328.436933 230 1
1701025328.437549 228 1
1701025328.439124 60 -1
1701025328.440167 227 1
1701025328.441068 1044 -1
1701025328.441068 7354 -1
1701025328.441372 54 1
1701025328.441644 187 -1
1701025328.443415 232 1
1701025328.444351 1041 -1
1701025328.444351 7354 -1
1701025328.444438 54 1
1701025328.444761 2519 -1
1701025328.444791 54 1
1701025328.444828 1044 -1
1701025328.445410 12883 -1
1701025328.445460 54 1
1701025328.449287 1193 -1
1701025328.449287 449 -1
1701025328.449287 7215 -1
1701025328.449287 1046 -1
1701025328.449287 7354 -1
1701025328.449287 341 -1
1701025328.449410 54 1
1701025332.104756 225 1
1701025332.111257 1177 -1
1701025332.111383 478 -1
1701025332.111383 16460 -1
1701025332.111488 54 1
1701025332.116185 2974 -1
1701025332.116185 7825 -1
1701025332.116245 54 1
1701025332.121606 89 1
1701025332.132494 229 1
1701025332.132581 229 1
1701025332.132698 227 1
1701025332.133081 228 1
1701025332.134900 60 -1
1701025332.138318 1042 -1
1701025332.138318 8691 -1
1701025332.138427 54 1
1701025332.138809 1043 -1
1701025332.138835 54 1
1701025332.139128 14230 -1
1701025332.139175 54 1
1701025332.140166 1039 -1
1701025332.140166 4788 -1
1701025332.140216 54 1
1701025332.141848 1044 -1
1701025332.141848 6031 -1
1701025332.141982 54 1
1701025333.745798 228 1
1701025333.746392 229 1
1701025333.746531 229 1
1701025333.748568 230 1
1701025333.749390 227 1
1701025333.758415 60 -1
1701025333.766665 1040 -1
1701025333.766665 6814 -1
1701025333.766767 54 1
1701025333.766916 1043 -1
1701025333.766982 7574 -1
1701025333.767249 54 1
1701025333.767604 1046 -1
1701025333.767624 54 1
1701025333.767703 1514 -1
1701025333.767855 2722 -1
1701025333.767898 54 1
1701025333.769856 1010 -1
1701025333.769856 8042 -1
1701025333.770173 54 1
1701025333.772400 1010 -1
1701025333.772400 6215 -1
1701025333.772482 54 1
1701025334.350555 54 1
1701025334.352437 78 -1
1701025334.352437 60 -1
1701025334.352492 54 1
1701025335.853751 66 1
1701025335.854696 66 -1
1701025335.854815 54 1
1701025335.855871 934 1
1701025335.856859 60 -1
1701025335.857439 318 -1
1701025335.858307 134 1
1701025335.859504 146 1
1701025335.860154 583 1
1701025335.860247 226 1
1701025335.860320 229 1
1701025335.860409 227 1
1701025335.860495 226 1
1701025335.861132 60 -1
1701025335.861132 341 -1
1701025335.862141 60 -1
1701025335.862141 60 -1
1701025335.862141 60 -1
1701025335.862141 60 -1
1701025335.862141 60 -1
1701025335.862141 60 -1
1701025335.864526 115 -1
1701025335.864526 85 -1
1701025335.864588 54 1
1701025335.864635 1047 -1
1701025335.864673 54 1
1701025335.864715 7354 -1
1701025335.864762 54 1
1701025335.865176 5370 -1
1701025335.865221 85 1
1701025335.865263 54 1
1701025335.867412 60 -1
1701025335.868762 1174 -1
1701025335.868762 481 -1
1701025335.868762 1171 -1
1701025335.868762 482 -1
1701025335.868816 54 1
1701025335.869174 5906 -1
1701025335.869225 54 1
1701025335.869310 9221 -1
1701025335.869380 54 1
1701025335.870693 1177 -1
1701025335.870693 478 -1
1701025335.870693 2974 -1
1701025335.870693 7354 -1
1701025335.870748 54 1
1701025335.871306 611 -1
1701025335.871332 54 1
1701025335.871667 1173 -1
1701025335.871667 481 -1
1701025335.871697 54 1
1701025335.872412 2974 -1
1701025335.872412 4286 -1
1701025335.872483 54 1
1701025337.462103 228 1
1701025337.463380 230 1
1701025337.464607 60 -1
1701025337.467947 228 1
1701025337.468448 230 1
1701025337.468517 227 1
1701025337.472175 1066 -1
1701025337.472175 2974 -1
1701025337.472175 7354 -1
1701025337.472175 4534 -1
1701025337.472175 1173 -1
1701025337.472175 481 -1
1701025337.472175 9326 -1
1701025337.472402 54 1
1701025337.477104 60 -1
1701025337.480257 1042 -1
1701025337.480257 4434 -1
1701025337.480257 3613 -1
1701025337.480257 1180 -1
1701025337.480257 468 -1
1701025337.480358 54 1
1701025337.485017 5894 -1
1701025337.485017 4615 -1
1701025337.485017 1169 -1
1701025337.485017 486 -1
1701025337.485017 4434 -1
1701025337.485017 4445 -1
1701025337.485208 54 1
1701025337.496459 65 -1
1701025337.496523 66 1
1701025339.071087 227 1
1701025339.071705 229 1
1701025339.072280 228 1
1701025339.072795 227 1
1701025339.075406 60 -1
1701025339.078838 1191 -1
1701025339.078838 455 -1
1701025339.078838 8534 -1
1701025339.079498 54 1
1701025339.079572 1173 -1
1701025339.079572 479 -1
1701025339.079572 7354 -1
1701025339.079627 54 1
1701025339.080135 7007 -1
1701025339.080187 54 1
1701025339.086354 1174 -1
1701025339.086354 479 -1
1701025339.086354 7354 -1
1701025339.086354 6284 -1
1701025339.086354 1142 -1
1701025339.086354 522 -1
1701025339.086354 6220 -1
1701025339.086496 54 1
1701025339.087995 227 1
1701025339.105223 1149 -1
1701025339.105223 516 -1
1701025339.105223 6656 -1
1701025339.105338 54 1
1701025341.221357 228 1
1701025341.222024 229 1
1701025341.223126 60 -1
1701025341.223873 229 1
1701025341.224893 228 1
1701025341.226382 228 1
1701025341.227421 60 -1
1701025341.229041 1171 -1
1701025341.229206 485 -1
1701025341.229206 989 -1
1701025341.229206 8813 -1
1701025341.229257 54 1
1701025341.229873 1063 -1
1701025341.229915 54 1
1701025341.230155 2974 -1
1701025341.230155 3055 -1
1701025341.230214 54 1
1701025341.230408 2916 -1
1701025341.230431 54 1
1701025341.231415 89 1
1701025341.232284 1171 -1
1701025341.232284 482 -1
1701025341.232329 54 1
1701025341.232769 4434 -1
1701025341.232802 54 1
1701025341.233097 6117 -1
1701025341.233128 54 1
1701025341.233502 1167 -1
1701025341.233608 481 -1
1701025341.233628 54 1
1701025341.233661 7354 -1
1701025341.233683 54 1
1701025341.234234 1514 -1
1701025341.234256 54 1
1701025341.234353 3594 -1
1701025341.234374 54 1
1701025342.833479 227 1
1701025342.834293 229 1
1701025342.834835 229 1
1701025342.835566 228 1
1701025342.836346 231 1
1701025342.838505 60 -1
1701025342.846376 1042 -1
1701025342.846376 7148 -1
1701025342.846376 1032 -1
1701025342.846376 7354 -1
1701025342.846376 1162 -1
1701025342.846376 1062 -1
1701025342.846376 4853 -1
1701025342.846376 1173 -1
1701025342.846376 483 -1
1701025342.846376 1172 -1
1701025342.846376 482 -1
1701025342.846582 54 1
1701025342.847467 4434 -1
1701025342.847497 54 1
1701025342.847697 3330 -1
1701025342.847724 54 1
1701025342.847981 6770 -1
1701025342.848008 54 1
1701025344.370601 54 1
1701025344.373924 78 -1
1701025344.373924 60 -1
1701025344.374185 54 1
1701025346.326466 66 1
1701025346.327535 66 -1
1701025346.327639 54 1
1701025346.329189 934 1
1701025346.330313 60 -1
1701025346.331120 318 -1
1701025346.331662 134 1
1701025346.332008 146 1
1701025346.332603 586 1
1701025346.332678 60 -1
1701025346.332747 231 1
1701025346.332811 229 1
1701025346.332908 228 1
1701025346.332982 60 -1
1701025346.333047 229 1
1701025346.333520 60 -1
1701025346.333631 60 -1
1701025346.333667 60 -1
1701025346.333934 60 -1
1701025346.334228 60 -1
1701025346.336887 341 -1
1701025346.339393 115 -1
1701025346.339393 85 -1
1701025346.339438 54 1
1701025346.339656 85 1
1701025346.340639 60 -1
1701025346.340933 1174 -1
1701025346.340933 472 -1
1701025346.340982 54 1
1701025346.341223 7354 -1
1701025346.341265 54 1
1701025346.341546 4625 -1
1701025346.341584 54 1
1701025346.344298 1065 -1
1701025346.344334 54 1
1701025346.344369 4249 -1
1701025346.344412 54 1
1701025346.347451 1175 -1
1701025346.347451 476 -1
1701025346.347515 54 1
1701025346.347563 1195 -1
1701025346.347563 447 -1
1701025346.347587 54 1
1701025346.347638 4434 -1
1701025346.347665 54 1
1701025346.347912 5460 -1
1701025346.347942 54 1
1701025346.348531 1199 -1
1701025346.348531 445 -1
1701025346.348556 54 1
1701025346.348673 7354 -1
1701025346.348713 54 1
1701025346.349261 6845 -1
1701025346.349290 54 1
1701025346.349702 5757 -1
1701025346.349733 54 1
1701025348.461347 230 1
1701025348.461615 227 1
1701025348.462459 228 1
1701025348.462554 227 1
1701025348.462628 60 -1
1701025348.462628 60 -1
1701025348.462646 228 1
1701025348.463438 60 -1
1701025348.463438 60 -1
1701025348.463579 60 -1
1701025348.468654 1172 -1
1701025348.468654 483 -1
1701025348.468759 54 1
1701025348.469671 7354 -1
1701025348.469728 54 1
1701025348.470056 1514 -1
1701025348.470056 1427 -1
1701025348.470104 54 1
1701025348.471534 1177 -1
1701025348.471534 472 -1
1701025348.471534 1175 -1
1701025348.471534 474 -1
1701025348.471534 7508 -1
1701025348.471534 2974 -1
1701025348.471702 54 1
1701025348.471827 3823 -1
1701025348.471855 54 1
1701025348.471948 1194 -1
1701025348.472446 450 -1
1701025348.472471 54 1
1701025348.475293 5149 -1
1701025348.475367 54 1
1701025348.476908 1174 -1
1701025348.476908 478 -1
1701025348.476965 54 1
1701025348.480419 7354 -1
1701025348.480419 7354 -1
1701025348.480542 54 1
1701025348.480833 1860 -1
1701025348.480877 54 1
1701025348.481397 85 -1
1701025348.481397 2510 -1
1701025348.481448 54 1
1701025350.066329 231 1
1701025350.067508 228 1
1701025350.069844 229 1
1701025350.070820 228 1
1701025350.071068 228 1
1701025350.096590 1173 -1
1701025350.096590 478 -1
1701025350.096590 7354 -1
1701025350.096590 3722 -1
1701025350.096590 60 -1
1701025350.096590 802 -1
1701025350.096590 1176 -1
1701025350.096590 475 -1
1701025350.096590 7354 -1
1701025350.096590 2222 -1
1701025350.096590 1176 -1
1701025350.096590 478 -1
1701025350.096590 7354 -1
1701025350.096590 7354 -1
1701025350.096590 1608 -1
1701025350.096590 1172 -1
1701025350.096590 482 -1
1701025350.096590 1041 -1
1701025350.096590 7354 -1
1701025350.096590 241 -1
1701025350.096590 6348 -1
1701025350.096953 66 1
1701025350.097153 54 1
1701025351.667746 229 1
1701025351.667876 227 1
1701025351.667988 229 1
1701025351.669284 60 -1
1701025351.675991 1195 -1
1701025351.675991 449 -1
1701025351.675991 7354 -1
1701025351.675991 4051 -1
1701025351.675991 1171 -1
1701025351.675991 486 -1
1701025351.675991 6051 -1
1701025351.676189 54 1
1701025351.680563 1174 -1
1701025351.680563 482 -1
1701025351.680563 6183 -1
1701025351.680681 54 1
1701025351.688041 227 1
1701025351.688208 228 1
1701025351.689976 89 1
1701025351.695646 60 -1
1701025351.695646 1175 -1
1701025351.695646 475 -1
1701025351.695751 54 1
1701025351.701089 4659 -1
1701025351.701089 1170 -1
1701025351.701089 484 -1
1701025351.701218 54 1
1701025351.707770 7354 -1
1701025351.707770 481 -1
1701025351.707869 54 1
1701025353.298357 228 1
1701025353.298482 230 1
1701025353.298589 230 1
1701025353.298806 231 1
1701025353.298908 229 1
1701025353.301570 60 -1
1701025353.306654 1071 -1
1701025353.306744 5375 -1
1701025353.306771 54 1
1701025353.311607 1221 -1
1701025353.311677 54 1
1701025353.311781 411 -1
1701025353.311781 1194 -1
1701025353.311781 450 -1
1701025353.311824 54 1
1701025353.316666 1141 -1
1701025353.316666 520 -1
1701025353.316666 1514 -1
1701025353.316666 1544 -1
1701025353.316753 54 1
1701025353.316845 5865 -1
1701025353.316881 54 1
1701025353.324690 7077 -1
1701025353.324813 54 1
1701025353.333288 1196 -1
1701025353.333288 451 -1
1701025353.333372 54 1
1701025353.337670 6166 -1
1701025353.337739 54 1
1701025354.405835 54 1
1701025354.415980 78 -1
1701025354.415980 60 -1
1701025354.416083 54 1
1701025355.469174 66 1
1701025355.476502 66 -1
1701025355.476627 54 1
1701025355.478913 966 1
1701025355.480353 60 -1
1701025355.480933 318 -1
1701025355.481576 134 1
1701025355.481984 146 1
1701025355.482877 60 -1
1701025355.483233 584 1
1701025355.483356 230 1
1701025355.483485 228 1
1701025355.483577 229 1
1701025355.483651 229 1
1701025355.483739 341 -1
1701025355.483739 60 -1
1701025355.487525 115 -1
1701025355.487525 85 -1
1701025355.487525 60 -1
1701025355.487525 60 -1
1701025355.487525 60 -1
1701025355.487525 60 -1
1701025355.487525 60 -1
1701025355.487649 54 1
1701025355.488054 85 1
1701025355.488880 1064 -1
1701025355.488880 7354 -1
1701025355.488880 128 -1
1701025355.488880 1042 -1
1701025355.488880 3932 -1
1701025355.488880 1044 -1
1701025355.488880 4434 -1
1701025355.489024 54 1
1701025355.489276 7354 -1
1701025355.489316 54 1
1701025355.490311 4780 -1
1701025355.490311 2966 -1
1701025355.490362 54 1
1701025355.491641 60 -1
1701025355.491641 1137 -1
1701025355.491641 529 -1
1701025355.491641 5944 -1
1701025355.491740 54 1
1701025355.493602 1171 -1
1701025355.493602 483 -1
1701025355.493602 4961 -1
1701025355.493702 54 1
1701025359.519970 228 1
1701025359.520171 225 1
1701025359.520260 230 1
1701025359.521275 60 -1
1701025359.521454 60 -1
1701025359.521454 60 -1
1701025359.525274 1065 -1
1701025359.525274 7354 -1
1701025359.525373 54 1
1701025359.525645 896 -1
1701025359.532013 481 -1
1701025359.532013 1173 -1
1701025359.532104 66 1
1701025359.532300 54 1
1701025359.532358 2974 -1
1701025359.532391 54 1
1701025359.533365 6436 -1
1701025359.533433 54 1
1701025359.534397 1176 -1
1701025359.534397 475 -1
1701025359.534442 54 1
1701025359.541095 6937 -1
1701025359.541190 54 1
1701025359.611285 227 1
1701025359.611947 227 1
1701025359.617482 60 -1
1701025359.624247 1172 -1
1701025359.624247 483 -1
1701025359.624352 54 1
1701025359.629278 2974 -1
1701025359.629278 2549 -1
1701025359.629388 54 1
1701025359.635799 1197 -1
1701025359.635799 450 -1
1701025359.635799 5047 -1
1701025359.635908 54 1
1701025361.143183 229 1
1701025361.144066 229 1
1701025361.145329 226 1
1701025361.146435 228 1
1701025361.146863 231 1
1701025361.148715 60 -1
1701025361.150622 1064 -1
1701025361.150867 4894 -1
1701025361.150908 54 1
1701025361.151099 1035 -1
1701025361.151099 6470 -1
1701025361.151144 54 1
1701025361.152824 89 1
1701025361.156573 1205 -1
1701025361.156573 442 -1
1701025361.156573 7187 -1
1701025361.156683 54 1
1701025361.157426 1202 -1
1701025361.157426 445 -1
1701025361.157464 54 1
1701025361.157529 5335 -1
1701025361.157577 54 1
1701025361.158158 1175 -1
1701025361.158158 476 -1
1701025361.158184 54 1
1701025361.158281 4434 -1
1701025361.158312 54 1
1701025361.158501 1620 -1
1701025361.158525 54 1
1701025363.347566 228 1
1701025363.347651 229 1
1701025363.347722 229 1
1701025363.349536 60 -1
1701025363.350424 226 1
1701025363.357076 1040 -1
1701025363.357181 2974 -1
1701025363.357211 54 1
1701025363.357262 6903 -1
1701025363.357316 54 1
1701025363.357827 1198 -1
1701025363.357895 453 -1
1701025363.357911 54 1
1701025363.357945 4434 -1
1701025363.357969 54 1
1701025363.358292 1665 -1
1701025363.358320 54 1
1701025363.360856 1200 -1
1701025363.360902 54 1
1701025363.361009 441 -1
1701025363.361009 7138 -1
1701025363.361055 54 1
1701025363.365048 1170 -1
1701025363.365048 484 -1
1701025363.365133 54 1
1701025363.366389 7354 -1
1701025363.366451 54 1
1701025363.366816 498 -1
1701025363.366837 54 1
1701025363.368303 66 1
1701025363.369519 66 -1
1701025363.369646 54 1
1701025363.371395 605 1
1701025363.382295 60 -1
1701025363.391012 1514 -1
1701025363.391012 1514 -1
1701025363.391012 958 -1
1701025363.391140 54 1
1701025363.397973 134 1
1701025363.398359 146 1
1701025363.398662 594 1
1701025363.400354 60 -1
1701025363.400354 60 -1
1701025363.400354 60 -1
1701025363.401222 341 -1
1701025363.401292 341 -1
1701025363.401331 54 1
1701025363.404674 115 -1
1701025363.404674 85 -1
1701025363.404756 54 1
1701025363.405084 85 1
1701025363.406282 60 -1
1701025363.410980 1238 -1
1701025363.410980 388 -1
1701025363.411072 54 1
1701025363.413455 4263 -1
1701025363.413502 54 1
1701025364.410322 54 1
1701025364.410886 54 1
1701025364.411563 78 -1
1701025364.411563 60 -1
1701025364.411599 54 1
1701025364.412606 78 -1
1701025364.412606 60 -1
1701025364.412638 54 1
1701025364.969764 66 1
1701025364.970865 66 1
1701025364.971577 66 -1
1701025364.971653 54 1
1701025364.971980 66 -1
1701025364.972023 54 1
1701025364.972527 908 1
1701025364.972970 902 1
1701025364.976356 60 -1
1701025364.981795 60 -1
1701025364.981795 318 -1
1701025364.981795 318 -1
1701025364.982798 134 1
1701025364.983440 134 1
1701025364.983779 146 1
1701025364.983974 146 1
1701025364.984545 582 1
1701025364.984672 227 1
1701025364.984792 228 1
1701025364.984902 227 1
1701025364.985040 594 1
1701025364.986956 60 -1
1701025364.986956 60 -1
1701025364.986956 60 -1
1701025364.986956 60 -1
1701025364.986956 60 -1
1701025364.986956 60 -1
1701025364.986956 60 -1
1701025364.986956 60 -1
1701025364.986956 60 -1
1701025364.986956 341 -1
1701025364.989335 341 -1
1701025364.989335 115 -1
1701025364.989335 85 -1
1701025364.989417 54 1
1701025364.989528 1045 -1
1701025364.989528 1514 -1
1701025364.989528 9566 -1
1701025364.989634 54 1
1701025364.989727 85 1
1701025364.994041 1067 -1
1701025364.994041 8299 -1
1701025364.994041 1043 -1
1701025364.994041 16460 -1
1701025364.994041 115 -1
1701025364.994041 85 -1
1701025364.994041 1377 -1
1701025364.994041 60 -1
1701025364.994234 54 1
1701025364.994284 54 1
1701025364.994620 1205 -1
1701025364.994620 434 -1
1701025364.994620 5674 -1
1701025364.994663 54 1
1701025364.995274 1211 -1
1701025364.995274 427 -1
1701025364.995301 54 1
1701025364.995540 7354 -1
1701025364.995589 54 1
1701025364.996022 1669 -1
1701025364.996041 54 1
1701025365.000527 85 1
1701025365.009280 60 -1
1701025366.600278 228 1
1701025366.600813 230 1
1701025366.601276 228 1
1701025366.601694 228 1
1701025366.602181 226 1
1701025366.603591 60 -1
1701025366.603591 60 -1
1701025366.603591 60 -1
1701025366.603591 60 -1
1701025366.603591 60 -1
1701025366.608037 1045 -1
1701025366.608037 4289 -1
1701025366.608102 54 1
1701025366.609675 1195 -1
1701025366.609675 445 -1
1701025366.609737 54 1
1701025366.609820 1175 -1
1701025366.609820 477 -1
1701025366.609853 54 1
1701025366.611666 1196 -1
1701025366.611666 451 -1
1701025366.611666 1100 -1
1701025366.611666 11627 -1
1701025366.611776 54 1
1701025366.612560 7354 -1
1701025366.612616 54 1
1701025366.613095 7354 -1
1701025366.613161 54 1
1701025366.613743 1860 -1
1701025366.613777 54 1
1701025366.613997 1514 -1
1701025366.613997 7354 -1
1701025366.614058 54 1
1701025366.614604 1807 -1
1701025366.614637 54 1
1701025366.614722 2974 -1
1701025366.614743 54 1
1701025366.614962 3409 -1
1701025366.614994 54 1
1701025366.615249 7354 -1
1701025366.615296 54 1
1701025366.615852 6168 -1
1701025366.615925 54 1
1701025368.212665 227 1
1701025368.213333 228 1
1701025368.213727 60 -1
1701025368.214015 229 1
1701025368.214114 227 1
1701025368.214299 229 1
1701025368.214473 60 -1
1701025368.214933 60 -1
1701025368.215390 60 -1
1701025368.215390 60 -1
1701025368.222287 1201 -1
1701025368.222287 443 -1
1701025368.222287 1042 -1
1701025368.222287 8406 -1
1701025368.222478 54 1
1701025368.222772 9604 -1
1701025368.222829 54 1
1701025368.223555 1599 -1
1701025368.223578 54 1
1701025368.223665 2974 -1
1701025368.223693 54 1
1701025368.223936 4690 -1
1701025368.223963 54 1
1701025368.224895 1198 -1
1701025368.224895 448 -1
1701025368.224937 54 1
1701025368.225063 1173 -1
1701025368.225063 7354 -1
1701025368.225091 54 1
1701025368.225557 2543 -1
1701025368.225596 54 1
1701025368.225742 483 -1
1701025368.225793 8305 -1
1701025368.225846 54 1
1701025370.357823 227 1
1701025370.358758 227 1
1701025370.359720 228 1
1701025370.361843 227 1
1701025370.362184 227 1
1701025370.362435 60 -1
1701025370.365460 60 -1
1701025370.368499 1173 -1
1701025370.368499 480 -1
1701025370.368590 54 1
1701025370.369043 7354 -1
1701025370.369075 54 1
1701025370.369539 3018 -1
1701025370.369568 54 1
1701025370.370044 1245 -1
1701025370.370044 1526 -1
1701025370.370044 450 -1
1701025370.370044 5523 -1
1701025370.370130 54 1
1701025370.370704 3297 -1
1701025370.370728 54 1
1701025370.372059 89 1
1701025370.375434 1176 -1
1701025370.375434 481 -1
1701025370.375434 2974 -1
1701025370.375434 7354 -1
1701025370.375434 2775 -1
1701025370.375434 1187 -1
1701025370.375434 456 -1
1701025370.375434 4434 -1
1701025370.375628 54 1
1701025370.375726 4460 -1
1701025370.375763 54 1
1701025370.416971 60 -1
1701025374.433460 54 1
1701025374.433626 54 1
1701025374.439686 78 -1
1701025374.439686 60 -1
1701025374.439785 54 1
1701025374.493428 60 -1
1701025374.714470 66 1
1701025374.719743 66 -1
1701025374.719874 54 1
1701025374.720502 934 1
1701025374.722448 60 -1
1701025374.723477 318 -1
1701025374.724641 134 1
1701025374.725638 146 1
1701025374.725676 60 -1
1701025374.726416 341 -1
1701025374.726674 60 -1
1701025374.726732 115 -1
1701025374.726732 85 -1
1701025374.726758 54 1
1701025374.726838 582 1
1701025374.726939 227 1
1701025374.727435 85 1
1701025374.727793 60 -1
1701025374.727924 60 -1
1701025374.728243 227 1
1701025374.728721 60 -1
1701025374.728909 232 1
1701025374.729576 229 1
1701025374.729724 60 -1
1701025374.729951 60 -1
1701025374.730506 60 -1
1701025374.739225 1174 -1
1701025374.739225 480 -1
1701025374.739225 1174 -1
1701025374.739225 479 -1
1701025374.739322 54 1
1701025374.740837 7354 -1
1701025374.740899 54 1
1701025374.741344 7354 -1
1701025374.741381 54 1
1701025374.741919 596 -1
1701025374.741984 1167 -1
1701025374.742000 54 1
1701025374.742030 485 -1
1701025374.742069 1176 -1
1701025374.742093 54 1
1701025374.742168 477 -1
1701025374.742363 6004 -1
1701025374.742397 54 1
1701025374.742732 4162 -1
1701025374.742764 54 1
1701025374.743060 2974 -1
1701025374.743089 54 1
1701025374.743356 3703 -1
1701025374.743392 54 1
1701025375.036269 78 -1
1701025375.036269 60 -1
1701025375.036360 54 1
1701025375.292251 1171 -1
1701025375.292251 484 -1
1701025375.292251 4730 -1
1701025375.292359 54 1
1701025376.400752 227 1
1701025376.400880 227 1
1701025376.400965 228 1
1701025376.401049 229 1
1701025376.401367 228 1
1701025376.402839 60 -1
1701025376.402839 60 -1
1701025376.402839 60 -1
1701025376.402839 60 -1
1701025376.402839 60 -1
1701025376.407236 1172 -1
1701025376.407236 483 -1
1701025376.407351 54 1
1701025376.407481 4434 -1
1701025376.407530 54 1
1701025376.407744 5638 -1
1701025376.407809 54 1
1701025376.408373 1172 -1
1701025376.408373 482 -1
1701025376.408404 54 1
1701025376.411625 1171 -1
1701025376.411625 484 -1
1701025376.411625 1199 -1
1701025376.411625 449 -1
1701025376.411625 12917 -1
1701025376.411625 7214 -1
1701025376.411625 1203 -1
1701025376.411625 438 -1
1701025376.411625 7354 -1
1701025376.411625 3415 -1
1701025376.411826 54 1
1701025376.413988 12644 -1
1701025376.414095 54 1
1701025378.613497 228 1
1701025378.614116 227 1
1701025378.614674 227 1
1701025378.615549 230 1
1701025378.616019 227 1
1701025378.618700 60 -1
1701025378.624737 1227 -1
1701025378.624737 407 -1
1701025378.624828 54 1
1701025378.624915 1198 -1
1701025378.624915 447 -1
1701025378.624915 7354 -1
1701025378.624961 54 1
1701025378.625428 3389 -1
1701025378.625486 54 1
1701025378.626519 1171 -1
1701025378.626591 7354 -1
1701025378.626627 54 1
1701025378.627199 6946 -1
1701025378.627247 54 1
1701025378.638665 7354 -1
1701025378.638665 916 -1
1701025378.638665 1207 -1
1701025378.638665 444 -1
1701025378.638665 1514 -1
1701025378.638665 2743 -1
1701025378.638665 1198 -1
1701025378.638665 441 -1
1701025378.638665 10265 -1
1701025378.638665 1505 -1
1701025378.638860 66 1
1701025380.252468 229 1
1701025380.254190 228 1
1701025380.254705 228 1
1701025380.255108 229 1
1701025380.255492 227 1
1701025380.255541 60 -1
1701025380.259514 60 -1
1701025380.262051 1173 -1
1701025380.262051 475 -1
1701025380.262123 54 1
1701025380.262552 5894 -1
1701025380.262589 54 1
1701025380.262827 3611 -1
1701025380.262849 54 1
1701025380.263116 1175 -1
1701025380.263150 54 1
1701025380.263253 478 -1
1701025380.263809 7354 -1
1701025380.263874 54 1
1701025380.264404 5894 -1
1701025380.264454 54 1
1701025380.264770 1702 -1
1701025380.264794 54 1
1701025380.264852 1171 -1
1701025380.264943 481 -1
1701025380.264960 54 1
1701025380.264987 2705 -1
1701025380.265005 54 1
1701025380.265201 1169 -1
1701025380.265496 483 -1
1701025380.265496 1174 -1
1701025380.265496 5501 -1
1701025380.265547 54 1
1701025380.265939 475 -1
1701025380.265962 54 1
1701025380.266539 89 1
1701025380.267787 11194 -1
1701025380.267866 54 1
1701025380.279366 974 -1
1701025380.279429 66 1
1701025381.865038 227 1
1701025381.866038 229 1
1701025381.866153 226 1
1701025381.866892 228 1
1701025381.867663 231 1
1701025381.906710 60 -1
1701025381.906710 1171 -1
1701025381.906710 482 -1
1701025381.906710 4125 -1
1701025381.906710 1177 -1
1701025381.906710 474 -1
1701025381.906710 1172 -1
1701025381.906710 480 -1
1701025381.906710 7354 -1
1701025381.906710 7354 -1
1701025381.906710 1860 -1
1701025381.906710 85 -1
1701025381.906710 1464 -1
1701025381.906710 8724 -1
1701025381.906710 1198 -1
1701025381.906710 445 -1
1701025381.906710 7354 -1
1701025381.906710 1860 -1
1701025381.906710 400 -1
1701025381.907058 66 1
1701025381.927999 1174 -1
1701025381.927999 479 -1
1701025381.928095 54 1
1701025381.928615 5754 -1
1701025381.928648 54 1
1701025384.122541 226 1
1701025384.125768 230 1
1701025384.126845 60 -1
1701025384.127616 228 1
1701025384.130497 229 1
1701025384.130601 229 1
1701025384.131945 60 -1
1701025384.136088 1164 -1
1701025384.136088 490 -1
1701025384.136152 54 1
1701025384.136646 1171 -1
1701025384.136646 480 -1
1701025384.136677 54 1
1701025384.136797 5815 -1
1701025384.136841 54 1
1701025384.138965 7354 -1
1701025384.139033 54 1
1701025384.139302 279 -1
1701025384.139323 54 1
1701025384.140905 1172 -1
1701025384.140905 485 -1
1701025384.140951 54 1
1701025384.141093 1172 -1
1701025384.141093 483 -1
1701025384.141093 1203 -1
1701025384.141128 54 1
1701025384.141166 442 -1
1701025384.141192 54 1
1701025384.141591 5302 -1
1701025384.141634 54 1
1701025384.141912 1514 -1
1701025384.141945 5439 -1
1701025384.141986 54 1
1701025384.143882 7354 -1
1701025384.143882 740 -1
1701025384.143924 54 1
1701025384.442650 54 1
1701025384.443845 78 -1
1701025384.443845 60 -1
1701025384.443896 54 1
1701025385.818437 66 1
1701025385.819550 66 -1
1701025385.819679 54 1
1701025385.820493 902 1
1701025385.821504 60 -1
1701025385.822023 318 -1
1701025385.822563 134 1
1701025385.822881 146 1
1701025385.823507 60 -1
1701025385.823581 584 1
1701025385.823698 228 1
1701025385.823728 341 -1
1701025385.823829 228 1
1701025385.823903 60 -1
1701025385.823903 115 -1
1701025385.823903 85 -1
1701025385.823912 228 1
1701025385.823946 54 1
1701025385.824027 227 1
1701025385.824247 85 1
1701025385.824510 60 -1
1701025385.824627 60 -1
1701025385.824781 60 -1
1701025385.824781 60 -1
1701025385.824992 60 -1
1701025385.825369 60 -1
1701025385.829950 1176 -1
1701025385.829950 479 -1
1701025385.829950 7354 -1
1701025385.830113 54 1
1701025385.830236 7354 -1
1701025385.830437 54 1
1701025385.830818 1860 -1
1701025385.830858 54 1
1701025385.830959 4434 -1
1701025385.831003 54 1
1701025385.831403 7354 -1
1701025385.831442 54 1
1701025385.831936 451 -1
1701025385.832102 1173 -1
1701025385.832102 483 -1
1701025385.832144 54 1
1701025385.832235 5531 -1
1701025385.832283 54 1
1701025385.832952 1168 -1
1701025385.832952 486 -1
1701025385.832996 54 1
1701025385.833666 7354 -1
1701025385.833722 54 1
1701025385.834136 1896 -1
1701025385.834181 54 1
1701025385.834320 1172 -1
1701025385.834362 484 -1
1701025385.834381 54 1
1701025385.834415 2986 -1
1701025385.834442 54 1
1701025385.836159 1201 -1
1701025385.836159 442 -1
1701025385.836226 54 1
1701025385.836423 7354 -1
1701025385.836470 54 1
1701025385.836721 1288 -1
1701025385.885075 54 1
1701025391.221699 229 1
1701025391.222702 227 1
1701025391.223925 227 1
1701025391.224170 228 1
1701025391.224231 228 1
1701025391.225100 60 -1
1701025391.235638 1194 -1
1701025391.235638 448 -1
1701025391.235638 1173 -1
1701025391.235638 479 -1
1701025391.235736 54 1
1701025391.237819 89 1
1701025391.237817 7354 -1
1701025391.237871 54 1
1701025391.238216 5452 -1
1701025391.238257 54 1
1701025391.238669 8129 -1
1701025391.238719 54 1
1701025391.239422 1171 -1
1701025391.239441 54 1
1701025391.239621 1621 -1
1701025391.239621 454 -1
1701025391.239621 4993 -1
1701025391.239688 54 1
1701025391.239999 1514 -1
1701025391.240023 54 1
1701025391.240108 5580 -1
1701025391.240131 54 1
1701025391.240579 1194 -1
1701025391.240729 452 -1
1701025391.240745 54 1
1701025391.242933 6026 -1
1701025391.242986 54 1
1701025392.891797 226 1
1701025392.891925 231 1
1701025392.894275 60 -1
1701025392.894545 228 1
1701025392.894648 227 1
1701025392.894735 228 1
1701025392.895986 60 -1
1701025392.897980 1169 -1
1701025392.897980 487 -1
1701025392.897980 4754 -1
1701025392.898124 54 1
1701025392.900035 1174 -1
1701025392.900035 481 -1
1701025392.900035 1222 -1
1701025392.900091 54 1
1701025392.900190 6725 -1
1701025392.900263 54 1
1701025392.900617 415 -1
1701025392.900663 5596 -1
1701025392.900701 54 1
1701025392.901116 1224 -1
1701025392.901144 54 1
1701025392.901245 408 -1
1701025392.901304 7354 -1
1701025392.901352 54 1
1701025392.901835 168 -1
1701025392.902639 1173 -1
1701025392.902639 482 -1
1701025392.902639 5907 -1
1701025392.902723 54 1
1701025394.465391 54 1
1701025394.466669 78 -1
1701025394.466669 60 -1
1701025394.466715 54 1
1701025395.089416 66 1
1701025395.090718 66 -1
1701025395.090864 54 1
1701025395.091897 870 1
1701025395.098994 60 -1
1701025395.099839 318 -1
1701025395.100791 134 1
1701025395.101197 146 1
1701025395.101712 60 -1
1701025395.101864 583 1
1701025395.101946 228 1
1701025395.101972 341 -1
1701025395.102036 226 1
1701025395.102122 228 1
1701025395.102139 60 -1
1701025395.102226 229 1
1701025395.102263 115 -1
1701025395.102263 85 -1
1701025395.102295 54 1
1701025395.102457 85 1
1701025395.102806 60 -1
1701025395.102859 60 -1
1701025395.102937 60 -1
1701025395.103159 60 -1
1701025395.103159 60 -1
1701025395.103470 60 -1
1701025395.112038 1143 -1
1701025395.112038 522 -1
1701025395.112038 1172 -1
1701025395.112038 483 -1
1701025395.112147 54 1
1701025395.112210 9357 -1
1701025395.112258 54 1
1701025395.112864 2974 -1
1701025395.112893 54 1
1701025395.113465 5248 -1
1701025395.113496 54 1
1701025395.113672 1200 -1
1701025395.113672 444 -1
1701025395.113719 54 1
1701025395.114079 4434 -1
1701025395.114116 54 1
1701025395.114263 1521 -1
1701025395.114301 54 1
1701025395.115346 1200 -1
1701025395.115346 442 -1
1701025395.115385 54 1
1701025395.117445 7535 -1
1701025395.117509 54 1
1701025395.130562 1173 -1
1701025395.130562 485 -1
1701025395.130644 54 1
1701025395.136028 5425 -1
1701025395.136128 54 1
1701025395.669696 54 1
