1701026994.658020 66 1
1701026994.659178 66 -1
1701026994.659278 54 1
1701026994.670352 572 1
1701026994.671060 66 1
1701026994.672496 60 -1
1701026994.688171 2974 -1
1701026994.688171 957 -1
1701026994.688255 54 1
1701026994.690301 66 -1
1701026994.691551 54 1
1701026994.692027 572 1
1701026994.693071 60 -1
1701026994.704492 2974 -1
1701026994.704671 54 1
1701026994.704736 957 -1
1701026994.709731 134 1
1701026994.710732 60 -1
1701026994.711315 134 1
1701026994.718220 341 -1
1701026994.718220 341 -1
1701026994.718467 54 1
1701026994.721335 60 -1
1701026994.721335 341 -1
1701026994.721335 341 -1
1701026994.722087 54 1
1701026994.723012 54 1
1701026994.723057 54 1
1701026994.742264 146 1
1701026994.743652 60 -1
1701026994.743652 115 -1
1701026994.743652 85 -1
1701026994.743710 54 1
1701026994.745179 552 1
1701026994.745249 228 1
1701026994.746274 85 1
1701026994.746529 60 -1
1701026994.746529 60 -1
1701026994.747688 60 -1
1701026994.752319 1180 -1
1701026994.752319 476 -1
1701026994.752362 54 1
1701026994.753336 4370 -1
1701026994.753367 54 1
1701026994.757507 1031 -1
1701026994.757535 54 1
1701026994.757635 650 -1
1701026994.757635 1514 -1
1701026994.757657 54 1
1701026994.757691 2974 -1
1701026994.757711 54 1
1701026994.758103 5894 -1
1701026994.758149 54 1
1701026994.759464 6240 -1
1701026994.759520 54 1
1701026994.764272 7354 -1
1701026994.764272 7354 -1
1701026994.764272 1891 -1
1701026994.764272 85 -1
1701026994.764272 3788 -1
1701026994.764424 54 1
1701026994.863327 202 1
1701026994.863509 202 1
1701026994.863650 205 1
1701026994.863795 229 1
1701026994.863907 229 1
1701026994.864003 228 1
1701026994.864180 230 1
1701026994.864309 230 1
1701026994.864424 228 1
1701026994.864505 227 1
1701026994.864583 229 1
1701026994.864660 227 1
1701026994.864766 228 1
1701026994.865005 60 -1
1701026994.865064 228 1
1701026994.865112 60 -1
1701026994.865229 229 1
1701026994.865326 227 1
1701026994.865434 227 1
1701026994.865522 60 -1
1701026994.865576 227 1
1701026994.866342 60 -1
1701026994.868722 60 -1
1701026994.871783 1000 -1
1701026994.871783 696 -1
1701026994.871783 1013 -1
1701026994.871783 11034 -1
1701026994.871923 54 1
1701026994.872570 1072 -1
1701026994.872605 54 1
1701026994.872658 7354 -1
1701026994.872699 54 1
1701026994.873251 7354 -1
1701026994.873297 54 1
1701026994.876061 1860 -1
1701026994.876061 14654 -1
1701026994.876061 4434 -1
1701026994.876061 2974 -1
1701026994.876061 2974 -1
1701026994.876279 54 1
1701026994.876377 13194 -1
1701026994.876495 54 1
1701026994.877157 4434 -1
1701026994.877224 54 1
1701026994.880495 7354 -1
1701026994.880495 7354 -1
1701026994.880495 7354 -1
1701026994.880495 7354 -1
1701026994.880495 7354 -1
1701026994.880781 54 1
1701026994.880863 5894 -1
1701026994.880922 54 1
1701026994.881619 7354 -1
1701026994.881674 54 1
1701026994.881730 1514 -1
1701026994.881755 54 1
1701026994.881812 7354 -1
1701026994.881883 54 1
1701026994.883428 7354 -1
1701026994.883518 54 1
1701026994.891109 4434 -1
1701026994.891109 7354 -1
1701026994.891109 1514 -1
1701026994.891109 7354 -1
1701026994.891109 7354 -1
1701026994.891109 7354 -1
1701026994.891109 7354 -1
1701026994.891303 54 1
1701026994.891380 1514 -1
1701026994.891408 54 1
1701026994.891556 7354 -1
1701026994.891610 54 1
1701026994.896095 4434 -1
1701026994.896095 7354 -1
1701026994.896159 54 1
1701026994.897624 7354 -1
1701026994.897679 54 1
1701026994.899742 54 1
1701026994.901557 5894 -1
1701026994.901633 54 1
1701026994.912936 1514 -1
1701026994.912936 2974 -1
1701026994.912936 1514 -1
1701026994.912936 7354 -1
1701026994.912936 7354 -1
1701026994.912936 1514 -1
1701026994.912936 7354 -1
1701026994.912936 5894 -1
1701026994.912936 1514 -1
1701026994.912936 1514 -1
1701026994.912936 7354 -1
1701026994.912936 20494 -1
1701026994.912936 2974 -1
1701026994.913204 54 1
1701026994.913211 54 1
1701026994.913314 1514 -1
1701026994.913345 54 1
1701026994.913800 7354 -1
1701026994.913868 54 1
1701026994.914637 66 1
1701026994.915554 66 1
1701026994.915736 1514 -1
1701026994.915736 19034 -1
1701026994.915979 54 1
1701026994.916562 54 1
1701026994.916642 66 -1
1701026994.916674 66 -1
1701026994.916727 54 1
1701026994.916751 54 1
1701026994.918466 18982 -1
1701026994.918531 54 1
1701026994.918647 678 1
1701026994.919088 646 1
1701026994.920420 60 -1
1701026994.920809 60 -1
1701026994.920809 1514 -1
1701026994.920958 54 1
1701026994.921267 1514 -1
1701026994.921302 54 1
1701026994.921361 2974 -1
1701026994.921390 54 1
1701026994.921624 1230 -1
1701026994.922414 13246 -1
1701026994.922491 54 1
1701026994.923440 1230 -1
1701026994.924042 54 1
1701026994.924509 7354 -1
1701026994.924558 54 1
1701026994.926202 8814 -1
1701026994.926237 54 1
1701026994.927056 7354 -1
1701026994.927104 54 1
1701026994.928019 7354 -1
1701026994.928063 54 1
1701026994.929595 7354 -1
1701026994.929645 54 1
1701026994.930495 7354 -1
1701026994.930537 54 1
1701026994.933703 1686 -1
1701026994.933743 2974 -1
1701026994.933750 54 1
1701026994.933743 1686 -1
1701026994.933743 2974 -1
1701026994.933743 7354 -1
1701026994.933837 54 1
1701026994.933974 54 1
1701026994.934080 5894 -1
1701026994.934115 54 1
1701026994.935442 14654 -1
1701026994.935516 54 1
1701026994.937874 7354 -1
1701026994.937954 54 1
1701026994.938814 7354 -1
1701026994.938887 54 1
1701026994.940133 2974 -1
1701026994.940171 54 1
1701026994.940548 7354 -1
1701026994.940612 54 1
1701026994.943126 7354 -1
1701026994.943126 7354 -1
1701026994.943230 54 1
1701026994.944173 7354 -1
1701026994.944244 54 1
1701026994.945374 2974 -1
1701026994.945408 54 1
1701026994.945617 2974 -1
1701026994.945663 54 1
1701026994.946382 1514 -1
1701026994.946485 2974 -1
1701026994.946518 54 1
1701026994.946839 7354 -1
1701026994.946908 54 1
1701026994.948111 4434 -1
1701026994.948172 54 1
1701026994.949483 7354 -1
1701026994.949554 54 1
1701026994.950342 2974 -1
1701026994.950375 54 1
1701026994.950590 5894 -1
1701026994.950657 54 1
1701026994.951564 7354 -1
1701026994.951636 54 1
1701026994.952651 7354 -1
1701026994.952717 54 1
1701026994.953867 1514 -1
1701026994.954093 5894 -1
1701026994.954158 54 1
1701026994.955440 4434 -1
1701026994.955498 54 1
1701026994.955930 2974 -1
1701026994.955979 54 1
1701026994.957314 134 1
1701026994.958160 134 1
1701026994.959059 7354 -1
1701026994.959059 7354 -1
1701026994.959059 2974 -1
1701026994.959187 54 1
1701026994.959243 1514 -1
1701026994.959292 60 -1
1701026994.959816 7354 -1
1701026994.959893 54 1
1701026994.960394 357 -1
1701026994.960394 357 -1
1701026994.960423 54 1
1701026994.960431 60 -1
1701026994.961073 7354 -1
1701026994.961136 54 1
1701026994.962110 357 -1
1701026994.962110 357 -1
1701026994.962110 7354 -1
1701026994.962199 54 1
1701026994.962234 54 1
1701026994.963313 7354 -1
1701026994.963385 54 1
1701026994.964485 2974 -1
1701026994.964511 54 1
1701026994.964737 54 1
1701026994.965344 7354 -1
1701026994.965417 54 1
1701026994.966044 93 -1
1701026994.966082 54 1
1701026994.966559 2974 -1
1701026994.966597 54 1
1701026994.966981 78 -1
1701026994.966981 60 -1
1701026994.966981 1514 -1
1701026994.967051 1514 -1
1701026994.967051 1514 -1
1701026994.967072 54 1
1701026994.967662 7354 -1
1701026994.967750 54 1
1701026994.968703 7354 -1
1701026994.968790 54 1
1701026994.969959 2974 -1
1701026994.970015 54 1
1701026994.970215 10274 -1
1701026994.970281 54 1
1701026994.971379 146 1
1701026994.972198 4434 -1
1701026994.972250 54 1
1701026994.972373 472 1
1701026994.972515 170 1
1701026994.973070 4434 -1
1701026994.973129 54 1
1701026994.973241 60 -1
1701026994.973241 115 -1
1701026994.973241 85 -1
1701026994.973315 54 1
1701026994.973660 7354 -1
1701026994.973713 54 1
1701026994.974774 85 1
1701026994.975941 2974 -1
1701026994.975941 5894 -1
1701026994.976006 54 1
1701026994.976024 60 -1
1701026994.976024 60 -1
1701026994.976024 971 -1
1701026994.976024 238 -1
1701026994.976152 54 1
1701026994.976254 941 -1
1701026994.976299 2974 -1
1701026994.976325 54 1
1701026994.976454 7354 -1
1701026994.976494 54 1
1701026994.977162 2974 -1
1701026994.977201 54 1
1701026994.978292 5358 -1
1701026994.978334 54 1
1701026994.986079 2974 -1
1701026994.986079 2974 -1
1701026994.986079 1514 -1
1701026994.986079 2974 -1
1701026994.986079 2974 -1
1701026994.986079 2974 -1
1701026994.986079 2974 -1
1701026994.986079 2974 -1
1701026994.986079 2974 -1
1701026994.986079 2974 -1
1701026994.986079 2974 -1
1701026994.986079 2974 -1
1701026994.986079 2974 -1
1701026994.986079 2974 -1
1701026994.986079 1514 -1
1701026994.986079 1514 -1
1701026994.986079 2974 -1
1701026994.986079 2974 -1
1701026994.986465 54 1
1701026994.986570 1514 -1
1701026994.986570 1514 -1
1701026994.986619 54 1
1701026994.988320 1514 -1
1701026994.988320 1514 -1
1701026994.988320 2974 -1
1701026994.988320 2974 -1
1701026994.988320 2974 -1
1701026994.988449 54 1
1701026994.988543 2974 -1
1701026994.988574 54 1
1701026994.989386 2974 -1
1701026994.989460 54 1
1701026994.989806 1514 -1
1701026994.989806 1514 -1
1701026994.989860 54 1
1701026994.994160 2974 -1
1701026994.994160 2974 -1
1701026994.994160 2974 -1
1701026994.994160 2974 -1
1701026994.994160 2974 -1
1701026994.994160 2974 -1
1701026994.994160 2974 -1
1701026994.994160 2974 -1
1701026994.994329 54 1
1701026994.994412 2865 -1
1701026994.994446 54 1
1701026995.019786 60 -1
1701026995.038681 66 1
1701026995.041272 66 -1
1701026995.041404 54 1
1701026995.057522 582 1
1701026995.058602 60 -1
1701026995.059559 2974 -1
1701026995.059606 54 1
1701026995.059799 1230 -1
1701026995.071576 1686 -1
1701026995.071656 54 1
1701026995.089520 134 1
1701026995.095198 60 -1
1701026995.098692 357 -1
1701026995.098692 357 -1
1701026995.098769 54 1
1701026995.120439 146 1
1701026995.121897 513 1
1701026995.121966 170 1
1701026995.122041 168 1
1701026995.122155 171 1
1701026995.125680 60 -1
1701026995.125680 60 -1
1701026995.125680 60 -1
1701026995.125680 60 -1
1701026995.125680 60 -1
1701026995.138123 115 -1
1701026995.138123 85 -1
1701026995.138123 944 -1
1701026995.138123 7354 -1
1701026995.138123 4434 -1
1701026995.138123 2974 -1
1701026995.138123 1860 -1
1701026995.138123 7354 -1
1701026995.138123 4434 -1
1701026995.138123 4434 -1
1701026995.138123 7354 -1
1701026995.138123 7354 -1
1701026995.138123 4434 -1
1701026995.138123 4434 -1
1701026995.138123 5894 -1
1701026995.138519 54 1
1701026995.139207 85 1
1701026995.139946 4434 -1
1701026995.139980 54 1
1701026995.140583 7354 -1
1701026995.140643 54 1
1701026995.140690 2974 -1
1701026995.140718 54 1
1701026995.140860 7354 -1
1701026995.140908 54 1
1701026995.141530 4434 -1
1701026995.141593 54 1
1701026995.142716 2974 -1
1701026995.142716 7354 -1
1701026995.142768 54 1
1701026995.142858 7354 -1
1701026995.142917 54 1
1701026995.143446 60 -1
1701026995.143446 10274 -1
1701026995.143532 54 1
1701026995.146113 4434 -1
1701026995.146113 7354 -1
1701026995.146113 1514 -1
1701026995.146113 4434 -1
1701026995.146113 1514 -1
1701026995.146113 1514 -1
1701026995.146113 7354 -1
1701026995.146294 54 1
1701026995.147770 7354 -1
1701026995.147770 7354 -1
1701026995.147770 2974 -1
1701026995.147885 54 1
1701026995.148194 7354 -1
1701026995.148237 54 1
1701026995.151488 2974 -1
1701026995.151488 5894 -1
1701026995.151488 2974 -1
1701026995.151488 5894 -1
1701026995.151488 7354 -1
1701026995.151488 4434 -1
1701026995.151488 4434 -1
1701026995.151658 54 1
1701026995.151784 7354 -1
1701026995.151978 54 1
1701026995.152361 2974 -1
1701026995.152392 54 1
1701026995.152612 2974 -1
1701026995.152635 54 1
1701026995.152887 7354 -1
1701026995.152935 54 1
1701026995.153474 1514 -1
1701026995.153571 7354 -1
1701026995.153601 54 1
1701026995.154311 2855 -1
1701026995.154349 54 1
1701026995.159768 176 1
1701026995.163328 60 -1
1701026995.165226 914 -1
1701026995.165285 5894 -1
1701026995.165338 54 1
1701026995.165654 7354 -1
1701026995.165718 54 1
1701026995.166333 3320 -1
1701026995.166358 54 1
1701026995.166534 85 -1
1701026995.166534 1514 -1
1701026995.166578 54 1
1701026995.166657 7354 -1
1701026995.166702 54 1
1701026995.167259 7354 -1
1701026995.167304 54 1
1701026995.168546 400 -1
1701026995.168546 7354 -1
1701026995.168546 7354 -1
1701026995.168625 54 1
1701026995.169695 2974 -1
1701026995.169695 7354 -1
1701026995.169754 54 1
1701026995.170137 749 -1
1701026995.170165 54 1
1701026995.241501 206 1
1701026995.244759 1098 -1
1701026995.244759 1514 -1
1701026995.244759 1537 -1
1701026995.244846 54 1
1701026995.846269 198 1
1701026995.848988 942 -1
1701026995.848988 1514 -1
1701026995.848988 4434 -1
1701026995.849085 54 1
1701026995.849264 4434 -1
1701026995.849310 54 1
1701026995.849657 4434 -1
1701026995.849711 54 1
1701026995.849957 1860 -1
1701026995.849985 54 1
1701026995.850204 5619 -1
1701026995.850239 54 1
1701026996.995667 239 1
1701026996.998201 940 -1
1701026996.998201 1791 -1
1701026996.998293 54 1
1701026997.134801 160 1
1701026997.134943 162 1
1701026997.135044 160 1
1701026997.135161 159 1
1701026997.135271 161 1
1701026997.135727 161 1
1701026997.135800 60 -1
1701026997.136010 60 -1
1701026997.136010 60 -1
1701026997.136064 60 -1
1701026997.136261 60 -1
1701026997.136619 60 -1
1701026997.137123 725 -1
1701026997.137123 265 -1
1701026997.137165 54 1
1701026997.138631 726 -1
1701026997.139014 724 -1
1701026997.139014 265 -1
1701026997.139014 264 -1
1701026997.139014 724 -1
1701026997.139014 266 -1
1701026997.139014 723 -1
1701026997.139014 266 -1
1701026997.139068 54 1
1701026997.139314 724 -1
1701026997.139314 268 -1
1701026997.139344 54 1
1701026997.245724 165 1
1701026997.246795 60 -1
1701026997.248155 939 -1
1701026997.248197 3722 -1
1701026997.248225 54 1
1701026997.416998 169 1
1701026997.422686 996 -1
1701026997.422686 2741 -1
1701026997.422787 54 1
1701027000.200523 165 1
1701027000.212499 970 -1
1701027000.212643 4434 -1
1701027000.212694 54 1
1701027000.213031 7354 -1
1701027000.213084 54 1
1701027000.216095 4780 -1
1701027000.216095 85 -1
1701027000.216095 1514 -1
1701027000.216095 7354 -1
1701027000.216167 54 1
1701027000.216468 7354 -1
1701027000.216507 54 1
1701027000.217702 400 -1
1701027000.217702 7354 -1
1701027000.217759 54 1
1701027000.218331 89 1
1701027000.220060 7354 -1
1701027000.220119 54 1
1701027000.220202 7354 -1
1701027000.220253 54 1
1701027000.221704 5894 -1
1701027000.221756 54 1
1701027000.229984 5188 -1
1701027000.229984 1514 -1
1701027000.229984 11087 -1
1701027000.230072 54 1
1701027000.261336 60 -1
1701027002.459381 164 1
1701027002.460664 60 -1
1701027002.462117 969 -1
1701027002.462117 7403 -1
1701027002.462199 54 1
1701027002.778486 54 1
1701027002.779986 54 1
1701027002.782605 54 1
1701027002.782941 78 -1
1701027002.782941 60 -1
1701027002.783065 54 1
1701027002.783968 78 -1
1701027002.783968 60 -1
1701027002.784007 54 1
1701027002.788286 78 -1
1701027002.788286 60 -1
1701027002.788487 54 1
1701027007.137096 66 1
1701027007.138124 66 -1
1701027007.138231 54 1
1701027007.139394 934 1
1701027007.140404 60 -1
1701027007.141146 318 -1
1701027007.141632 134 1
1701027007.142462 146 1
1701027007.142726 60 -1
1701027007.142908 341 -1
1701027007.143402 582 1
1701027007.143506 229 1
1701027007.143772 230 1
1701027007.143791 60 -1
1701027007.143791 115 -1
1701027007.143791 85 -1
1701027007.143825 54 1
1701027007.143860 226 1
1701027007.144037 85 1
1701027007.144397 60 -1
1701027007.144397 60 -1
1701027007.144743 60 -1
1701027007.144766 60 -1
1701027007.145243 60 -1
1701027007.148738 1224 -1
1701027007.148738 407 -1
1701027007.148804 54 1
1701027007.148856 1514 -1
1701027007.149184 7354 -1
1701027007.149232 54 1
1701027007.149486 2334 -1
1701027007.149511 54 1
1701027007.150124 1171 -1
1701027007.150124 480 -1
1701027007.150124 7354 -1
1701027007.150176 54 1
1701027007.150325 625 -1
1701027007.150344 54 1
1701027007.151495 1203 -1
1701027007.151495 437 -1
1701027007.151538 54 1
1701027007.152293 4434 -1
1701027007.152293 525 -1
1701027007.152329 54 1
1701027007.153867 1169 -1
1701027007.153867 484 -1
1701027007.153867 5860 -1
1701027007.153908 54 1
1701027008.858073 227 1
1701027008.858204 230 1
1701027008.858312 228 1
1701027008.859706 60 -1
1701027008.864467 1140 -1
1701027008.864467 1609 -1
1701027008.864467 5755 -1
1701027008.864582 54 1
1701027008.864742 523 -1
1701027008.864761 54 1
1701027008.865681 5665 -1
1701027008.865715 54 1
1701027008.867401 227 1
1701027008.867669 229 1
1701027008.868740 1206 -1
1701027008.868740 436 -1
1701027008.868812 54 1
1701027008.871540 7354 -1
1701027008.871627 54 1
1701027008.873714 1537 -1
1701027008.873785 54 1
1701027008.874419 1192 -1
1701027008.874419 452 -1
1701027008.874472 54 1
1701027008.881244 432 -1
1701027008.881244 1206 -1
1701027008.881244 2974 -1
1701027008.881244 4587 -1
1701027008.881244 2451 -1
1701027008.881359 66 1
1701027008.881447 54 1
1701027008.881482 54 1
1701027008.891947 991 -1
1701027008.892014 66 1
1701027010.945461 226 1
1701027010.948016 229 1
1701027010.948206 231 1
1701027010.948577 228 1
1701027010.948675 230 1
1701027010.951484 60 -1
1701027010.956900 443 -1
1701027010.956900 1197 -1
1701027010.957135 66 1
1701027010.957210 54 1
1701027010.958385 7354 -1
1701027010.958450 54 1
1701027010.958910 1757 -1
1701027010.958963 54 1
1701027010.958991 1204 -1
1701027010.959010 54 1
1701027010.959086 437 -1
1701027010.962676 1193 -1
1701027010.962676 447 -1
1701027010.962676 1197 -1
1701027010.962754 54 1
1701027010.962814 446 -1
1701027010.962814 4544 -1
1701027010.962853 54 1
1701027010.964635 7354 -1
1701027010.964694 54 1
1701027010.964957 1385 -1
1701027010.964994 1174 -1
1701027010.965016 54 1
1701027010.965192 476 -1
1701027010.965192 7354 -1
1701027010.965236 54 1
1701027010.965701 3501 -1
1701027010.965727 54 1
1701027010.966358 7354 -1
1701027010.966379 54 1
1701027010.966834 1044 -1
1701027011.006880 54 1
1701027012.538720 229 1
1701027012.541534 228 1
1701027012.542012 228 1
1701027012.542100 231 1
1701027012.542221 228 1
1701027012.542610 60 -1
1701027012.544596 60 -1
1701027012.547421 1173 -1
1701027012.547421 481 -1
1701027012.547502 54 1
1701027012.549189 89 1
1701027012.550330 7354 -1
1701027012.550402 54 1
1701027012.550644 453 -1
1701027012.550667 54 1
1701027012.550699 1147 -1
1701027012.550715 54 1
1701027012.550846 511 -1
1701027012.550846 1171 -1
1701027012.550907 54 1
1701027012.550964 483 -1
1701027012.550987 54 1
1701027012.551285 7354 -1
1701027012.551335 54 1
1701027012.551770 2974 -1
1701027012.551796 54 1
1701027012.552229 3213 -1
1701027012.552275 54 1
1701027012.552315 2974 -1
1701027012.552342 54 1
1701027012.552517 3969 -1
1701027012.552554 54 1
1701027012.552976 1199 -1
1701027012.553005 54 1
1701027012.553045 445 -1
1701027012.553119 7354 -1
1701027012.553163 54 1
1701027012.553591 2809 -1
1701027012.553628 54 1
1701027012.566588 1202 -1
1701027012.566588 446 -1
1701027012.566674 54 1
1701027012.567771 1514 -1
1701027012.567840 2758 -1
1701027012.567867 54 1
1701027012.804200 54 1
1701027012.807727 78 -1
1701027012.807727 60 -1
1701027012.807770 54 1
1701027014.128110 66 1
1701027014.130294 66 -1
1701027014.130477 54 1
1701027014.131959 934 1
1701027014.133321 60 -1
1701027014.133875 318 -1
1701027014.134818 134 1
1701027014.141999 146 1
1701027014.142484 584 1
1701027014.143394 60 -1
1701027014.143394 341 -1
1701027014.143394 60 -1
1701027014.143394 115 -1
1701027014.143394 85 -1
1701027014.143545 54 1
1701027014.143639 60 -1
1701027014.144297 85 1
1701027014.144375 230 1
1701027014.145265 60 -1
1701027014.145328 60 -1
1701027014.146213 228 1
1701027014.147149 60 -1
1701027014.151763 1172 -1
1701027014.151763 475 -1
1701027014.151872 54 1
1701027014.153820 2974 -1
1701027014.153886 54 1
1701027014.153939 1514 -1
1701027014.154013 2974 -1
1701027014.154043 54 1
1701027014.154263 1596 -1
1701027014.154291 54 1
1701027014.154380 1177 -1
1701027014.154431 54 1
1701027014.154491 476 -1
1701027014.155381 1165 -1
1701027014.155381 492 -1
1701027014.155422 54 1
1701027014.155465 4434 -1
1701027014.155516 54 1
1701027014.155561 8411 -1
1701027014.155621 54 1
1701027014.156803 229 1
1701027014.157487 227 1
1701027014.157366 6494 -1
1701027014.157795 54 1
1701027014.159092 60 -1
1701027014.164926 1142 -1
1701027014.164926 519 -1
1701027014.164926 1192 -1
1701027014.164926 2974 -1
1701027014.165205 54 1
1701027014.165350 7354 -1
1701027014.165413 54 1
1701027014.165612 1687 -1
1701027014.165641 54 1
1701027014.165749 452 -1
1701027014.165775 54 1
1701027014.166078 8689 -1
1701027014.166154 54 1
1701027016.263281 227 1
1701027016.263876 229 1
1701027016.265133 228 1
1701027016.265246 226 1
1701027016.265344 227 1
1701027016.268139 60 -1
1701027016.272875 1172 -1
1701027016.272875 481 -1
1701027016.272875 1173 -1
1701027016.272875 4434 -1
1701027016.272875 2974 -1
1701027016.273379 54 1
1701027016.273444 7028 -1
1701027016.273522 54 1
1701027016.274994 480 -1
1701027016.274994 7354 -1
1701027016.274994 2128 -1
1701027016.274994 1173 -1
1701027016.274994 480 -1
1701027016.274994 1514 -1
1701027016.274994 7354 -1
1701027016.275110 54 1
1701027016.275569 7033 -1
1701027016.275609 54 1
1701027016.276497 1133 -1
1701027016.276497 531 -1
1701027016.276497 7354 -1
1701027016.276574 54 1
1701027016.276801 1247 -1
1701027016.276828 54 1
1701027016.277438 1172 -1
1701027016.277438 486 -1
1701027016.277469 54 1
1701027016.285943 5943 -1
1701027016.286063 54 1
1701027016.289401 103 -1
1701027016.289457 66 1
1701027017.851132 230 1
1701027017.854353 230 1
1701027017.856577 228 1
1701027017.856689 60 -1
1701027017.856877 227 1
1701027017.857702 232 1
1701027017.860534 60 -1
1701027017.864837 1174 -1
1701027017.864837 475 -1
1701027017.864926 54 1
1701027017.865200 4434 -1
1701027017.865243 54 1
1701027017.865274 7354 -1
1701027017.865306 54 1
1701027017.865865 813 -1
1701027017.866119 1194 -1
1701027017.866119 450 -1
1701027017.866150 54 1
1701027017.866301 4434 -1
1701027017.866337 54 1
1701027017.866419 2834 -1
1701027017.866440 54 1
1701027017.876436 1171 -1
1701027017.876436 483 -1
1701027017.876436 1176 -1
1701027017.876436 7089 -1
1701027017.876436 480 -1
1701027017.876436 1172 -1
1701027017.876436 480 -1
1701027017.876436 7246 -1
1701027017.876436 7354 -1
1701027017.876436 2124 -1
1701027017.876657 54 1
1701027017.883045 664 -1
1701027017.883107 66 1
1701027021.046560 225 1
1701027021.046694 229 1
1701027021.046761 229 1
1701027021.046956 227 1
1701027021.047045 228 1
1701027021.052401 60 -1
1701027021.057899 1174 -1
1701027021.057899 481 -1
1701027021.058001 54 1
1701027021.060712 89 1
1701027021.063005 1176 -1
1701027021.063005 476 -1
1701027021.063005 5635 -1
1701027021.063303 54 1
1701027021.063345 1174 -1
1701027021.063345 1592 -1
1701027021.063345 486 -1
1701027021.063375 54 1
1701027021.064536 7354 -1
1701027021.064590 54 1
1701027021.064639 1000 -1
1701027021.064991 54 1
1701027021.065222 7354 -1
1701027021.066978 54 1
1701027021.067149 6538 -1
1701027021.067149 4387 -1
1701027021.067149 1176 -1
1701027021.067149 479 -1
1701027021.067228 54 1
1701027021.068729 1514 -1
1701027021.068729 1514 -1
1701027021.068729 13540 -1
1701027021.068812 54 1
1701027021.069839 2974 -1
1701027021.069879 54 1
1701027021.070398 7354 -1
1701027021.070437 54 1
1701027021.070728 524 -1
1701027021.125841 54 1
1701027022.609698 228 1
1701027022.611827 229 1
1701027022.613199 229 1
1701027022.613267 230 1
1701027022.613326 227 1
1701027022.614732 60 -1
1701027022.619584 1171 -1
1701027022.619584 483 -1
1701027022.619584 6416 -1
1701027022.619707 54 1
1701027022.621537 1140 -1
1701027022.621537 523 -1
1701027022.621589 54 1
1701027022.621767 4434 -1
1701027022.621809 54 1
1701027022.622256 3224 -1
1701027022.622283 54 1
1701027022.622320 1173 -1
1701027022.622349 54 1
1701027022.622397 483 -1
1701027022.622397 2974 -1
1701027022.622424 54 1
1701027022.622603 4256 -1
1701027022.622652 54 1
1701027022.623666 1139 -1
1701027022.623666 524 -1
1701027022.623666 5776 -1
1701027022.623712 54 1
1701027022.644972 1174 -1
1701027022.644972 480 -1
1701027022.645176 54 1
1701027022.645242 3787 -1
1701027022.645271 54 1
1701027022.830302 54 1
1701027022.831842 78 -1
1701027022.831842 60 -1
1701027022.831880 54 1
1701027024.747841 66 1
1701027024.748805 66 -1
1701027024.748899 54 1
1701027024.749894 870 1
1701027024.750795 60 -1
1701027024.751605 318 -1
1701027024.752213 134 1
1701027024.752497 146 1
1701027024.752808 583 1
1701027024.753175 60 -1
1701027024.753420 60 -1
1701027024.753805 341 -1
1701027024.753805 60 -1
1701027024.756055 227 1
1701027024.756826 229 1
1701027024.757071 60 -1
1701027024.757071 115 -1
1701027024.757131 85 -1
1701027024.757150 54 1
1701027024.757193 226 1
1701027024.757261 226 1
1701027024.757384 85 1
1701027024.757692 60 -1
1701027024.758356 60 -1
1701027024.758356 60 -1
1701027024.758356 60 -1
1701027024.760628 1177 -1
1701027024.760628 478 -1
1701027024.760628 10831 -1
1701027024.760733 54 1
1701027024.761866 1177 -1
1701027024.761866 477 -1
1701027024.761908 54 1
1701027024.761995 4434 -1
1701027024.762019 54 1
1701027024.762309 7354 -1
1701027024.762336 54 1
1701027024.762794 598 -1
1701027024.764949 1173 -1
1701027024.764949 482 -1
1701027024.764949 1171 -1
1701027024.764949 481 -1
1701027024.764949 1514 -1
1701027024.764949 4445 -1
1701027024.765072 54 1
1701027024.765232 5894 -1
1701027024.765261 54 1
1701027024.765721 3382 -1
1701027024.765745 54 1
1701027024.769473 1173 -1
1701027024.769473 480 -1
1701027024.769541 54 1
1701027024.780273 7207 -1
1701027024.780273 1367 -1
1701027024.780389 66 1
1701027026.335955 228 1
1701027026.336093 230 1
1701027026.338608 60 -1
1701027026.339019 228 1
1701027026.340734 230 1
1701027026.340806 227 1
1701027026.342771 60 -1
1701027026.346415 1196 -1
1701027026.346415 447 -1
1701027026.346415 1173 -1
1701027026.346415 482 -1
1701027026.346526 54 1
1701027026.349302 7354 -1
1701027026.349397 54 1
1701027026.349449 7092 -1
1701027026.349492 54 1
1701027026.351248 8814 -1
1701027026.351248 565 -1
1701027026.351248 1597 -1
1701027026.351248 2974 -1
1701027026.351341 54 1
1701027026.364338 7354 -1
1701027026.364338 228 -1
1701027026.364338 1174 -1
1701027026.364338 478 -1
1701027026.364338 1172 -1
1701027026.364338 481 -1
1701027026.364338 1514 -1
1701027026.364338 5894 -1
1701027026.364338 1533 -1
1701027026.364338 7597 -1
1701027026.364338 297 -1
1701027026.364512 66 1
1701027027.964997 227 1
1701027027.965146 229 1
1701027027.965688 228 1
1701027027.965804 227 1
1701027027.966401 227 1
1701027027.968723 60 -1
1701027027.971739 1192 -1
1701027027.971739 454 -1
1701027027.971739 8535 -1
1701027027.971874 54 1
1701027027.973436 1177 -1
1701027027.973436 472 -1
1701027027.973482 54 1
1701027027.973790 1514 -1
1701027027.973959 7354 -1
1701027027.973997 54 1
1701027027.974353 5554 -1
1701027027.974386 54 1
1701027027.977026 1143 -1
1701027027.977026 1618 -1
1701027027.977026 516 -1
1701027027.977026 6656 -1
1701027027.977026 1178 -1
1701027027.977026 471 -1
1701027027.977026 7354 -1
1701027027.977026 6292 -1
1701027027.977026 6219 -1
1701027027.977340 54 1
1701027030.134124 228 1
1701027030.134337 229 1
1701027030.135136 229 1
1701027030.135852 60 -1
1701027030.136789 228 1
1701027030.137706 228 1
1701027030.139644 60 -1
1701027030.143702 1172 -1
1701027030.143702 485 -1
1701027030.143812 54 1
1701027030.144549 1120 -1
1701027030.144549 557 -1
1701027030.144549 2974 -1
1701027030.144549 1514 -1
1701027030.144608 54 1
1701027030.144653 3961 -1
1701027030.144684 54 1
1701027030.146073 2916 -1
1701027030.146316 54 1
1701027030.147937 89 1
1701027030.148015 1171 -1
1701027030.148066 482 -1
1701027030.148099 54 1
1701027030.148195 4434 -1
1701027030.148213 54 1
1701027030.148410 6117 -1
1701027030.148431 54 1
1701027030.148898 1194 -1
1701027030.148993 451 -1
1701027030.149015 54 1
1701027030.149069 1514 -1
1701027030.149397 4149 -1
1701027030.149420 54 1
1701027030.150783 1163 -1
1701027030.150783 489 -1
1701027030.150828 54 1
1701027030.150870 7354 -1
1701027030.150903 54 1
1701027030.151376 5046 -1
1701027030.151399 54 1
1701027031.727359 227 1
1701027031.727952 229 1
1701027031.730482 229 1
1701027031.730594 228 1
1701027031.730763 231 1
1701027031.731560 60 -1
1701027031.734084 60 -1
1701027031.737610 1163 -1
1701027031.737713 493 -1
1701027031.737744 54 1
1701027031.738539 4434 -1
1701027031.738576 54 1
1701027031.738790 3674 -1
1701027031.738819 54 1
1701027031.738938 1172 -1
1701027031.739044 485 -1
1701027031.739066 54 1
1701027031.739119 1172 -1
1701027031.740491 482 -1
1701027031.740491 4434 -1
1701027031.740491 2368 -1
1701027031.740491 6770 -1
1701027031.740491 1176 -1
1701027031.740491 475 -1
1701027031.740491 7354 -1
1701027031.740612 54 1
1701027031.741010 418 -1
1701027031.741032 54 1
1701027031.744063 1192 -1
1701027031.744063 449 -1
1701027031.744063 4489 -1
1701027031.744298 54 1
1701027032.848755 54 1
1701027032.854442 78 -1
1701027032.854442 60 -1
1701027032.854549 54 1
1701027035.810767 66 1
1701027035.816710 66 -1
1701027035.816815 54 1
1701027035.817565 966 1
1701027035.818553 60 -1
1701027035.819254 318 -1
1701027035.819721 134 1
1701027035.820042 146 1
1701027035.820653 586 1
1701027035.820721 229 1
1701027035.820785 228 1
1701027035.820833 231 1
1701027035.820871 60 -1
1701027035.820871 341 -1
1701027035.821008 60 -1
1701027035.821008 115 -1
1701027035.821008 85 -1
1701027035.821042 54 1
1701027035.821138 229 1
1701027035.821325 85 1
1701027035.821845 60 -1
1701027035.821845 60 -1
1701027035.821845 60 -1
1701027035.821845 60 -1
1701027035.822010 60 -1
1701027035.822329 60 -1
1701027035.826491 1179 -1
1701027035.826491 468 -1
1701027035.826491 4434 -1
1701027035.826596 54 1
1701027035.826649 5468 -1
1701027035.826689 54 1
1701027035.827009 1171 -1
1701027035.827028 54 1
1701027035.827104 480 -1
1701027035.827541 7354 -1
1701027035.827581 54 1
1701027035.828031 4617 -1
1701027035.828060 54 1
1701027035.829776 1200 -1
1701027035.829966 443 -1
1701027035.829966 1199 -1
1701027035.829966 444 -1
1701027035.829966 3891 -1
1701027035.830015 54 1
1701027035.830195 7354 -1
1701027035.830228 54 1
1701027035.830809 6846 -1
1701027035.830839 54 1
1701027035.833892 1195 -1
1701027035.833892 448 -1
1701027035.833892 5756 -1
1701027035.833998 54 1
1701027037.953223 230 1
1701027037.953384 227 1
1701027037.954395 60 -1
1701027037.954395 60 -1
1701027037.957952 228 1
1701027037.958057 227 1
1701027037.958640 228 1
1701027037.958971 60 -1
1701027037.958971 60 -1
1701027037.959556 60 -1
1701027037.964825 1195 -1
1701027037.964825 449 -1
1701027037.964899 54 1
1701027037.968547 1177 -1
1701027037.968547 476 -1
1701027037.968547 1174 -1
1701027037.968629 54 1
1701027037.968788 480 -1
1701027037.968788 5150 -1
1701027037.968827 54 1
1701027037.969064 1177 -1
1701027037.969104 2974 -1
1701027037.969133 54 1
1701027037.969339 7274 -1
1701027037.969374 54 1
1701027037.969937 474 -1
1701027037.969982 7354 -1
1701027037.970014 54 1
1701027037.972682 200 -1
1701027037.972682 1514 -1
1701027037.972682 5283 -1
1701027037.972767 54 1
1701027037.983329 1175 -1
1701027037.983329 478 -1
1701027037.983329 7354 -1
1701027037.983329 7354 -1
1701027037.983329 1860 -1
1701027037.983329 2541 -1
1701027037.983476 54 1
1701027037.988212 1081 -1
1701027037.988274 66 1
1701027039.649642 231 1
1701027039.649792 228 1
1701027039.649864 229 1
1701027039.649916 228 1
1701027039.649963 228 1
1701027039.652751 60 -1
1701027039.658587 1172 -1
1701027039.658587 483 -1
1701027039.658587 1173 -1
1701027039.658587 6347 -1
1701027039.658736 54 1
1701027039.658800 482 -1
1701027039.658800 9515 -1
1701027039.658852 54 1
1701027039.659438 1173 -1
1701027039.659529 485 -1
1701027039.659546 54 1
1701027039.660765 7141 -1
1701027039.660806 54 1
1701027039.661136 1177 -1
1701027039.661339 54 1
1701027039.661375 478 -1
1701027039.661375 7354 -1
1701027039.661417 54 1
1701027039.661890 7354 -1
1701027039.661916 54 1
1701027039.662480 1608 -1
1701027039.662508 54 1
1701027039.662596 1174 -1
1701027039.662616 54 1
1701027039.662695 477 -1
1701027039.662730 7354 -1
1701027039.662755 54 1
1701027039.663384 3723 -1
1701027039.663410 54 1
1701027041.259489 229 1
1701027041.261039 227 1
1701027041.261374 229 1
1701027041.261707 227 1
1701027041.261833 228 1
1701027041.264503 60 -1
1701027041.267358 1170 -1
1701027041.267358 486 -1
1701027041.267466 54 1
1701027041.268840 6051 -1
1701027041.268881 54 1
1701027041.269082 1599 -1
1701027041.269109 54 1
1701027041.275483 89 1
1701027041.290179 1194 -1
1701027041.290179 5053 -1
1701027041.290179 7354 -1
1701027041.290179 4051 -1
1701027041.290179 1600 -1
1701027041.290179 5894 -1
1701027041.290179 1942 -1
1701027041.290179 482 -1
1701027041.290179 1174 -1
1701027041.290179 482 -1
1701027041.290179 6183 -1
1701027041.290410 66 1
1701027041.290566 54 1
1701027042.861407 54 1
1701027042.862489 78 -1
1701027042.862514 54 1
1701027042.862556 60 -1
1701027042.881522 66 1
1701027042.883558 66 -1
1701027042.883686 54 1
1701027042.885316 902 1
1701027042.886917 60 -1
1701027042.887044 318 -1
1701027042.887740 134 1
1701027042.888058 146 1
1701027042.888443 583 1
1701027042.888521 230 1
1701027042.888789 60 -1
1701027042.889193 60 -1
1701027042.890223 60 -1
1701027042.890223 60 -1
1701027042.890223 341 -1
1701027042.892626 115 -1
1701027042.892626 85 -1
1701027042.892716 54 1
1701027042.897989 85 1
1701027042.898101 230 1
1701027042.898579 231 1
1701027042.898654 229 1
1701027042.903438 1140 -1
1701027042.903438 520 -1
1701027042.903438 1196 -1
1701027042.903438 451 -1
1701027042.903438 4157 -1
1701027042.903438 2974 -1
1701027042.903438 6166 -1
1701027042.903623 66 1
1701027042.903712 54 1
1701027042.903759 54 1
1701027042.907556 60 -1
1701027042.912649 1221 -1
1701027042.912649 412 -1
1701027042.912745 54 1
1701027042.913163 3003 -1
1701027042.913212 54 1
1701027042.913877 1202 -1
1701027042.913877 445 -1
1701027042.913912 54 1
1701027042.916044 5015 -1
1701027042.916110 54 1
1701027042.917333 1194 -1
1701027042.917333 450 -1
1701027042.917392 54 1
1701027042.921657 2974 -1
1701027042.921657 2945 -1
1701027042.921760 54 1
1701027045.088368 229 1
1701027045.088527 229 1
1701027045.088645 230 1
1701027045.089356 228 1
1701027045.089464 229 1
1701027045.089767 60 -1
1701027045.089767 60 -1
1701027045.089767 60 -1
1701027045.090662 60 -1
1701027045.090662 60 -1
1701027045.101349 1172 -1
1701027045.101349 482 -1
1701027045.101349 1173 -1
1701027045.101349 485 -1
1701027045.101349 1175 -1
1701027045.101349 478 -1
1701027045.101519 54 1
1701027045.101676 2974 -1
1701027045.101676 2042 -1
1701027045.101720 54 1
1701027045.101787 3532 -1
1701027045.101836 54 1
1701027045.101879 1137 -1
1701027045.101915 54 1
1701027045.102130 1670 -1
1701027045.102130 10274 -1
1701027045.102183 54 1
1701027045.102952 6636 -1
1701027045.103010 54 1
1701027045.103746 2573 -1
1701027045.103772 54 1
1701027045.103824 5944 -1
1701027045.103846 54 1
1701027045.104188 7063 -1
1701027045.104231 54 1
1701027049.643589 228 1
1701027049.643709 225 1
1701027049.644316 230 1
1701027049.644443 227 1
1701027049.644694 227 1
1701027049.645397 60 -1
1701027049.646967 60 -1
1701027049.651158 1197 -1
1701027049.651158 450 -1
1701027049.651251 54 1
1701027049.651390 5047 -1
1701027049.651432 54 1
1701027049.651707 1174 -1
1701027049.651707 480 -1
1701027049.651741 54 1
1701027049.652142 4434 -1
1701027049.652171 54 1
1701027049.652421 4977 -1
1701027049.652450 54 1
1701027049.653839 89 1
1701027049.654816 1174 -1
1701027049.654816 482 -1
1701027049.654873 54 1
1701027049.654940 5470 -1
1701027049.654990 54 1
1701027049.657493 1229 -1
1701027049.657493 407 -1
1701027049.657554 54 1
1701027049.657681 1174 -1
1701027049.657681 483 -1
1701027049.657681 6929 -1
1701027049.657733 54 1
1701027049.659615 7874 -1
1701027049.659668 54 1
1701027051.279916 229 1
1701027051.280071 229 1
1701027051.280285 226 1
1701027051.282875 228 1
1701027051.283001 231 1
1701027051.285880 60 -1
1701027051.296243 1194 -1
1701027051.296243 450 -1
1701027051.296243 1202 -1
1701027051.296243 444 -1
1701027051.296243 4529 -1
1701027051.296373 54 1
1701027051.301781 1165 -1
1701027051.301781 491 -1
1701027051.301781 1172 -1
1701027051.301781 484 -1
1701027051.301781 5336 -1
1701027051.301781 1205 -1
1701027051.301781 442 -1
1701027051.301930 54 1
1701027051.309476 6064 -1
1701027051.309476 5992 -1
1701027051.309476 7187 -1
1701027051.309476 1347 -1
1701027051.309624 66 1
1701027052.863213 54 1
1701027052.864531 78 -1
1701027052.864531 60 -1
1701027052.864601 54 1
1701027053.471347 66 1
1701027053.472644 66 -1
1701027053.472767 54 1
1701027053.473400 902 1
1701027053.479851 60 -1
1701027053.480417 318 -1
1701027053.481582 134 1
1701027053.482856 146 1
1701027053.483375 583 1
1701027053.483464 226 1
1701027053.483563 229 1
1701027053.483665 229 1
1701027053.485527 60 -1
1701027053.485527 60 -1
1701027053.485527 60 -1
1701027053.485527 60 -1
1701027053.485527 60 -1
1701027053.485527 60 -1
1701027053.485710 341 -1
1701027053.487747 115 -1
1701027053.487747 85 -1
1701027053.487816 54 1
1701027053.489114 85 1
1701027053.490752 60 -1
1701027053.492940 1172 -1
1701027053.492940 483 -1
1701027053.492940 1202 -1
1701027053.492940 7354 -1
1701027053.492940 2125 -1
1701027053.492940 441 -1
1701027053.493015 54 1
1701027053.494951 4434 -1
1701027053.494951 2758 -1
1701027053.495016 54 1
1701027053.498203 66 1
1701027053.500421 1198 -1
1701027053.500421 452 -1
1701027053.500421 1170 -1
1701027053.500421 484 -1
1701027053.500421 6046 -1
1701027053.500421 7354 -1
1701027053.500546 54 1
1701027053.501142 498 -1
1701027053.503601 66 -1
1701027053.503717 54 1
1701027053.504319 573 1
1701027053.506040 60 -1
1701027053.515816 2974 -1
1701027053.515901 54 1
1701027053.515979 958 -1
1701027053.524052 134 1
1701027053.524745 146 1
1701027053.525059 594 1
1701027053.525249 60 -1
1701027053.526333 341 -1
1701027053.526333 341 -1
1701027053.526333 60 -1
1701027053.526333 60 -1
1701027053.526333 115 -1
1701027053.526333 85 -1
1701027053.526400 54 1
1701027053.528767 85 1
1701027053.532802 60 -1
1701027053.537161 1239 -1
1701027053.537161 387 -1
1701027053.537161 4264 -1
1701027053.537361 54 1
1701027053.550153 54 1
1701027055.112754 235 1
1701027055.116025 60 -1
1701027055.121176 1212 -1
1701027055.121408 428 -1
1701027055.121408 4434 -1
1701027055.121469 54 1
1701027055.121911 4588 -1
1701027055.121963 54 1
1701027055.124740 227 1
1701027055.124867 227 1
1701027055.125208 228 1
1701027055.125787 60 -1
1701027055.125797 227 1
1701027055.126179 60 -1
1701027055.126179 60 -1
1701027055.131060 60 -1
1701027055.131660 1176 -1
1701027055.131660 478 -1
1701027055.131718 54 1
1701027055.132244 7354 -1
1701027055.132311 54 1
1701027055.132700 3333 -1
1701027055.132737 54 1
1701027055.133535 1202 -1
1701027055.133535 442 -1
1701027055.133571 54 1
1701027055.133623 5666 -1
1701027055.133668 54 1
1701027055.134062 1198 -1
1701027055.134122 448 -1
1701027055.134147 54 1
1701027055.134366 7354 -1
1701027055.134415 54 1
1701027055.135120 636 -1
1701027055.135144 54 1
1701027055.139275 1174 -1
1701027055.139275 481 -1
1701027055.139275 2974 -1
1701027055.139275 7354 -1
1701027055.139384 54 1
1701027055.144657 6240 -1
1701027055.144657 981 -1
1701027055.144753 54 1
1701027056.762119 228 1
1701027056.762231 230 1
1701027056.762559 228 1
1701027056.762686 228 1
1701027056.763273 226 1
1701027056.765752 60 -1
1701027056.771320 1196 -1
1701027056.771320 450 -1
1701027056.771320 1176 -1
1701027056.771320 6330 -1
1701027056.771457 54 1
1701027056.771675 475 -1
1701027056.774429 1235 -1
1701027056.774429 401 -1
1701027056.774429 3899 -1
1701027056.774429 1175 -1
1701027056.774429 7354 -1
1701027056.774429 4011 -1
1701027056.774429 478 -1
1701027056.774429 4434 -1
1701027056.774429 7354 -1
1701027056.774429 4780 -1
1701027056.774609 54 1
1701027056.774682 85 -1
1701027056.774682 4434 -1
1701027056.774721 54 1
1701027056.779741 6155 -1
1701027056.779741 1196 -1
1701027056.779741 446 -1
1701027056.779741 1514 -1
1701027056.779741 7354 -1
1701027056.779741 4707 -1
1701027056.779895 54 1
1701027058.413778 227 1
1701027058.413913 228 1
1701027058.414015 229 1
1701027058.414112 227 1
1701027058.414202 229 1
1701027058.416534 60 -1
1701027058.422902 1177 -1
1701027058.422902 476 -1
1701027058.422902 1198 -1
1701027058.422902 453 -1
1701027058.423004 54 1
1701027058.423093 7354 -1
1701027058.423131 54 1
1701027058.423579 1913 -1
1701027058.423579 1174 -1
1701027058.423612 54 1
1701027058.423733 2974 -1
1701027058.423755 54 1
1701027058.423861 4692 -1
1701027058.423885 54 1
1701027058.424284 482 -1
1701027058.425990 1198 -1
1701027058.425990 448 -1
1701027058.426047 54 1
1701027058.426103 8306 -1
1701027058.426157 54 1
1701027058.426791 7354 -1
1701027058.426826 54 1
1701027058.427269 2543 -1
1701027058.427405 54 1
1701027058.427715 1202 -1
1701027058.427715 443 -1
1701027058.427743 54 1
1701027058.428132 4434 -1
1701027058.428169 54 1
1701027058.428473 4026 -1
1701027058.428501 54 1
1701027060.600327 227 1
1701027060.604412 227 1
1701027060.604562 228 1
1701027060.605391 227 1
1701027060.605675 227 1
1701027060.606836 60 -1
1701027060.609615 1115 -1
1701027060.609615 3594 -1
1701027060.609615 1067 -1
1701027060.609715 54 1
1701027060.609827 5888 -1
1701027060.609870 54 1
1701027060.610878 1057 -1
1701027060.610910 54 1
1701027060.611173 5894 -1
1701027060.611223 54 1
1701027060.611283 3371 -1
1701027060.611324 54 1
1701027060.614554 89 1
1701027060.614873 1173 -1
1701027060.614873 481 -1
1701027060.614873 1176 -1
1701027060.614873 480 -1
1701027060.614873 2974 -1
1701027060.614953 54 1
1701027060.615012 7397 -1
1701027060.615036 54 1
1701027060.615753 7354 -1
1701027060.615821 54 1
1701027060.616156 5696 -1
1701027060.616185 54 1
1701027062.881352 54 1
1701027062.881583 54 1
1701027062.911213 78 -1
1701027062.911213 60 -1
1701027062.911329 54 1
1701027062.918871 78 -1
1701027062.918871 60 -1
1701027062.918921 54 1
1701027066.072281 66 1
1701027066.074005 66 -1
1701027066.074105 54 1
1701027066.074850 966 1
1701027066.079557 60 -1
1701027066.080233 318 -1
1701027066.081427 134 1
1701027066.081934 146 1
1701027066.082592 582 1
1701027066.082663 60 -1
1701027066.082781 232 1
1701027066.082861 227 1
1701027066.082948 229 1
1701027066.083044 227 1
1701027066.083276 60 -1
1701027066.085959 341 -1
1701027066.085959 60 -1
1701027066.085959 60 -1
1701027066.085959 60 -1
1701027066.085959 60 -1
1701027066.085959 60 -1
1701027066.085959 115 -1
1701027066.085959 85 -1
1701027066.086087 54 1
1701027066.086579 85 1
1701027066.100753 60 -1
1701027066.100753 1168 -1
1701027066.100753 1044 -1
1701027066.100753 4557 -1
1701027066.100753 486 -1
1701027066.100753 1167 -1
1701027066.100753 485 -1
1701027066.100753 4728 -1
1701027066.100753 1175 -1
1701027066.100753 6623 -1
1701027066.100753 475 -1
1701027066.100753 6006 -1
1701027066.100976 54 1
1701027066.109910 1174 -1
1701027066.109910 479 -1
1701027066.109986 54 1
1701027066.113258 4434 -1
1701027066.113258 5894 -1
1701027066.113581 54 1
1701027066.113858 4976 -1
1701027066.113908 54 1
1701027067.719573 227 1
1701027067.719701 227 1
1701027067.719782 228 1
1701027067.721159 229 1
1701027067.721256 228 1
1701027067.722585 60 -1
1701027067.722585 60 -1
1701027067.722585 60 -1
1701027067.722585 60 -1
1701027067.722776 60 -1
1701027067.725234 1046 -1
1701027067.725234 2974 -1
1701027067.725336 54 1
1701027067.725572 7354 -1
1701027067.725629 54 1
1701027067.725892 3094 -1
1701027067.725951 54 1
1701027067.730421 1172 -1
1701027067.730421 481 -1
1701027067.730421 1171 -1
1701027067.730421 483 -1
1701027067.730421 1199 -1
1701027067.730421 447 -1
1701027067.730421 1199 -1
1701027067.730421 5894 -1
1701027067.730558 54 1
1701027067.733253 4866 -1
1701027067.733253 7354 -1
1701027067.733253 2720 -1
1701027067.733253 448 -1
1701027067.733253 7354 -1
1701027067.733253 5345 -1
1701027067.733440 54 1
1701027067.734550 5894 -1
1701027067.734550 1375 -1
1701027067.734610 54 1
1701027069.911993 228 1
1701027069.914873 227 1
1701027069.914961 227 1
1701027069.915058 230 1
1701027069.915151 227 1
1701027069.919013 60 -1
1701027069.923671 1097 -1
1701027069.923671 11011 -1
1701027069.923798 54 1
1701027069.924625 1045 -1
1701027069.924625 1514 -1
1701027069.924663 54 1
1701027069.924700 7157 -1
1701027069.924747 54 1
1701027069.925146 1197 -1
1701027069.925231 443 -1
1701027069.925256 54 1
1701027069.925696 1207 -1
1701027069.925696 443 -1
1701027069.925721 54 1
1701027069.926006 4434 -1
1701027069.926027 54 1
1701027069.926259 5883 -1
1701027069.926292 54 1
1701027069.926779 4204 -1
1701027069.926823 54 1
1701027069.929838 1198 -1
1701027069.929838 446 -1
1701027069.929896 54 1
1701027069.931992 7354 -1
1701027069.932055 54 1
1701027069.932413 6515 -1
1701027069.932458 54 1
1701027071.539168 229 1
1701027071.540502 228 1
1701027071.542209 60 -1
1701027071.542706 228 1
1701027071.545435 229 1
1701027071.545896 227 1
1701027071.548699 1170 -1
1701027071.548699 483 -1
1701027071.548913 54 1
1701027071.551126 89 1
1701027071.554703 1514 -1
1701027071.554843 7354 -1
1701027071.554897 54 1
1701027071.555250 683 -1
1701027071.555299 1176 -1
1701027071.555321 54 1
1701027071.558082 477 -1
1701027071.558082 4434 -1
1701027071.558082 10463 -1
1701027071.558185 54 1
1701027071.558311 1177 -1
1701027071.558359 1458 -1
1701027071.558381 54 1
1701027071.558480 5894 -1
1701027071.559435 54 1
1701027071.559511 60 -1
1701027071.559511 2713 -1
1701027071.559541 54 1
1701027071.565019 1175 -1
1701027071.565019 475 -1
1701027071.565108 54 1
1701027071.565845 11194 -1
1701027071.565897 54 1
1701027072.893710 54 1
1701027072.896505 78 -1
1701027072.896505 60 -1
1701027072.896542 54 1
1701027073.219873 66 1
1701027073.220947 66 -1
1701027073.221098 54 1
1701027073.221717 870 1
1701027073.223115 60 -1
1701027073.223648 318 -1
1701027073.224279 134 1
1701027073.224673 146 1
1701027073.225307 582 1
1701027073.225392 228 1
1701027073.225951 226 1
1701027073.226030 229 1
1701027073.226125 231 1
1701027073.226147 60 -1
1701027073.226147 341 -1
1701027073.227045 60 -1
1701027073.227045 60 -1
1701027073.227656 60 -1
1701027073.228172 60 -1
1701027073.228172 60 -1
1701027073.228172 60 -1
1701027073.230951 115 -1
1701027073.231008 54 1
1701027073.231088 85 -1
1701027073.231382 85 1
1701027073.232741 60 -1
1701027073.236904 1171 -1
1701027073.236904 482 -1
1701027073.236904 1042 -1
1701027073.236904 9119 -1
1701027073.236904 4125 -1
1701027073.237089 54 1
1701027073.237183 1177 -1
1701027073.237183 473 -1
1701027073.237183 7354 -1
1701027073.237623 54 1
1701027073.238756 7354 -1
1701027073.238756 1860 -1
1701027073.238756 1496 -1
1701027073.238824 54 1
1701027073.239563 1173 -1
1701027073.239563 479 -1
1701027073.239563 5754 -1
1701027073.239636 54 1
1701027073.241796 1199 -1
1701027073.241796 445 -1
1701027073.241796 1514 -1
1701027073.241796 7700 -1
1701027073.241883 54 1
1701027075.428319 226 1
1701027075.429975 230 1
1701027075.431286 60 -1
1701027075.431364 228 1
1701027075.433739 229 1
1701027075.434205 229 1
1701027075.436871 1041 -1
1701027075.436871 5702 -1
1701027075.436961 54 1
1701027075.441036 1172 -1
1701027075.441036 479 -1
1701027075.441123 54 1
1701027075.441746 1514 -1
1701027075.441774 54 1
1701027075.442764 1514 -1
1701027075.442764 4660 -1
1701027075.442764 1164 -1
1701027075.442764 490 -1
1701027075.442764 5815 -1
1701027075.442980 54 1
1701027075.443055 1204 -1
1701027075.443055 441 -1
1701027075.443055 8041 -1
1701027075.443104 54 1
1701027075.447021 1172 -1
1701027075.447021 483 -1
1701027075.447121 54 1
1701027075.447927 6899 -1
1701027075.447964 54 1
1701027077.050317 229 1
1701027077.050621 228 1
1701027077.053141 60 -1
1701027077.054094 228 1
1701027077.054179 228 1
1701027077.054261 227 1
1701027077.055199 60 -1
1701027077.061379 1177 -1
1701027077.061379 477 -1
1701027077.061379 1201 -1
1701027077.061379 442 -1
1701027077.061778 54 1
1701027077.062726 7354 -1
1701027077.062778 54 1
1701027077.063188 9160 -1
1701027077.063264 54 1
1701027077.063983 85 -1
1701027077.063983 12102 -1
1701027077.064044 54 1
1701027077.064813 10136 -1
1701027077.064881 54 1
1701027077.065938 2986 -1
1701027077.065938 1177 -1
1701027077.065974 54 1
1701027077.066048 475 -1
1701027077.066048 1035 -1
1701027077.066074 54 1
1701027077.066131 9597 -1
1701027077.066230 54 1
1701027077.069753 5539 -1
1701027077.069831 54 1
1701027082.369337 229 1
1701027082.369886 227 1
1701027082.370334 227 1
1701027082.370798 228 1
1701027082.373732 60 -1
1701027082.374187 228 1
1701027082.374395 1064 -1
1701027082.374395 13115 -1
1701027082.374525 54 1
1701027082.380612 89 1
1701027082.383341 1169 -1
1701027082.383341 486 -1
1701027082.383341 8122 -1
1701027082.383341 1064 -1
1701027082.383341 6393 -1
1701027082.383341 1193 -1
1701027082.383341 454 -1
1701027082.383341 7040 -1
1701027082.384239 54 1
1701027082.386719 1173 -1
1701027082.386719 481 -1
1701027082.386790 54 1
1701027082.388634 4994 -1
1701027082.388694 54 1
1701027082.911103 54 1
1701027082.912324 78 -1
1701027082.912324 60 -1
1701027082.912403 54 1
