1701030718.633555 66 1
1701030718.641134 66 -1
1701030718.641209 54 1
1701030718.642607 663 1
1701030718.643759 60 -1
1701030718.653441 2974 -1
1701030718.653524 54 1
1701030718.653805 956 -1
1701030718.705825 134 1
1701030718.708994 60 -1
1701030718.709204 341 -1
1701030718.709204 341 -1
1701030718.709249 54 1
1701030718.733733 146 1
1701030718.734682 60 -1
1701030718.736912 85 -1
1701030718.736912 115 -1
1701030718.736949 66 1
1701030718.736998 54 1
1701030718.739260 583 1
1701030718.740313 60 -1
1701030718.749702 1207 -1
1701030718.749830 556 -1
1701030718.749830 7354 -1
1701030718.749882 54 1
1701030718.750295 3289 -1
1701030718.750319 54 1
1701030718.761241 85 1
1701030718.793238 229 1
1701030718.795316 60 -1
1701030718.813242 1238 -1
1701030718.813242 3857 -1
1701030718.813349 54 1
1701030718.818121 937 -1
1701030718.818372 66 1
1701030718.861920 225 1
1701030718.862044 229 1
1701030718.866706 60 -1
1701030718.874019 1207 -1
1701030718.874019 554 -1
1701030718.874073 54 1
1701030718.875091 5134 -1
1701030718.875128 54 1
1701030718.884547 227 1
1701030718.888069 229 1
1701030718.888172 225 1
1701030718.889820 231 1
1701030718.889919 227 1
1701030718.890051 230 1
1701030718.890652 230 1
1701030718.890866 226 1
1701030718.910788 228 1
1701030718.910928 227 1
1701030718.911036 228 1
1701030718.911147 227 1
1701030718.937335 1207 -1
1701030718.937335 550 -1
1701030718.937335 2644 -1
1701030718.937335 1184 -1
1701030718.937335 60 -1
1701030718.937335 60 -1
1701030718.937335 60 -1
1701030718.937335 1200 -1
1701030718.937335 559 -1
1701030718.937335 1190 -1
1701030718.937335 577 -1
1701030718.937335 1229 -1
1701030718.937335 412 -1
1701030718.937335 1174 -1
1701030718.937335 632 -1
1701030718.937335 1230 -1
1701030718.937335 519 -1
1701030718.937335 1514 -1
1701030718.937335 7354 -1
1701030718.937335 601 -1
1701030718.937335 7354 -1
1701030718.937335 5001 -1
1701030718.937335 7354 -1
1701030718.937335 4406 -1
1701030718.937335 7127 -1
1701030718.937335 5465 -1
1701030718.937335 1698 -1
1701030718.937335 7354 -1
1701030718.937335 3434 -1
1701030718.937335 406 -1
1701030718.937335 5315 -1
1701030718.937335 549 -1
1701030718.937335 1233 -1
1701030718.937335 505 -1
1701030718.937335 1514 -1
1701030718.937817 66 1
1701030718.938143 54 1
1701030718.938323 54 1
1701030718.942342 5894 -1
1701030718.942342 4434 -1
1701030718.942342 2974 -1
1701030718.942342 7354 -1
1701030718.942342 5894 -1
1701030718.942491 54 1
1701030718.944199 7354 -1
1701030718.944252 54 1
1701030718.944684 6850 -1
1701030718.944724 54 1
1701030718.946531 1243 -1
1701030718.946531 505 -1
1701030718.946531 7354 -1
1701030718.946606 54 1
1701030718.947090 2423 -1
1701030718.947114 54 1
1701030719.235786 205 1
1701030719.241904 997 -1
1701030719.241904 8229 -1
1701030719.242056 54 1
1701030726.440340 54 1
1701030726.442160 78 -1
1701030726.442160 60 -1
1701030726.442209 54 1
1701030728.725397 66 1
1701030728.726458 66 -1
1701030728.726564 54 1
1701030728.727157 870 1
1701030728.728253 60 -1
1701030728.729056 318 -1
1701030728.729731 134 1
1701030728.730073 146 1
1701030728.730445 581 1
1701030728.730559 226 1
1701030728.730651 227 1
1701030728.730724 60 -1
1701030728.730736 229 1
1701030728.730998 60 -1
1701030728.731384 60 -1
1701030728.731783 60 -1
1701030728.731783 60 -1
1701030728.731783 60 -1
1701030728.733905 341 -1
1701030728.736486 115 -1
1701030728.736486 85 -1
1701030728.736668 54 1
1701030728.736887 85 1
1701030728.737785 60 -1
1701030728.741338 1192 -1
1701030728.741338 574 -1
1701030728.741392 54 1
1701030728.743865 7354 -1
1701030728.743909 54 1
1701030728.744027 1716 -1
1701030728.744061 54 1
1701030728.744155 1230 -1
1701030728.744187 54 1
1701030728.744261 521 -1
1701030728.744298 1205 -1
1701030728.744325 54 1
1701030728.744384 559 -1
1701030728.744430 5355 -1
1701030728.744459 54 1
1701030728.745252 7354 -1
1701030728.745305 54 1
1701030728.745694 7354 -1
1701030728.745734 54 1
1701030728.746262 595 -1
1701030728.746300 54 1
1701030728.746941 1258 -1
1701030728.746941 485 -1
1701030728.746970 54 1
1701030728.747272 7354 -1
1701030728.747307 54 1
1701030728.747867 1757 -1
1701030728.747887 54 1
1701030732.490397 225 1
1701030732.493349 231 1
1701030732.494007 225 1
1701030732.497233 226 1
1701030732.497389 226 1
1701030732.502678 60 -1
1701030732.502678 60 -1
1701030732.502678 60 -1
1701030732.503659 60 -1
1701030732.503659 60 -1
1701030732.508237 1178 -1
1701030732.508237 596 -1
1701030732.508237 1206 -1
1701030732.508237 554 -1
1701030732.508318 54 1
1701030732.512110 7354 -1
1701030732.512218 54 1
1701030732.512299 215 -1
1701030732.512299 9403 -1
1701030732.512353 54 1
1701030732.526161 1145 -1
1701030732.526161 637 -1
1701030732.526161 1514 -1
1701030732.526161 7354 -1
1701030732.526161 306 -1
1701030732.526161 1226 -1
1701030732.526161 530 -1
1701030732.526161 1168 -1
1701030732.526161 608 -1
1701030732.526161 10274 -1
1701030732.526161 2974 -1
1701030732.526161 3320 -1
1701030732.526161 2289 -1
1701030732.526161 7354 -1
1701030732.526161 95 -1
1701030732.526161 95 -1
1701030732.526398 66 1
1701030734.652874 227 1
1701030734.654220 225 1
1701030734.654656 227 1
1701030734.656842 227 1
1701030734.657372 60 -1
1701030734.658928 228 1
1701030734.664020 60 -1
1701030734.667305 1218 -1
1701030734.667305 384 -1
1701030734.667382 54 1
1701030734.667866 1216 -1
1701030734.667866 298 -1
1701030734.667866 8229 -1
1701030734.667925 54 1
1701030734.668877 8229 -1
1701030734.668947 54 1
1701030734.669390 1224 -1
1701030734.669470 532 -1
1701030734.669509 54 1
1701030734.669565 7354 -1
1701030734.669599 54 1
1701030734.670167 7246 -1
1701030734.670225 54 1
1701030734.670466 89 1
1701030734.670969 1194 -1
1701030734.670969 576 -1
1701030734.670969 1171 -1
1701030734.670969 599 -1
1701030734.671011 54 1
1701030734.671060 7354 -1
1701030734.671086 54 1
1701030734.671999 2241 -1
1701030734.671999 7354 -1
1701030734.672043 54 1
1701030734.675783 5705 -1
1701030734.675871 54 1
1701030734.712041 60 -1
1701030736.247147 226 1
1701030736.248154 60 -1
1701030736.248174 226 1
1701030736.248810 227 1
1701030736.249027 60 -1
1701030736.249725 60 -1
1701030736.250563 226 1
1701030736.250835 226 1
1701030736.251603 60 -1
1701030736.251896 60 -1
1701030736.257105 1228 -1
1701030736.257105 523 -1
1701030736.257105 1195 -1
1701030736.257105 567 -1
1701030736.257105 7354 -1
1701030736.257245 54 1
1701030736.257371 7354 -1
1701030736.257413 54 1
1701030736.257937 1860 -1
1701030736.257965 54 1
1701030736.258078 829 -1
1701030736.260120 7354 -1
1701030736.260169 54 1
1701030736.260789 4430 -1
1701030736.260839 54 1
1701030736.261283 1187 -1
1701030736.261283 615 -1
1701030736.261283 1514 -1
1701030736.261283 4434 -1
1701030736.261339 54 1
1701030736.261595 2974 -1
1701030736.261623 54 1
1701030736.261828 2974 -1
1701030736.261846 54 1
1701030736.262080 1921 -1
1701030736.262098 54 1
1701030736.262246 1262 -1
1701030736.262277 54 1
1701030736.262501 473 -1
1701030736.262501 1198 -1
1701030736.262501 10747 -1
1701030736.262560 54 1
1701030736.263446 564 -1
1701030736.263446 7354 -1
1701030736.263473 54 1
1701030736.264008 5226 -1
1701030736.264049 54 1
1701030736.451905 54 1
1701030736.457449 78 -1
1701030736.457449 60 -1
1701030736.457496 54 1
1701030737.844472 66 1
1701030737.845523 66 -1
1701030737.845621 54 1
1701030737.846090 934 1
1701030737.847062 60 -1
1701030737.847879 318 -1
1701030737.848728 134 1
1701030737.849026 146 1
1701030737.849515 580 1
1701030737.849623 228 1
1701030737.849864 60 -1
1701030737.849864 341 -1
1701030737.849930 60 -1
1701030737.850717 115 -1
1701030737.850717 85 -1
1701030737.850717 60 -1
1701030737.850761 54 1
1701030737.850802 60 -1
1701030737.850811 228 1
1701030737.850994 85 1
1701030737.851303 225 1
1701030737.851721 230 1
1701030737.851797 60 -1
1701030737.851877 60 -1
1701030737.852230 60 -1
1701030737.852858 60 -1
1701030737.859735 1205 -1
1701030737.859827 532 -1
1701030737.859827 554 -1
1701030737.859827 1221 -1
1701030737.859885 66 1
1701030737.859926 66 1
1701030737.859953 54 1
1701030737.861034 4434 -1
1701030737.861079 54 1
1701030737.861379 7354 -1
1701030737.861429 54 1
1701030737.861796 621 -1
1701030737.861829 54 1
1701030737.861865 4571 -1
1701030737.861892 54 1
1701030737.862222 1173 -1
1701030737.862322 603 -1
1701030737.862343 54 1
1701030737.862375 1228 -1
1701030737.862456 4876 -1
1701030737.862473 54 1
1701030737.862874 526 -1
1701030737.862897 54 1
1701030737.862935 4434 -1
1701030737.862983 54 1
1701030737.863285 5100 -1
1701030737.863314 54 1
1701030737.864935 1203 -1
1701030737.864935 555 -1
1701030737.864972 54 1
1701030737.867996 14654 -1
1701030737.868071 54 1
1701030737.868966 1860 -1
1701030737.869000 54 1
1701030737.869098 2201 -1
1701030737.869115 54 1
1701030739.977977 225 1
1701030739.978112 227 1
1701030739.978211 226 1
1701030739.978702 227 1
1701030739.979967 60 -1
1701030739.979967 60 -1
1701030739.979967 60 -1
1701030739.980226 228 1
1701030739.980835 60 -1
1701030739.982621 60 -1
1701030740.005914 1225 -1
1701030740.005914 532 -1
1701030740.006020 54 1
1701030740.009491 7354 -1
1701030740.009768 54 1
1701030740.009822 1372 -1
1701030740.009852 54 1
1701030740.009902 1222 -1
1701030740.010110 1654 -1
1701030740.010110 588 -1
1701030740.010148 54 1
1701030740.010886 1191 -1
1701030740.010886 578 -1
1701030740.010886 10274 -1
1701030740.010954 54 1
1701030740.012046 6240 -1
1701030740.012177 54 1
1701030740.012224 457 -1
1701030740.012224 7354 -1
1701030740.012262 54 1
1701030740.012975 1443 -1
1701030740.012975 5894 -1
1701030740.013027 54 1
1701030740.013788 5257 -1
1701030740.013844 54 1
1701030740.022407 1226 -1
1701030740.022407 529 -1
1701030740.022496 54 1
1701030740.023046 7354 -1
1701030740.023100 54 1
1701030740.023544 7354 -1
1701030740.023603 54 1
1701030740.024119 1860 -1
1701030740.024151 54 1
1701030740.024256 1640 -1
1701030740.024280 54 1
1701030741.609126 226 1
1701030741.609798 226 1
1701030741.613032 60 -1
1701030741.614398 227 1
1701030741.614475 226 1
1701030741.614559 228 1
1701030741.617646 60 -1
1701030741.620934 1230 -1
1701030741.620934 280 -1
1701030741.621029 54 1
1701030741.622048 4434 -1
1701030741.622107 54 1
1701030741.622282 5873 -1
1701030741.622321 54 1
1701030741.622629 1198 -1
1701030741.622732 54 1
1701030741.622870 569 -1
1701030741.625481 7354 -1
1701030741.625481 4557 -1
1701030741.625564 54 1
1701030741.627550 1197 -1
1701030741.627550 567 -1
1701030741.627550 1225 -1
1701030741.627550 1514 -1
1701030741.627550 5521 -1
1701030741.627747 54 1
1701030741.628260 522 -1
1701030741.628963 1184 -1
1701030741.628989 54 1
1701030741.629034 584 -1
1701030741.629034 6961 -1
1701030741.629088 54 1
1701030741.631850 4434 -1
1701030741.631850 1514 -1
1701030741.631850 3160 -1
1701030741.631932 54 1
1701030743.202046 227 1
1701030743.202208 226 1
1701030743.202340 225 1
1701030743.202731 226 1
1701030743.202848 227 1
1701030743.204421 60 -1
1701030743.209799 60 -1
1701030743.210934 1228 -1
1701030743.210934 528 -1
1701030743.210934 1194 -1
1701030743.210934 366 -1
1701030743.210934 5768 -1
1701030743.211105 54 1
1701030743.211356 1172 -1
1701030743.211453 603 -1
1701030743.211491 54 1
1701030743.216973 89 1
1701030743.219860 4434 -1
1701030743.219860 1514 -1
1701030743.219860 3059 -1
1701030743.219860 2109 -1
1701030743.219860 1207 -1
1701030743.219860 557 -1
1701030743.219860 7354 -1
1701030743.219860 7354 -1
1701030743.219860 1860 -1
1701030743.219860 85 -1
1701030743.219860 2974 -1
1701030743.219860 4434 -1
1701030743.219860 7001 -1
1701030743.220242 54 1
1701030743.221166 1264 -1
1701030743.221166 469 -1
1701030743.221208 54 1
1701030743.222841 1038 -1
1701030743.276979 54 1
1701030746.477151 54 1
1701030746.482046 78 -1
1701030746.482046 60 -1
1701030746.482197 54 1
1701030746.757826 66 1
1701030746.758908 66 -1
1701030746.759015 54 1
1701030746.759395 870 1
1701030746.760435 60 -1
1701030746.761246 318 -1
1701030746.762089 134 1
1701030746.762526 146 1
1701030746.763168 60 -1
1701030746.763203 341 -1
1701030746.763302 581 1
1701030746.763447 60 -1
1701030746.763447 115 -1
1701030746.763559 85 -1
1701030746.763576 54 1
1701030746.763590 227 1
1701030746.763669 228 1
1701030746.763739 228 1
1701030746.763860 228 1
1701030746.764061 85 1
1701030746.764197 60 -1
1701030746.764532 60 -1
1701030746.764532 60 -1
1701030746.764562 60 -1
1701030746.764869 60 -1
1701030746.764953 60 -1
1701030746.771430 1226 -1
1701030746.771430 525 -1
1701030746.771547 54 1
1701030746.771605 6287 -1
1701030746.771648 54 1
1701030746.773161 1189 -1
1701030746.773267 54 1
1701030746.773316 577 -1
1701030746.773316 1196 -1
1701030746.773316 569 -1
1701030746.773357 54 1
1701030746.773400 7853 -1
1701030746.773433 54 1
1701030746.774982 4712 -1
1701030746.775030 54 1
1701030746.780807 1189 -1
1701030746.780807 582 -1
1701030746.780807 1219 -1
1701030746.780807 542 -1
1701030746.780807 2974 -1
1701030746.780807 8446 -1
1701030746.780807 4434 -1
1701030746.780807 6083 -1
1701030746.780945 54 1
1701030748.814329 228 1
1701030748.814457 228 1
1701030748.814539 225 1
1701030748.816245 60 -1
1701030748.816245 60 -1
1701030748.816245 60 -1
1701030748.818256 227 1
1701030748.818353 230 1
1701030748.819243 60 -1
1701030748.819297 60 -1
1701030748.831584 1202 -1
1701030748.831584 563 -1
1701030748.831584 1259 -1
1701030748.831584 487 -1
1701030748.831722 54 1
1701030748.831904 4434 -1
1701030748.831945 54 1
1701030748.832149 6038 -1
1701030748.832188 54 1
1701030748.832585 5025 -1
1701030748.832762 54 1
1701030748.833117 1710 -1
1701030748.833117 1709 -1
1701030748.833143 54 1
1701030748.834042 6532 -1
1701030748.834076 54 1
1701030748.834465 10700 -1
1701030748.834520 54 1
1701030748.837241 1219 -1
1701030748.837241 535 -1
1701030748.837300 54 1
1701030748.838017 8278 -1
1701030748.838074 54 1
1701030750.407010 228 1
1701030750.410913 228 1
1701030750.412995 227 1
1701030750.413337 227 1
1701030750.413439 229 1
1701030750.414886 60 -1
1701030750.423297 1195 -1
1701030750.423297 570 -1
1701030750.423297 1230 -1
1701030750.423398 54 1
1701030750.432105 519 -1
1701030750.432105 1220 -1
1701030750.432105 526 -1
1701030750.432105 1514 -1
1701030750.432105 7354 -1
1701030750.432105 4662 -1
1701030750.432105 1514 -1
1701030750.432105 2697 -1
1701030750.432105 1195 -1
1701030750.432105 574 -1
1701030750.432105 1194 -1
1701030750.432105 575 -1
1701030750.432105 2349 -1
1701030750.432105 4182 -1
1701030750.432105 6581 -1
1701030750.432370 54 1
1701030752.028349 226 1
1701030752.028483 227 1
1701030752.029474 60 -1
1701030752.030006 226 1
1701030752.030094 226 1
1701030752.030154 227 1
1701030752.033255 60 -1
1701030752.036612 1177 -1
1701030752.036612 601 -1
1701030752.036709 54 1
1701030752.036936 2974 -1
1701030752.036966 54 1
1701030752.036996 1514 -1
1701030752.037128 308 -1
1701030752.037147 54 1
1701030752.038641 89 1
1701030752.039705 1201 -1
1701030752.039705 565 -1
1701030752.039705 2974 -1
1701030752.039773 54 1
1701030752.040157 4994 -1
1701030752.040241 54 1
1701030752.040298 1176 -1
1701030752.040356 592 -1
1701030752.040356 4434 -1
1701030752.040407 54 1
1701030752.040679 2066 -1
1701030752.040715 54 1
1701030752.041403 1211 -1
1701030752.041403 548 -1
1701030752.041403 8814 -1
1701030752.041483 54 1
1701030752.042906 2443 -1
1701030752.043087 54 1
1701030752.051636 1238 -1
1701030752.051636 514 -1
1701030752.051892 54 1
1701030752.055011 4434 -1
1701030752.055066 54 1
1701030752.055113 2865 -1
1701030752.055137 54 1
1701030754.186435 230 1
1701030754.186561 228 1
1701030754.189275 60 -1
1701030754.189562 227 1
1701030754.189643 227 1
1701030754.189737 226 1
1701030754.192086 60 -1
1701030754.195204 1221 -1
1701030754.195204 531 -1
1701030754.195304 54 1
1701030754.197628 2974 -1
1701030754.197628 6081 -1
1701030754.197628 1191 -1
1701030754.197764 54 1
1701030754.198220 574 -1
1701030754.198220 4434 -1
1701030754.198279 54 1
1701030754.198334 5542 -1
1701030754.198382 54 1
1701030754.198953 1176 -1
1701030754.199306 597 -1
1701030754.199306 4434 -1
1701030754.199306 7354 -1
1701030754.199360 54 1
1701030754.199993 4125 -1
1701030754.200038 54 1
1701030754.200289 1173 -1
1701030754.200289 607 -1
1701030754.200318 54 1
1701030754.200401 6366 -1
1701030754.200471 54 1
1701030754.203077 1223 -1
1701030754.203077 531 -1
1701030754.203138 54 1
1701030754.203560 4434 -1
1701030754.203603 54 1
1701030754.203947 5114 -1
1701030754.203989 54 1
1701030755.780063 228 1
1701030755.780687 227 1
1701030755.782158 226 1
1701030755.782644 60 -1
1701030755.782946 228 1
1701030755.787316 226 1
1701030755.787372 60 -1
1701030755.799425 1173 -1
1701030755.799425 428 -1
1701030755.799425 1142 -1
1701030755.799425 646 -1
1701030755.799563 54 1
1701030755.805889 6181 -1
1701030755.806022 54 1
1701030755.806224 7354 -1
1701030755.806259 54 1
1701030755.806808 2960 -1
1701030755.806842 54 1
1701030755.807046 1259 -1
1701030755.807147 485 -1
1701030755.807168 54 1
1701030755.815606 7307 -1
1701030755.815729 54 1
1701030755.815794 1229 -1
1701030755.815810 54 1
1701030755.815848 521 -1
1701030755.815872 1254 -1
1701030755.815890 54 1
1701030755.816116 492 -1
1701030755.817734 9636 -1
1701030755.817811 54 1
1701030755.818303 10274 -1
1701030755.818344 54 1
1701030755.819149 6240 -1
1701030755.819195 54 1
1701030755.819689 1561 -1
1701030755.819726 54 1
1701030756.502634 54 1
1701030756.504197 78 -1
1701030756.504197 60 -1
1701030756.504266 54 1
1701030757.385603 66 1
1701030757.387291 66 -1
1701030757.387448 54 1
1701030757.388540 934 1
1701030757.397379 60 -1
1701030757.397379 318 -1
1701030757.398159 134 1
1701030757.398587 146 1
1701030757.399277 580 1
1701030757.399388 227 1
1701030757.399500 228 1
1701030757.399602 226 1
1701030757.399685 227 1
1701030757.401414 60 -1
1701030757.401414 341 -1
1701030757.401414 60 -1
1701030757.401414 115 -1
1701030757.401414 85 -1
1701030757.401414 60 -1
1701030757.401414 60 -1
1701030757.401414 60 -1
1701030757.401515 54 1
1701030757.401982 60 -1
1701030757.401982 60 -1
1701030757.402146 85 1
1701030757.403677 60 -1
1701030757.413184 1198 -1
1701030757.413184 570 -1
1701030757.413184 1228 -1
1701030757.413184 520 -1
1701030757.413314 54 1
1701030757.417510 1206 -1
1701030757.417510 557 -1
1701030757.417510 7267 -1
1701030757.417642 54 1
1701030757.417696 16460 -1
1701030757.417905 54 1
1701030757.419022 85 -1
1701030757.419022 329 -1
1701030757.419022 16460 -1
1701030757.419071 54 1
1701030757.420213 4434 -1
1701030757.420264 54 1
1701030757.420586 466 -1
1701030757.420629 1220 -1
1701030757.420650 54 1
1701030757.420685 533 -1
1701030757.420910 15313 -1
1701030757.420954 54 1
1701030757.422090 1198 -1
1701030757.422090 568 -1
1701030757.422123 54 1
1701030757.422161 9704 -1
1701030757.422213 54 1
1701030761.560374 228 1
1701030761.561542 60 -1
1701030761.562514 226 1
1701030761.563148 226 1
1701030761.563760 60 -1
1701030761.564190 60 -1
1701030761.565036 227 1
1701030761.566223 60 -1
1701030761.566948 227 1
1701030761.568036 60 -1
1701030761.582898 1195 -1
1701030761.582898 576 -1
1701030761.582898 7354 -1
1701030761.582898 156 -1
1701030761.582898 1699 -1
1701030761.582898 4434 -1
1701030761.582898 3188 -1
1701030761.582898 1230 -1
1701030761.582898 396 -1
1701030761.582898 14654 -1
1701030761.582898 1773 -1
1701030761.582898 1227 -1
1701030761.582898 524 -1
1701030761.582898 2974 -1
1701030761.582898 4647 -1
1701030761.582898 1195 -1
1701030761.582898 548 -1
1701030761.582898 2974 -1
1701030761.582898 5309 -1
1701030761.583414 54 1
1701030763.165209 225 1
1701030763.165366 227 1
1701030763.168642 226 1
1701030763.168739 219 1
1701030763.168977 220 1
1701030763.169078 60 -1
1701030763.172151 60 -1
1701030763.174537 1259 -1
1701030763.174537 451 -1
1701030763.174654 54 1
1701030763.175527 7354 -1
1701030763.175586 54 1
1701030763.176576 2953 -1
1701030763.176576 1170 -1
1701030763.176576 603 -1
1701030763.176576 2747 -1
1701030763.176659 54 1
1701030763.177304 1209 -1
1701030763.177304 492 -1
1701030763.177337 54 1
1701030763.177677 7354 -1
1701030763.177721 54 1
1701030763.178539 929 -1
1701030763.178712 89 1
1701030763.184031 1198 -1
1701030763.184031 566 -1
1701030763.184031 5773 -1
1701030763.184148 54 1
1701030763.186351 1169 -1
1701030763.186351 605 -1
1701030763.186418 54 1
1701030763.187040 7354 -1
1701030763.187100 54 1
1701030763.187632 1509 -1
1701030763.187982 54 1
1701030764.815482 227 1
1701030764.818456 226 1
1701030764.818594 226 1
1701030764.818691 226 1
1701030764.819031 225 1
1701030764.820595 60 -1
1701030764.822422 60 -1
1701030764.830316 1228 -1
1701030764.830316 529 -1
1701030764.830416 54 1
1701030764.830474 1209 -1
1701030764.830474 544 -1
1701030764.830474 1197 -1
1701030764.830474 561 -1
1701030764.830519 54 1
1701030764.831197 5423 -1
1701030764.831246 54 1
1701030764.831621 7354 -1
1701030764.831699 54 1
1701030764.832753 7354 -1
1701030764.832753 1860 -1
1701030764.832813 54 1
1701030764.832884 7354 -1
1701030764.832949 54 1
1701030764.833487 1048 -1
1701030764.833506 54 1
1701030764.833560 7354 -1
1701030764.833586 54 1
1701030764.834181 1514 -1
1701030764.834204 54 1
1701030764.834290 1714 -1
1701030764.834309 54 1
1701030764.834438 1707 -1
1701030764.834459 54 1
1701030764.858729 5243 -1
1701030764.858977 54 1
1701030764.859040 1164 -1
1701030764.859040 618 -1
1701030764.859072 54 1
1701030764.869363 7354 -1
1701030764.869449 54 1
1701030764.869912 2250 -1
1701030764.869965 54 1
1701030766.431472 228 1
1701030766.433069 225 1
1701030766.433212 226 1
1701030766.434018 227 1
1701030766.434106 229 1
1701030766.439183 60 -1
1701030766.451841 1177 -1
1701030766.451841 383 -1
1701030766.451841 1257 -1
1701030766.451841 489 -1
1701030766.451841 1170 -1
1701030766.451841 448 -1
1701030766.451952 54 1
1701030766.454412 1198 -1
1701030766.454412 568 -1
1701030766.454412 6181 -1
1701030766.454495 54 1
1701030766.454943 7354 -1
1701030766.455000 54 1
1701030766.455427 7354 -1
1701030766.455476 54 1
1701030766.456183 1208 -1
1701030766.456183 7354 -1
1701030766.456245 54 1
1701030766.456724 2953 -1
1701030766.456918 54 1
1701030766.460180 6680 -1
1701030766.460249 54 1
1701030766.460527 1699 -1
1701030766.460559 54 1
1701030766.461568 7354 -1
1701030766.461636 54 1
1701030766.462029 985 -1
1701030766.462054 54 1
1701030766.517652 54 1
1701030766.519032 78 -1
1701030766.519032 60 -1
1701030766.519109 54 1
1701030768.598728 66 1
1701030768.601028 66 -1
1701030768.601142 54 1
1701030768.603247 870 1
1701030768.604665 60 -1
1701030768.605674 318 -1
1701030768.606311 134 1
1701030768.606725 146 1
1701030768.607487 581 1
1701030768.607690 228 1
1701030768.607891 228 1
1701030768.608066 226 1
1701030768.608193 226 1
1701030768.611723 60 -1
1701030768.611723 60 -1
1701030768.611825 60 -1
1701030768.611825 60 -1
1701030768.611825 60 -1
1701030768.611825 60 -1
1701030768.611825 60 -1
1701030768.614316 341 -1
1701030768.618371 115 -1
1701030768.618371 85 -1
1701030768.618432 54 1
1701030768.618639 85 1
1701030768.619567 60 -1
1701030768.620217 1256 -1
1701030768.620257 348 -1
1701030768.620270 54 1
1701030768.624026 1236 -1
1701030768.624026 514 -1
1701030768.624026 1236 -1
1701030768.624026 505 -1
1701030768.624099 54 1
1701030768.624145 4434 -1
1701030768.624179 54 1
1701030768.624424 3849 -1
1701030768.624475 54 1
1701030768.624718 4434 -1
1701030768.624757 54 1
1701030768.625138 7354 -1
1701030768.625207 54 1
1701030768.625692 3545 -1
1701030768.625720 54 1
1701030768.626380 16460 -1
1701030768.626471 54 1
1701030768.627417 6116 -1
1701030768.627457 54 1
1701030768.628331 1205 -1
1701030768.628331 555 -1
1701030768.628331 1216 -1
1701030768.628331 546 -1
1701030768.628378 54 1
1701030768.629264 7354 -1
1701030768.629309 54 1
1701030768.629725 6049 -1
1701030768.629779 54 1
1701030768.630226 4434 -1
1701030768.630258 54 1
1701030768.630581 2152 -1
1701030768.630601 54 1
1701030772.993396 227 1
1701030772.995027 60 -1
1701030772.995957 227 1
1701030772.996679 228 1
1701030772.996783 225 1
1701030772.997612 60 -1
1701030772.997977 228 1
1701030773.002556 60 -1
1701030773.002556 60 -1
1701030773.003566 60 -1
1701030773.008040 1219 -1
1701030773.008123 540 -1
1701030773.008160 54 1
1701030773.009980 2974 -1
1701030773.010062 54 1
1701030773.010110 7846 -1
1701030773.010147 54 1
1701030773.010460 1220 -1
1701030773.010610 542 -1
1701030773.010638 54 1
1701030773.014527 5269 -1
1701030773.014625 54 1
1701030773.014785 1176 -1
1701030773.014981 597 -1
1701030773.015005 54 1
1701030773.015306 1223 -1
1701030773.015306 5894 -1
1701030773.015357 54 1
1701030773.016059 7354 -1
1701030773.016059 348 -1
1701030773.016123 54 1
1701030773.016166 525 -1
1701030773.016194 54 1
1701030773.019440 3533 -1
1701030773.019514 54 1
1701030773.021656 1229 -1
1701030773.021656 526 -1
1701030773.021708 54 1
1701030773.022629 2237 -1
1701030773.022678 54 1
1701030774.664725 226 1
1701030774.669089 226 1
1701030774.671397 60 -1
1701030774.672260 227 1
1701030774.672368 228 1
1701030774.673030 226 1
1701030774.678674 60 -1
1701030774.680108 1215 -1
1701030774.680108 545 -1
1701030774.680108 1194 -1
1701030774.680192 54 1
1701030774.680365 576 -1
1701030774.680365 1227 -1
1701030774.680365 3716 -1
1701030774.680426 54 1
1701030774.680507 524 -1
1701030774.681372 2994 -1
1701030774.681372 5769 -1
1701030774.681450 54 1
1701030774.686026 1224 -1
1701030774.686026 259 -1
1701030774.686026 6181 -1
1701030774.686026 1252 -1
1701030774.686026 496 -1
1701030774.686026 4508 -1
1701030774.686170 54 1
1701030774.689993 89 1
1701030774.731376 60 -1
1701030776.528086 54 1
1701030776.531161 78 -1
1701030776.531161 60 -1
1701030776.531209 54 1
1701030776.843791 66 1
1701030776.844808 66 -1
1701030776.844973 54 1
1701030776.845455 902 1
1701030776.846383 60 -1
1701030776.847236 318 -1
1701030776.847675 134 1
1701030776.847977 146 1
1701030776.848461 580 1
1701030776.848576 228 1
1701030776.848608 60 -1
1701030776.848699 226 1
1701030776.848766 228 1
1701030776.848823 226 1
1701030776.848871 60 -1
1701030776.849359 341 -1
1701030776.849397 60 -1
1701030776.849560 60 -1
1701030776.849560 60 -1
1701030776.849664 60 -1
1701030776.849664 60 -1
1701030776.852299 115 -1
1701030776.852299 85 -1
1701030776.852342 54 1
1701030776.852661 85 1
1701030776.853791 60 -1
1701030776.857035 1191 -1
1701030776.857035 573 -1
1701030776.857129 54 1
1701030776.857436 5263 -1
1701030776.857475 54 1
1701030776.858313 1206 -1
1701030776.858313 559 -1
1701030776.858349 54 1
1701030776.858573 4669 -1
1701030776.858598 54 1
1701030776.859698 1141 -1
1701030776.859698 640 -1
1701030776.859732 54 1
1701030776.860036 1202 -1
1701030776.860036 564 -1
1701030776.860057 54 1
1701030776.860133 7354 -1
1701030776.860166 54 1
1701030776.860685 3359 -1
1701030776.860725 54 1
1701030776.860912 5103 -1
1701030776.860957 54 1
1701030776.872125 1165 -1
1701030776.872125 616 -1
1701030776.872265 54 1
1701030776.875065 5617 -1
1701030776.875167 54 1
1701030778.474592 229 1
1701030778.475395 227 1
1701030778.476139 60 -1
1701030778.476286 60 -1
1701030778.478155 228 1
1701030778.479199 60 -1
1701030778.480112 230 1
1701030778.480245 229 1
1701030778.483028 60 -1
1701030778.483028 60 -1
1701030778.486155 1235 -1
1701030778.486155 512 -1
1701030778.486155 1192 -1
1701030778.486155 572 -1
1701030778.486155 7354 -1
1701030778.486292 54 1
1701030778.486649 2498 -1
1701030778.486678 54 1
1701030778.486732 13262 -1
1701030778.486813 54 1
1701030778.487830 1232 -1
1701030778.488005 54 1
1701030778.488166 519 -1
1701030778.488166 4434 -1
1701030778.488221 54 1
1701030778.489157 1487 -1
1701030778.489157 1222 -1
1701030778.489157 531 -1
1701030778.489157 3063 -1
1701030778.489232 54 1
1701030778.496915 1228 -1
1701030778.496915 306 -1
1701030778.496915 6181 -1
1701030778.497018 54 1
1701030778.514111 341 -1
1701030778.514176 66 1
1701030780.117399 230 1
1701030780.117490 226 1
1701030780.117610 230 1
1701030780.119490 228 1
1701030780.119617 227 1
1701030780.120628 60 -1
1701030780.128165 1192 -1
1701030780.128165 576 -1
1701030780.128239 54 1
1701030780.137735 5520 -1
1701030780.137836 54 1
1701030780.138176 1236 -1
1701030780.138176 518 -1
1701030780.138176 1250 -1
1701030780.138234 54 1
1701030780.138276 495 -1
1701030780.138300 54 1
1701030780.138339 1255 -1
1701030780.138473 4434 -1
1701030780.138494 54 1
1701030780.138813 7210 -1
1701030780.138840 54 1
1701030780.139344 487 -1
1701030780.139375 54 1
1701030780.143434 7354 -1
1701030780.143505 54 1
1701030780.143803 3045 -1
1701030780.143839 54 1
1701030780.144040 3748 -1
1701030780.144076 54 1
1701030780.144362 609 -1
1701030780.144385 54 1
1701030780.147265 5477 -1
1701030780.147326 54 1
1701030782.327156 228 1
1701030782.327292 226 1
1701030782.327617 228 1
1701030782.327697 219 1
1701030782.327758 229 1
1701030782.328824 60 -1
1701030782.336916 1206 -1
1701030782.336916 558 -1
1701030782.336916 1262 -1
1701030782.336916 476 -1
1701030782.336916 457 -1
1701030782.337060 54 1
1701030782.337291 5512 -1
1701030782.337321 54 1
1701030782.337593 1205 -1
1701030782.337618 54 1
1701030782.337688 561 -1
1701030782.338553 2974 -1
1701030782.338595 54 1
1701030782.338634 2680 -1
1701030782.338668 54 1
1701030782.339192 1203 -1
1701030782.339192 554 -1
1701030782.339240 54 1
1701030782.340186 7354 -1
1701030782.340233 54 1
1701030782.340650 7354 -1
1701030782.340682 54 1
1701030782.341256 1860 -1
1701030782.341283 54 1
1701030782.341448 85 -1
1701030782.341448 273 -1
1701030782.341481 54 1
1701030782.343139 89 1
1701030782.349510 1225 -1
1701030782.349510 532 -1
1701030782.349510 3612 -1
1701030782.349648 54 1
1701030783.971928 229 1
1701030783.972205 218 1
1701030783.973623 226 1
1701030783.975017 228 1
1701030783.975134 228 1
1701030783.983607 60 -1
1701030783.983607 60 -1
1701030783.983715 563 -1
1701030783.983715 1203 -1
1701030783.983780 66 1
1701030783.983844 54 1
1701030783.985280 4213 -1
1701030783.985320 54 1
1701030783.987584 1230 -1
1701030783.987624 54 1
1701030783.987674 525 -1
1701030783.987674 1226 -1
1701030783.987674 349 -1
1701030783.987708 54 1
1701030783.989991 6502 -1
1701030783.989991 7354 -1
1701030783.989991 929 -1
1701030783.989991 1232 -1
1701030783.989991 375 -1
1701030783.989991 1167 -1
1701030783.990163 54 1
1701030783.990230 605 -1
1701030783.990247 54 1
1701030783.991789 2109 -1
1701030783.991789 7649 -1
1701030783.991841 54 1
1701030786.537448 54 1
1701030786.538598 78 -1
1701030786.538598 60 -1
1701030786.538670 54 1
1701030789.508143 66 1
1701030789.509527 66 -1
1701030789.509628 54 1
1701030789.511680 934 1
1701030789.514790 60 -1
1701030789.515135 318 -1
1701030789.515776 134 1
1701030789.516224 146 1
1701030789.516883 60 -1
1701030789.517096 341 -1
1701030789.517330 60 -1
1701030789.517330 115 -1
1701030789.517330 85 -1
1701030789.517539 586 1
1701030789.517579 227 1
1701030789.517656 227 1
1701030789.517746 221 1
1701030789.517841 228 1
1701030789.518086 85 1
1701030789.518462 60 -1
1701030789.518462 60 -1
1701030789.518462 60 -1
1701030789.518660 60 -1
1701030789.518758 60 -1
1701030789.519048 60 -1
1701030789.526829 1322 -1
1701030789.527117 392 -1
1701030789.527180 54 1
1701030789.527232 1197 -1
1701030789.527232 566 -1
1701030789.527277 54 1
1701030789.527363 4434 -1
1701030789.527394 54 1
1701030789.527556 813 -1
1701030789.527581 54 1
1701030789.528705 1260 -1
1701030789.528705 485 -1
1701030789.528740 54 1
1701030789.529325 5440 -1
1701030789.529383 54 1
1701030789.529609 5437 -1
1701030789.529629 54 1
1701030789.534321 1221 -1
1701030789.534321 538 -1
1701030789.534321 5894 -1
1701030789.534321 1769 -1
1701030789.534415 54 1
1701030789.535725 1287 -1
1701030789.535725 445 -1
1701030789.535767 54 1
1701030789.536232 7354 -1
1701030789.536261 54 1
1701030789.536420 2090 -1
1701030789.536445 54 1
1701030791.155915 227 1
1701030791.156812 218 1
1701030791.157287 60 -1
1701030791.157722 218 1
1701030791.157731 60 -1
1701030791.157810 219 1
1701030791.158621 60 -1
1701030791.158661 221 1
1701030791.158887 60 -1
1701030791.160026 60 -1
1701030791.164857 1246 -1
1701030791.164857 418 -1
1701030791.165362 54 1
1701030791.165479 4434 -1
1701030791.165479 3849 -1
1701030791.165535 54 1
1701030791.167345 1208 -1
1701030791.167345 554 -1
1701030791.167405 54 1
1701030791.168239 4434 -1
1701030791.168295 54 1
1701030791.168398 9533 -1
1701030791.168435 54 1
1701030791.169235 1216 -1
1701030791.169235 544 -1
1701030791.169235 5128 -1
1701030791.169348 54 1
1701030791.170831 1230 -1
1701030791.170831 522 -1
1701030791.170877 54 1
1701030791.175054 1192 -1
1701030791.175054 537 -1
1701030791.175054 6181 -1
1701030791.175170 54 1
1701030791.175569 4434 -1
1701030791.175745 54 1
1701030791.175814 4846 -1
1701030791.175878 54 1
1701030793.426700 222 1
1701030793.427068 220 1
1701030793.429096 219 1
1701030793.429255 218 1
1701030793.429607 223 1
1701030793.432495 60 -1
1701030793.442591 1169 -1
1701030793.442591 646 -1
1701030793.442703 54 1
1701030793.443295 1196 -1
1701030793.443295 568 -1
1701030793.443295 1171 -1
1701030793.443295 453 -1
1701030793.443295 1225 -1
1701030793.443295 530 -1
1701030793.443346 54 1
1701030793.445488 2850 -1
1701030793.445488 4157 -1
1701030793.445488 13887 -1
1701030793.445582 54 1
1701030793.446419 1701 -1
1701030793.446465 54 1
1701030793.450898 3678 -1
1701030793.451104 54 1
1701030793.451171 4434 -1
1701030793.451198 54 1
1701030793.451397 4725 -1
1701030793.451437 54 1
1701030795.045550 217 1
1701030795.047579 217 1
1701030795.048964 222 1
1701030795.049317 218 1
1701030795.049412 60 -1
1701030795.049750 220 1
1701030795.052335 60 -1
1701030795.058185 1232 -1
1701030795.058185 521 -1
1701030795.058272 54 1
1701030795.058680 7354 -1
1701030795.058721 54 1
1701030795.059153 2546 -1
1701030795.059193 54 1
1701030795.059248 1217 -1
1701030795.059270 54 1
1701030795.059326 542 -1
1701030795.059581 4434 -1
1701030795.059786 54 1
1701030795.059837 3317 -1
1701030795.059860 54 1
1701030795.060156 1225 -1
1701030795.060180 54 1
1701030795.060416 526 -1
1701030795.060416 1719 -1
1701030795.060444 54 1
1701030795.060496 4434 -1
1701030795.060524 54 1
1701030795.060758 3190 -1
1701030795.060783 54 1
1701030795.061180 4434 -1
1701030795.061219 54 1
1701030795.061519 7354 -1
1701030795.061543 54 1
1701030795.062147 2393 -1
1701030795.062175 54 1
1701030795.062213 591 -1
1701030795.062227 54 1
1701030795.062273 7354 -1
1701030795.062301 54 1
1701030795.062845 7354 -1
1701030795.062882 54 1
1701030795.063428 1860 -1
1701030795.063449 54 1
1701030795.063577 4434 -1
1701030795.063600 54 1
1701030795.063950 1514 -1
1701030795.063987 54 1
1701030795.064207 1514 -1
1701030795.064207 5788 -1
1701030795.064417 54 1
1701030795.066839 89 1
1701030795.116554 60 -1
1701030796.559077 54 1
1701030796.561453 78 -1
1701030796.561453 60 -1
1701030796.561495 54 1
1701030796.704144 66 1
1701030796.705331 66 -1
1701030796.705452 54 1
1701030796.706296 934 1
1701030796.707366 60 -1
1701030796.708021 318 -1
1701030796.708611 134 1
1701030796.708957 146 1
1701030796.709570 572 1
1701030796.709701 60 -1
1701030796.709791 221 1
1701030796.709837 341 -1
1701030796.709921 220 1
1701030796.709968 60 -1
1701030796.710079 219 1
1701030796.710188 220 1
1701030796.712210 115 -1
1701030796.712210 85 -1
1701030796.712210 60 -1
1701030796.712210 60 -1
1701030796.712210 60 -1
1701030796.712210 60 -1
1701030796.712291 54 1
1701030796.712575 85 1
1701030796.713315 60 -1
1701030796.713559 60 -1
1701030796.716448 1166 -1
1701030796.716448 613 -1
1701030796.716514 54 1
1701030796.716586 7354 -1
1701030796.716638 54 1
1701030796.716972 7354 -1
1701030796.717036 54 1
1701030796.718317 1860 -1
1701030796.718317 3562 -1
1701030796.718358 54 1
1701030796.718725 1229 -1
1701030796.718725 530 -1
1701030796.718756 54 1
1701030796.721647 6324 -1
1701030796.721718 54 1
1701030796.721948 1199 -1
1701030796.722284 310 -1
1701030796.722284 1213 -1
1701030796.722284 546 -1
1701030796.722284 2109 -1
1701030796.722335 54 1
1701030796.722415 4434 -1
1701030796.722458 54 1
1701030796.722844 3287 -1
1701030796.722870 54 1
1701030796.730433 1221 -1
1701030796.730433 532 -1
1701030796.730521 54 1
1701030796.732339 3854 -1
1701030796.732395 54 1
1701030798.877258 217 1
1701030798.877397 211 1
1701030798.885808 219 1
1701030798.885932 213 1
1701030798.886037 219 1
1701030798.896209 60 -1
1701030798.896209 60 -1
1701030798.896209 60 -1
1701030798.896209 60 -1
1701030798.896209 60 -1
1701030798.907530 1261 -1
1701030798.907530 478 -1
1701030798.907530 7354 -1
1701030798.907530 2458 -1
1701030798.907530 1227 -1
1701030798.907530 529 -1
1701030798.907530 3650 -1
1701030798.907530 1228 -1
1701030798.907530 523 -1
1701030798.907530 1514 -1
1701030798.907530 2723 -1
1701030798.907530 1255 -1
1701030798.907530 304 -1
1701030798.907530 4157 -1
1701030798.907761 54 1
1701030798.907882 1162 -1
1701030798.911621 618 -1
1701030798.911621 3792 -1
1701030798.911709 54 1
1701030804.526803 211 1
1701030804.527452 217 1
1701030804.527549 218 1
1701030804.528274 219 1
1701030804.528816 211 1
1701030804.534778 60 -1
1701030804.552302 1218 -1
1701030804.552302 540 -1
1701030804.552302 1225 -1
1701030804.552302 535 -1
1701030804.552302 1246 -1
1701030804.552302 505 -1
1701030804.552419 54 1
1701030804.554567 7354 -1
1701030804.554632 54 1
1701030804.555025 3006 -1
1701030804.555075 54 1
1701030804.555282 2974 -1
1701030804.555308 54 1
1701030804.555394 89 1
1701030804.555601 6866 -1
1701030804.555636 54 1
1701030804.556082 1697 -1
1701030804.556107 54 1
1701030804.556421 1230 -1
1701030804.556421 526 -1
1701030804.556421 3863 -1
1701030804.556476 54 1
1701030804.558482 5839 -1
1701030804.558569 54 1
1701030806.243044 218 1
1701030806.243333 218 1
1701030806.243446 213 1
1701030806.244808 210 1
1701030806.244877 219 1
1701030806.247246 60 -1
1701030806.250376 1189 -1
1701030806.250376 577 -1
1701030806.250461 54 1
1701030806.250526 4875 -1
1701030806.250558 54 1
1701030806.253896 1191 -1
1701030806.253896 572 -1
1701030806.253975 54 1
1701030806.254051 7354 -1
1701030806.254122 54 1
1701030806.254505 5894 -1
1701030806.254540 54 1
1701030806.254924 3320 -1
1701030806.254947 54 1
1701030806.255202 6744 -1
1701030806.255236 54 1
1701030806.255749 1192 -1
1701030806.255780 54 1
1701030806.255855 577 -1
1701030806.256194 1199 -1
1701030806.256194 562 -1
1701030806.256194 1295 -1
1701030806.256194 436 -1
1701030806.256194 7842 -1
1701030806.256249 54 1
1701030806.256880 1514 -1
1701030806.256900 54 1
1701030806.256987 4170 -1
1701030806.257018 54 1
1701030806.257388 2974 -1
1701030806.257416 54 1
1701030806.257543 7354 -1
1701030806.257581 54 1
1701030806.258257 6240 -1
1701030806.258290 54 1
1701030806.258679 4919 -1
1701030806.258710 54 1
1701030806.607265 54 1
1701030806.608886 78 -1
1701030806.608886 60 -1
1701030806.608942 54 1
