1701034807.684003 66 1
1701034807.690116 66 -1
1701034807.690447 54 1
1701034807.694858 631 1
1701034807.700045 60 -1
1701034807.709751 2974 -1
1701034807.709791 54 1
1701034807.709847 957 -1
1701034807.734186 134 1
1701034807.735134 60 -1
1701034807.735559 341 -1
1701034807.735559 341 -1
1701034807.735593 54 1
1701034807.801835 146 1
1701034807.803008 60 -1
1701034807.803999 115 -1
1701034807.803999 85 -1
1701034807.804070 54 1
1701034807.816380 582 1
1701034807.818251 60 -1
1701034807.828075 85 1
1701034807.828299 1209 -1
1701034807.828299 548 -1
1701034807.828348 54 1
1701034807.829005 7354 -1
1701034807.829050 54 1
1701034807.829399 3297 -1
1701034807.829439 54 1
1701034807.830258 225 1
1701034807.831224 60 -1
1701034807.834905 1105 -1
1701034807.834999 3826 -1
1701034807.835044 54 1
1701034807.852339 225 1
1701034807.870714 1072 -1
1701034807.870714 3109 -1
1701034807.871624 54 1
1701034807.881124 189 -1
1701034807.881315 66 1
1701034807.919219 228 1
1701034807.931129 1207 -1
1701034807.931129 554 -1
1701034807.931129 5134 -1
1701034807.931621 54 1
1701034808.004515 229 1
1701034808.004621 232 1
1701034808.004747 227 1
1701034808.005013 229 1
1701034808.005096 228 1
1701034808.005188 227 1
1701034808.005303 226 1
1701034808.005384 228 1
1701034808.005537 229 1
1701034808.006381 60 -1
1701034808.006381 60 -1
1701034808.015461 1112 -1
1701034808.015559 7354 -1
1701034808.015586 54 1
1701034808.016521 2843 -1
1701034808.016543 54 1
1701034808.017386 1059 -1
1701034808.017573 5957 -1
1701034808.017613 54 1
1701034808.020282 227 1
1701034808.020352 227 1
1701034808.020414 226 1
1701034808.021387 60 -1
1701034808.023720 1062 -1
1701034808.023720 4478 -1
1701034808.023769 54 1
1701034808.024463 1203 -1
1701034808.024483 54 1
1701034808.024546 1704 -1
1701034808.024565 54 1
1701034808.025348 5963 -1
1701034808.025375 54 1
1701034808.025961 557 -1
1701034808.026005 54 1
1701034808.026325 1715 -1
1701034808.026349 54 1
1701034808.026382 1586 -1
1701034808.026403 54 1
1701034808.026634 4434 -1
1701034808.026830 54 1
1701034808.027398 4981 -1
1701034808.027533 54 1
1701034808.034173 7354 -1
1701034808.034173 1714 -1
1701034808.034173 7354 -1
1701034808.034173 7856 -1
1701034808.034173 4434 -1
1701034808.034173 14654 -1
1701034808.034543 54 1
1701034808.036084 4434 -1
1701034808.036125 54 1
1701034808.037346 2131 -1
1701034808.037490 54 1
1701034808.037986 1099 -1
1701034808.037986 7354 -1
1701034808.038047 54 1
1701034808.039273 261 -1
1701034808.039273 1100 -1
1701034808.039311 54 1
1701034808.039479 7354 -1
1701034808.039510 54 1
1701034808.040681 2729 -1
1701034808.040704 54 1
1701034808.042291 1231 -1
1701034808.042291 505 -1
1701034808.042291 7354 -1
1701034808.042323 54 1
1701034808.043959 2953 -1
1701034808.043982 54 1
1701034808.595071 206 1
1701034808.602036 997 -1
1701034808.602036 8229 -1
1701034808.602170 54 1
1701034815.960924 54 1
1701034815.978005 78 -1
1701034815.978005 60 -1
1701034815.978098 54 1
1701034815.998092 60 -1
1701034817.944659 66 1
1701034817.945681 66 -1
1701034817.945789 54 1
1701034817.946941 902 1
1701034817.947888 60 -1
1701034817.948768 318 -1
1701034817.949583 134 1
1701034817.949940 146 1
1701034817.950570 60 -1
1701034817.950685 581 1
1701034817.950751 341 -1
1701034817.950847 228 1
1701034817.950873 60 -1
1701034817.950957 231 1
1701034817.951019 226 1
1701034817.951049 115 -1
1701034817.951256 85 1
1701034817.951292 85 -1
1701034817.952249 60 -1
1701034817.952249 60 -1
1701034817.952249 60 -1
1701034817.952249 60 -1
1701034817.952249 60 -1
1701034817.954210 1127 -1
1701034817.954210 9457 -1
1701034817.954300 54 1
1701034817.955081 1075 -1
1701034817.955081 2974 -1
1701034817.955132 54 1
1701034817.955389 2909 -1
1701034817.955423 54 1
1701034817.958633 1062 -1
1701034817.958633 2974 -1
1701034817.958710 54 1
1701034817.958761 6585 -1
1701034817.958813 54 1
1701034817.961661 1229 -1
1701034817.961661 521 -1
1701034817.961661 7354 -1
1701034817.962089 54 1
1701034817.962446 7895 -1
1701034817.962474 54 1
1701034821.744099 230 1
1701034821.745045 60 -1
1701034821.746244 227 1
1701034821.746379 226 1
1701034821.746623 1095 -1
1701034821.746623 2974 -1
1701034821.746707 54 1
1701034821.746975 4920 -1
1701034821.747011 54 1
1701034821.747302 60 -1
1701034821.748258 226 1
1701034821.752370 1043 -1
1701034821.752370 1514 -1
1701034821.752370 6566 -1
1701034821.752505 54 1
1701034821.753600 1202 -1
1701034821.753600 562 -1
1701034821.753652 54 1
1701034821.754291 226 1
1701034821.757109 7354 -1
1701034821.757109 2095 -1
1701034821.757208 54 1
1701034821.759204 1163 -1
1701034821.759204 615 -1
1701034821.759204 7354 -1
1701034821.759204 7354 -1
1701034821.759204 1860 -1
1701034821.759204 2282 -1
1701034821.759322 54 1
1701034821.764312 1145 -1
1701034821.764312 637 -1
1701034821.764312 9066 -1
1701034821.764453 54 1
1701034823.838699 231 1
1701034823.838980 225 1
1701034823.839259 227 1
1701034823.841058 60 -1
1701034823.841577 226 1
1701034823.841864 225 1
1701034823.843647 1085 -1
1701034823.843647 2974 -1
1701034823.843647 5522 -1
1701034823.843744 54 1
1701034823.844125 1093 -1
1701034823.844125 7354 -1
1701034823.844209 54 1
1701034823.844701 7354 -1
1701034823.844727 54 1
1701034823.845316 393 -1
1701034823.846569 89 1
1701034823.847725 1084 -1
1701034823.847870 4434 -1
1701034823.847901 54 1
1701034823.848369 4148 -1
1701034823.848394 54 1
1701034823.850192 1041 -1
1701034823.850192 4434 -1
1701034823.850231 54 1
1701034823.850557 4434 -1
1701034823.850588 54 1
1701034823.850800 4759 -1
1701034823.850843 54 1
1701034823.854487 1064 -1
1701034823.854487 10032 -1
1701034823.854618 54 1
1701034825.452819 227 1
1701034825.454225 226 1
1701034825.455201 226 1
1701034825.456498 230 1
1701034825.456697 227 1
1701034825.459572 60 -1
1701034825.464921 1227 -1
1701034825.464921 524 -1
1701034825.464921 1127 -1
1701034825.464921 11135 -1
1701034825.465091 54 1
1701034825.468876 7354 -1
1701034825.468876 7354 -1
1701034825.468997 54 1
1701034825.469061 1860 -1
1701034825.469085 54 1
1701034825.469147 828 -1
1701034825.469147 1195 -1
1701034825.469205 54 1
1701034825.471452 568 -1
1701034825.471510 54 1
1701034825.479171 4434 -1
1701034825.479171 7349 -1
1701034825.479171 1194 -1
1701034825.479171 573 -1
1701034825.479171 1188 -1
1701034825.479171 4434 -1
1701034825.479171 8699 -1
1701034825.479171 4434 -1
1701034825.479171 9220 -1
1701034825.479386 54 1
1701034825.980184 54 1
1701034825.983760 78 -1
1701034825.983760 60 -1
1701034825.983847 54 1
1701034827.050753 66 1
1701034827.051751 66 -1
1701034827.051851 54 1
1701034827.052502 934 1
1701034827.053430 60 -1
1701034827.054264 318 -1
1701034827.055041 134 1
1701034827.058345 146 1
1701034827.058753 581 1
1701034827.062822 228 1
1701034827.062978 227 1
1701034827.063069 228 1
1701034827.063152 229 1
1701034827.063426 60 -1
1701034827.063426 60 -1
1701034827.063426 60 -1
1701034827.063426 341 -1
1701034827.065679 60 -1
1701034827.065679 60 -1
1701034827.065679 60 -1
1701034827.065679 60 -1
1701034827.065679 115 -1
1701034827.065679 85 -1
1701034827.065777 54 1
1701034827.066619 85 1
1701034827.067557 60 -1
1701034827.071361 1070 -1
1701034827.071361 12770 -1
1701034827.071506 54 1
1701034827.074646 1042 -1
1701034827.074646 5394 -1
1701034827.074646 1098 -1
1701034827.074646 7354 -1
1701034827.074646 2621 -1
1701034827.074740 54 1
1701034827.081723 1218 -1
1701034827.081723 540 -1
1701034827.081820 54 1
1701034827.083858 1199 -1
1701034827.083858 564 -1
1701034827.083858 1514 -1
1701034827.083858 3103 -1
1701034827.083858 1514 -1
1701034827.083858 7354 -1
1701034827.084128 54 1
1701034827.087940 7700 -1
1701034827.087940 2192 -1
1701034827.088040 54 1
1701034829.198398 231 1
1701034829.198795 229 1
1701034829.198951 227 1
1701034829.199047 227 1
1701034829.199130 228 1
1701034829.200218 60 -1
1701034829.202819 1094 -1
1701034829.203038 7354 -1
1701034829.203097 54 1
1701034829.203542 7354 -1
1701034829.203593 54 1
1701034829.205810 1860 -1
1701034829.205810 2084 -1
1701034829.205810 1094 -1
1701034829.205810 7354 -1
1701034829.205810 1819 -1
1701034829.205916 54 1
1701034829.210721 1191 -1
1701034829.210807 54 1
1701034829.210883 578 -1
1701034829.210883 1221 -1
1701034829.210883 526 -1
1701034829.211099 54 1
1701034829.211596 7354 -1
1701034829.211625 54 1
1701034829.211748 1443 -1
1701034829.213129 7354 -1
1701034829.213170 54 1
1701034829.213640 1514 -1
1701034829.214129 2338 -1
1701034829.214129 1176 -1
1701034829.214159 54 1
1701034829.214265 597 -1
1701034829.214265 2974 -1
1701034829.214265 7354 -1
1701034829.214322 54 1
1701034829.215011 6240 -1
1701034829.215036 54 1
1701034829.226497 448 -1
1701034829.226497 448 -1
1701034829.226596 66 1
1701034830.802312 227 1
1701034830.803828 227 1
1701034830.803948 228 1
1701034830.804406 227 1
1701034830.804509 226 1
1701034830.804999 1099 -1
1701034830.804999 5894 -1
1701034830.805074 54 1
1701034830.806141 4608 -1
1701034830.806190 54 1
1701034830.807396 60 -1
1701034830.810600 1185 -1
1701034830.810600 585 -1
1701034830.810600 7354 -1
1701034830.810701 54 1
1701034830.811067 1699 -1
1701034830.811098 54 1
1701034830.815793 1198 -1
1701034830.815793 568 -1
1701034830.815793 1220 -1
1701034830.815793 7354 -1
1701034830.815883 54 1
1701034830.816484 4558 -1
1701034830.816515 54 1
1701034830.817369 530 -1
1701034830.817369 6953 -1
1701034830.817437 54 1
1701034830.822211 1197 -1
1701034830.822211 568 -1
1701034830.822293 54 1
1701034830.825465 6980 -1
1701034830.825522 54 1
1701034832.386693 229 1
1701034832.395711 228 1
1701034832.397770 227 1
1701034832.397854 226 1
1701034832.398044 60 -1
1701034832.399572 227 1
1701034832.399620 1171 -1
1701034832.399620 603 -1
1701034832.399685 54 1
1701034832.401313 89 1
1701034832.402281 8899 -1
1701034832.402372 54 1
1701034832.403121 1064 -1
1701034832.403121 2390 -1
1701034832.403163 54 1
1701034832.406357 1227 -1
1701034832.406357 527 -1
1701034832.406357 1260 -1
1701034832.406357 477 -1
1701034832.406357 1030 -1
1701034832.406357 5769 -1
1701034832.406444 54 1
1701034832.418093 1206 -1
1701034832.418180 54 1
1701034832.418251 556 -1
1701034832.420653 7354 -1
1701034832.420725 54 1
1701034832.422161 7354 -1
1701034832.422161 1860 -1
1701034832.422161 85 -1
1701034832.422161 7354 -1
1701034832.422275 54 1
1701034832.422338 7002 -1
1701034832.422388 54 1
1701034835.987962 54 1
1701034835.989966 66 1
1701034835.990697 78 -1
1701034835.990738 54 1
1701034835.990788 60 -1
1701034835.993327 66 -1
1701034835.993466 54 1
1701034835.997056 902 1
1701034835.998234 60 -1
1701034835.998882 318 -1
1701034835.999606 134 1
1701034836.000048 146 1
1701034836.000631 580 1
1701034836.000714 229 1
1701034836.000797 228 1
1701034836.000905 231 1
1701034836.001023 228 1
1701034836.004484 60 -1
1701034836.004484 60 -1
1701034836.004484 60 -1
1701034836.004484 60 -1
1701034836.004484 60 -1
1701034836.004484 60 -1
1701034836.004484 60 -1
1701034836.005560 341 -1
1701034836.011457 115 -1
1701034836.011457 85 -1
1701034836.011457 1096 -1
1701034836.011457 6727 -1
1701034836.011457 1054 -1
1701034836.011457 2974 -1
1701034836.011457 5425 -1
1701034836.011601 54 1
1701034836.012516 85 1
1701034836.017332 1190 -1
1701034836.017332 582 -1
1701034836.017332 1089 -1
1701034836.017332 2974 -1
1701034836.017332 8000 -1
1701034836.017332 7354 -1
1701034836.017332 4066 -1
1701034836.017506 54 1
1701034836.022417 1065 -1
1701034836.022417 5196 -1
1701034836.022530 54 1
1701034838.042464 228 1
1701034838.043405 60 -1
1701034838.046041 228 1
1701034838.046739 226 1
1701034838.047149 60 -1
1701034838.047534 226 1
1701034838.047745 227 1
1701034838.048070 60 -1
1701034838.048925 60 -1
1701034838.048925 60 -1
1701034838.050753 1087 -1
1701034838.050753 8728 -1
1701034838.051501 54 1
1701034838.057476 1071 -1
1701034838.057476 7354 -1
1701034838.057599 54 1
1701034838.058291 3596 -1
1701034838.058291 1128 -1
1701034838.058291 5427 -1
1701034838.058369 54 1
1701034838.058926 7354 -1
1701034838.059129 54 1
1701034838.059294 723 -1
1701034838.069468 1201 -1
1701034838.069468 563 -1
1701034838.069468 4434 -1
1701034838.069468 6319 -1
1701034838.069609 54 1
1701034839.642746 227 1
1701034839.642839 227 1
1701034839.642894 227 1
1701034839.643313 227 1
1701034839.643846 60 -1
1701034839.643846 60 -1
1701034839.643846 60 -1
1701034839.644278 60 -1
1701034839.645455 227 1
1701034839.646647 60 -1
1701034839.647211 1090 -1
1701034839.647211 4598 -1
1701034839.647449 54 1
1701034839.653552 1195 -1
1701034839.653552 570 -1
1701034839.653552 4182 -1
1701034839.653552 1100 -1
1701034839.653676 54 1
1701034839.654312 2974 -1
1701034839.654360 54 1
1701034839.654419 7354 -1
1701034839.654454 54 1
1701034839.670691 3636 -1
1701034839.670691 1064 -1
1701034839.670691 2838 -1
1701034839.670691 1195 -1
1701034839.670691 573 -1
1701034839.670691 6583 -1
1701034839.670860 54 1
1701034841.253645 226 1
1701034841.265513 1106 -1
1701034841.265513 7674 -1
1701034841.265620 54 1
1701034841.271395 89 1
1701034841.272045 227 1
1701034841.272165 229 1
1701034841.272259 228 1
1701034841.272370 226 1
1701034841.273803 60 -1
1701034841.278700 1207 -1
1701034841.278700 555 -1
1701034841.278700 7354 -1
1701034841.278820 54 1
1701034841.279676 3896 -1
1701034841.279702 54 1
1701034841.285272 1176 -1
1701034841.285272 602 -1
1701034841.285272 1201 -1
1701034841.285272 565 -1
1701034841.285272 7354 -1
1701034841.285387 54 1
1701034841.298563 614 -1
1701034841.298563 4687 -1
1701034841.298563 1172 -1
1701034841.298563 601 -1
1701034841.298563 6437 -1
1701034841.298716 54 1
1701034843.467674 228 1
1701034843.471688 231 1
1701034843.471786 228 1
1701034843.471868 229 1
1701034843.471947 227 1
1701034843.501373 60 -1
1701034843.501373 1187 -1
1701034843.501373 582 -1
1701034843.501373 4434 -1
1701034843.501373 5534 -1
1701034843.501373 1221 -1
1701034843.501373 532 -1
1701034843.501373 1514 -1
1701034843.501373 2974 -1
1701034843.501373 2974 -1
1701034843.501373 1700 -1
1701034843.501373 1223 -1
1701034843.501373 530 -1
1701034843.501373 1176 -1
1701034843.501373 7354 -1
1701034843.501373 2737 -1
1701034843.501373 7354 -1
1701034843.501373 7354 -1
1701034843.501373 1206 -1
1701034843.501373 1174 -1
1701034843.501373 607 -1
1701034843.501373 6366 -1
1701034843.501745 54 1
1701034845.114918 226 1
1701034845.115247 227 1
1701034845.115394 225 1
1701034845.115510 227 1
1701034845.115589 227 1
1701034845.116692 60 -1
1701034845.126425 1043 -1
1701034845.126425 6524 -1
1701034845.126541 54 1
1701034845.126601 1259 -1
1701034845.126601 1655 -1
1701034845.126634 54 1
1701034845.126745 528 -1
1701034845.126959 54 1
1701034845.127892 1012 -1
1701034845.128297 7354 -1
1701034845.128351 54 1
1701034845.128432 3521 -1
1701034845.128460 54 1
1701034845.128744 1514 -1
1701034845.128762 54 1
1701034845.128932 2974 -1
1701034845.128957 54 1
1701034845.129334 2927 -1
1701034845.129375 54 1
1701034845.129421 4434 -1
1701034845.129474 54 1
1701034845.129697 1514 -1
1701034845.129840 54 1
1701034845.130209 3789 -1
1701034845.130241 54 1
1701034845.130282 1250 -1
1701034845.130282 501 -1
1701034845.130282 4434 -1
1701034845.130406 54 1
1701034845.130643 7354 -1
1701034845.130678 54 1
1701034845.131246 2974 -1
1701034845.131272 54 1
1701034845.131482 1860 -1
1701034845.131501 54 1
1701034845.131644 1552 -1
1701034845.131661 54 1
1701034846.003623 54 1
1701034846.004780 78 -1
1701034846.004780 60 -1
1701034846.004878 54 1
1701034846.746558 66 1
1701034846.747693 66 -1
1701034846.747781 54 1
1701034846.748601 902 1
1701034846.749571 60 -1
1701034846.750193 318 -1
1701034846.750796 134 1
1701034846.751139 146 1
1701034846.751664 582 1
1701034846.751762 60 -1
1701034846.751787 227 1
1701034846.752238 226 1
1701034846.752273 60 -1
1701034846.752319 341 -1
1701034846.752321 226 1
1701034846.752417 229 1
1701034846.752502 115 -1
1701034846.752502 85 -1
1701034846.752537 54 1
1701034846.752672 60 -1
1701034846.752699 85 1
1701034846.752738 60 -1
1701034846.753431 60 -1
1701034846.753431 60 -1
1701034846.753431 60 -1
1701034846.753697 60 -1
1701034846.759572 1197 -1
1701034846.759572 569 -1
1701034846.759572 7354 -1
1701034846.759695 54 1
1701034846.759819 2403 -1
1701034846.759866 54 1
1701034846.759943 1068 -1
1701034846.759964 54 1
1701034846.760144 10274 -1
1701034846.760189 54 1
1701034846.760993 6240 -1
1701034846.761182 54 1
1701034846.764336 5331 -1
1701034846.764336 1076 -1
1701034846.764336 7354 -1
1701034846.764336 7354 -1
1701034846.764336 1860 -1
1701034846.764336 832 -1
1701034846.764336 1220 -1
1701034846.764336 533 -1
1701034846.764336 7354 -1
1701034846.764336 7354 -1
1701034846.764605 54 1
1701034846.765598 713 -1
1701034846.773962 1225 -1
1701034846.773962 527 -1
1701034846.773962 7260 -1
1701034846.774097 54 1
1701034851.616224 227 1
1701034851.616362 228 1
1701034851.616465 229 1
1701034851.616724 228 1
1701034851.626639 60 -1
1701034851.626639 60 -1
1701034851.626639 60 -1
1701034851.626639 60 -1
1701034851.626788 226 1
1701034851.627749 60 -1
1701034851.630402 1099 -1
1701034851.630402 1514 -1
1701034851.630402 4434 -1
1701034851.630490 54 1
1701034851.630677 7354 -1
1701034851.630738 54 1
1701034851.631312 3320 -1
1701034851.631342 54 1
1701034851.631541 331 -1
1701034851.631583 54 1
1701034851.631616 1093 -1
1701034851.631644 8006 -1
1701034851.631684 54 1
1701034851.632330 1224 -1
1701034851.632355 54 1
1701034851.632424 528 -1
1701034851.632459 7354 -1
1701034851.632496 54 1
1701034851.633302 268 -1
1701034851.634478 1194 -1
1701034851.634478 577 -1
1701034851.634524 54 1
1701034851.634563 7354 -1
1701034851.634605 54 1
1701034851.634913 155 -1
1701034851.636965 1195 -1
1701034851.636965 548 -1
1701034851.637000 54 1
1701034851.637081 7354 -1
1701034851.637114 54 1
1701034851.641929 929 -1
1701034851.696559 54 1
1701034853.230100 227 1
1701034853.230337 228 1
1701034853.230434 228 1
1701034853.234546 218 1
1701034853.234603 60 -1
1701034853.234804 218 1
1701034853.236835 60 -1
1701034853.239319 1129 -1
1701034853.239396 10619 -1
1701034853.239456 54 1
1701034853.241297 89 1
1701034853.242004 1067 -1
1701034853.242057 6254 -1
1701034853.242261 54 1
1701034853.242351 1168 -1
1701034853.242427 604 -1
1701034853.242443 54 1
1701034853.243209 7354 -1
1701034853.243255 54 1
1701034853.245354 1510 -1
1701034853.245354 1209 -1
1701034853.245354 492 -1
1701034853.245354 8229 -1
1701034853.245474 54 1
1701034853.269984 1170 -1
1701034853.269984 602 -1
1701034853.270107 54 1
1701034853.296405 2748 -1
1701034853.296405 1288 -1
1701034853.296525 66 1
1701034854.847274 227 1
1701034854.847387 228 1
1701034854.847559 226 1
1701034854.848355 60 -1
1701034854.848436 227 1
1701034854.849517 226 1
1701034854.851314 60 -1
1701034854.856872 1226 -1
1701034854.856872 529 -1
1701034854.856990 54 1
1701034854.857537 1206 -1
1701034854.857602 553 -1
1701034854.857628 54 1
1701034854.857676 7354 -1
1701034854.857736 54 1
1701034854.857994 7354 -1
1701034854.858057 54 1
1701034854.863038 1860 -1
1701034854.863038 85 -1
1701034854.863038 8308 -1
1701034854.863038 5423 -1
1701034854.863185 54 1
1701034854.864906 1163 -1
1701034854.864906 618 -1
1701034854.864963 54 1
1701034854.866303 7354 -1
1701034854.866366 54 1
1701034854.866692 2250 -1
1701034854.866721 54 1
1701034854.867297 1198 -1
1701034854.867297 560 -1
1701034854.867330 54 1
1701034854.869488 1199 -1
1701034854.869488 560 -1
1701034854.869488 5246 -1
1701034854.869576 54 1
1701034854.871262 7354 -1
1701034854.871334 54 1
1701034854.871730 3175 -1
1701034854.871784 54 1
1701034856.017990 54 1
1701034856.020404 78 -1
1701034856.020404 60 -1
1701034856.020456 54 1
1701034856.493602 66 1
1701034856.497905 66 -1
1701034856.498214 54 1
1701034856.499063 902 1
1701034856.500359 60 -1
1701034856.501133 318 -1
1701034856.501950 134 1
1701034856.502427 146 1
1701034856.503140 583 1
1701034856.503247 229 1
1701034856.503343 228 1
1701034856.503452 227 1
1701034856.503535 228 1
1701034856.505814 60 -1
1701034856.505814 60 -1
1701034856.505814 60 -1
1701034856.505814 60 -1
1701034856.505814 60 -1
1701034856.505814 60 -1
1701034856.505814 60 -1
1701034856.506768 341 -1
1701034856.510380 115 -1
1701034856.510380 85 -1
1701034856.510469 54 1
1701034856.510732 1095 -1
1701034856.510732 8726 -1
1701034856.510824 85 1
1701034856.514249 1252 -1
1701034856.514249 497 -1
1701034856.514249 1042 -1
1701034856.514249 6479 -1
1701034856.514397 54 1
1701034856.515079 7354 -1
1701034856.515275 54 1
1701034856.515745 7354 -1
1701034856.515796 54 1
1701034856.516351 1200 -1
1701034856.517553 1169 -1
1701034856.517553 448 -1
1701034856.517601 54 1
1701034856.518370 4434 -1
1701034856.518473 54 1
1701034856.518563 5873 -1
1701034856.518675 54 1
1701034856.529449 1197 -1
1701034856.529449 566 -1
1701034856.529449 6682 -1
1701034856.529549 54 1
1701034858.647999 227 1
1701034858.649569 227 1
1701034858.649705 60 -1
1701034858.650355 227 1
1701034858.650750 60 -1
1701034858.651237 227 1
1701034858.651326 225 1
1701034858.651482 60 -1
1701034858.652670 60 -1
1701034858.652713 60 -1
1701034858.656333 1084 -1
1701034858.656333 6993 -1
1701034858.656445 54 1
1701034858.665176 1232 -1
1701034858.665176 523 -1
1701034858.665176 1255 -1
1701034858.665176 348 -1
1701034858.665176 7354 -1
1701034858.665176 7354 -1
1701034858.665336 54 1
1701034858.665624 616 -1
1701034858.665624 8229 -1
1701034858.665654 54 1
1701034858.666578 1231 -1
1701034858.666578 505 -1
1701034858.666601 54 1
1701034858.666642 4434 -1
1701034858.666662 54 1
1701034858.667053 7354 -1
1701034858.667092 54 1
1701034858.667499 4780 -1
1701034858.667662 54 1
1701034858.667907 85 -1
1701034858.667907 2974 -1
1701034858.667943 54 1
1701034858.668408 3165 -1
1701034858.668440 54 1
1701034858.674773 1205 -1
1701034858.674773 555 -1
1701034858.674869 54 1
1701034858.675605 4434 -1
1701034858.675663 54 1
1701034858.675900 7354 -1
1701034858.675951 54 1
1701034858.676443 1669 -1
1701034858.676470 54 1
1701034862.929621 226 1
1701034862.930664 225 1
1701034862.932948 60 -1
1701034862.933756 226 1
1701034862.933856 227 1
1701034862.934770 226 1
1701034862.937524 60 -1
1701034862.944906 1218 -1
1701034862.944906 541 -1
1701034862.944906 1045 -1
1701034862.944906 2974 -1
1701034862.944906 7354 -1
1701034862.945348 54 1
1701034862.945456 3780 -1
1701034862.945527 54 1
1701034862.945596 1088 -1
1701034862.945596 3973 -1
1701034862.945621 54 1
1701034862.947575 10765 -1
1701034862.947638 54 1
1701034862.947649 89 1
1701034862.948456 1098 -1
1701034862.948456 2678 -1
1701034862.948488 54 1
1701034862.948869 1219 -1
1701034862.948869 542 -1
1701034862.948949 54 1
1701034862.950516 2974 -1
1701034862.950613 54 1
1701034862.950667 2349 -1
1701034862.950689 54 1
1701034864.542779 227 1
1701034864.544224 226 1
1701034864.544626 227 1
1701034864.546129 60 -1
1701034864.548076 1063 -1
1701034864.548076 4207 -1
1701034864.548159 54 1
1701034864.549896 1214 -1
1701034864.549896 545 -1
1701034864.549953 54 1
1701034864.550019 2994 -1
1701034864.550053 54 1
1701034864.550881 230 1
1701034864.551346 225 1
1701034864.552665 60 -1
1701034864.562342 1247 -1
1701034864.562342 504 -1
1701034864.562600 54 1
1701034864.562720 2974 -1
1701034864.562720 1580 -1
1701034864.562765 54 1
1701034864.566466 1222 -1
1701034864.566466 532 -1
1701034864.566561 54 1
1701034864.569816 1094 -1
1701034864.569816 6355 -1
1701034864.569934 54 1
1701034864.570069 1514 -1
1701034864.570344 4301 -1
1701034864.570382 54 1
1701034866.021229 54 1
1701034866.022430 78 -1
1701034866.022430 60 -1
1701034866.022454 54 1
1701034866.728139 66 1
1701034866.729126 66 -1
1701034866.729273 54 1
1701034866.729820 934 1
1701034866.730716 60 -1
1701034866.731719 318 -1
1701034866.732827 134 1
1701034866.733717 60 -1
1701034866.733990 146 1
1701034866.734037 341 -1
1701034866.734834 582 1
1701034866.734877 60 -1
1701034866.734982 228 1
1701034866.735087 226 1
1701034866.735181 226 1
1701034866.735238 231 1
1701034866.735865 60 -1
1701034866.735865 60 -1
1701034866.735945 60 -1
1701034866.736107 60 -1
1701034866.736107 60 -1
1701034866.740986 115 -1
1701034866.740986 85 -1
1701034866.741096 54 1
1701034866.741599 85 1
1701034866.742623 60 -1
1701034866.746120 1137 -1
1701034866.746120 649 -1
1701034866.746213 54 1
1701034866.746432 1202 -1
1701034866.746432 564 -1
1701034866.746432 1191 -1
1701034866.746432 7354 -1
1701034866.746510 54 1
1701034866.746721 3359 -1
1701034866.746747 54 1
1701034866.746988 574 -1
1701034866.747008 54 1
1701034866.751068 5094 -1
1701034866.751179 54 1
1701034866.751498 5262 -1
1701034866.751535 54 1
1701034866.755653 1206 -1
1701034866.755653 560 -1
1701034866.755759 54 1
1701034866.764006 4668 -1
1701034866.764129 54 1
1701034866.787332 1166 -1
1701034866.787332 616 -1
1701034866.787471 54 1
1701034866.791725 5617 -1
1701034866.791835 54 1
1701034868.338480 226 1
1701034868.340581 227 1
1701034868.340695 229 1
1701034868.340802 230 1
1701034868.340892 229 1
1701034868.343219 60 -1
1701034868.347404 1102 -1
1701034868.347404 6301 -1
1701034868.347474 54 1
1701034868.353620 1231 -1
1701034868.353620 520 -1
1701034868.353620 2974 -1
1701034868.353707 54 1
1701034868.353915 6870 -1
1701034868.353947 54 1
1701034868.356355 1193 -1
1701034868.356412 54 1
1701034868.356500 572 -1
1701034868.356500 1222 -1
1701034868.356500 531 -1
1701034868.356538 54 1
1701034868.356833 7354 -1
1701034868.356863 54 1
1701034868.357298 1514 -1
1701034868.357413 4502 -1
1701034868.357448 54 1
1701034868.357823 3063 -1
1701034868.357848 54 1
1701034868.358037 1228 -1
1701034868.358130 306 -1
1701034868.358149 54 1
1701034868.358195 6181 -1
1701034868.358222 54 1
1701034869.949442 225 1
1701034869.950401 227 1
1701034869.950508 227 1
1701034869.950947 229 1
1701034869.952505 226 1
1701034869.955227 60 -1
1701034869.958733 1058 -1
1701034869.958812 6011 -1
1701034869.958851 54 1
1701034869.961695 1106 -1
1701034869.961695 5894 -1
1701034869.961695 2974 -1
1701034869.961695 3263 -1
1701034869.961695 1120 -1
1701034869.961695 1514 -1
1701034869.961695 7354 -1
1701034869.961695 1995 -1
1701034869.961695 1038 -1
1701034869.961695 6001 -1
1701034869.961854 54 1
1701034869.962581 1255 -1
1701034869.962581 487 -1
1701034869.962611 54 1
1701034869.962883 2633 -1
1701034869.962908 54 1
1701034872.150164 227 1
1701034872.151331 226 1
1701034872.154428 60 -1
1701034872.155563 227 1
1701034872.155669 218 1
1701034872.155769 228 1
1701034872.160792 1204 -1
1701034872.160792 561 -1
1701034872.160910 54 1
1701034872.164616 5600 -1
1701034872.164726 54 1
1701034872.165398 1200 -1
1701034872.165398 561 -1
1701034872.165440 54 1
1701034872.168844 7354 -1
1701034872.168949 54 1
1701034872.169162 89 1
1701034872.169379 7354 -1
1701034872.169417 54 1
1701034872.169837 1860 -1
1701034872.169866 54 1
1701034872.170178 85 -1
1701034872.170178 266 -1
1701034872.170178 1258 -1
1701034872.170178 484 -1
1701034872.170178 1093 -1
1701034872.170248 54 1
1701034872.170312 5504 -1
1701034872.170359 54 1
1701034872.171940 4059 -1
1701034872.171979 54 1
1701034872.177123 1205 -1
1701034872.177123 559 -1
1701034872.177123 456 -1
1701034872.177274 54 1
1701034873.810569 230 1
1701034873.810820 219 1
1701034873.810885 226 1
1701034873.810952 227 1
1701034873.811043 226 1
1701034873.813093 60 -1
1701034873.819951 1166 -1
1701034873.819951 605 -1
1701034873.819951 7649 -1
1701034873.820103 54 1
1701034873.820443 1203 -1
1701034873.820516 563 -1
1701034873.820516 1225 -1
1701034873.820549 54 1
1701034873.820854 4213 -1
1701034873.820899 54 1
1701034873.820982 349 -1
1701034873.828340 1228 -1
1701034873.828340 525 -1
1701034873.828340 7354 -1
1701034873.828451 54 1
1701034873.828761 929 -1
1701034873.829265 6502 -1
1701034873.829304 54 1
1701034873.833952 1102 -1
1701034873.833952 2399 -1
1701034873.834030 54 1
1701034875.986769 227 1
1701034875.986888 225 1
1701034875.987953 60 -1
1701034875.988304 219 1
1701034875.988777 226 1
1701034875.990130 226 1
1701034875.990505 1188 -1
1701034875.990594 5747 -1
1701034875.990629 54 1
1701034875.995499 1192 -1
1701034875.995499 575 -1
1701034875.995595 54 1
1701034875.995654 5184 -1
1701034875.995687 54 1
1701034875.997543 1219 -1
1701034875.997543 537 -1
1701034875.997606 54 1
1701034875.998260 7354 -1
1701034875.998304 54 1
1701034875.998637 310 -1
1701034875.999431 1260 -1
1701034875.999431 485 -1
1701034875.999481 54 1
1701034875.999853 1514 -1
1701034875.999853 3977 -1
1701034875.999885 54 1
1701034876.003072 1287 -1
1701034876.003072 444 -1
1701034876.003143 54 1
1701034876.007643 4434 -1
1701034876.007703 54 1
1701034876.007817 5011 -1
1701034876.007837 54 1
1701034876.037833 54 1
1701034876.038955 78 -1
1701034876.038955 60 -1
1701034876.039047 54 1
1701034880.466876 66 1
1701034880.468133 66 -1
1701034880.468217 54 1
1701034880.469827 870 1
1701034880.471128 60 -1
1701034880.471742 318 -1
1701034880.472492 134 1
1701034880.472913 146 1
1701034880.473477 582 1
1701034880.473605 222 1
1701034880.473641 60 -1
1701034880.473769 222 1
1701034880.473875 220 1
1701034880.473954 218 1
1701034880.474022 60 -1
1701034880.479638 341 -1
1701034880.479638 60 -1
1701034880.479638 60 -1
1701034880.479638 60 -1
1701034880.479638 60 -1
1701034880.479638 60 -1
1701034880.479638 115 -1
1701034880.479638 85 -1
1701034880.479738 54 1
1701034880.480135 85 1
1701034880.481236 60 -1
1701034880.483967 1246 -1
1701034880.483967 418 -1
1701034880.484028 54 1
1701034880.484071 4434 -1
1701034880.484096 54 1
1701034880.484289 3849 -1
1701034880.484314 54 1
1701034880.491010 1230 -1
1701034880.491010 521 -1
1701034880.491100 54 1
1701034880.492413 7354 -1
1701034880.492465 54 1
1701034880.492706 1927 -1
1701034880.492742 54 1
1701034880.492850 1217 -1
1701034880.492873 54 1
1701034880.492941 544 -1
1701034880.492985 1208 -1
1701034880.493007 54 1
1701034880.493194 554 -1
1701034880.493194 5128 -1
1701034880.493249 54 1
1701034880.493737 7354 -1
1701034880.493767 54 1
1701034880.494176 6613 -1
1701034880.494207 54 1
1701034880.495580 1192 -1
1701034880.495580 537 -1
1701034880.495642 54 1
1701034880.503053 6181 -1
1701034880.503187 54 1
1701034882.677233 220 1
1701034882.677804 219 1
1701034882.680451 219 1
1701034882.680985 218 1
1701034882.681409 220 1
1701034882.681902 60 -1
1701034882.686307 60 -1
1701034882.698133 1039 -1
1701034882.698133 4239 -1
1701034882.698133 1195 -1
1701034882.698133 575 -1
1701034882.698133 1224 -1
1701034882.698133 529 -1
1701034882.698133 4434 -1
1701034882.698133 7354 -1
1701034882.698133 2208 -1
1701034882.698133 2843 -1
1701034882.698355 54 1
1701034882.698429 1228 -1
1701034882.698429 527 -1
1701034882.698460 54 1
1701034882.704717 7354 -1
1701034882.704717 1805 -1
1701034882.704820 54 1
1701034882.707730 1172 -1
1701034882.707730 453 -1
1701034882.707730 4157 -1
1701034882.707819 54 1
1701034884.304332 221 1
1701034884.308638 220 1
1701034884.308806 218 1
1701034884.308926 217 1
1701034884.309073 218 1
1701034884.310136 60 -1
1701034884.321674 1233 -1
1701034884.321674 521 -1
1701034884.321789 54 1
1701034884.321859 1216 -1
1701034884.321859 543 -1
1701034884.321859 1225 -1
1701034884.321916 54 1
1701034884.321967 4434 -1
1701034884.322000 54 1
1701034884.322664 3316 -1
1701034884.322712 54 1
1701034884.323582 526 -1
1701034884.323582 1175 -1
1701034884.323611 54 1
1701034884.323715 7570 -1
1701034884.323741 54 1
1701034884.325665 598 -1
1701034884.325707 54 1
1701034884.325742 9846 -1
1701034884.325808 54 1
1701034884.326287 12942 -1
1701034884.326347 54 1
1701034884.332122 1185 -1
1701034884.332122 591 -1
1701034884.332207 54 1
1701034884.333164 4434 -1
1701034884.333229 54 1
1701034884.333916 7354 -1
1701034884.333944 54 1
1701034884.334013 4780 -1
1701034884.334033 54 1
1701034884.334450 85 -1
1701034884.334450 13057 -1
1701034884.334499 54 1
1701034885.912460 221 1
1701034885.913675 218 1
1701034885.913773 218 1
1701034885.917524 218 1
1701034885.917637 218 1
1701034885.918825 60 -1
1701034885.923855 1036 -1
1701034885.923934 7354 -1
1701034885.923975 54 1
1701034885.924367 7354 -1
1701034885.924434 54 1
1701034885.924992 1860 -1
1701034885.925035 54 1
1701034885.925126 4090 -1
1701034885.925153 54 1
1701034885.926363 1194 -1
1701034885.926363 310 -1
1701034885.926363 2109 -1
1701034885.926363 1232 -1
1701034885.926363 522 -1
1701034885.926399 89 1
1701034885.926464 54 1
1701034885.927791 4434 -1
1701034885.927861 54 1
1701034885.927955 1952 -1
1701034885.927979 54 1
1701034885.928282 1220 -1
1701034885.928282 532 -1
1701034885.928342 54 1
1701034885.928541 3854 -1
1701034885.928573 54 1
1701034885.937751 1215 -1
1701034885.937751 545 -1
1701034885.937836 54 1
1701034885.937903 1514 -1
1701034885.938001 2974 -1
1701034885.938001 3288 -1
1701034885.938042 54 1
1701034886.052567 54 1
1701034886.054530 78 -1
1701034886.054530 60 -1
1701034886.054576 54 1
1701034888.112825 66 1
1701034888.114013 66 -1
1701034888.114112 54 1
1701034888.115060 902 1
1701034888.116942 60 -1
1701034888.116942 318 -1
1701034888.117569 134 1
1701034888.117937 146 1
1701034888.118538 574 1
1701034888.118633 212 1
1701034888.118713 217 1
1701034888.118836 211 1
1701034888.118955 219 1
1701034888.119193 60 -1
1701034888.119591 341 -1
1701034888.120016 60 -1
1701034888.120313 60 -1
1701034888.120313 60 -1
1701034888.120313 60 -1
1701034888.120313 60 -1
1701034888.120313 60 -1
1701034888.122070 115 -1
1701034888.122070 85 -1
1701034888.122108 54 1
1701034888.122581 1124 -1
1701034888.122608 54 1
1701034888.123101 85 1
1701034888.123205 4376 -1
1701034888.123250 54 1
1701034888.124633 60 -1
1701034888.125025 1131 -1
1701034888.125025 4434 -1
1701034888.125090 54 1
1701034888.125314 5771 -1
1701034888.125370 54 1
1701034888.130723 1226 -1
1701034888.130723 529 -1
1701034888.130809 54 1
1701034888.131559 3650 -1
1701034888.131599 54 1
1701034888.134197 1225 -1
1701034888.134197 532 -1
1701034888.134257 54 1
1701034888.134931 4174 -1
1701034888.134982 54 1
1701034888.149221 1162 -1
1701034888.149221 618 -1
1701034888.149419 54 1
1701034888.154126 3792 -1
1701034888.154226 54 1
1701034893.570588 211 1
1701034893.575296 219 1
1701034893.576235 218 1
1701034893.576314 219 1
1701034893.576836 211 1
1701034893.578534 60 -1
1701034893.598708 1217 -1
1701034893.598708 540 -1
1701034893.598708 10306 -1
1701034893.598708 1234 -1
1701034893.598708 519 -1
1701034893.598708 3856 -1
1701034893.598708 1225 -1
1701034893.598708 535 -1
1701034893.598708 5304 -1
1701034893.598708 1230 -1
1701034893.598708 526 -1
1701034893.598708 4434 -1
1701034893.598708 1459 -1
1701034893.598941 54 1
1701034893.599669 1246 -1
1701034893.599669 505 -1
1701034893.599669 4536 -1
1701034893.599733 54 1
1701034893.611645 89 1
1701034893.655220 60 -1
1701034895.208520 219 1
1701034895.209497 60 -1
1701034895.214308 220 1
1701034895.214448 211 1
1701034895.214541 212 1
1701034895.214618 218 1
1701034895.215770 60 -1
1701034895.215770 60 -1
1701034895.215770 60 -1
1701034895.215770 60 -1
1701034895.223904 1189 -1
1701034895.223904 577 -1
1701034895.224012 54 1
1701034895.224785 4875 -1
1701034895.224819 54 1
1701034895.225207 1192 -1
1701034895.225207 577 -1
1701034895.225207 1295 -1
1701034895.225248 54 1
1701034895.225281 436 -1
1701034895.225297 54 1
1701034895.225330 1190 -1
1701034895.225432 572 -1
1701034895.225447 54 1
1701034895.226122 5630 -1
1701034895.226161 54 1
1701034895.226512 1514 -1
1701034895.226512 7354 -1
1701034895.226542 54 1
1701034895.227114 2974 -1
1701034895.227135 54 1
1701034895.227362 4780 -1
1701034895.227503 54 1
1701034895.227819 1514 -1
1701034895.227976 5284 -1
1701034895.227998 54 1
1701034895.228299 7354 -1
1701034895.228333 54 1
1701034895.228927 7354 -1
1701034895.228963 54 1
1701034895.229645 1860 -1
1701034895.229667 54 1
1701034895.229707 1514 -1
1701034895.229725 54 1
1701034895.229799 3459 -1
1701034895.229822 54 1
1701034895.250306 1196 -1
1701034895.250306 568 -1
1701034895.250520 54 1
1701034895.252040 7354 -1
1701034895.252101 54 1
1701034895.253116 536 -1
1701034895.296711 54 1
1701034896.069760 54 1
1701034896.071083 78 -1
1701034896.071083 60 -1
1701034896.071132 54 1
