1701038051.519607 66 1
1701038051.520726 66 -1
1701038051.520800 54 1
1701038051.521850 663 1
1701038051.523032 60 -1
1701038051.534109 2974 -1
1701038051.534144 54 1
1701038051.534178 956 -1
1701038051.542922 134 1
1701038051.543856 146 1
1701038051.543970 60 -1
1701038051.544029 341 -1
1701038051.544136 341 -1
1701038051.544166 54 1
1701038051.545192 60 -1
1701038051.545192 115 -1
1701038051.545192 85 -1
1701038051.545230 54 1
1701038051.556537 85 1
1701038051.556780 580 1
1701038051.558463 60 -1
1701038051.558463 60 -1
1701038051.579082 1206 -1
1701038051.579082 556 -1
1701038051.579082 1514 -1
1701038051.579082 1514 -1
1701038051.579082 7354 -1
1701038051.579082 369 -1
1701038051.579214 54 1
1701038051.580744 369 -1
1701038051.580784 66 1
1701038051.683560 226 1
1701038051.706435 1236 -1
1701038051.706435 516 -1
1701038051.706435 3395 -1
1701038051.706997 54 1
1701038051.806899 227 1
1701038051.825879 1203 -1
1701038051.825879 559 -1
1701038051.825879 2635 -1
1701038051.826236 54 1
1701038052.016160 227 1
1701038052.019712 1077 -1
1701038052.019712 4434 -1
1701038052.019814 54 1
1701038052.019953 1223 -1
1701038052.078750 54 1
1701038052.146433 228 1
1701038052.146564 227 1
1701038052.146748 227 1
1701038052.146847 227 1
1701038052.146915 227 1
1701038052.146999 227 1
1701038052.147077 230 1
1701038052.147148 228 1
1701038052.147216 228 1
1701038052.147318 228 1
1701038052.147399 228 1
1701038052.147503 228 1
1701038052.147910 60 -1
1701038052.148114 60 -1
1701038052.148841 60 -1
1701038052.160991 1100 -1
1701038052.160991 1112 -1
1701038052.160991 7354 -1
1701038052.160991 2843 -1
1701038052.160991 8814 -1
1701038052.160991 1269 -1
1701038052.160991 1044 -1
1701038052.160991 7354 -1
1701038052.160991 4953 -1
1701038052.160991 1200 -1
1701038052.160991 559 -1
1701038052.160991 1196 -1
1701038052.160991 573 -1
1701038052.160991 4434 -1
1701038052.160991 4981 -1
1701038052.160991 1229 -1
1701038052.160991 519 -1
1701038052.160991 7127 -1
1701038052.160991 14654 -1
1701038052.160991 556 -1
1701038052.160991 1204 -1
1701038052.160991 559 -1
1701038052.161592 54 1
1701038052.164790 1514 -1
1701038052.164790 4018 -1
1701038052.164858 54 1
1701038052.165000 412 -1
1701038052.165000 1102 -1
1701038052.165036 54 1
1701038052.168402 7354 -1
1701038052.168436 54 1
1701038052.168467 54 1
1701038052.168817 7354 -1
1701038052.168854 54 1
1701038052.169058 54 1
1701038052.169429 1506 -1
1701038052.169460 54 1
1701038052.173889 12301 -1
1701038052.173978 54 1
1701038052.178680 1208 -1
1701038052.178680 557 -1
1701038052.178680 4434 -1
1701038052.178680 4634 -1
1701038052.178800 54 1
1701038052.189637 1191 -1
1701038052.189637 575 -1
1701038052.189637 5467 -1
1701038052.189726 54 1
1701038052.390617 205 1
1701038052.394141 997 -1
1701038052.394141 1514 -1
1701038052.394240 54 1
1701038052.394301 6769 -1
1701038052.394331 54 1
1701038059.789163 54 1
1701038059.790705 78 -1
1701038059.790705 60 -1
1701038059.790752 54 1
1701038061.659483 66 1
1701038061.663509 66 -1
1701038061.663756 54 1
1701038061.664405 966 1
1701038061.666238 60 -1
1701038061.667437 318 -1
1701038061.668065 134 1
1701038061.668453 146 1
1701038061.669020 582 1
1701038061.669141 227 1
1701038061.669188 60 -1
1701038061.669294 227 1
1701038061.669390 227 1
1701038061.670406 60 -1
1701038061.670406 341 -1
1701038061.670406 60 -1
1701038061.670406 60 -1
1701038061.678899 60 -1
1701038061.678899 60 -1
1701038061.678899 115 -1
1701038061.678899 85 -1
1701038061.678899 1226 -1
1701038061.678899 529 -1
1701038061.678899 7354 -1
1701038061.678899 7354 -1
1701038061.678899 587 -1
1701038061.678899 1205 -1
1701038061.678899 559 -1
1701038061.678899 1258 -1
1701038061.678899 484 -1
1701038061.678899 5355 -1
1701038061.679095 54 1
1701038061.680047 7354 -1
1701038061.680080 54 1
1701038061.680505 85 1
1701038061.680999 1758 -1
1701038061.680999 1192 -1
1701038061.680999 574 -1
1701038061.680999 9016 -1
1701038061.681086 54 1
1701038061.685852 60 -1
1701038065.136055 227 1
1701038065.137042 60 -1
1701038065.137510 228 1
1701038065.138032 231 1
1701038065.139159 60 -1
1701038065.139159 60 -1
1701038065.139822 232 1
1701038065.140914 60 -1
1701038065.141090 231 1
1701038065.142028 60 -1
1701038065.156053 1227 -1
1701038065.156053 529 -1
1701038065.156158 54 1
1701038065.156232 1202 -1
1701038065.156232 563 -1
1701038065.156264 54 1
1701038065.156315 1163 -1
1701038065.156315 614 -1
1701038065.156315 9394 -1
1701038065.156392 54 1
1701038065.157042 1145 -1
1701038065.157067 54 1
1701038065.160236 7354 -1
1701038065.160236 5894 -1
1701038065.160236 1514 -1
1701038065.160236 1860 -1
1701038065.160236 2866 -1
1701038065.160329 54 1
1701038065.163221 7354 -1
1701038065.163304 54 1
1701038065.163416 96 -1
1701038065.163416 9066 -1
1701038065.163479 54 1
1701038065.171397 1174 -1
1701038065.171397 604 -1
1701038065.171485 54 1
1701038065.174910 5894 -1
1701038065.174910 1667 -1
1701038065.175978 54 1
1701038067.272350 227 1
1701038067.273499 227 1
1701038067.273577 229 1
1701038067.274059 225 1
1701038067.274217 227 1
1701038067.279686 60 -1
1701038067.287906 1215 -1
1701038067.287906 298 -1
1701038067.287906 1214 -1
1701038067.287906 384 -1
1701038067.287906 1224 -1
1701038067.287906 531 -1
1701038067.288029 54 1
1701038067.291364 1514 -1
1701038067.291364 6769 -1
1701038067.291364 7354 -1
1701038067.291364 7247 -1
1701038067.291364 11042 -1
1701038067.291364 1716 -1
1701038067.291364 7354 -1
1701038067.291567 54 1
1701038067.291767 5705 -1
1701038067.291802 89 1
1701038067.292148 54 1
1701038067.298551 2974 -1
1701038067.298551 5309 -1
1701038067.298828 54 1
1701038068.869372 227 1
1701038068.869898 226 1
1701038068.871357 227 1
1701038068.871474 227 1
1701038068.871685 228 1
1701038068.878058 60 -1
1701038068.884028 1195 -1
1701038068.884028 568 -1
1701038068.884139 54 1
1701038068.886013 1228 -1
1701038068.886013 522 -1
1701038068.886080 54 1
1701038068.886138 4434 -1
1701038068.886172 54 1
1701038068.886304 7349 -1
1701038068.886360 54 1
1701038068.886981 1187 -1
1701038068.887097 1625 -1
1701038068.887120 54 1
1701038068.887161 7354 -1
1701038068.887194 54 1
1701038068.887794 6300 -1
1701038068.887836 54 1
1701038068.888283 13005 -1
1701038068.888342 54 1
1701038068.891123 7354 -1
1701038068.891182 54 1
1701038068.891424 7354 -1
1701038068.891475 54 1
1701038068.892025 1860 -1
1701038068.892057 54 1
1701038068.892197 830 -1
1701038068.892318 1258 -1
1701038068.892340 54 1
1701038068.892394 482 -1
1701038068.894512 7354 -1
1701038068.894566 54 1
1701038068.894940 1514 -1
1701038068.895017 1978 -1
1701038068.895043 54 1
1701038069.812946 54 1
1701038069.816965 78 -1
1701038069.816965 60 -1
1701038069.817008 54 1
1701038070.436698 66 1
1701038070.438188 66 -1
1701038070.438312 54 1
1701038070.439249 966 1
1701038070.441486 60 -1
1701038070.442400 318 -1
1701038070.443233 134 1
1701038070.443552 146 1
1701038070.444125 60 -1
1701038070.444234 579 1
1701038070.444348 225 1
1701038070.444434 226 1
1701038070.444476 60 -1
1701038070.444540 228 1
1701038070.444635 227 1
1701038070.444855 341 -1
1701038070.445218 115 -1
1701038070.445218 85 -1
1701038070.445218 60 -1
1701038070.445271 54 1
1701038070.445347 60 -1
1701038070.445347 60 -1
1701038070.445393 60 -1
1701038070.445497 60 -1
1701038070.445543 85 1
1701038070.446541 60 -1
1701038070.452611 1217 -1
1701038070.452728 540 -1
1701038070.452763 54 1
1701038070.453536 1172 -1
1701038070.453536 603 -1
1701038070.453536 1098 -1
1701038070.453536 5894 -1
1701038070.453606 54 1
1701038070.454172 4081 -1
1701038070.454218 54 1
1701038070.454347 1200 -1
1701038070.454443 5376 -1
1701038070.454471 54 1
1701038070.454898 2974 -1
1701038070.454929 54 1
1701038070.455114 7354 -1
1701038070.455141 54 1
1701038070.455834 2081 -1
1701038070.455871 54 1
1701038070.455915 4563 -1
1701038070.455960 54 1
1701038070.464598 1199 -1
1701038070.464598 564 -1
1701038070.464705 54 1
1701038070.467914 7354 -1
1701038070.468021 54 1
1701038070.468079 9160 -1
1701038070.468154 54 1
1701038070.472658 85 -1
1701038070.472658 2161 -1
1701038070.472744 54 1
1701038072.538484 228 1
1701038072.539404 60 -1
1701038072.543916 226 1
1701038072.544577 227 1
1701038072.544847 229 1
1701038072.544908 227 1
1701038072.544966 60 -1
1701038072.545999 60 -1
1701038072.545999 60 -1
1701038072.545999 60 -1
1701038072.555536 1225 -1
1701038072.555536 531 -1
1701038072.555536 1222 -1
1701038072.555536 526 -1
1701038072.555536 1176 -1
1701038072.555536 596 -1
1701038072.555536 8673 -1
1701038072.555536 7354 -1
1701038072.555718 54 1
1701038072.555826 3798 -1
1701038072.555861 54 1
1701038072.555953 2974 -1
1701038072.555980 54 1
1701038072.556272 7354 -1
1701038072.556385 54 1
1701038072.557043 7884 -1
1701038072.557087 54 1
1701038072.557839 85 -1
1701038072.557839 418 -1
1701038072.557839 16460 -1
1701038072.557912 54 1
1701038072.559896 1641 -1
1701038072.559896 1713 -1
1701038072.559896 8744 -1
1701038072.559974 54 1
1701038074.134977 225 1
1701038074.136740 229 1
1701038074.138587 228 1
1701038074.138701 228 1
1701038074.138831 229 1
1701038074.141051 60 -1
1701038074.145890 1067 -1
1701038074.146069 7354 -1
1701038074.146117 54 1
1701038074.146509 163 -1
1701038074.173342 1221 -1
1701038074.173342 531 -1
1701038074.173342 1201 -1
1701038074.173342 568 -1
1701038074.173342 6952 -1
1701038074.173342 7354 -1
1701038074.173342 4558 -1
1701038074.173342 1187 -1
1701038074.173342 584 -1
1701038074.173342 1231 -1
1701038074.173342 280 -1
1701038074.173342 7354 -1
1701038074.173342 1700 -1
1701038074.173342 7354 -1
1701038074.173342 2953 -1
1701038074.173342 1493 -1
1701038074.173686 66 1
1701038075.746741 225 1
1701038075.747104 226 1
1701038075.747872 227 1
1701038075.748011 228 1
1701038075.748207 225 1
1701038075.754184 60 -1
1701038075.759049 1042 -1
1701038075.759049 9417 -1
1701038075.759191 54 1
1701038075.762179 1077 -1
1701038075.762179 5894 -1
1701038075.762302 54 1
1701038075.762385 7354 -1
1701038075.762427 54 1
1701038075.762825 89 1
1701038075.763189 3320 -1
1701038075.763189 85 -1
1701038075.763189 14773 -1
1701038075.763271 54 1
1701038075.764431 1261 -1
1701038075.764431 476 -1
1701038075.764465 54 1
1701038075.770066 1195 -1
1701038075.770066 366 -1
1701038075.770066 1228 -1
1701038075.770066 528 -1
1701038075.770066 1031 -1
1701038075.770066 5768 -1
1701038075.770066 2109 -1
1701038075.770227 54 1
1701038079.556611 225 1
1701038079.557225 228 1
1701038079.557847 226 1
1701038079.558454 226 1
1701038079.559144 225 1
1701038079.562539 60 -1
1701038079.566886 1055 -1
1701038079.566886 8345 -1
1701038079.566886 1097 -1
1701038079.566886 6727 -1
1701038079.567042 54 1
1701038079.567107 1060 -1
1701038079.567107 4434 -1
1701038079.567146 54 1
1701038079.567208 7354 -1
1701038079.567265 54 1
1701038079.567982 183 -1
1701038079.575929 1220 -1
1701038079.575929 541 -1
1701038079.575929 7354 -1
1701038079.575929 3164 -1
1701038079.575929 1198 -1
1701038079.575929 569 -1
1701038079.575929 4712 -1
1701038079.576091 54 1
1701038079.830166 54 1
1701038079.838739 78 -1
1701038079.838739 60 -1
1701038079.838811 54 1
1701038081.714838 66 1
1701038081.718527 66 -1
1701038081.718675 54 1
1701038081.719514 902 1
1701038081.720490 60 -1
1701038081.721357 318 -1
1701038081.722078 134 1
1701038081.722521 146 1
1701038081.723038 60 -1
1701038081.723249 341 -1
1701038081.723883 60 -1
1701038081.723883 115 -1
1701038081.723883 85 -1
1701038081.723979 54 1
1701038081.724262 584 1
1701038081.724429 226 1
1701038081.724558 225 1
1701038081.724954 227 1
1701038081.725081 226 1
1701038081.725181 60 -1
1701038081.725287 60 -1
1701038081.725528 60 -1
1701038081.725952 60 -1
1701038081.726059 60 -1
1701038081.726241 85 1
1701038081.727133 60 -1
1701038081.730018 1087 -1
1701038081.730175 7354 -1
1701038081.730230 54 1
1701038081.730568 1428 -1
1701038081.730868 1070 -1
1701038081.730906 54 1
1701038081.731105 4434 -1
1701038081.731158 54 1
1701038081.731189 6797 -1
1701038081.731218 54 1
1701038081.732029 1198 -1
1701038081.732029 569 -1
1701038081.732070 54 1
1701038081.732159 6525 -1
1701038081.732217 54 1
1701038081.736195 1259 -1
1701038081.736195 486 -1
1701038081.736195 1201 -1
1701038081.736521 54 1
1701038081.736576 563 -1
1701038081.737567 1514 -1
1701038081.737596 54 1
1701038081.737875 7354 -1
1701038081.737933 54 1
1701038081.738141 1658 -1
1701038081.738169 54 1
1701038081.739469 5026 -1
1701038081.739687 54 1
1701038083.304421 229 1
1701038083.313016 60 -1
1701038083.314411 229 1
1701038083.314524 228 1
1701038083.314612 227 1
1701038083.314685 228 1
1701038083.315280 1196 -1
1701038083.315280 570 -1
1701038083.315342 54 1
1701038083.317129 60 -1
1701038083.322298 4182 -1
1701038083.322442 54 1
1701038083.322995 1195 -1
1701038083.323030 54 1
1701038083.323059 574 -1
1701038083.323089 2349 -1
1701038083.323111 54 1
1701038083.326454 1195 -1
1701038083.326454 574 -1
1701038083.326549 54 1
1701038083.326627 4434 -1
1701038083.326627 2202 -1
1701038083.326703 54 1
1701038083.334751 1232 -1
1701038083.334751 517 -1
1701038083.334887 54 1
1701038083.337195 1514 -1
1701038083.337195 2974 -1
1701038083.337264 54 1
1701038083.337380 7354 -1
1701038083.337437 54 1
1701038083.337973 1744 -1
1701038083.338004 54 1
1701038083.342109 1222 -1
1701038083.342109 526 -1
1701038083.342222 54 1
1701038083.342297 4157 -1
1701038083.342329 54 1
1701038084.902934 226 1
1701038084.903064 226 1
1701038084.903165 228 1
1701038084.903824 229 1
1701038084.903910 228 1
1701038084.904639 60 -1
1701038084.906398 1107 -1
1701038084.906398 1514 -1
1701038084.906490 54 1
1701038084.906639 6214 -1
1701038084.906702 54 1
1701038084.910211 1072 -1
1701038084.910211 1514 -1
1701038084.910211 6934 -1
1701038084.910340 54 1
1701038084.914196 1173 -1
1701038084.914196 599 -1
1701038084.914196 6439 -1
1701038084.914320 54 1
1701038084.915226 1177 -1
1701038084.915226 600 -1
1701038084.915226 4689 -1
1701038084.915269 54 1
1701038084.918049 1208 -1
1701038084.918049 555 -1
1701038084.918115 54 1
1701038084.918503 7354 -1
1701038084.918533 54 1
1701038084.918617 3896 -1
1701038084.918638 54 1
1701038087.059805 227 1
1701038087.060386 226 1
1701038087.060928 227 1
1701038087.070416 60 -1
1701038087.071447 1224 -1
1701038087.071447 530 -1
1701038087.071515 54 1
1701038087.071566 2974 -1
1701038087.071595 54 1
1701038087.072115 6575 -1
1701038087.072153 54 1
1701038087.072242 1044 -1
1701038087.072426 54 1
1701038087.082043 6888 -1
1701038087.082043 1222 -1
1701038087.082043 531 -1
1701038087.082043 4434 -1
1701038087.082043 4621 -1
1701038087.082043 241 -1
1701038087.082227 66 1
1701038087.085386 226 1
1701038087.086181 228 1
1701038087.087290 89 1
1701038087.088606 60 -1
1701038087.090663 1058 -1
1701038087.090663 5894 -1
1701038087.090777 54 1
1701038087.091089 4571 -1
1701038087.091133 54 1
1701038087.094295 1177 -1
1701038087.094295 596 -1
1701038087.094363 54 1
1701038087.096179 4434 -1
1701038087.096425 54 1
1701038087.097215 11426 -1
1701038087.097265 54 1
1701038088.692919 227 1
1701038088.699222 227 1
1701038088.699351 226 1
1701038088.699464 227 1
1701038088.699551 229 1
1701038088.701046 60 -1
1701038088.705975 1175 -1
1701038088.705975 428 -1
1701038088.706066 54 1
1701038088.706126 1129 -1
1701038088.706126 5894 -1
1701038088.706299 54 1
1701038088.706972 1867 -1
1701038088.707005 54 1
1701038088.707985 4434 -1
1701038088.708033 54 1
1701038088.708068 1801 -1
1701038088.708097 54 1
1701038088.709218 1013 -1
1701038088.709218 1514 -1
1701038088.709267 54 1
1701038088.709305 7354 -1
1701038088.709349 54 1
1701038088.710075 2061 -1
1701038088.710098 54 1
1701038088.712308 1226 -1
1701038088.712308 528 -1
1701038088.712308 1250 -1
1701038088.712308 500 -1
1701038088.712308 16114 -1
1701038088.712421 54 1
1701038088.713025 400 -1
1701038088.713025 1553 -1
1701038088.713076 54 1
1701038088.713114 1514 -1
1701038088.713155 54 1
1701038088.713203 7354 -1
1701038088.713245 54 1
1701038088.713987 869 -1
1701038088.714028 54 1
1701038089.847339 54 1
1701038089.848603 78 -1
1701038089.848603 60 -1
1701038089.848626 54 1
1701038090.283991 66 1
1701038090.286052 66 -1
1701038090.286166 54 1
1701038090.286795 902 1
1701038090.288022 60 -1
1701038090.291407 318 -1
1701038090.292245 134 1
1701038090.292603 146 1
1701038090.293223 582 1
1701038090.293294 226 1
1701038090.293388 231 1
1701038090.293509 230 1
1701038090.293569 226 1
1701038090.294469 60 -1
1701038090.294469 60 -1
1701038090.294469 60 -1
1701038090.294469 60 -1
1701038090.294709 60 -1
1701038090.294709 60 -1
1701038090.294709 60 -1
1701038090.295262 341 -1
1701038090.300195 115 -1
1701038090.300195 85 -1
1701038090.300195 1094 -1
1701038090.300195 5894 -1
1701038090.300296 54 1
1701038090.300419 1862 -1
1701038090.300445 54 1
1701038090.300733 1090 -1
1701038090.300733 4434 -1
1701038090.300808 54 1
1701038090.301027 7354 -1
1701038090.301057 54 1
1701038090.301176 85 1
1701038090.301729 4081 -1
1701038090.301900 54 1
1701038090.302109 568 -1
1701038090.302109 1198 -1
1701038090.302109 14654 -1
1701038090.302383 66 1
1701038090.302435 54 1
1701038090.302465 54 1
1701038090.303484 1860 -1
1701038090.303484 4848 -1
1701038090.303527 54 1
1701038090.304214 60 -1
1701038090.311355 1207 -1
1701038090.311355 557 -1
1701038090.311355 16460 -1
1701038090.311517 54 1
1701038090.312485 360 -1
1701038090.312513 54 1
1701038090.314301 1198 -1
1701038090.314301 569 -1
1701038090.314346 54 1
1701038090.317160 7354 -1
1701038090.317282 54 1
1701038090.317394 2403 -1
1701038090.317420 54 1
1701038095.073615 226 1
1701038095.073789 228 1
1701038095.073943 227 1
1701038095.074275 227 1
1701038095.074393 227 1
1701038095.074792 60 -1
1701038095.083188 60 -1
1701038095.083188 60 -1
1701038095.083188 60 -1
1701038095.083188 60 -1
1701038095.087488 1195 -1
1701038095.087488 576 -1
1701038095.087488 1235 -1
1701038095.087488 396 -1
1701038095.087488 1224 -1
1701038095.087488 532 -1
1701038095.087488 2974 -1
1701038095.087488 4536 -1
1701038095.087488 7354 -1
1701038095.087488 7354 -1
1701038095.087609 54 1
1701038095.088284 1773 -1
1701038095.088284 7354 -1
1701038095.088326 54 1
1701038095.088792 259 -1
1701038095.088968 54 1
1701038095.090508 1196 -1
1701038095.090508 548 -1
1701038095.090545 54 1
1701038095.092214 1226 -1
1701038095.092214 528 -1
1701038095.092214 8229 -1
1701038095.092366 54 1
1701038095.094686 7354 -1
1701038095.094725 54 1
1701038095.095182 268 -1
1701038095.095204 54 1
1701038096.719872 227 1
1701038096.720036 229 1
1701038096.720461 229 1
1701038096.721076 60 -1
1701038096.721076 60 -1
1701038096.721570 60 -1
1701038096.721760 219 1
1701038096.722585 218 1
1701038096.722770 60 -1
1701038096.724148 60 -1
1701038096.726888 1040 -1
1701038096.726888 3265 -1
1701038096.726976 54 1
1701038096.728577 89 1
1701038096.729615 1260 -1
1701038096.729615 451 -1
1701038096.729615 1199 -1
1701038096.729615 565 -1
1701038096.729700 54 1
1701038096.730296 10253 -1
1701038096.730349 54 1
1701038096.732010 5774 -1
1701038096.732010 10314 -1
1701038096.732091 54 1
1701038096.739473 1212 -1
1701038096.739473 492 -1
1701038096.739473 2974 -1
1701038096.739577 54 1
1701038096.739633 5309 -1
1701038096.739660 54 1
1701038098.351140 227 1
1701038098.352103 227 1
1701038098.352540 228 1
1701038098.354378 60 -1
1701038098.356386 228 1
1701038098.356541 229 1
1701038098.358392 1097 -1
1701038098.358392 5867 -1
1701038098.358392 1076 -1
1701038098.358392 10274 -1
1701038098.358392 6240 -1
1701038098.358579 54 1
1701038098.358698 7354 -1
1701038098.358735 54 1
1701038098.359308 1507 -1
1701038098.359336 54 1
1701038098.360624 60 -1
1701038098.363646 1163 -1
1701038098.363646 618 -1
1701038098.363646 4434 -1
1701038098.363646 5170 -1
1701038098.363763 54 1
1701038098.370464 1199 -1
1701038098.370464 562 -1
1701038098.370464 5244 -1
1701038098.370585 54 1
1701038098.392075 1199 -1
1701038098.392075 558 -1
1701038098.392229 54 1
1701038098.393732 4434 -1
1701038098.393796 54 1
1701038098.394478 6097 -1
1701038098.394533 54 1
1701038099.864487 54 1
1701038099.874429 78 -1
1701038099.874429 60 -1
1701038099.874539 54 1
1701038099.876036 60 -1
1701038099.991590 66 1
1701038099.992902 66 -1
1701038099.993025 54 1
1701038099.994189 934 1
1701038099.996198 60 -1
1701038099.996724 318 -1
1701038099.997657 134 1
1701038099.998215 146 1
1701038099.998825 582 1
1701038099.998923 229 1
1701038099.999028 227 1
1701038099.999135 229 1
1701038099.999247 228 1
1701038100.000162 60 -1
1701038100.001471 60 -1
1701038100.001471 60 -1
1701038100.001471 60 -1
1701038100.001471 60 -1
1701038100.001471 60 -1
1701038100.001471 60 -1
1701038100.009643 341 -1
1701038100.016179 115 -1
1701038100.016179 85 -1
1701038100.016179 1066 -1
1701038100.016179 7163 -1
1701038100.016287 54 1
1701038100.019027 85 1
1701038100.020007 1042 -1
1701038100.020007 6479 -1
1701038100.020107 54 1
1701038100.022563 60 -1
1701038100.037208 1123 -1
1701038100.037208 1514 -1
1701038100.037208 1514 -1
1701038100.037208 13292 -1
1701038100.037359 54 1
1701038100.066535 1169 -1
1701038100.066535 448 -1
1701038100.066535 7354 -1
1701038100.066535 2953 -1
1701038100.066670 54 1
1701038100.090154 1226 -1
1701038100.090154 525 -1
1701038100.090256 54 1
1701038100.108299 7354 -1
1701038100.108299 986 -1
1701038100.108411 54 1
1701038102.145953 226 1
1701038102.146252 228 1
1701038102.146983 60 -1
1701038102.147122 60 -1
1701038102.147830 226 1
1701038102.149072 60 -1
1701038102.150144 227 1
1701038102.150263 227 1
1701038102.151410 60 -1
1701038102.151410 60 -1
1701038102.155474 1101 -1
1701038102.155474 15654 -1
1701038102.155686 54 1
1701038102.158423 1231 -1
1701038102.158423 505 -1
1701038102.158423 1514 -1
1701038102.158423 1514 -1
1701038102.158423 7354 -1
1701038102.158423 1514 -1
1701038102.158423 4780 -1
1701038102.158589 54 1
1701038102.163317 1514 -1
1701038102.163317 1514 -1
1701038102.163317 3196 -1
1701038102.163317 1255 -1
1701038102.163317 348 -1
1701038102.163317 8229 -1
1701038102.163317 1204 -1
1701038102.163317 555 -1
1701038102.163317 7354 -1
1701038102.163317 6049 -1
1701038102.163497 54 1
1701038102.165341 1214 -1
1701038102.165341 545 -1
1701038102.165402 54 1
1701038102.173801 2974 -1
1701038102.173801 3613 -1
1701038102.173915 54 1
1701038106.481942 227 1
1701038106.482073 228 1
1701038106.482152 226 1
1701038106.482498 229 1
1701038106.482603 230 1
1701038106.486695 60 -1
1701038106.504245 1045 -1
1701038106.504245 5894 -1
1701038106.504245 8160 -1
1701038106.504245 1218 -1
1701038106.504245 539 -1
1701038106.504245 1099 -1
1701038106.504245 2678 -1
1701038106.504245 7354 -1
1701038106.504245 1514 -1
1701038106.504245 2007 -1
1701038106.504245 1219 -1
1701038106.504245 1707 -1
1701038106.504245 533 -1
1701038106.504245 3525 -1
1701038106.504245 1514 -1
1701038106.504245 3809 -1
1701038106.504550 54 1
1701038106.520120 89 1
1701038106.563204 60 -1
1701038108.227840 228 1
1701038108.227959 230 1
1701038108.228040 226 1
1701038108.228130 226 1
1701038108.228223 227 1
1701038108.228792 60 -1
1701038108.228941 60 -1
1701038108.228941 60 -1
1701038108.229175 60 -1
1701038108.229175 60 -1
1701038108.238429 1223 -1
1701038108.238429 259 -1
1701038108.238429 6181 -1
1701038108.238587 54 1
1701038108.241690 1193 -1
1701038108.241690 575 -1
1701038108.241690 1222 -1
1701038108.241779 54 1
1701038108.241848 532 -1
1701038108.241848 3717 -1
1701038108.242098 54 1
1701038108.242235 2974 -1
1701038108.242261 54 1
1701038108.242448 2841 -1
1701038108.242471 54 1
1701038108.243420 1216 -1
1701038108.243420 544 -1
1701038108.243420 2995 -1
1701038108.243466 54 1
1701038108.244462 1248 -1
1701038108.244462 503 -1
1701038108.244517 54 1
1701038108.244604 2974 -1
1701038108.244630 54 1
1701038108.244700 1581 -1
1701038108.244739 54 1
1701038109.874368 54 1
1701038109.880121 78 -1
1701038109.880121 60 -1
1701038109.880414 54 1
1701038110.441371 66 1
1701038110.442444 66 -1
1701038110.442610 54 1
1701038110.443434 902 1
1701038110.444432 60 -1
1701038110.445327 318 -1
1701038110.446028 134 1
1701038110.446394 146 1
1701038110.446837 582 1
1701038110.447026 230 1
1701038110.447162 227 1
1701038110.447227 228 1
1701038110.447314 227 1
1701038110.447970 60 -1
1701038110.448069 60 -1
1701038110.448110 60 -1
1701038110.448665 60 -1
1701038110.448665 60 -1
1701038110.448665 341 -1
1701038110.448665 60 -1
1701038110.448665 60 -1
1701038110.468028 115 -1
1701038110.468028 85 -1
1701038110.468028 1007 -1
1701038110.468028 1514 -1
1701038110.468028 1514 -1
1701038110.468028 2738 -1
1701038110.468028 1061 -1
1701038110.468028 5751 -1
1701038110.468028 1202 -1
1701038110.468028 563 -1
1701038110.468028 1207 -1
1701038110.468028 560 -1
1701038110.468028 4668 -1
1701038110.468028 7354 -1
1701038110.468028 3360 -1
1701038110.468340 54 1
1701038110.468475 1034 -1
1701038110.468475 6148 -1
1701038110.468475 308 -1
1701038110.468538 66 1
1701038110.479851 85 1
1701038110.484503 60 -1
1701038112.078819 226 1
1701038112.083165 60 -1
1701038112.084607 226 1
1701038112.085476 226 1
1701038112.085571 228 1
1701038112.085663 227 1
1701038112.085841 60 -1
1701038112.086707 60 -1
1701038112.086707 60 -1
1701038112.086707 60 -1
1701038112.091180 1230 -1
1701038112.091180 521 -1
1701038112.091264 54 1
1701038112.091465 4434 -1
1701038112.091465 2974 -1
1701038112.091532 54 1
1701038112.091950 2489 -1
1701038112.091997 54 1
1701038112.092569 1192 -1
1701038112.092569 570 -1
1701038112.092591 54 1
1701038112.092664 7354 -1
1701038112.092693 54 1
1701038112.093513 5964 -1
1701038112.093574 54 1
1701038112.095483 1231 -1
1701038112.095516 54 1
1701038112.095911 518 -1
1701038112.095911 1221 -1
1701038112.095911 530 -1
1701038112.095911 3064 -1
1701038112.095959 54 1
1701038112.100785 5868 -1
1701038112.100846 54 1
1701038112.101493 1228 -1
1701038112.101493 306 -1
1701038112.101524 54 1
1701038112.104333 6181 -1
1701038112.104428 54 1
1701038113.704408 230 1
1701038113.704502 225 1
1701038113.704706 227 1
1701038113.705581 60 -1
1701038113.705581 60 -1
1701038113.705791 60 -1
1701038113.710481 226 1
1701038113.711467 60 -1
1701038113.712275 227 1
1701038113.713273 60 -1
1701038113.716038 1236 -1
1701038113.716038 517 -1
1701038113.716115 54 1
1701038113.718504 1193 -1
1701038113.718504 575 -1
1701038113.718504 7354 -1
1701038113.718598 54 1
1701038113.718852 4291 -1
1701038113.718906 54 1
1701038113.719289 1250 -1
1701038113.719289 495 -1
1701038113.719318 54 1
1701038113.719358 5521 -1
1701038113.719391 54 1
1701038113.719822 10345 -1
1701038113.719874 54 1
1701038113.725289 1169 -1
1701038113.725363 608 -1
1701038113.725399 54 1
1701038113.725744 1256 -1
1701038113.725744 487 -1
1701038113.725744 5478 -1
1701038113.725787 54 1
1701038113.728487 2633 -1
1701038113.728540 54 1
1701038115.933647 226 1
1701038115.933786 227 1
1701038115.934138 225 1
1701038115.934229 217 1
1701038115.934309 228 1
1701038115.934688 60 -1
1701038115.940011 60 -1
1701038115.950988 1205 -1
1701038115.950988 559 -1
1701038115.950988 1202 -1
1701038115.950988 561 -1
1701038115.950988 1206 -1
1701038115.950988 558 -1
1701038115.951169 54 1
1701038115.952366 2974 -1
1701038115.952366 2682 -1
1701038115.952366 4434 -1
1701038115.952449 54 1
1701038115.956411 89 1
1701038115.959818 7354 -1
1701038115.959818 4780 -1
1701038115.959818 297 -1
1701038115.959818 1224 -1
1701038115.959818 531 -1
1701038115.959818 457 -1
1701038115.959818 1259 -1
1701038115.959818 483 -1
1701038115.959818 3613 -1
1701038115.959818 5505 -1
1701038115.960236 54 1
1701038116.000982 60 -1
1701038117.535360 229 1
1701038117.535559 219 1
1701038117.536211 227 1
1701038117.536289 230 1
1701038117.536388 229 1
1701038117.536528 60 -1
1701038117.536528 60 -1
1701038117.537192 60 -1
1701038117.537373 60 -1
1701038117.537373 60 -1
1701038117.541511 1098 -1
1701038117.541511 2974 -1
1701038117.541603 54 1
1701038117.541706 4022 -1
1701038117.541734 54 1
1701038117.541950 1036 -1
1701038117.542252 4434 -1
1701038117.542287 54 1
1701038117.542419 3789 -1
1701038117.542462 54 1
1701038117.545239 1231 -1
1701038117.545239 375 -1
1701038117.545239 2109 -1
1701038117.545293 54 1
1701038117.550874 1225 -1
1701038117.550874 349 -1
1701038117.550874 8229 -1
1701038117.551192 54 1
1701038117.560992 1205 -1
1701038117.560992 559 -1
1701038117.561088 54 1
1701038117.561639 4217 -1
1701038117.561685 54 1
1701038119.892413 54 1
1701038119.893657 78 -1
1701038119.893657 60 -1
1701038119.893733 54 1
1701038122.103937 66 1
1701038122.105149 66 -1
1701038122.105305 54 1
1701038122.106221 870 1
1701038122.107267 60 -1
1701038122.108177 318 -1
1701038122.109782 134 1
1701038122.110297 146 1
1701038122.110814 60 -1
1701038122.110927 341 -1
1701038122.111100 582 1
1701038122.111222 228 1
1701038122.111323 227 1
1701038122.111415 60 -1
1701038122.111415 115 -1
1701038122.111415 85 -1
1701038122.111454 54 1
1701038122.111579 219 1
1701038122.111692 225 1
1701038122.111984 85 1
1701038122.112058 60 -1
1701038122.112336 60 -1
1701038122.112336 60 -1
1701038122.112531 60 -1
1701038122.112615 60 -1
1701038122.112941 60 -1
1701038122.130889 1260 -1
1701038122.130889 484 -1
1701038122.130889 1192 -1
1701038122.130889 575 -1
1701038122.130889 1219 -1
1701038122.130889 5921 -1
1701038122.131104 54 1
1701038122.131200 5184 -1
1701038122.131238 54 1
1701038122.131476 7610 -1
1701038122.131520 54 1
1701038122.133449 1287 -1
1701038122.133449 444 -1
1701038122.133449 9391 -1
1701038122.133545 54 1
1701038122.155268 1319 -1
1701038122.155268 397 -1
1701038122.155268 5435 -1
1701038122.155408 54 1
1701038123.733027 228 1
1701038123.733760 218 1
1701038123.734293 60 -1
1701038123.734796 60 -1
1701038123.735273 217 1
1701038123.735363 220 1
1701038123.735516 220 1
1701038123.736321 60 -1
1701038123.736321 60 -1
1701038123.736532 60 -1
1701038123.745569 1246 -1
1701038123.745569 418 -1
1701038123.745652 54 1
1701038123.746091 1514 -1
1701038123.746147 6769 -1
1701038123.746183 54 1
1701038123.751561 1208 -1
1701038123.751561 554 -1
1701038123.751616 54 1
1701038123.751709 1216 -1
1701038123.751709 542 -1
1701038123.751709 11734 -1
1701038123.751780 54 1
1701038123.752593 2233 -1
1701038123.752622 54 1
1701038123.752758 5130 -1
1701038123.752795 54 1
1701038123.757651 1230 -1
1701038123.757651 520 -1
1701038123.757747 54 1
1701038123.773855 7354 -1
1701038123.773855 1928 -1
1701038123.773855 1192 -1
1701038123.773855 537 -1
1701038123.773855 6181 -1
1701038123.774031 54 1
1701038123.776433 341 -1
1701038123.776474 66 1
1701038125.922487 218 1
1701038125.922599 218 1
1701038125.922673 218 1
1701038125.922965 219 1
1701038125.923485 218 1
1701038125.924833 60 -1
1701038125.933726 1224 -1
1701038125.933726 530 -1
1701038125.933726 1228 -1
1701038125.933726 13887 -1
1701038125.933913 54 1
1701038125.934642 527 -1
1701038125.934663 54 1
1701038125.934710 1171 -1
1701038125.934769 453 -1
1701038125.934790 54 1
1701038125.934830 7354 -1
1701038125.934855 54 1
1701038125.935548 1805 -1
1701038125.935568 54 1
1701038125.935604 2974 -1
1701038125.935623 54 1
1701038125.935810 1237 -1
1701038125.935849 54 1
1701038125.936183 1193 -1
1701038125.936183 576 -1
1701038125.936205 54 1
1701038125.937932 2842 -1
1701038125.937966 54 1
1701038125.946342 1170 -1
1701038125.946342 644 -1
1701038125.946436 54 1
1701038125.946669 3680 -1
1701038125.946786 54 1
1701038127.526181 218 1
1701038127.526415 220 1
1701038127.527275 218 1
1701038127.528296 219 1
1701038127.528400 222 1
1701038127.529426 60 -1
1701038127.560380 1226 -1
1701038127.560380 526 -1
1701038127.560380 1176 -1
1701038127.560502 54 1
1701038127.560563 597 -1
1701038127.560563 1185 -1
1701038127.560563 589 -1
1701038127.560592 54 1
1701038127.564280 1233 -1
1701038127.564280 520 -1
1701038127.564280 7570 -1
1701038127.564393 54 1
1701038127.564549 89 1
1701038127.564889 7354 -1
1701038127.564947 54 1
1701038127.565373 4434 -1
1701038127.565433 54 1
1701038127.565663 1514 -1
1701038127.565663 3320 -1
1701038127.565697 54 1
1701038127.565930 2974 -1
1701038127.566124 54 1
1701038127.567415 1514 -1
1701038127.567415 7354 -1
1701038127.567415 1410 -1
1701038127.567475 54 1
1701038127.567731 1221 -1
1701038127.567731 533 -1
1701038127.567774 54 1
1701038127.571601 7354 -1
1701038127.571673 54 1
1701038127.572019 406 -1
1701038127.573336 7354 -1
1701038127.573395 54 1
1701038127.577612 5643 -1
1701038127.577612 4434 -1
1701038127.577612 4434 -1
1701038127.577612 1087 -1
1701038127.578437 54 1
1701038129.184815 218 1
1701038129.184948 219 1
1701038129.185071 218 1
1701038129.185593 219 1
1701038129.185808 218 1
1701038129.196435 60 -1
1701038129.196435 1228 -1
1701038129.196435 528 -1
1701038129.196435 1213 -1
1701038129.196435 545 -1
1701038129.196435 6326 -1
1701038129.196611 54 1
1701038129.197548 1166 -1
1701038129.197548 1753 -1
1701038129.197603 54 1
1701038129.197690 7924 -1
1701038129.197744 54 1
1701038129.198609 2109 -1
1701038129.198647 54 1
1701038129.199047 4434 -1
1701038129.199099 54 1
1701038129.199764 7354 -1
1701038129.199802 54 1
1701038129.199886 4780 -1
1701038129.199946 54 1
1701038129.200381 85 -1
1701038129.200381 3531 -1
1701038129.200428 54 1
1701038129.201628 1698 -1
1701038129.201661 54 1
1701038129.201942 3854 -1
1701038129.201980 54 1
1701038129.898566 54 1
1701038129.900338 78 -1
1701038129.900338 60 -1
1701038129.900390 54 1
1701038131.453364 66 1
1701038131.454781 66 -1
1701038131.454895 54 1
1701038131.455495 870 1
1701038131.459332 60 -1
1701038131.460398 318 -1
1701038131.461523 134 1
1701038131.461938 146 1
1701038131.462580 572 1
1701038131.462700 220 1
1701038131.463436 212 1
1701038131.463558 219 1
1701038131.464004 213 1
1701038131.468886 60 -1
1701038131.468886 60 -1
1701038131.468886 60 -1
1701038131.468886 60 -1
1701038131.468886 60 -1
1701038131.468886 60 -1
1701038131.468886 60 -1
1701038131.468886 341 -1
1701038131.471464 115 -1
1701038131.471464 85 -1
1701038131.471539 54 1
1701038131.472384 85 1
1701038131.477669 1262 -1
1701038131.477669 477 -1
1701038131.477669 1161 -1
1701038131.477669 618 -1
1701038131.477669 9759 -1
1701038131.477669 3792 -1
1701038131.477669 1224 -1
1701038131.477669 531 -1
1701038131.477669 4175 -1
1701038131.477669 1226 -1
1701038131.477669 528 -1
1701038131.477669 3651 -1
1701038131.477936 54 1
1701038131.478636 60 -1
1701038131.495171 1255 -1
1701038131.495171 304 -1
1701038131.495255 54 1
1701038131.505649 4157 -1
1701038131.505750 54 1
1701038137.554378 213 1
1701038137.556170 60 -1
1701038137.556438 220 1
1701038137.557489 60 -1
1701038137.559457 221 1
1701038137.560429 223 1
1701038137.561022 211 1
1701038137.570864 1218 -1
1701038137.570864 539 -1
1701038137.570864 7354 -1
1701038137.570864 3007 -1
1701038137.571023 54 1
1701038137.571146 60 -1
1701038137.576791 89 1
1701038137.580009 1229 -1
1701038137.580009 525 -1
1701038137.580095 54 1
1701038137.580394 5840 -1
1701038137.580394 1246 -1
1701038137.580394 503 -1
1701038137.580394 4538 -1
1701038137.580394 1225 -1
1701038137.580394 533 -1
1701038137.580394 1235 -1
1701038137.580394 520 -1
1701038137.580520 54 1
1701038137.580602 3855 -1
1701038137.580636 54 1
1701038137.581159 5306 -1
1701038137.581195 54 1
1701038137.622245 60 -1
1701038139.218565 219 1
1701038139.219691 60 -1
1701038139.223376 218 1
1701038139.223501 210 1
1701038139.225107 214 1
1701038139.225405 217 1
1701038139.229749 1190 -1
1701038139.229749 576 -1
1701038139.229749 4876 -1
1701038139.229905 54 1
1701038139.230613 60 -1
1701038139.230613 60 -1
1701038139.230613 60 -1
1701038139.230613 60 -1
1701038139.272265 1194 -1
1701038139.272265 576 -1
1701038139.272265 1197 -1
1701038139.272265 5631 -1
1701038139.272453 54 1
1701038139.272571 569 -1
1701038139.272571 1296 -1
1701038139.272571 435 -1
1701038139.272620 54 1
1701038139.284197 4434 -1
1701038139.284197 3455 -1
1701038139.284197 16460 -1
1701038139.284197 4920 -1
1701038139.284427 54 1
1701038139.288432 1192 -1
1701038139.288432 570 -1
1701038139.288534 54 1
1701038139.297716 7354 -1
1701038139.297716 7354 -1
1701038139.297716 1860 -1
1701038139.297716 6746 -1
1701038139.297871 54 1
1701038139.923327 54 1
1701038139.931421 78 -1
1701038139.931421 60 -1
1701038139.931512 54 1
