1700809900.473798 66 1
1700809900.483648 66 -1
1700809900.483926 54 1
1700809900.485189 637 1
1700809900.491816 60 -1
1700809900.521143 2974 -1
1700809900.521143 959 -1
1700809900.521412 54 1
1700809900.573258 134 1
1700809900.584246 60 -1
1700809900.584246 341 -1
1700809900.584246 341 -1
1700809900.584332 54 1
1700809900.628681 146 1
1700809900.631928 60 -1
1700809900.631928 115 -1
1700809900.631928 85 -1
1700809900.632011 54 1
1700809900.636580 594 1
1700809900.637620 60 -1
1700809900.642219 1245 -1
1700809900.642219 377 -1
1700809900.642219 3787 -1
1700809900.642265 54 1
1700809900.643571 85 1
1700809900.687266 60 -1
1700809900.715081 232 1
1700809900.726857 60 -1
1700809900.733290 1210 -1
1700809900.733290 424 -1
1700809900.733290 5101 -1
1700809900.733822 54 1
1700809900.846039 235 1
1700809900.848080 60 -1
1700809900.851471 1244 -1
1700809900.851551 376 -1
1700809900.851569 54 1
1700809900.852193 7354 -1
1700809900.852215 54 1
1700809900.854908 2151 -1
1700809900.855032 54 1
1700809901.053040 232 1
1700809901.054074 60 -1
1700809901.063976 1239 -1
1700809901.063976 377 -1
1700809901.063976 3851 -1
1700809901.064083 54 1
1700809901.076111 235 1
1700809901.076246 235 1
1700809901.076347 234 1
1700809901.076477 237 1
1700809901.076570 231 1
1700809901.076678 234 1
1700809901.076798 232 1
1700809901.076900 232 1
1700809901.077017 236 1
1700809901.078030 235 1
1700809901.078126 231 1
1700809901.078225 232 1
1700809901.089126 60 -1
1700809901.089126 60 -1
1700809901.089126 60 -1
1700809901.091459 1243 -1
1700809901.091459 375 -1
1700809901.091459 14654 -1
1700809901.091573 54 1
1700809901.092226 7354 -1
1700809901.092255 54 1
1700809901.092870 1124 -1
1700809901.092965 54 1
1700809901.093017 7354 -1
1700809901.093050 54 1
1700809901.093602 6461 -1
1700809901.093638 54 1
1700809901.094768 7354 -1
1700809901.094768 4690 -1
1700809901.094830 54 1
1700809901.095392 7354 -1
1700809901.095423 54 1
1700809901.102499 7354 -1
1700809901.102499 7354 -1
1700809901.102499 6139 -1
1700809901.102499 7354 -1
1700809901.102499 7354 -1
1700809901.102499 7354 -1
1700809901.102499 3042 -1
1700809901.102499 2974 -1
1700809901.102499 7354 -1
1700809901.102499 7354 -1
1700809901.102499 7354 -1
1700809901.102499 4434 -1
1700809901.102499 7354 -1
1700809901.102824 54 1
1700809901.103425 7300 -1
1700809901.103480 54 1
1700809901.109505 54 1
1700809901.574214 211 1
1700809901.585738 1286 -1
1700809901.585738 338 -1
1700809901.585738 2361 -1
1700809901.585832 54 1
1700809907.414428 235 1
1700809907.416568 234 1
1700809907.416684 235 1
1700809907.417681 231 1
1700809907.417763 235 1
1700809907.417820 236 1
1700809907.417872 235 1
1700809907.417924 234 1
1700809907.420969 60 -1
1700809907.420969 60 -1
1700809907.431966 1218 -1
1700809907.431966 419 -1
1700809907.431966 1244 -1
1700809907.431966 5377 -1
1700809907.431966 378 -1
1700809907.431966 7354 -1
1700809907.431966 391 -1
1700809907.431966 1215 -1
1700809907.431966 418 -1
1700809907.431966 1243 -1
1700809907.431966 5965 -1
1700809907.431966 374 -1
1700809907.431966 1242 -1
1700809907.431966 4434 -1
1700809907.431966 2437 -1
1700809907.431966 7354 -1
1700809907.431966 7354 -1
1700809907.431966 3123 -1
1700809907.431966 370 -1
1700809907.431966 1579 -1
1700809907.431966 4434 -1
1700809907.431966 7354 -1
1700809907.431966 9673 -1
1700809907.432393 54 1
1700809907.447977 89 1
1700809907.491147 60 -1
1700809907.520586 54 1
1700809907.532379 78 -1
1700809907.532577 54 1
1700809907.532644 60 -1
1700809911.868858 66 1
1700809911.878973 66 -1
1700809911.879116 54 1
1700809911.879829 972 1
1700809911.891462 60 -1
1700809911.891462 318 -1
1700809911.892210 134 1
1700809911.892759 146 1
1700809911.893513 594 1
1700809911.893581 235 1
1700809911.893641 236 1
1700809911.893698 232 1
1700809911.893776 234 1
1700809911.893865 234 1
1700809911.893958 232 1
1700809911.894017 234 1
1700809911.894103 60 -1
1700809911.894103 341 -1
1700809911.901691 60 -1
1700809911.901691 60 -1
1700809911.901691 60 -1
1700809911.901691 60 -1
1700809911.901691 60 -1
1700809911.901691 60 -1
1700809911.901691 115 -1
1700809911.901691 85 -1
1700809911.901691 1244 -1
1700809911.901691 373 -1
1700809911.901691 1245 -1
1700809911.901691 7354 -1
1700809911.901691 7354 -1
1700809911.901691 1508 -1
1700809911.901691 379 -1
1700809911.901691 1218 -1
1700809911.901691 2974 -1
1700809911.901691 3439 -1
1700809911.901691 7354 -1
1700809911.901691 7354 -1
1700809911.901994 54 1
1700809911.902111 1068 -1
1700809911.902111 5894 -1
1700809911.902163 54 1
1700809911.902371 60 -1
1700809911.902371 60 -1
1700809911.902411 54 1
1700809911.906316 1213 -1
1700809911.906316 420 -1
1700809911.906316 1245 -1
1700809911.906316 7556 -1
1700809911.906399 54 1
1700809911.907762 85 1
1700809911.913969 374 -1
1700809911.913969 10902 -1
1700809911.913969 1243 -1
1700809911.913969 7354 -1
1700809911.913969 4992 -1
1700809911.914104 54 1
1700809911.956464 60 -1
1700809916.161334 231 1
1700809916.161464 236 1
1700809916.161547 231 1
1700809916.161630 235 1
1700809916.161707 232 1
1700809916.163499 232 1
1700809916.163793 232 1
1700809916.163899 235 1
1700809916.171557 60 -1
1700809916.171557 60 -1
1700809916.171557 60 -1
1700809916.171557 60 -1
1700809916.171557 60 -1
1700809916.171557 60 -1
1700809916.171557 60 -1
1700809916.171557 60 -1
1700809916.174915 1247 -1
1700809916.174915 373 -1
1700809916.174915 1244 -1
1700809916.174915 380 -1
1700809916.174915 7354 -1
1700809916.175042 54 1
1700809916.175508 5714 -1
1700809916.175572 54 1
1700809916.175870 1239 -1
1700809916.175892 54 1
1700809916.176008 3593 -1
1700809916.176032 54 1
1700809916.176372 7354 -1
1700809916.176409 54 1
1700809916.188998 3047 -1
1700809916.188998 7354 -1
1700809916.188998 291 -1
1700809916.188998 7354 -1
1700809916.188998 7354 -1
1700809916.188998 3374 -1
1700809916.188998 6104 -1
1700809916.188998 1568 -1
1700809916.188998 1573 -1
1700809916.188998 4027 -1
1700809916.188998 7354 -1
1700809916.188998 7354 -1
1700809916.188998 1860 -1
1700809916.188998 7354 -1
1700809916.188998 3203 -1
1700809916.189302 54 1
1700809916.195765 283 -1
1700809916.195840 66 1
1700809917.537797 54 1
1700809917.542307 78 -1
1700809917.542307 60 -1
1700809917.542510 54 1
1700809918.177287 66 1
1700809918.198047 66 -1
1700809918.198171 54 1
1700809918.208145 908 1
1700809918.209269 60 -1
1700809918.209724 318 -1
1700809918.210565 134 1
1700809918.210949 146 1
1700809918.212166 591 1
1700809918.212253 235 1
1700809918.212333 234 1
1700809918.212414 236 1
1700809918.212527 238 1
1700809918.212629 234 1
1700809918.212751 234 1
1700809918.212874 232 1
1700809918.215235 60 -1
1700809918.215235 60 -1
1700809918.215235 60 -1
1700809918.215235 60 -1
1700809918.215235 60 -1
1700809918.215235 60 -1
1700809918.215235 341 -1
1700809918.219304 115 -1
1700809918.219304 85 -1
1700809918.219304 1245 -1
1700809918.219304 377 -1
1700809918.219304 1246 -1
1700809918.219304 380 -1
1700809918.219304 1244 -1
1700809918.219304 7354 -1
1700809918.219437 54 1
1700809918.221736 7354 -1
1700809918.221736 1514 -1
1700809918.221736 5894 -1
1700809918.221736 7354 -1
1700809918.221848 54 1
1700809918.223293 7354 -1
1700809918.223293 7354 -1
1700809918.223360 54 1
1700809918.224555 7354 -1
1700809918.224601 54 1
1700809918.225234 4434 -1
1700809918.225263 54 1
1700809918.225810 7354 -1
1700809918.225842 54 1
1700809918.226986 7354 -1
1700809918.227035 54 1
1700809918.227183 7354 -1
1700809918.227214 54 1
1700809918.228002 4434 -1
1700809918.228221 54 1
1700809918.231281 7354 -1
1700809918.231281 4434 -1
1700809918.231281 7354 -1
1700809918.231281 7354 -1
1700809918.231281 4689 -1
1700809918.231390 54 1
1700809918.231466 85 1
1700809918.231609 54 1
1700809918.232350 60 -1
1700809921.703347 232 1
1700809921.703459 231 1
1700809921.703536 235 1
1700809921.703594 235 1
1700809921.710624 234 1
1700809921.711104 234 1
1700809921.711497 235 1
1700809921.719603 60 -1
1700809921.719603 60 -1
1700809921.719603 60 -1
1700809921.719603 60 -1
1700809921.719603 1212 -1
1700809921.719603 418 -1
1700809921.719603 1240 -1
1700809921.719603 381 -1
1700809921.719603 7354 -1
1700809921.719603 3123 -1
1700809921.719603 4243 -1
1700809921.719603 1244 -1
1700809921.719603 377 -1
1700809921.719603 1243 -1
1700809921.719603 380 -1
1700809921.719603 7354 -1
1700809921.719603 7354 -1
1700809921.719603 1860 -1
1700809921.719603 7354 -1
1700809921.719603 1234 -1
1700809921.719603 60 -1
1700809921.720118 54 1
1700809921.720250 1243 -1
1700809921.720250 377 -1
1700809921.720250 1244 -1
1700809921.720250 2974 -1
1700809921.720250 6446 -1
1700809921.720250 377 -1
1700809921.720250 1247 -1
1700809921.720250 6839 -1
1700809921.720250 7354 -1
1700809921.720250 4608 -1
1700809921.720352 54 1
1700809921.724539 54 1
1700809921.726162 238 1
1700809921.738479 1240 -1
1700809921.738479 379 -1
1700809921.738479 4877 -1
1700809921.738975 54 1
1700809923.381262 231 1
1700809923.381403 235 1
1700809923.381467 234 1
1700809923.381527 235 1
1700809923.381585 235 1
1700809923.382995 232 1
1700809923.383468 232 1
1700809923.383893 238 1
1700809923.386573 60 -1
1700809923.386573 60 -1
1700809923.392041 1248 -1
1700809923.392041 374 -1
1700809923.392041 1243 -1
1700809923.392041 381 -1
1700809923.392041 7594 -1
1700809923.392041 1241 -1
1700809923.392041 7354 -1
1700809923.392368 54 1
1700809923.395641 1433 -1
1700809923.395641 7354 -1
1700809923.395641 7354 -1
1700809923.395641 7354 -1
1700809923.395641 5461 -1
1700809923.395641 7354 -1
1700809923.395641 7354 -1
1700809923.396100 54 1
1700809923.396187 7354 -1
1700809923.396220 54 1
1700809923.396752 5894 -1
1700809923.396752 7354 -1
1700809923.396890 54 1
1700809923.398313 89 1
1700809923.399638 7354 -1
1700809923.399638 4430 -1
1700809923.399717 54 1
1700809923.441592 60 -1
1700809924.995041 232 1
1700809925.000112 232 1
1700809925.000255 234 1
1700809925.000340 235 1
1700809925.000680 235 1
1700809925.000768 235 1
1700809925.001746 60 -1
1700809925.002389 60 -1
1700809925.002506 60 -1
1700809925.002506 60 -1
1700809925.002506 60 -1
1700809925.002506 60 -1
1700809925.002506 1244 -1
1700809925.002506 383 -1
1700809925.003439 232 1
1700809925.003496 237 1
1700809925.004413 2974 -1
1700809925.004413 6184 -1
1700809925.004499 54 1
1700809925.004564 60 -1
1700809925.004564 60 -1
1700809925.008428 1243 -1
1700809925.008428 377 -1
1700809925.008428 1246 -1
1700809925.008428 10177 -1
1700809925.008428 372 -1
1700809925.008428 1249 -1
1700809925.008428 5894 -1
1700809925.008428 7354 -1
1700809925.008428 3320 -1
1700809925.008649 54 1
1700809925.008711 7354 -1
1700809925.008744 54 1
1700809925.011946 564 -1
1700809925.011946 11262 -1
1700809925.011946 7354 -1
1700809925.011946 7354 -1
1700809925.011946 7058 -1
1700809925.012126 54 1
1700809925.012193 7354 -1
1700809925.012227 54 1
1700809925.013846 4022 -1
1700809925.013846 3685 -1
1700809925.013846 7224 -1
1700809925.013947 54 1
1700809927.056080 234 1
1700809927.057345 60 -1
1700809927.060967 235 1
1700809927.061082 235 1
1700809927.061144 232 1
1700809927.061545 235 1
1700809927.061632 237 1
1700809927.061682 236 1
1700809927.061748 234 1
1700809927.062769 1276 -1
1700809927.062769 335 -1
1700809927.062769 3406 -1
1700809927.062834 54 1
1700809927.063541 60 -1
1700809927.063541 60 -1
1700809927.063541 60 -1
1700809927.063541 60 -1
1700809927.063541 60 -1
1700809927.063769 60 -1
1700809927.063769 60 -1
1700809927.069005 1260 -1
1700809927.069005 390 -1
1700809927.069005 1242 -1
1700809927.069005 378 -1
1700809927.069005 1243 -1
1700809927.069005 15744 -1
1700809927.069165 54 1
1700809927.069343 383 -1
1700809927.069343 1277 -1
1700809927.069343 3190 -1
1700809927.069382 54 1
1700809927.070354 1514 -1
1700809927.070354 2974 -1
1700809927.070354 1514 -1
1700809927.070354 7354 -1
1700809927.070409 54 1
1700809927.070612 2356 -1
1700809927.070638 54 1
1700809927.070808 7354 -1
1700809927.070837 54 1
1700809927.073492 7354 -1
1700809927.073492 1100 -1
1700809927.073492 7354 -1
1700809927.073492 443 -1
1700809927.073492 1246 -1
1700809927.073492 5894 -1
1700809927.073492 7354 -1
1700809927.073633 54 1
1700809927.074924 3646 -1
1700809927.074924 4023 -1
1700809927.074970 54 1
1700809927.543630 54 1
1700809927.544866 78 -1
1700809927.544866 60 -1
1700809927.544917 54 1
1700809930.933104 66 1
1700809930.939752 66 -1
1700809930.939913 54 1
1700809930.953474 908 1
1700809930.968356 60 -1
1700809930.968445 318 -1
1700809930.974199 134 1
1700809930.974712 146 1
1700809930.975699 591 1
1700809930.975813 234 1
1700809930.975941 231 1
1700809930.976027 232 1
1700809930.976106 231 1
1700809930.976190 232 1
1700809930.976270 231 1
1700809930.976354 234 1
1700809930.982643 60 -1
1700809930.982643 60 -1
1700809930.982643 60 -1
1700809930.982643 60 -1
1700809930.982643 60 -1
1700809930.982643 341 -1
1700809930.984737 115 -1
1700809930.984737 85 -1
1700809930.984798 54 1
1700809930.985260 85 1
1700809930.986197 60 -1
1700809930.986523 1213 -1
1700809930.986725 421 -1
1700809930.986751 54 1
1700809930.987265 1248 -1
1700809930.987265 5894 -1
1700809930.987334 54 1
1700809930.987738 5894 -1
1700809930.987785 54 1
1700809930.989304 4434 -1
1700809930.989304 1514 -1
1700809930.989368 54 1
1700809930.991655 5894 -1
1700809930.991655 1514 -1
1700809930.991655 4434 -1
1700809930.991655 7354 -1
1700809930.991655 7354 -1
1700809930.991852 54 1
1700809930.991929 1514 -1
1700809930.991959 54 1
1700809930.992096 7354 -1
1700809930.992150 54 1
1700809931.002221 7354 -1
1700809931.002221 1514 -1
1700809931.002221 7354 -1
1700809931.002221 5311 -1
1700809931.002357 54 1
1700809932.558245 232 1
1700809932.559316 60 -1
1700809932.561601 235 1
1700809932.561754 236 1
1700809932.561846 232 1
1700809932.562520 234 1
1700809932.563030 231 1
1700809932.563550 231 1
1700809932.564037 230 1
1700809932.569326 60 -1
1700809932.569326 1176 -1
1700809932.569326 469 -1
1700809932.569326 7354 -1
1700809932.569326 6471 -1
1700809932.569326 1246 -1
1700809932.569326 376 -1
1700809932.569326 7354 -1
1700809932.569326 1998 -1
1700809932.569531 54 1
1700809932.570041 60 -1
1700809932.573940 1244 -1
1700809932.573940 1241 -1
1700809932.573940 378 -1
1700809932.573940 378 -1
1700809932.573940 1240 -1
1700809932.574051 54 1
1700809932.574126 12059 -1
1700809932.574195 54 1
1700809932.601842 1514 -1
1700809932.601842 7354 -1
1700809932.601842 1360 -1
1700809932.601842 7354 -1
1700809932.601842 6764 -1
1700809932.601842 4434 -1
1700809932.601842 7354 -1
1700809932.601842 7354 -1
1700809932.601842 7354 -1
1700809932.601842 1019 -1
1700809932.602111 54 1
1700809934.238729 232 1
1700809934.244176 1278 -1
1700809934.244176 340 -1
1700809934.244271 54 1
1700809934.244332 14938 -1
1700809934.244413 54 1
1700809934.247506 234 1
1700809934.248130 232 1
1700809934.250309 60 -1
1700809934.252984 1246 -1
1700809934.252984 378 -1
1700809934.252984 7354 -1
1700809934.253080 54 1
1700809934.253496 7354 -1
1700809934.253553 54 1
1700809934.254150 1710 -1
1700809934.254185 54 1
1700809934.254694 1179 -1
1700809934.254694 467 -1
1700809934.254694 7354 -1
1700809934.254759 54 1
1700809934.255181 4417 -1
1700809934.255221 54 1
1700809934.260237 234 1
1700809934.262749 237 1
1700809934.262863 234 1
1700809934.262964 232 1
1700809934.264531 234 1
1700809934.264819 60 -1
1700809934.277400 1215 -1
1700809934.277400 417 -1
1700809934.277400 1248 -1
1700809934.277400 370 -1
1700809934.277400 7354 -1
1700809934.277400 7354 -1
1700809934.277400 1860 -1
1700809934.277400 85 -1
1700809934.277400 2974 -1
1700809934.277400 2509 -1
1700809934.277400 7354 -1
1700809934.277400 3970 -1
1700809934.277400 1566 -1
1700809934.277400 1568 -1
1700809934.277400 5894 -1
1700809934.277400 6478 -1
1700809934.277740 54 1
1700809934.279715 7354 -1
1700809934.279715 630 -1
1700809934.279715 1241 -1
1700809934.279715 387 -1
1700809934.279715 7200 -1
1700809934.279839 54 1
1700809935.882754 236 1
1700809935.882861 230 1
1700809935.890360 60 -1
1700809935.894789 1246 -1
1700809935.894789 374 -1
1700809935.894789 7354 -1
1700809935.894789 3760 -1
1700809935.894789 1247 -1
1700809935.894789 373 -1
1700809935.894789 7354 -1
1700809935.894789 4986 -1
1700809935.895010 54 1
1700809935.923565 66 1
1700809935.924711 66 1
1700809935.925504 66 1
1700809935.930849 66 -1
1700809935.930980 54 1
1700809935.931109 66 -1
1700809935.931109 66 -1
1700809935.931212 54 1
1700809935.931269 54 1
1700809935.932245 66 1
1700809935.933173 66 1
1700809935.933942 66 1
1700809935.934135 66 -1
1700809935.934228 54 1
1700809935.934660 631 1
1700809935.935068 572 1
1700809935.935462 631 1
1700809935.935851 599 1
1700809935.936191 66 -1
1700809935.936302 54 1
1700809935.937064 60 -1
1700809935.937120 60 -1
1700809935.937308 572 1
1700809935.937420 60 -1
1700809935.937420 60 -1
1700809935.937420 66 -1
1700809935.937538 54 1
1700809935.938666 663 1
1700809935.938921 2974 -1
1700809935.938925 2974 -1
1700809935.938965 54 1
1700809935.938970 54 1
1700809935.939011 958 -1
1700809935.939376 2974 -1
1700809935.939378 2974 -1
1700809935.939423 54 1
1700809935.939431 54 1
1700809935.940423 956 -1
1700809935.942106 60 -1
1700809935.942106 2974 -1
1700809935.942106 958 -1
1700809935.942171 54 1
1700809935.943166 956 -1
1700809935.943166 957 -1
1700809935.943166 60 -1
1700809935.943166 2974 -1
1700809935.943166 958 -1
1700809935.943273 54 1
1700809935.946319 134 1
1700809935.946936 134 1
1700809935.947258 60 -1
1700809935.947502 341 -1
1700809935.947581 134 1
1700809935.947815 341 -1
1700809935.947843 54 1
1700809935.948175 134 1
1700809935.948236 60 -1
1700809935.948475 341 -1
1700809935.948475 341 -1
1700809935.948512 54 1
1700809935.949087 60 -1
1700809935.949121 134 1
1700809935.949195 60 -1
1700809935.949474 341 -1
1700809935.949488 341 -1
1700809935.949488 341 -1
1700809935.949506 341 -1
1700809935.949521 54 1
1700809935.949522 54 1
1700809935.950010 60 -1
1700809935.950143 134 1
1700809935.950604 54 1
1700809935.950934 54 1
1700809935.951261 341 -1
1700809935.951261 341 -1
1700809935.951291 54 1
1700809935.951348 54 1
1700809935.951563 54 1
1700809935.951647 54 1
1700809935.951679 93 -1
1700809935.951679 78 -1
1700809935.951679 60 -1
1700809935.951805 54 1
1700809935.952076 54 1
1700809935.952241 93 -1
1700809935.952241 78 -1
1700809935.952241 60 -1
1700809935.952265 146 1
1700809935.952278 54 1
1700809935.953040 583 1
1700809935.953127 230 1
1700809935.953202 228 1
1700809935.953281 228 1
1700809935.953353 229 1
1700809935.953418 226 1
1700809935.953651 60 -1
1700809935.953651 341 -1
1700809935.953651 341 -1
1700809935.953651 93 -1
1700809935.953651 78 -1
1700809935.953651 60 -1
1700809935.953706 54 1
1700809935.953821 54 1
1700809935.954565 93 -1
1700809935.954565 78 -1
1700809935.954565 60 -1
1700809935.955639 60 -1
1700809935.955639 60 -1
1700809935.955639 60 -1
1700809935.955639 60 -1
1700809935.955639 60 -1
1700809935.955639 60 -1
1700809935.957785 115 -1
1700809935.957785 85 -1
1700809935.957785 1069 -1
1700809935.957859 54 1
1700809935.958095 7354 -1
1700809935.958328 54 1
1700809935.958375 4059 -1
1700809935.958412 54 1
1700809935.958672 85 1
1700809935.959170 1049 -1
1700809935.959170 5894 -1
1700809935.959219 54 1
1700809935.959292 3507 -1
1700809935.959470 54 1
1700809935.959509 7354 -1
1700809935.959552 54 1
1700809935.960620 7354 -1
1700809935.960672 54 1
1700809935.979853 2875 -1
1700809935.979853 7354 -1
1700809935.979853 7354 -1
1700809935.979853 7354 -1
1700809935.979853 7354 -1
1700809935.979853 1514 -1
1700809935.979853 60 -1
1700809935.979853 7676 -1
1700809935.979853 376 -1
1700809935.980105 66 1
1700809937.552193 54 1
1700809937.552383 54 1
1700809937.553246 78 -1
1700809937.553246 60 -1
1700809937.553281 54 1
1700809937.553689 78 -1
1700809937.553724 54 1
1700809937.553791 60 -1
1700809938.180467 66 1
1700809938.182993 66 -1
1700809938.183113 54 1
1700809938.183816 902 1
1700809938.196116 60 -1
1700809938.196116 318 -1
1700809938.196819 134 1
1700809938.197155 146 1
1700809938.197397 583 1
1700809938.201091 229 1
1700809938.201168 228 1
1700809938.201230 226 1
1700809938.201291 230 1
1700809938.202824 229 1
1700809938.203392 227 1
1700809938.203493 231 1
1700809938.210271 60 -1
1700809938.210271 341 -1
1700809938.210271 60 -1
1700809938.210271 60 -1
1700809938.210271 60 -1
1700809938.210271 60 -1
1700809938.210271 60 -1
1700809938.210271 60 -1
1700809938.210271 60 -1
1700809938.210271 60 -1
1700809938.210271 60 -1
1700809938.211124 115 -1
1700809938.211124 85 -1
1700809938.211124 1072 -1
1700809938.211175 54 1
1700809938.211235 10274 -1
1700809938.211295 54 1
1700809938.211621 4434 -1
1700809938.211655 54 1
1700809938.212019 85 1
1700809938.212750 1860 -1
1700809938.212750 1511 -1
1700809938.212750 7354 -1
1700809938.212824 54 1
1700809938.212874 1097 -1
1700809938.213308 7354 -1
1700809938.213348 54 1
1700809938.216432 7354 -1
1700809938.216432 14654 -1
1700809938.216432 7354 -1
1700809938.216583 54 1
1700809938.216660 7354 -1
1700809938.216660 2902 -1
1700809938.216748 54 1
1700809938.216868 60 -1
1700809942.581031 227 1
1700809942.581551 226 1
1700809942.591385 60 -1
1700809942.591385 60 -1
1700809942.591385 1071 -1
1700809942.591385 2974 -1
1700809942.591385 7354 -1
1700809942.591385 2245 -1
1700809942.591385 1047 -1
1700809942.591385 2974 -1
1700809942.591385 7354 -1
1700809942.591385 2760 -1
1700809942.591579 54 1
1700809942.594417 227 1
1700809942.594522 230 1
1700809942.594603 230 1
1700809942.594685 231 1
1700809942.595836 229 1
1700809942.595979 229 1
1700809942.603290 60 -1
1700809942.603290 1016 -1
1700809942.603290 1514 -1
1700809942.603290 7354 -1
1700809942.603290 7700 -1
1700809942.603290 5213 -1
1700809942.603290 7354 -1
1700809942.603521 54 1
1700809942.603810 337 -1
1700809942.603810 7354 -1
1700809942.603871 54 1
1700809942.604705 7354 -1
1700809942.604752 54 1
1700809942.605399 5597 -1
1700809942.605436 54 1
1700809942.605636 7354 -1
1700809942.605671 54 1
1700809942.609294 4748 -1
1700809942.609369 54 1
1700809944.287237 227 1
1700809944.287777 231 1
1700809944.288264 230 1
1700809944.289112 229 1
1700809944.289634 228 1
1700809944.290136 227 1
1700809944.290578 228 1
1700809944.291151 227 1
1700809944.292512 60 -1
1700809944.292512 60 -1
1700809944.293740 1045 -1
1700809944.293740 5894 -1
1700809944.293828 54 1
1700809944.295880 2636 -1
1700809944.295880 1071 -1
1700809944.295880 5856 -1
1700809944.295880 7354 -1
1700809944.295987 54 1
1700809944.296185 951 -1
1700809944.296210 54 1
1700809944.296354 7354 -1
1700809944.296388 54 1
1700809944.296648 7354 -1
1700809944.296677 54 1
1700809944.297364 89 1
1700809944.301116 7354 -1
1700809944.301116 4650 -1
1700809944.301116 7354 -1
1700809944.301116 4539 -1
1700809944.301116 1046 -1
1700809944.301116 5894 -1
1700809944.301116 8231 -1
1700809944.301331 54 1
1700809944.343779 60 -1
1700809945.956809 228 1
1700809945.956927 226 1
1700809945.957699 229 1
1700809945.957871 60 -1
1700809945.957871 60 -1
1700809945.958683 60 -1
1700809945.959255 1066 -1
1700809945.959435 7354 -1
1700809945.959468 54 1
1700809945.960790 895 -1
1700809945.962220 1017 -1
1700809945.962220 8408 -1
1700809945.962220 1036 -1
1700809945.962220 4505 -1
1700809945.962314 54 1
1700809945.967899 228 1
1700809945.968052 228 1
1700809945.968143 229 1
1700809945.969303 229 1
1700809945.969417 228 1
1700809945.973323 60 -1
1700809945.973323 60 -1
1700809945.974672 1045 -1
1700809945.974672 4269 -1
1700809945.974764 54 1
1700809945.975531 1076 -1
1700809945.975531 7354 -1
1700809945.975592 54 1
1700809945.978869 4561 -1
1700809945.978869 7354 -1
1700809945.978869 1176 -1
1700809945.978869 1046 -1
1700809945.978869 7354 -1
1700809945.978869 7354 -1
1700809945.978869 1860 -1
1700809945.978869 7354 -1
1700809945.979182 54 1
1700809945.979375 6643 -1
1700809945.979420 54 1
1700809947.581415 54 1
1700809947.597931 78 -1
1700809947.597931 60 -1
1700809947.598039 54 1
1700809951.891891 66 1
1700809951.898222 66 -1
1700809951.898353 54 1
1700809951.903841 934 1
1700809951.905604 60 -1
1700809951.905860 318 -1
1700809951.906925 134 1
1700809951.907328 146 1
1700809951.908176 583 1
1700809951.908293 229 1
1700809951.908370 228 1
1700809951.908470 227 1
1700809951.908565 227 1
1700809951.908646 228 1
1700809951.908728 228 1
1700809951.908814 228 1
1700809951.909128 60 -1
1700809951.909128 341 -1
1700809951.909507 60 -1
1700809951.909507 115 -1
1700809951.909507 85 -1
1700809951.909565 54 1
1700809951.909790 85 1
1700809951.910583 60 -1
1700809951.910583 60 -1
1700809951.910583 60 -1
1700809951.910583 60 -1
1700809951.910583 60 -1
1700809951.910583 60 -1
1700809951.910583 60 -1
1700809951.910583 60 -1
1700809951.910749 60 -1
1700809951.913741 1045 -1
1700809951.913741 6530 -1
1700809951.913870 54 1
1700809951.914546 1070 -1
1700809951.914546 4604 -1
1700809951.914602 54 1
1700809951.914642 7102 -1
1700809951.914689 54 1
1700809951.915925 7354 -1
1700809951.915925 7354 -1
1700809951.916007 54 1
1700809951.916364 1167 -1
1700809951.916501 7354 -1
1700809951.919069 54 1
1700809951.919149 9579 -1
1700809951.919149 1178 -1
1700809951.919149 468 -1
1700809951.919149 5035 -1
1700809951.919248 54 1
1700809953.555303 229 1
1700809953.555401 227 1
1700809953.555946 229 1
1700809953.556448 228 1
1700809953.556594 60 -1
1700809953.557004 227 1
1700809953.558345 226 1
1700809953.558836 1077 -1
1700809953.558836 8706 -1
1700809953.558929 54 1
1700809953.559481 226 1
1700809953.564082 1066 -1
1700809953.564082 7684 -1
1700809953.564082 1067 -1
1700809953.564082 4874 -1
1700809953.564082 6904 -1
1700809953.564082 1174 -1
1700809953.564227 54 1
1700809953.565269 469 -1
1700809953.565269 1039 -1
1700809953.565269 7238 -1
1700809953.565319 54 1
1700809953.590130 3891 -1
1700809953.590130 6644 -1
1700809953.590130 804 -1
1700809953.590253 66 1
1700809953.592368 66 1
1700809953.596884 66 -1
1700809953.596993 54 1
1700809953.597966 631 1
1700809953.599437 60 -1
1700809953.606090 2974 -1
1700809953.606090 958 -1
1700809953.606155 54 1
1700809953.615098 134 1
1700809953.615538 146 1
1700809953.617747 584 1
1700809953.625509 60 -1
1700809953.625509 60 -1
1700809953.625596 60 -1
1700809953.625859 341 -1
1700809953.625859 341 -1
1700809953.625913 54 1
1700809953.632327 115 -1
1700809953.632327 85 -1
1700809953.632327 1195 -1
1700809953.632327 568 -1
1700809953.632327 12571 -1
1700809953.632444 54 1
1700809953.638119 85 1
1700809953.639069 60 -1
1700809955.223700 229 1
1700809955.226845 1012 -1
1700809955.226955 8881 -1
1700809955.226999 54 1
1700809955.231141 227 1
1700809955.231327 228 1
1700809955.232227 235 1
1700809955.232322 228 1
1700809955.233497 228 1
1700809955.233592 227 1
1700809955.233949 1069 -1
1700809955.234037 7914 -1
1700809955.234212 54 1
1700809955.234524 227 1
1700809955.235503 1038 -1
1700809955.235503 1042 -1
1700809955.235503 7354 -1
1700809955.235569 54 1
1700809955.236056 4434 -1
1700809955.236208 54 1
1700809955.236361 4780 -1
1700809955.236423 54 1
1700809955.236842 7354 -1
1700809955.236873 54 1
1700809955.237376 1101 -1
1700809955.237414 54 1
1700809955.237472 8410 -1
1700809955.237538 54 1
1700809955.239508 1042 -1
1700809955.239572 1514 -1
1700809955.239608 54 1
1700809955.239642 7222 -1
1700809955.239678 54 1
1700809955.240172 1069 -1
1700809955.240192 54 1
1700809955.240270 7354 -1
1700809955.240308 54 1
1700809955.240870 515 -1
1700809955.240893 54 1
1700809955.241298 1045 -1
1700809955.241298 7266 -1
1700809955.241348 54 1
1700809957.625953 54 1
1700809957.626653 54 1
1700809957.627175 78 -1
1700809957.627175 60 -1
1700809957.627255 54 1
1700809957.627704 78 -1
1700809957.627704 60 -1
1700809957.627745 54 1
1700809957.746142 66 1
1700809957.752880 66 -1
1700809957.752994 54 1
1700809957.753593 934 1
1700809957.756166 60 -1
1700809957.757309 318 -1
1700809957.757938 134 1
1700809957.758363 146 1
1700809957.758894 60 -1
1700809957.758977 341 -1
1700809957.759385 581 1
1700809957.759478 228 1
1700809957.759530 60 -1
1700809957.759530 115 -1
1700809957.759530 85 -1
1700809957.759583 54 1
1700809957.759586 229 1
1700809957.759725 227 1
1700809957.759843 228 1
1700809957.759955 229 1
1700809957.760036 227 1
1700809957.760151 228 1
1700809957.760376 85 1
1700809957.787770 60 -1
1700809957.787770 60 -1
1700809957.787770 60 -1
1700809957.787770 60 -1
1700809957.787770 1013 -1
1700809957.787770 4228 -1
1700809957.787770 1015 -1
1700809957.787770 7354 -1
1700809957.787770 7451 -1
1700809957.787770 1072 -1
1700809957.787770 5894 -1
1700809957.787770 7354 -1
1700809957.787770 2288 -1
1700809957.787770 1181 -1
1700809957.787770 465 -1
1700809957.787770 7354 -1
1700809957.787770 5003 -1
1700809957.787770 1043 -1
1700809957.787770 4409 -1
1700809957.787770 1045 -1
1700809957.787770 2974 -1
1700809957.788191 54 1
1700809957.793169 1514 -1
1700809957.793169 5894 -1
1700809957.793169 2974 -1
1700809957.793169 7354 -1
1700809957.793169 6876 -1
1700809957.793325 54 1
1700809963.461000 228 1
1700809963.463088 227 1
1700809963.465361 1074 -1
1700809963.465361 7053 -1
1700809963.465478 54 1
1700809963.473900 1067 -1
1700809963.473900 7354 -1
1700809963.473900 600 -1
1700809963.474026 54 1
1700809963.475899 227 1
1700809963.477509 232 1
1700809963.477590 227 1
1700809963.477678 226 1
1700809963.478002 228 1
1700809963.478090 230 1
1700809963.482202 60 -1
1700809963.482823 1075 -1
1700809963.482823 9748 -1
1700809963.482922 54 1
1700809963.490628 1046 -1
1700809963.490628 7708 -1
1700809963.490628 7354 -1
1700809963.490628 4434 -1
1700809963.490628 5367 -1
1700809963.490628 1070 -1
1700809963.490628 5894 -1
1700809963.490628 4495 -1
1700809963.490628 1173 -1
1700809963.490628 481 -1
1700809963.490628 14654 -1
1700809963.490628 1195 -1
1700809963.490913 54 1
1700809963.525715 89 1
1700809963.571450 60 -1
1700809965.188356 228 1
1700809965.188510 229 1
1700809965.188598 230 1
1700809965.189319 229 1
1700809965.189401 228 1
1700809965.189482 227 1
1700809965.189553 228 1
1700809965.189667 227 1
1700809965.191649 60 -1
1700809965.191649 60 -1
1700809965.191649 60 -1
1700809965.191649 60 -1
1700809965.191649 60 -1
1700809965.191649 60 -1
1700809965.191649 60 -1
1700809965.191649 60 -1
1700809965.193542 1047 -1
1700809965.193542 8339 -1
1700809965.193542 1065 -1
1700809965.193542 7112 -1
1700809965.193683 54 1
1700809965.194578 7326 -1
1700809965.194578 3983 -1
1700809965.194631 54 1
1700809965.194711 7354 -1
1700809965.194755 54 1
1700809965.195364 6618 -1
1700809965.195406 54 1
1700809965.195878 1143 -1
1700809965.195908 54 1
1700809965.195981 517 -1
1700809965.195981 1178 -1
1700809965.196011 54 1
1700809965.196156 474 -1
1700809965.196156 5813 -1
1700809965.196201 54 1
1700809965.196623 7354 -1
1700809965.196658 54 1
1700809965.198166 1002 -1
1700809965.249298 54 1
1700809966.934996 229 1
1700809966.935108 226 1
1700809966.936035 60 -1
1700809966.936867 232 1
1700809966.936967 229 1
1700809966.937044 228 1
1700809966.937112 227 1
1700809966.937205 229 1
1700809966.937420 227 1
1700809966.937508 60 -1
1700809966.937777 1099 -1
1700809966.937777 5338 -1
1700809966.937836 54 1
1700809966.939395 60 -1
1700809966.939395 60 -1
1700809966.939395 60 -1
1700809966.939395 60 -1
1700809966.939395 60 -1
1700809966.939395 60 -1
1700809966.939496 1047 -1
1700809966.939496 3374 -1
1700809966.939537 54 1
1700809966.942108 1046 -1
1700809966.942295 54 1
1700809966.942363 4929 -1
1700809966.942403 54 1
1700809966.942473 1047 -1
1700809966.942549 6889 -1
1700809966.942587 54 1
1700809966.942835 1068 -1
1700809966.943039 4019 -1
1700809966.943062 54 1
1700809966.943244 6442 -1
1700809966.943270 54 1
1700809966.943774 2827 -1
1700809966.943803 54 1
1700809966.944076 1514 -1
1700809966.944106 54 1
1700809966.944385 6903 -1
1700809966.944419 54 1
1700809967.644107 54 1
1700809967.645846 78 -1
1700809967.645846 60 -1
1700809967.645876 54 1
1700809969.522880 66 1
1700809969.530072 66 -1
1700809969.530216 54 1
1700809969.530875 870 1
1700809969.531991 60 -1
1700809969.532503 318 -1
1700809969.533295 134 1
1700809969.534141 146 1
1700809969.535606 582 1
1700809969.535698 228 1
1700809969.535774 230 1
1700809969.535865 229 1
1700809969.535941 228 1
1700809969.536027 228 1
1700809969.536110 231 1
1700809969.536210 60 -1
1700809969.536210 341 -1
1700809969.536454 227 1
1700809969.537881 60 -1
1700809969.537881 60 -1
1700809969.537881 60 -1
1700809969.537881 60 -1
1700809969.537881 60 -1
1700809969.537881 60 -1
1700809969.537881 60 -1
1700809969.537881 60 -1
1700809969.537881 60 -1
1700809969.539600 115 -1
1700809969.539600 85 -1
1700809969.539658 54 1
1700809969.539902 85 1
1700809969.540554 1082 -1
1700809969.540554 7354 -1
1700809969.540554 1514 -1
1700809969.540554 2276 -1
1700809969.540554 1047 -1
1700809969.540654 54 1
1700809969.540710 5894 -1
1700809969.540747 54 1
1700809969.547383 2767 -1
1700809969.547383 1045 -1
1700809969.547383 9967 -1
1700809969.547383 7354 -1
1700809969.547383 7354 -1
1700809969.547383 970 -1
1700809969.547383 1049 -1
1700809969.547383 60 -1
1700809969.547595 54 1
1700809969.548486 7354 -1
1700809969.548541 54 1
1700809969.558337 7354 -1
1700809969.558337 7354 -1
1700809969.558337 4652 -1
1700809969.558496 54 1
1700809975.036864 228 1
1700809975.037925 60 -1
1700809975.040319 1048 -1
1700809975.040319 7354 -1
1700809975.040319 762 -1
1700809975.040424 54 1
1700809975.042882 230 1
1700809975.042972 227 1
1700809975.043524 227 1
1700809975.044092 229 1
1700809975.044658 89 1
1700809975.061119 230 1
1700809975.061917 229 1
1700809975.062459 228 1
1700809975.071053 762 -1
1700809975.071053 60 -1
1700809975.071053 60 -1
1700809975.071053 1070 -1
1700809975.071053 5017 -1
1700809975.071053 1045 -1
1700809975.071053 5372 -1
1700809975.071053 1045 -1
1700809975.071053 1514 -1
1700809975.071053 5944 -1
1700809975.071053 1046 -1
1700809975.071053 8401 -1
1700809975.071053 7354 -1
1700809975.071053 723 -1
1700809975.071053 7354 -1
1700809975.071272 66 1
1700809975.071494 54 1
1700809975.101517 6853 -1
1700809975.101517 6016 -1
1700809975.101517 176 -1
1700809975.101621 66 1
1700809976.821181 227 1
1700809976.825904 6771 -1
1700809976.825904 1045 -1
1700809976.826050 66 1
1700809976.826172 54 1
1700809976.827536 1045 -1
1700809976.827583 66 1
1700809976.831818 228 1
1700809976.836079 222 1
1700809976.836192 229 1
1700809976.837695 234 1
1700809976.837757 227 1
1700809976.837804 230 1
1700809976.837849 228 1
1700809976.844551 1070 -1
1700809976.844551 3464 -1
1700809976.844661 54 1
1700809976.845740 60 -1
1700809976.852461 1045 -1
1700809976.852461 6935 -1
1700809976.852461 1048 -1
1700809976.852461 5889 -1
1700809976.852461 1050 -1
1700809976.852461 7208 -1
1700809976.852461 7354 -1
1700809976.852461 6933 -1
1700809976.852461 7354 -1
1700809976.852461 5444 -1
1700809976.852461 7354 -1
1700809976.852461 2154 -1
1700809976.852792 54 1
1700809977.654909 54 1
1700809977.656549 78 -1
1700809977.656549 60 -1
1700809977.656620 54 1
1700809978.540952 66 1
1700809978.541998 66 -1
1700809978.542104 54 1
1700809978.543104 870 1
1700809978.544135 60 -1
1700809978.544782 318 -1
1700809978.547098 134 1
1700809978.547512 146 1
1700809978.547847 583 1
1700809978.547934 229 1
1700809978.548091 60 -1
1700809978.548187 341 -1
1700809978.548591 60 -1
1700809978.548591 115 -1
1700809978.548591 85 -1
1700809978.548635 54 1
1700809978.548825 60 -1
1700809978.549006 60 -1
1700809978.549338 85 1
1700809978.550409 60 -1
1700809978.550766 228 1
1700809978.550832 1099 -1
1700809978.550870 54 1
1700809978.550909 7354 -1
1700809978.550939 54 1
1700809978.551518 2513 -1
1700809978.551542 54 1
1700809978.557455 1045 -1
1700809978.557455 5381 -1
1700809978.557455 1050 -1
1700809978.557455 11453 -1
1700809978.557605 54 1
1700809978.561116 229 1
1700809978.561260 228 1
1700809978.563234 227 1
1700809978.563361 230 1
1700809978.563454 220 1
1700809978.571769 60 -1
1700809978.571769 1016 -1
1700809978.571769 12645 -1
1700809978.571769 1104 -1
1700809978.571769 1514 -1
1700809978.571769 7354 -1
1700809978.571769 4434 -1
1700809978.571769 3320 -1
1700809978.571769 1735 -1
1700809978.571769 1068 -1
1700809978.571769 7354 -1
1700809978.571769 378 -1
1700809978.571769 1046 -1
1700809978.571769 7354 -1
1700809978.571769 7053 -1
1700809978.571769 1067 -1
1700809978.571769 3301 -1
1700809978.572120 54 1
1700809981.327801 227 1
1700809981.330421 1050 -1
1700809981.330525 7079 -1
1700809981.330568 54 1
1700809981.333859 229 1
1700809981.336251 1071 -1
1700809981.336251 8493 -1
1700809981.336337 54 1
1700809981.344742 227 1
1700809981.345421 227 1
1700809981.346051 228 1
1700809981.346116 230 1
1700809981.346173 230 1
1700809981.346986 228 1
1700809981.347091 1045 -1
1700809981.347203 7354 -1
1700809981.347251 54 1
1700809981.347638 7354 -1
1700809981.347670 54 1
1700809981.348385 1164 -1
1700809981.348408 54 1
1700809981.349563 1046 -1
1700809981.349563 7674 -1
1700809981.349615 54 1
1700809981.350341 1101 -1
1700809981.350341 5894 -1
1700809981.350378 54 1
1700809981.350636 3967 -1
1700809981.350673 54 1
1700809981.350987 1045 -1
1700809981.351015 54 1
1700809981.351066 7260 -1
1700809981.351103 54 1
1700809981.352910 1070 -1
1700809981.352910 9069 -1
1700809981.352967 54 1
1700809981.353257 1067 -1
1700809981.353283 54 1
1700809981.353614 8475 -1
1700809981.353661 54 1
1700809987.661987 54 1
1700809987.682458 78 -1
1700809987.682458 60 -1
1700809987.682458 60 -1
1700809987.682641 54 1
1700809988.451801 66 1
1700809988.459496 66 -1
1700809988.460318 54 1
1700809988.461589 934 1
1700809988.463797 60 -1
1700809988.463797 318 -1
1700809988.472977 134 1
1700809988.473421 146 1
1700809988.474171 585 1
1700809988.474252 226 1
1700809988.474339 228 1
1700809988.474411 231 1
1700809988.474482 227 1
1700809988.474551 231 1
1700809988.474621 227 1
1700809988.474740 228 1
1700809988.484805 60 -1
1700809988.484805 60 -1
1700809988.484805 60 -1
1700809988.484805 60 -1
1700809988.484805 60 -1
1700809988.484805 60 -1
1700809988.484805 60 -1
1700809988.484805 60 -1
1700809988.484805 60 -1
1700809988.484805 60 -1
1700809988.484805 341 -1
1700809988.484805 115 -1
1700809988.484805 85 -1
1700809988.484805 1180 -1
1700809988.484805 467 -1
1700809988.484805 1225 -1
1700809988.484805 410 -1
1700809988.484805 1175 -1
1700809988.484805 4459 -1
1700809988.484805 1176 -1
1700809988.484805 5560 -1
1700809988.484805 7354 -1
1700809988.484805 1920 -1
1700809988.484805 7354 -1
1700809988.484805 5159 -1
1700809988.484805 7354 -1
1700809988.484805 8220 -1
1700809988.485058 54 1
1700809988.485217 397 -1
1700809988.485217 1175 -1
1700809988.485236 54 1
1700809988.486489 2974 -1
1700809988.486489 7354 -1
1700809988.486537 54 1
1700809988.486752 3801 -1
1700809988.486772 54 1
1700809988.488022 85 1
1700809988.501313 60 -1
1700809989.795137 54 1
