1700811610.377164 66 1
1700811610.401758 66 -1
1700811610.401975 54 1
1700811610.416579 605 1
1700811610.418585 60 -1
1700811610.431540 66 1
1700811610.432578 66 -1
1700811610.432676 54 1
1700811610.434739 669 1
1700811610.435989 60 -1
1700811610.437204 2974 -1
1700811610.437204 957 -1
1700811610.437287 54 1
1700811610.446580 2974 -1
1700811610.446661 54 1
1700811610.446736 957 -1
1700811610.494474 134 1
1700811610.495243 134 1
1700811610.496843 60 -1
1700811610.496843 341 -1
1700811610.496843 341 -1
1700811610.496934 54 1
1700811610.506092 60 -1
1700811610.506092 341 -1
1700811610.506092 341 -1
1700811610.506252 54 1
1700811610.517514 54 1
1700811610.521178 93 -1
1700811610.521178 78 -1
1700811610.521178 60 -1
1700811610.521259 54 1
1700811610.521958 146 1
1700811610.524846 591 1
1700811610.524946 235 1
1700811610.542535 60 -1
1700811610.542535 60 -1
1700811610.542535 60 -1
1700811610.542535 115 -1
1700811610.542535 85 -1
1700811610.542535 1212 -1
1700811610.542535 418 -1
1700811610.542535 5107 -1
1700811610.542535 1244 -1
1700811610.542535 376 -1
1700811610.542535 3788 -1
1700811610.542721 54 1
1700811610.562908 85 1
1700811610.571807 60 -1
1700811611.081947 235 1
1700811611.082088 232 1
1700811611.084989 60 -1
1700811611.084989 60 -1
1700811611.094210 1241 -1
1700811611.094210 385 -1
1700811611.094210 1233 -1
1700811611.094210 5894 -1
1700811611.094210 3936 -1
1700811611.094210 3840 -1
1700811611.094363 54 1
1700811611.132958 235 1
1700811611.133061 235 1
1700811611.133132 234 1
1700811611.133225 237 1
1700811611.133308 231 1
1700811611.133379 234 1
1700811611.133475 232 1
1700811611.133579 232 1
1700811611.133677 236 1
1700811611.133776 235 1
1700811611.133884 231 1
1700811611.133977 232 1
1700811611.144118 60 -1
1700811611.144118 60 -1
1700811611.144118 60 -1
1700811611.148824 1213 -1
1700811611.148824 418 -1
1700811611.148892 54 1
1700811611.149172 1242 -1
1700811611.149172 3378 -1
1700811611.149212 54 1
1700811611.149404 1892 -1
1700811611.149433 54 1
1700811611.149647 7354 -1
1700811611.149691 54 1
1700811611.150576 7354 -1
1700811611.150624 54 1
1700811611.151434 7354 -1
1700811611.151476 54 1
1700811611.152509 7354 -1
1700811611.152562 54 1
1700811611.153254 2974 -1
1700811611.153287 54 1
1700811611.153345 7354 -1
1700811611.153410 54 1
1700811611.154189 7354 -1
1700811611.154229 54 1
1700811611.158920 1514 -1
1700811611.158920 7354 -1
1700811611.158920 7354 -1
1700811611.158920 4434 -1
1700811611.158920 1514 -1
1700811611.158920 7354 -1
1700811611.158920 7354 -1
1700811611.158920 2974 -1
1700811611.158920 2974 -1
1700811611.158920 4434 -1
1700811611.158920 7354 -1
1700811611.159236 54 1
1700811611.159341 7354 -1
1700811611.159394 54 1
1700811611.159683 4434 -1
1700811611.159843 54 1
1700811611.160411 2974 -1
1700811611.160411 7354 -1
1700811611.160492 54 1
1700811611.163310 7354 -1
1700811611.163310 7354 -1
1700811611.163451 54 1
1700811611.168992 1514 -1
1700811611.168992 204 -1
1700811611.169099 54 1
1700811611.249607 211 1
1700811611.255531 1287 -1
1700811611.255531 334 -1
1700811611.255531 2365 -1
1700811611.255628 54 1
1700811616.975704 54 1
1700811616.980557 78 -1
1700811616.980557 60 -1
1700811616.980612 54 1
1700811617.506885 66 1
1700811617.516054 66 -1
1700811617.516185 54 1
1700811617.518078 876 1
1700811617.519361 60 -1
1700811617.520984 318 -1
1700811617.522391 134 1
1700811617.523417 60 -1
1700811617.523898 341 -1
1700811617.524668 146 1
1700811617.526722 594 1
1700811617.530435 235 1
1700811617.530711 236 1
1700811617.530823 234 1
1700811617.530950 235 1
1700811617.531035 231 1
1700811617.531114 235 1
1700811617.531237 234 1
1700811617.536222 60 -1
1700811617.536222 60 -1
1700811617.536222 115 -1
1700811617.536222 85 -1
1700811617.536222 1213 -1
1700811617.536222 420 -1
1700811617.536222 5963 -1
1700811617.536379 54 1
1700811617.537302 85 1
1700811617.541312 60 -1
1700811617.541312 60 -1
1700811617.541312 60 -1
1700811617.541312 1213 -1
1700811617.541312 417 -1
1700811617.541312 1242 -1
1700811617.541430 54 1
1700811617.541513 7218 -1
1700811617.541570 54 1
1700811617.550511 1881 -1
1700811617.550511 7354 -1
1700811617.550511 1031 -1
1700811617.550511 7354 -1
1700811617.550511 6891 -1
1700811617.550511 2974 -1
1700811617.550511 7354 -1
1700811617.550511 7354 -1
1700811617.550511 1514 -1
1700811617.550511 7354 -1
1700811617.550511 5924 -1
1700811617.550822 54 1
1700811620.766188 235 1
1700811620.766866 232 1
1700811620.767451 236 1
1700811620.769114 234 1
1700811620.769205 234 1
1700811620.769556 235 1
1700811620.769631 232 1
1700811620.770298 234 1
1700811620.784088 60 -1
1700811620.784088 60 -1
1700811620.784088 1245 -1
1700811620.784088 376 -1
1700811620.784088 1245 -1
1700811620.784088 374 -1
1700811620.784088 9248 -1
1700811620.784088 6364 -1
1700811620.784088 7354 -1
1700811620.784088 7354 -1
1700811620.784088 407 -1
1700811620.784088 7354 -1
1700811620.784088 5894 -1
1700811620.784088 1514 -1
1700811620.784088 4434 -1
1700811620.784088 7354 -1
1700811620.784088 7354 -1
1700811620.784405 54 1
1700811620.788223 4434 -1
1700811620.788223 7354 -1
1700811620.788223 4129 -1
1700811620.788396 54 1
1700811620.792974 54 1
1700811627.016502 54 1
1700811627.018769 78 -1
1700811627.018769 60 -1
1700811627.018886 54 1
1700811627.037084 66 1
1700811627.052137 66 -1
1700811627.052375 54 1
1700811627.053486 972 1
1700811627.055096 60 -1
1700811627.055702 318 -1
1700811627.056507 134 1
1700811627.057064 146 1
1700811627.057756 60 -1
1700811627.057884 341 -1
1700811627.058425 60 -1
1700811627.058425 115 -1
1700811627.058425 85 -1
1700811627.058466 54 1
1700811627.058661 590 1
1700811627.058811 232 1
1700811627.059164 235 1
1700811627.059274 236 1
1700811627.059493 231 1
1700811627.059582 235 1
1700811627.059667 232 1
1700811627.059755 232 1
1700811627.060087 85 1
1700811627.060319 60 -1
1700811627.060319 60 -1
1700811627.069833 60 -1
1700811627.069833 60 -1
1700811627.069833 60 -1
1700811627.069833 60 -1
1700811627.069833 60 -1
1700811627.069833 60 -1
1700811627.069833 60 -1
1700811627.069833 1246 -1
1700811627.069833 372 -1
1700811627.069833 6080 -1
1700811627.069833 1246 -1
1700811627.069833 374 -1
1700811627.069833 7354 -1
1700811627.069833 5894 -1
1700811627.069833 2974 -1
1700811627.069833 6452 -1
1700811627.069833 7354 -1
1700811627.069833 508 -1
1700811627.069833 5894 -1
1700811627.069833 7354 -1
1700811627.069833 2974 -1
1700811627.069833 5894 -1
1700811627.070362 54 1
1700811627.078400 7354 -1
1700811627.078400 7354 -1
1700811627.078400 4434 -1
1700811627.078400 4434 -1
1700811627.078400 7354 -1
1700811627.078400 4604 -1
1700811627.078506 54 1
1700811628.951862 232 1
1700811628.952111 235 1
1700811628.952206 234 1
1700811628.952323 232 1
1700811628.952457 234 1
1700811628.952557 236 1
1700811628.952846 234 1
1700811628.952932 60 -1
1700811628.952965 238 1
1700811628.953124 60 -1
1700811628.953124 60 -1
1700811628.953826 60 -1
1700811628.953826 60 -1
1700811628.953826 60 -1
1700811628.953826 60 -1
1700811628.953992 60 -1
1700811628.957602 1245 -1
1700811628.957602 374 -1
1700811628.957602 4140 -1
1700811628.957707 54 1
1700811628.958737 1242 -1
1700811628.958737 381 -1
1700811628.958788 54 1
1700811628.958871 1244 -1
1700811628.958871 3481 -1
1700811628.958932 54 1
1700811628.959186 1901 -1
1700811628.959218 54 1
1700811628.959262 14654 -1
1700811628.959328 54 1
1700811628.960445 3379 -1
1700811628.960473 54 1
1700811628.961802 19034 -1
1700811628.961937 54 1
1700811628.965723 2974 -1
1700811628.965723 7354 -1
1700811628.965723 7354 -1
1700811628.965723 1514 -1
1700811628.965723 7354 -1
1700811628.965723 7354 -1
1700811628.965897 54 1
1700811628.967853 4434 -1
1700811628.967853 7354 -1
1700811628.967853 2279 -1
1700811628.967853 7354 -1
1700811628.967853 11682 -1
1700811628.968020 54 1
1700811632.646056 232 1
1700811632.647001 231 1
1700811632.647768 235 1
1700811632.649669 60 -1
1700811632.652302 1212 -1
1700811632.652302 416 -1
1700811632.652302 10425 -1
1700811632.652430 54 1
1700811632.653246 1240 -1
1700811632.653246 379 -1
1700811632.653246 4245 -1
1700811632.653293 54 1
1700811632.653680 235 1
1700811632.653774 1243 -1
1700811632.653774 377 -1
1700811632.653796 234 1
1700811632.653821 7354 -1
1700811632.653844 54 1
1700811632.653849 54 1
1700811632.654037 234 1
1700811632.654373 7354 -1
1700811632.654401 54 1
1700811632.654930 1860 -1
1700811632.655090 54 1
1700811632.655131 3082 -1
1700811632.655161 54 1
1700811632.656454 60 -1
1700811632.656873 235 1
1700811632.656990 238 1
1700811632.658253 60 -1
1700811632.658301 89 1
1700811632.663304 1243 -1
1700811632.663304 378 -1
1700811632.663304 1247 -1
1700811632.663304 372 -1
1700811632.663304 5508 -1
1700811632.663304 11909 -1
1700811632.663304 1563 -1
1700811632.663304 9370 -1
1700811632.663304 1245 -1
1700811632.663304 373 -1
1700811632.663304 1238 -1
1700811632.663304 383 -1
1700811632.663304 6524 -1
1700811632.663539 54 1
1700811632.663704 4873 -1
1700811632.663735 54 1
1700811634.265013 231 1
1700811634.268792 235 1
1700811634.268923 234 1
1700811634.272307 60 -1
1700811634.273699 1248 -1
1700811634.273699 372 -1
1700811634.273763 54 1
1700811634.274307 2974 -1
1700811634.274335 54 1
1700811634.274374 4676 -1
1700811634.274397 54 1
1700811634.274607 1243 -1
1700811634.274641 378 -1
1700811634.274657 54 1
1700811634.274686 2974 -1
1700811634.274709 54 1
1700811634.275438 1514 -1
1700811634.275438 4356 -1
1700811634.275475 54 1
1700811634.275646 1239 -1
1700811634.275646 386 -1
1700811634.275646 7909 -1
1700811634.275689 54 1
1700811634.279680 235 1
1700811634.279855 235 1
1700811634.282975 232 1
1700811634.283379 60 -1
1700811634.283517 232 1
1700811634.283612 238 1
1700811634.290382 60 -1
1700811634.290382 1214 -1
1700811634.290382 414 -1
1700811634.290382 7354 -1
1700811634.290382 7354 -1
1700811634.290382 1860 -1
1700811634.290382 3379 -1
1700811634.290382 1564 -1
1700811634.290382 7354 -1
1700811634.290568 54 1
1700811634.290631 7354 -1
1700811634.290661 54 1
1700811634.291217 124 -1
1700811634.291217 1242 -1
1700811634.291217 1567 -1
1700811634.291217 380 -1
1700811634.291217 4434 -1
1700811634.291266 54 1
1700811634.291709 2974 -1
1700811634.291737 54 1
1700811634.291802 2175 -1
1700811634.291826 54 1
1700811634.292277 7111 -1
1700811634.292327 54 1
1700811634.292600 2974 -1
1700811634.292659 54 1
1700811634.292801 6038 -1
1700811634.292844 54 1
1700811635.885248 232 1
1700811635.885825 232 1
1700811635.887299 234 1
1700811635.887735 235 1
1700811635.891814 60 -1
1700811635.891814 60 -1
1700811635.898408 1246 -1
1700811635.898408 374 -1
1700811635.898408 1242 -1
1700811635.898408 9113 -1
1700811635.898408 376 -1
1700811635.898408 7354 -1
1700811635.898408 2878 -1
1700811635.898408 1248 -1
1700811635.898408 375 -1
1700811635.898408 7354 -1
1700811635.898408 3963 -1
1700811635.898408 1247 -1
1700811635.898408 368 -1
1700811635.898408 7354 -1
1700811635.898408 7354 -1
1700811635.898408 1860 -1
1700811635.898408 6030 -1
1700811635.898745 54 1
1700811635.908456 235 1
1700811635.909215 235 1
1700811635.909811 232 1
1700811635.910363 237 1
1700811635.915316 60 -1
1700811635.919737 1248 -1
1700811635.919737 371 -1
1700811635.919737 1243 -1
1700811635.919737 9811 -1
1700811635.919883 54 1
1700811635.920457 380 -1
1700811635.920457 1245 -1
1700811635.920457 7354 -1
1700811635.920521 54 1
1700811635.920856 849 -1
1700811635.920884 54 1
1700811635.920955 1247 -1
1700811635.921145 374 -1
1700811635.921145 10274 -1
1700811635.921202 54 1
1700811635.929554 6240 -1
1700811635.929554 5256 -1
1700811635.929669 54 1
1700811637.018818 54 1
1700811637.023428 78 -1
1700811637.023428 60 -1
1700811637.023507 54 1
1700811638.044440 66 1
1700811638.045498 66 -1
1700811638.045639 54 1
1700811638.046709 908 1
1700811638.047647 60 -1
1700811638.050519 318 -1
1700811638.051510 134 1
1700811638.051908 146 1
1700811638.052535 60 -1
1700811638.052603 341 -1
1700811638.053311 60 -1
1700811638.053311 115 -1
1700811638.053311 85 -1
1700811638.053352 54 1
1700811638.053588 593 1
1700811638.053680 236 1
1700811638.053777 235 1
1700811638.053994 237 1
1700811638.054097 234 1
1700811638.054197 235 1
1700811638.054296 235 1
1700811638.054508 232 1
1700811638.055032 85 1
1700811638.056309 60 -1
1700811638.056309 60 -1
1700811638.056309 60 -1
1700811638.056309 60 -1
1700811638.056309 60 -1
1700811638.057367 60 -1
1700811638.057367 60 -1
1700811638.057367 60 -1
1700811638.057367 60 -1
1700811638.059291 1276 -1
1700811638.059291 331 -1
1700811638.059291 1244 -1
1700811638.059291 3410 -1
1700811638.059379 54 1
1700811638.061306 376 -1
1700811638.061306 7354 -1
1700811638.061306 2033 -1
1700811638.061306 1278 -1
1700811638.061306 331 -1
1700811638.061306 1260 -1
1700811638.061306 6430 -1
1700811638.061306 389 -1
1700811638.061306 7354 -1
1700811638.061440 54 1
1700811638.061884 6400 -1
1700811638.061921 54 1
1700811638.062142 1238 -1
1700811638.062165 54 1
1700811638.063259 384 -1
1700811638.063259 27794 -1
1700811638.063400 54 1
1700811638.067199 5894 -1
1700811638.067199 7354 -1
1700811638.067199 7354 -1
1700811638.067199 1795 -1
1700811638.067338 54 1
1700811642.392558 232 1
1700811642.397028 232 1
1700811642.397723 232 1
1700811642.398704 231 1
1700811642.398812 231 1
1700811642.402567 60 -1
1700811642.402567 60 -1
1700811642.402567 60 -1
1700811642.403881 60 -1
1700811642.403881 60 -1
1700811642.403881 1241 -1
1700811642.403881 379 -1
1700811642.403975 54 1
1700811642.405102 234 1
1700811642.405207 231 1
1700811642.405277 7078 -1
1700811642.405331 54 1
1700811642.405440 234 1
1700811642.410263 1242 -1
1700811642.410263 380 -1
1700811642.410263 1246 -1
1700811642.410263 381 -1
1700811642.410263 7354 -1
1700811642.410263 569 -1
1700811642.410263 5057 -1
1700811642.410263 60 -1
1700811642.410263 1243 -1
1700811642.410263 377 -1
1700811642.410263 1242 -1
1700811642.410263 377 -1
1700811642.410263 11936 -1
1700811642.410500 54 1
1700811642.412069 6926 -1
1700811642.412069 1213 -1
1700811642.412069 420 -1
1700811642.412069 1241 -1
1700811642.412069 382 -1
1700811642.412069 6819 -1
1700811642.412185 54 1
1700811642.414085 7354 -1
1700811642.414085 563 -1
1700811642.414156 54 1
1700811642.416291 1247 -1
1700811642.416291 369 -1
1700811642.416291 8814 -1
1700811642.416403 54 1
1700811642.416498 2599 -1
1700811642.416530 54 1
1700811644.013414 232 1
1700811644.013875 235 1
1700811644.014007 236 1
1700811644.014095 232 1
1700811644.014163 234 1
1700811644.015432 60 -1
1700811644.020697 1176 -1
1700811644.020697 467 -1
1700811644.020697 7354 -1
1700811644.020697 6473 -1
1700811644.020869 54 1
1700811644.022741 1241 -1
1700811644.022741 377 -1
1700811644.022741 1243 -1
1700811644.022741 377 -1
1700811644.022741 9799 -1
1700811644.022741 12060 -1
1700811644.022875 54 1
1700811644.024213 1246 -1
1700811644.024213 373 -1
1700811644.024213 9301 -1
1700811644.024213 1243 -1
1700811644.024213 380 -1
1700811644.024213 8412 -1
1700811644.024324 54 1
1700811644.042401 89 1
1700811644.072176 231 1
1700811644.072681 231 1
1700811644.073107 230 1
1700811644.095841 60 -1
1700811644.095841 60 -1
1700811644.095841 1240 -1
1700811644.095841 374 -1
1700811644.095841 1241 -1
1700811644.095841 7354 -1
1700811644.095841 5573 -1
1700811644.095841 380 -1
1700811644.095841 4398 -1
1700811644.095841 1248 -1
1700811644.095841 370 -1
1700811644.095841 7354 -1
1700811644.095841 3954 -1
1700811644.095841 1034 -1
1700811644.096324 66 1
1700811645.695777 232 1
1700811645.695908 234 1
1700811645.695978 232 1
1700811645.696055 234 1
1700811645.696600 237 1
1700811645.696692 234 1
1700811645.696785 232 1
1700811645.696873 234 1
1700811645.698617 60 -1
1700811645.698617 60 -1
1700811645.704990 1280 -1
1700811645.704990 331 -1
1700811645.704990 1248 -1
1700811645.704990 13194 -1
1700811645.704990 1807 -1
1700811645.704990 369 -1
1700811645.704990 1178 -1
1700811645.704990 11734 -1
1700811645.705233 54 1
1700811645.705912 4639 -1
1700811645.705912 1627 -1
1700811645.705912 10274 -1
1700811645.705982 54 1
1700811645.713368 1498 -1
1700811645.713368 14654 -1
1700811645.713368 4918 -1
1700811645.713368 7354 -1
1700811645.713368 7354 -1
1700811645.713368 2402 -1
1700811645.713368 1243 -1
1700811645.713368 5894 -1
1700811645.713368 7354 -1
1700811645.713368 7354 -1
1700811645.713368 5894 -1
1700811645.713368 2907 -1
1700811645.713683 54 1
1700811647.028551 54 1
1700811647.029824 78 -1
1700811647.029824 60 -1
1700811647.029905 54 1
1700811647.348542 66 1
1700811647.357342 66 -1
1700811647.357480 54 1
1700811647.361307 972 1
1700811647.364364 66 1
1700811647.364882 66 1
1700811647.365296 66 1
1700811647.365704 66 1
1700811647.366090 66 1
1700811647.366559 66 1
1700811647.370270 66 -1
1700811647.370273 66 -1
1700811647.370435 66 -1
1700811647.370435 66 -1
1700811647.371206 66 -1
1700811647.371206 60 -1
1700811647.371206 66 -1
1700811647.371206 318 -1
1700811647.371404 54 1
1700811647.371620 54 1
1700811647.375200 54 1
1700811647.375257 54 1
1700811647.376112 599 1
1700811647.376547 572 1
1700811647.376955 631 1
1700811647.377340 599 1
1700811647.377722 631 1
1700811647.378243 54 1
1700811647.379099 134 1
1700811647.379397 146 1
1700811647.379723 595 1
1700811647.379795 230 1
1700811647.380074 60 -1
1700811647.380154 60 -1
1700811647.380292 60 -1
1700811647.380292 60 -1
1700811647.380717 572 1
1700811647.382233 60 -1
1700811647.382233 60 -1
1700811647.382233 60 -1
1700811647.382233 60 -1
1700811647.382233 341 -1
1700811647.382233 60 -1
1700811647.383514 115 -1
1700811647.383514 85 -1
1700811647.383570 54 1
1700811647.385754 60 -1
1700811647.391005 2974 -1
1700811647.391005 958 -1
1700811647.391372 54 1
1700811647.411332 2974 -1
1700811647.411332 958 -1
1700811647.411332 958 -1
1700811647.411381 1246 -1
1700811647.411381 1248 -1
1700811647.411381 688 -1
1700811647.411381 4434 -1
1700811647.411381 4434 -1
1700811647.411430 66 1
1700811647.411381 7354 -1
1700811647.411381 1514 -1
1700811647.411381 5777 -1
1700811647.411381 2974 -1
1700811647.411381 958 -1
1700811647.411381 2974 -1
1700811647.411381 958 -1
1700811647.411557 54 1
1700811647.411590 54 1
1700811647.411606 54 1
1700811647.412136 958 -1
1700811647.412160 66 1
1700811647.428665 2974 -1
1700811647.428665 959 -1
1700811647.428665 2974 -1
1700811647.428665 958 -1
1700811647.428665 959 -1
1700811647.428665 958 -1
1700811647.428808 66 1
1700811647.428886 66 1
1700811647.432716 85 1
1700811647.434661 60 -1
1700811647.450804 134 1
1700811647.451585 134 1
1700811647.452308 134 1
1700811647.452981 134 1
1700811647.453651 134 1
1700811647.454359 134 1
1700811647.454729 54 1
1700811647.454926 54 1
1700811647.455119 54 1
1700811647.455295 54 1
1700811647.455473 54 1
1700811647.455634 146 1
1700811647.456391 583 1
1700811647.456498 228 1
1700811647.456616 230 1
1700811647.456732 226 1
1700811647.456839 228 1
1700811647.456937 229 1
1700811647.457072 60 -1
1700811647.457072 341 -1
1700811647.457072 341 -1
1700811647.457184 54 1
1700811647.458742 60 -1
1700811647.458742 341 -1
1700811647.458798 54 1
1700811647.459644 60 -1
1700811647.459644 341 -1
1700811647.459644 341 -1
1700811647.459756 54 1
1700811647.463830 60 -1
1700811647.463830 341 -1
1700811647.463830 341 -1
1700811647.463830 60 -1
1700811647.463830 93 -1
1700811647.463830 78 -1
1700811647.463830 60 -1
1700811647.463830 341 -1
1700811647.463830 341 -1
1700811647.463830 93 -1
1700811647.463830 78 -1
1700811647.463830 60 -1
1700811647.463938 54 1
1700811647.464100 54 1
1700811647.465865 341 -1
1700811647.465865 93 -1
1700811647.465865 78 -1
1700811647.465865 60 -1
1700811647.466272 60 -1
1700811647.466272 60 -1
1700811647.466272 60 -1
1700811647.466272 60 -1
1700811647.466272 341 -1
1700811647.466272 60 -1
1700811647.466272 60 -1
1700811647.466272 341 -1
1700811647.466272 60 -1
1700811647.466272 60 -1
1700811647.466272 93 -1
1700811647.466272 78 -1
1700811647.466272 60 -1
1700811647.466272 115 -1
1700811647.466272 85 -1
1700811647.466272 1179 -1
1700811647.466272 470 -1
1700811647.466272 1199 -1
1700811647.466272 5894 -1
1700811647.466272 3122 -1
1700811647.466272 4434 -1
1700811647.466272 7010 -1
1700811647.466272 1199 -1
1700811647.466272 440 -1
1700811647.466272 1182 -1
1700811647.466272 4895 -1
1700811647.466272 468 -1
1700811647.466272 7354 -1
1700811647.466272 5442 -1
1700811647.466467 54 1
1700811647.466670 54 1
1700811647.467301 93 -1
1700811647.467301 78 -1
1700811647.467301 60 -1
1700811647.468184 85 1
1700811647.480127 7354 -1
1700811647.480127 7354 -1
1700811647.480127 1514 -1
1700811647.480127 1514 -1
1700811647.480127 7354 -1
1700811647.480127 7354 -1
1700811647.480127 1514 -1
1700811647.480127 2059 -1
1700811647.480127 60 -1
1700811647.480339 54 1
1700811649.742500 228 1
1700811649.742643 229 1
1700811649.743749 60 -1
1700811649.744016 60 -1
1700811649.747990 1201 -1
1700811649.747990 440 -1
1700811649.748047 54 1
1700811649.748191 228 1
1700811649.748333 7354 -1
1700811649.748383 54 1
1700811649.748395 226 1
1700811649.748479 230 1
1700811649.748550 7354 -1
1700811649.748592 54 1
1700811649.749253 1860 -1
1700811649.749277 54 1
1700811649.749494 1156 -1
1700811649.749520 54 1
1700811649.751614 60 -1
1700811649.753735 1171 -1
1700811649.753735 482 -1
1700811649.753809 54 1
1700811649.754508 7010 -1
1700811649.754559 54 1
1700811649.754890 1193 -1
1700811649.754890 452 -1
1700811649.754924 54 1
1700811649.755040 7354 -1
1700811649.755280 54 1
1700811649.756569 426 -1
1700811649.756569 1230 -1
1700811649.756569 399 -1
1700811649.756569 3656 -1
1700811649.756569 1229 -1
1700811649.756569 398 -1
1700811649.756569 7354 -1
1700811649.756663 54 1
1700811649.756752 182 -1
1700811649.756778 54 1
1700811649.772750 229 1
1700811649.772890 227 1
1700811649.772978 231 1
1700811649.777158 60 -1
1700811649.791711 1199 -1
1700811649.791711 441 -1
1700811649.791711 1178 -1
1700811649.791711 2085 -1
1700811649.791711 473 -1
1700811649.791711 7507 -1
1700811649.791711 1199 -1
1700811649.791711 441 -1
1700811649.791711 7354 -1
1700811649.791711 2998 -1
1700811649.791847 54 1
1700811649.794712 78 -1
1700811649.794779 66 1
1700811654.540921 227 1
1700811654.541036 226 1
1700811654.542479 60 -1
1700811654.543818 227 1
1700811654.547321 230 1
1700811654.547436 230 1
1700811654.547542 231 1
1700811654.548689 229 1
1700811654.548803 229 1
1700811654.549515 1200 -1
1700811654.549515 438 -1
1700811654.549515 7354 -1
1700811654.549515 4812 -1
1700811654.549515 1174 -1
1700811654.549515 7354 -1
1700811654.549856 54 1
1700811654.549955 5711 -1
1700811654.549988 54 1
1700811654.550403 60 -1
1700811654.551405 60 -1
1700811654.553715 1147 -1
1700811654.553715 514 -1
1700811654.553715 1202 -1
1700811654.553715 440 -1
1700811654.553715 1175 -1
1700811654.553715 6265 -1
1700811654.553844 54 1
1700811654.554382 476 -1
1700811654.554382 7354 -1
1700811654.554431 54 1
1700811654.555237 7354 -1
1700811654.555282 54 1
1700811654.555554 1860 -1
1700811654.555554 8588 -1
1700811654.555615 54 1
1700811654.559807 471 -1
1700811654.559807 14654 -1
1700811654.559807 155 -1
1700811654.559807 1176 -1
1700811654.559807 476 -1
1700811654.559807 4933 -1
1700811654.559807 1175 -1
1700811654.559807 474 -1
1700811654.559807 4406 -1
1700811654.559988 54 1
1700811654.561429 89 1
1700811654.569668 1486 -1
1700811654.569738 66 1
1700811654.608193 60 -1
1700811656.199848 227 1
1700811656.200085 231 1
1700811656.202147 230 1
1700811656.202680 60 -1
1700811656.205939 229 1
1700811656.207427 228 1
1700811656.207523 227 1
1700811656.207606 228 1
1700811656.207812 227 1
1700811656.209030 60 -1
1700811656.209030 60 -1
1700811656.209030 1176 -1
1700811656.209030 473 -1
1700811656.209030 8088 -1
1700811656.209030 1177 -1
1700811656.209030 477 -1
1700811656.209030 6867 -1
1700811656.209030 1199 -1
1700811656.209030 451 -1
1700811656.209030 5490 -1
1700811656.209304 54 1
1700811656.217925 60 -1
1700811656.217925 60 -1
1700811656.217925 1177 -1
1700811656.217925 470 -1
1700811656.217925 4434 -1
1700811656.217925 9306 -1
1700811656.217925 1598 -1
1700811656.217925 1208 -1
1700811656.217925 432 -1
1700811656.217925 1171 -1
1700811656.217925 10500 -1
1700811656.217925 2974 -1
1700811656.217925 1340 -1
1700811656.217925 1598 -1
1700811656.217925 7354 -1
1700811656.217925 7354 -1
1700811656.218232 54 1
1700811656.218353 1860 -1
1700811656.218353 2177 -1
1700811656.218384 54 1
1700811657.049654 54 1
1700811657.049815 54 1
1700811657.050968 78 -1
1700811657.050968 60 -1
1700811657.050982 78 -1
1700811657.050982 60 -1
1700811657.051001 54 1
1700811657.051026 54 1
1700811657.930898 66 1
1700811657.932050 66 -1
1700811657.932169 54 1
1700811657.933008 934 1
1700811657.939220 60 -1
1700811657.939220 318 -1
1700811657.940018 134 1
1700811657.941194 146 1
1700811657.942068 60 -1
1700811657.942459 60 -1
1700811657.942459 341 -1
1700811657.942459 115 -1
1700811657.942459 85 -1
1700811657.942521 54 1
1700811657.942876 583 1
1700811657.942986 226 1
1700811657.943088 229 1
1700811657.943209 228 1
1700811657.943289 228 1
1700811657.943376 229 1
1700811657.944065 85 1
1700811657.944181 229 1
1700811657.944553 228 1
1700811657.945520 60 -1
1700811657.945520 60 -1
1700811657.945520 60 -1
1700811657.945520 60 -1
1700811657.945520 60 -1
1700811657.945520 60 -1
1700811657.945790 60 -1
1700811657.945790 60 -1
1700811657.945790 60 -1
1700811657.949101 1194 -1
1700811657.949101 446 -1
1700811657.949423 54 1
1700811657.949502 7834 -1
1700811657.949918 54 1
1700811657.950002 1166 -1
1700811657.950002 486 -1
1700811657.950002 4104 -1
1700811657.950045 54 1
1700811657.950257 1207 -1
1700811657.950280 54 1
1700811657.951565 430 -1
1700811657.951565 7354 -1
1700811657.951565 4216 -1
1700811657.951565 1176 -1
1700811657.951565 474 -1
1700811657.951565 1172 -1
1700811657.951565 3880 -1
1700811657.951695 54 1
1700811657.954232 482 -1
1700811657.954232 1177 -1
1700811657.954232 7088 -1
1700811657.954232 472 -1
1700811657.954232 1173 -1
1700811657.954232 11734 -1
1700811657.954232 4780 -1
1700811657.954232 7354 -1
1700811657.954411 54 1
1700811657.954896 5296 -1
1700811657.954937 54 1
1700811657.954984 1145 -1
1700811657.955028 54 1
1700811657.955081 524 -1
1700811657.955138 7354 -1
1700811657.955172 54 1
1700811657.955744 669 -1
1700811658.028902 54 1
1700811661.085062 228 1
1700811661.090843 60 -1
1700811661.097099 1176 -1
1700811661.097099 475 -1
1700811661.097099 6140 -1
1700811661.097587 54 1
1700811661.103125 227 1
1700811661.103918 228 1
1700811661.104600 229 1
1700811661.104705 228 1
1700811661.104804 227 1
1700811661.108673 228 1
1700811661.108793 228 1
1700811661.110671 60 -1
1700811661.114806 1179 -1
1700811661.114806 471 -1
1700811661.114806 1201 -1
1700811661.114806 440 -1
1700811661.114806 7354 -1
1700811661.114806 674 -1
1700811661.114806 1177 -1
1700811661.114806 4670 -1
1700811661.114806 1205 -1
1700811661.114806 8048 -1
1700811661.114806 435 -1
1700811661.114999 54 1
1700811661.115065 4739 -1
1700811661.115097 54 1
1700811661.115174 1175 -1
1700811661.115194 54 1
1700811661.116112 478 -1
1700811661.116112 6074 -1
1700811661.116169 54 1
1700811661.118091 1170 -1
1700811661.118091 484 -1
1700811661.118091 1178 -1
1700811661.118091 469 -1
1700811661.118091 6115 -1
1700811661.118285 54 1
1700811661.118440 5034 -1
1700811661.118477 54 1
1700811666.492392 229 1
1700811666.492517 227 1
1700811666.492607 229 1
1700811666.492739 228 1
1700811666.492838 227 1
1700811666.492913 226 1
1700811666.500402 60 -1
1700811666.500402 60 -1
1700811666.500402 1174 -1
1700811666.500402 470 -1
1700811666.500402 2901 -1
1700811666.500402 1193 -1
1700811666.500402 448 -1
1700811666.500402 1200 -1
1700811666.500402 443 -1
1700811666.500588 54 1
1700811666.500700 7321 -1
1700811666.500759 54 1
1700811666.500803 1207 -1
1700811666.500827 54 1
1700811666.502174 435 -1
1700811666.502174 5531 -1
1700811666.502174 4434 -1
1700811666.502174 3976 -1
1700811666.502174 1597 -1
1700811666.502174 6840 -1
1700811666.502297 54 1
1700811666.502989 1194 -1
1700811666.502989 452 -1
1700811666.502989 4507 -1
1700811666.503056 54 1
1700811666.512846 226 1
1700811666.513844 89 1
1700811666.523768 1170 -1
1700811666.523768 480 -1
1700811666.523768 6249 -1
1700811666.523876 54 1
1700811666.538161 248 1
1700811666.539578 60 -1
1700811666.543949 1200 -1
1700811666.543949 560 -1
1700811666.543949 7354 -1
1700811666.544073 54 1
1700811666.544513 5279 -1
1700811666.544563 54 1
1700811667.076402 54 1
1700811667.102539 78 -1
1700811667.102539 60 -1
1700811667.102539 60 -1
1700811667.102705 54 1
1700811668.165248 66 1
1700811668.168239 66 -1
1700811668.168363 54 1
1700811668.169096 902 1
1700811668.170970 60 -1
1700811668.187744 318 -1
1700811668.193906 134 1
1700811668.194307 146 1
1700811668.195894 584 1
1700811668.195987 228 1
1700811668.196073 227 1
1700811668.196170 235 1
1700811668.196294 227 1
1700811668.196370 228 1
1700811668.196448 228 1
1700811668.196546 227 1
1700811668.201726 60 -1
1700811668.201726 341 -1
1700811668.201726 60 -1
1700811668.201726 60 -1
1700811668.201726 60 -1
1700811668.201726 60 -1
1700811668.201726 60 -1
1700811668.201726 60 -1
1700811668.201726 60 -1
1700811668.201726 60 -1
1700811668.201726 60 -1
1700811668.202029 115 -1
1700811668.202029 85 -1
1700811668.202090 54 1
1700811668.202537 85 1
1700811668.202784 1143 -1
1700811668.202784 520 -1
1700811668.202784 1175 -1
1700811668.202784 475 -1
1700811668.202854 54 1
1700811668.202902 7354 -1
1700811668.202968 54 1
1700811668.205012 1146 -1
1700811668.205012 6876 -1
1700811668.205012 1171 -1
1700811668.205012 482 -1
1700811668.205012 7023 -1
1700811668.205012 1171 -1
1700811668.205012 475 -1
1700811668.205012 4434 -1
1700811668.205148 54 1
1700811668.217754 7354 -1
1700811668.217754 4780 -1
1700811668.217754 1514 -1
1700811668.217754 60 -1
1700811668.217754 1173 -1
1700811668.217754 474 -1
1700811668.217754 1196 -1
1700811668.217754 450 -1
1700811668.217754 4434 -1
1700811668.217754 3913 -1
1700811668.217754 1165 -1
1700811668.217754 23010 -1
1700811668.218028 54 1
1700811668.230897 1110 -1
1700811668.230949 66 1
1700811670.579640 226 1
1700811670.580234 228 1
1700811670.580978 229 1
1700811670.581977 228 1
1700811670.582068 228 1
1700811670.582708 229 1
1700811670.582788 227 1
1700811670.582866 227 1
1700811670.587057 60 -1
1700811670.587057 60 -1
1700811670.587057 60 -1
1700811670.587057 60 -1
1700811670.587057 60 -1
1700811670.587057 60 -1
1700811670.587057 60 -1
1700811670.587057 60 -1
1700811670.597700 1178 -1
1700811670.597700 468 -1
1700811670.597700 7354 -1
1700811670.597700 3057 -1
1700811670.597700 1144 -1
1700811670.597700 1639 -1
1700811670.597700 5757 -1
1700811670.597700 7354 -1
1700811670.597700 7354 -1
1700811670.597700 6529 -1
1700811670.597700 1595 -1
1700811670.597700 3054 -1
1700811670.597700 7354 -1
1700811670.597700 7354 -1
1700811670.597700 3557 -1
1700811670.597700 7354 -1
1700811670.597700 7020 -1
1700811670.597700 1143 -1
1700811670.597700 525 -1
1700811670.597700 5979 -1
1700811670.598165 54 1
1700811670.598221 54 1
1700811675.780531 228 1
1700811675.781148 227 1
1700811675.786583 60 -1
1700811675.791865 227 1
1700811675.791996 232 1
1700811675.792094 227 1
1700811675.792151 1205 -1
1700811675.792151 433 -1
1700811675.792151 1196 -1
1700811675.792151 6705 -1
1700811675.792151 446 -1
1700811675.792151 7354 -1
1700811675.792151 239 -1
1700811675.792206 226 1
1700811675.792585 54 1
1700811675.795424 228 1
1700811675.795597 230 1
1700811675.817748 60 -1
1700811675.817748 1205 -1
1700811675.817748 435 -1
1700811675.817748 7354 -1
1700811675.817748 2098 -1
1700811675.817748 1177 -1
1700811675.817748 470 -1
1700811675.817748 7323 -1
1700811675.817748 1483 -1
1700811675.817942 66 1
1700811675.818049 60 -1
1700811675.821692 89 1
1700811675.825929 1198 -1
1700811675.825929 448 -1
1700811675.825929 1201 -1
1700811675.825929 7284 -1
1700811675.825929 437 -1
1700811675.825929 1176 -1
1700811675.825929 16222 -1
1700811675.825929 7354 -1
1700811675.825929 2683 -1
1700811675.825929 7354 -1
1700811675.826214 54 1
1700811675.826705 1295 -1
1700811675.865432 60 -1
1700811675.881708 54 1
1700811677.083852 54 1
1700811677.085044 78 -1
1700811677.085044 60 -1
1700811677.085115 54 1
1700811677.500688 66 1
1700811677.519305 66 -1
1700811677.519445 54 1
1700811677.520200 902 1
1700811677.521605 60 -1
1700811677.521978 318 -1
1700811677.525146 134 1
1700811677.525721 146 1
1700811677.526411 60 -1
1700811677.526411 341 -1
1700811677.526685 60 -1
1700811677.526685 115 -1
1700811677.526685 85 -1
1700811677.526724 54 1
1700811677.527175 583 1
1700811677.527276 229 1
1700811677.527365 227 1
1700811677.527453 227 1
1700811677.527535 228 1
1700811677.527628 229 1
1700811677.527694 230 1
1700811677.527755 228 1
1700811677.527977 85 1
1700811677.528133 60 -1
1700811677.528133 60 -1
1700811677.528205 60 -1
1700811677.528656 60 -1
1700811677.529129 60 -1
1700811677.529129 60 -1
1700811677.529129 60 -1
1700811677.529129 60 -1
1700811677.529129 60 -1
1700811677.533601 1142 -1
1700811677.533601 522 -1
1700811677.533601 5808 -1
1700811677.533716 54 1
1700811677.534995 1196 -1
1700811677.534995 440 -1
1700811677.534995 1174 -1
1700811677.535052 54 1
1700811677.535153 1514 -1
1700811677.535180 54 1
1700811677.535223 5297 -1
1700811677.535447 54 1
1700811677.535585 2012 -1
1700811677.535608 54 1
1700811677.535756 4740 -1
1700811677.535797 54 1
1700811677.536146 7354 -1
1700811677.536189 54 1
1700811677.536748 6930 -1
1700811677.536781 54 1
1700811677.537361 7354 -1
1700811677.537414 54 1
1700811677.537949 7354 -1
1700811677.537980 54 1
1700811677.538827 2974 -1
1700811677.538827 5531 -1
1700811677.538902 54 1
1700811679.147267 229 1
1700811679.153825 1230 -1
1700811679.153825 400 -1
1700811679.153825 5023 -1
1700811679.153912 226 1
1700811679.153962 54 1
1700811679.154059 232 1
1700811679.154151 229 1
1700811679.154240 228 1
1700811679.155497 227 1
1700811679.155586 229 1
1700811679.155666 227 1
1700811679.156877 60 -1
1700811679.159124 60 -1
1700811679.161538 1175 -1
1700811679.161538 482 -1
1700811679.161538 1177 -1
1700811679.161538 473 -1
1700811679.161538 1178 -1
1700811679.161538 473 -1
1700811679.161660 54 1
1700811679.161752 2974 -1
1700811679.161752 60 -1
1700811679.161752 4541 -1
1700811679.161752 6501 -1
1700811679.161845 54 1
1700811679.174863 1590 -1
1700811679.174863 3659 -1
1700811679.174863 1177 -1
1700811679.174863 472 -1
1700811679.174863 1149 -1
1700811679.174863 513 -1
1700811679.174863 4072 -1
1700811679.174863 6971 -1
1700811679.174863 1173 -1
1700811679.174863 484 -1
1700811679.174863 2428 -1
1700811679.175092 54 1
1700811679.175765 968 -1
1700811679.175794 66 1
1700811682.120314 227 1
1700811682.122925 231 1
1700811682.123028 230 1
1700811682.123103 229 1
1700811682.123178 228 1
1700811682.123550 228 1
1700811682.123627 227 1
1700811682.123705 228 1
1700811682.126410 60 -1
1700811682.126410 60 -1
1700811682.130263 1177 -1
1700811682.130263 1213 -1
1700811682.130263 424 -1
1700811682.130263 478 -1
1700811682.130263 1176 -1
1700811682.130263 10697 -1
1700811682.130594 54 1
1700811682.131098 5114 -1
1700811682.131153 54 1
1700811682.133106 7354 -1
1700811682.133106 4239 -1
1700811682.133106 7354 -1
1700811682.133106 1514 -1
1700811682.133219 54 1
1700811682.133267 7354 -1
1700811682.133335 54 1
1700811682.134497 5356 -1
1700811682.134497 470 -1
1700811682.134497 5894 -1
1700811682.134581 54 1
1700811682.134741 6148 -1
1700811682.134810 54 1
1700811682.135481 7354 -1
1700811682.135549 54 1
1700811682.135975 4414 -1
1700811682.136026 54 1
1700811687.124298 54 1
1700811687.129622 78 -1
1700811687.129718 54 1
1700811687.129814 60 -1
1700811688.133264 66 1
1700811688.134864 66 -1
1700811688.134996 54 1
1700811688.135638 966 1
1700811688.138736 60 -1
1700811688.139053 318 -1
1700811688.139683 134 1
1700811688.140109 146 1
1700811688.140893 583 1
1700811688.140949 227 1
1700811688.141028 229 1
1700811688.141164 227 1
1700811688.141282 230 1
1700811688.141417 229 1
1700811688.141524 230 1
1700811688.142077 228 1
1700811688.158703 60 -1
1700811688.158703 60 -1
1700811688.158703 60 -1
1700811688.158703 60 -1
1700811688.158703 60 -1
1700811688.158703 60 -1
1700811688.158703 60 -1
1700811688.158703 60 -1
1700811688.158703 60 -1
1700811688.158703 60 -1
1700811688.158703 341 -1
1700811688.171993 115 -1
1700811688.171993 85 -1
1700811688.171993 1179 -1
1700811688.171993 472 -1
1700811688.171993 1176 -1
1700811688.171993 473 -1
1700811688.171993 1179 -1
1700811688.171993 7675 -1
1700811688.171993 7431 -1
1700811688.171993 7354 -1
1700811688.171993 7354 -1
1700811688.171993 316 -1
1700811688.172237 54 1
1700811688.174800 85 1
1700811688.178710 7354 -1
1700811688.178798 54 1
1700811688.180310 7354 -1
1700811688.180310 2974 -1
1700811688.180310 4434 -1
1700811688.180310 1514 -1
1700811688.180471 54 1
1700811688.181582 1514 -1
1700811688.181582 7354 -1
1700811688.181642 54 1
1700811688.181851 2155 -1
1700811688.181851 60 -1
1700811688.181890 54 1
1700811689.896145 227 1
1700811689.898572 228 1
1700811689.900057 60 -1
1700811689.900722 60 -1
1700811689.901576 222 1
1700811689.901686 229 1
1700811689.901786 234 1
1700811689.901871 227 1
1700811689.902646 60 -1
1700811689.902781 60 -1
1700811689.902781 60 -1
1700811689.902781 60 -1
1700811689.908016 230 1
1700811689.908227 228 1
1700811689.917807 1172 -1
1700811689.917807 482 -1
1700811689.917807 1179 -1
1700811689.917807 470 -1
1700811689.917807 1178 -1
1700811689.917807 479 -1
1700811689.917807 5504 -1
1700811689.917807 6374 -1
1700811689.917807 6814 -1
1700811689.917807 1598 -1
1700811689.917807 1200 -1
1700811689.917807 443 -1
1700811689.917807 7354 -1
1700811689.917807 5548 -1
1700811689.917807 3106 -1
1700811689.917807 1173 -1
1700811689.917807 483 -1
1700811689.917807 6537 -1
1700811689.918040 54 1
1700811689.924076 60 -1
1700811689.927148 1232 -1
1700811689.927148 392 -1
1700811689.927228 54 1
1700811689.929781 7354 -1
1700811689.929781 4090 -1
1700811689.929781 1175 -1
1700811689.929781 474 -1
1700811689.929781 7354 -1
1700811689.929781 775 -1
1700811689.929916 54 1
1700811691.600073 228 1
1700811691.600211 229 1
1700811691.600551 228 1
1700811691.605574 60 -1
1700811691.613627 229 1
1700811691.614261 228 1
1700811691.619023 1229 -1
1700811691.619023 399 -1
1700811691.619023 1176 -1
1700811691.619023 7354 -1
1700811691.619023 2199 -1
1700811691.619023 473 -1
1700811691.619023 1180 -1
1700811691.619023 4993 -1
1700811691.619023 469 -1
1700811691.619023 7354 -1
1700811691.619023 3769 -1
1700811691.619023 60 -1
1700811691.619474 54 1
1700811691.622272 1234 -1
1700811691.622272 396 -1
1700811691.622272 1147 -1
1700811691.622272 514 -1
1700811691.622272 16460 -1
1700811691.622426 54 1
1700811691.624331 1424 -1
1700811691.624331 7354 -1
1700811691.624331 4916 -1
1700811691.624636 54 1
1700811691.651808 227 1
1700811691.651962 230 1
1700811691.652065 220 1
1700811691.662563 1198 -1
1700811691.662563 441 -1
1700811691.662563 5894 -1
1700811691.662563 1482 -1
1700811691.662705 54 1
1700811691.663310 60 -1
1700811691.678788 1195 -1
1700811691.678788 445 -1
1700811691.678788 2941 -1
1700811691.678788 1174 -1
1700811691.678788 478 -1
1700811691.678788 7354 -1
1700811691.678788 6660 -1
1700811691.678995 54 1
1700811694.194372 227 1
1700811694.195689 229 1
1700811694.195817 227 1
1700811694.195894 227 1
1700811694.196822 228 1
1700811694.196944 230 1
1700811694.197039 230 1
1700811694.197127 228 1
1700811694.209080 60 -1
1700811694.209080 60 -1
1700811694.209080 1174 -1
1700811694.209080 1178 -1
1700811694.209080 481 -1
1700811694.209080 480 -1
1700811694.209080 1201 -1
1700811694.209080 6683 -1
1700811694.209080 7279 -1
1700811694.209080 438 -1
1700811694.209080 1202 -1
1700811694.209080 441 -1
1700811694.209080 1176 -1
1700811694.209080 7354 -1
1700811694.209080 837 -1
1700811694.209080 466 -1
1700811694.209080 7354 -1
1700811694.209080 822 -1
1700811694.209080 7354 -1
1700811694.209498 54 1
1700811694.209746 7354 -1
1700811694.209789 54 1
1700811694.209931 1959 -1
1700811694.209969 54 1
1700811694.210086 5894 -1
1700811694.210116 54 1
1700811694.210628 5894 -1
1700811694.210668 54 1
1700811694.211060 2974 -1
1700811694.211102 54 1
1700811694.213919 5431 -1
1700811694.213919 1176 -1
1700811694.213919 7291 -1
1700811694.214004 54 1
1700811694.215149 89 1
1700811694.256439 60 -1
1700811697.121980 54 1
1700811697.123265 78 -1
1700811697.123265 60 -1
1700811697.123328 54 1
