1700814181.269889 66 1
1700814181.278512 66 -1
1700814181.278879 54 1
1700814181.279798 637 1
1700814181.295089 60 -1
1700814181.301001 2974 -1
1700814181.301001 959 -1
1700814181.301194 54 1
1700814181.374459 134 1
1700814181.384217 60 -1
1700814181.384217 341 -1
1700814181.384217 341 -1
1700814181.384307 54 1
1700814181.457177 146 1
1700814181.459088 60 -1
1700814181.459088 115 -1
1700814181.459088 85 -1
1700814181.459191 54 1
1700814181.502909 593 1
1700814181.502995 238 1
1700814181.506082 85 1
1700814181.524274 60 -1
1700814181.524274 60 -1
1700814181.524274 60 -1
1700814181.524274 1239 -1
1700814181.524274 388 -1
1700814181.524274 1078 -1
1700814181.524274 5440 -1
1700814181.524357 54 1
1700814181.526422 3776 -1
1700814181.526450 54 1
1700814181.897302 231 1
1700814181.897453 235 1
1700814181.897566 237 1
1700814181.897669 236 1
1700814181.899303 232 1
1700814181.899484 236 1
1700814181.899593 235 1
1700814181.899936 232 1
1700814181.900138 235 1
1700814181.900273 236 1
1700814181.900402 237 1
1700814181.900523 232 1
1700814181.900659 237 1
1700814181.900796 234 1
1700814181.910139 60 -1
1700814181.910139 60 -1
1700814181.910139 60 -1
1700814181.919221 1103 -1
1700814181.919221 4143 -1
1700814181.919221 1117 -1
1700814181.919221 1514 -1
1700814181.919221 1514 -1
1700814181.919221 5894 -1
1700814181.919221 2579 -1
1700814181.919221 1241 -1
1700814181.919221 388 -1
1700814181.919221 1240 -1
1700814181.919221 1514 -1
1700814181.919221 4427 -1
1700814181.919221 1237 -1
1700814181.919221 1906 -1
1700814181.919221 5875 -1
1700814181.919221 390 -1
1700814181.919221 1241 -1
1700814181.919221 3429 -1
1700814181.919221 382 -1
1700814181.919500 54 1
1700814181.924558 1209 -1
1700814181.924558 431 -1
1700814181.924558 7354 -1
1700814181.924661 54 1
1700814181.925055 2974 -1
1700814181.925084 54 1
1700814181.933030 6240 -1
1700814181.933030 6607 -1
1700814181.933030 9860 -1
1700814181.933030 17574 -1
1700814181.933030 476 -1
1700814181.933030 8814 -1
1700814181.933030 6442 -1
1700814181.933030 1240 -1
1700814181.933030 387 -1
1700814181.933030 8161 -1
1700814181.933030 1091 -1
1700814181.933030 7354 -1
1700814181.933030 9160 -1
1700814181.933030 1514 -1
1700814181.933030 3757 -1
1700814181.933030 4434 -1
1700814181.933467 54 1
1700814181.933572 5060 -1
1700814181.933572 1242 -1
1700814181.933621 54 1
1700814181.933661 2974 -1
1700814181.933693 54 1
1700814181.933834 7354 -1
1700814181.933897 54 1
1700814181.934431 1770 -1
1700814181.934458 54 1
1700814181.939699 54 1
1700814182.309378 210 1
1700814182.321462 1132 -1
1700814182.321462 2614 -1
1700814182.321533 54 1
1700814188.118067 236 1
1700814188.119393 237 1
1700814188.121045 235 1
1700814188.121191 235 1
1700814188.125679 232 1
1700814188.125879 236 1
1700814188.126024 235 1
1700814188.128845 60 -1
1700814188.128845 1106 -1
1700814188.128845 7106 -1
1700814188.128960 54 1
1700814188.128995 238 1
1700814188.135016 60 -1
1700814188.135016 60 -1
1700814188.141260 1210 -1
1700814188.141260 430 -1
1700814188.141488 54 1
1700814188.148390 5953 -1
1700814188.148390 1236 -1
1700814188.148390 389 -1
1700814188.148390 4041 -1
1700814188.148390 1241 -1
1700814188.148390 386 -1
1700814188.148390 1208 -1
1700814188.148390 429 -1
1700814188.148390 7683 -1
1700814188.148586 54 1
1700814188.149006 7206 -1
1700814188.149049 54 1
1700814188.149377 1213 -1
1700814188.149402 54 1
1700814188.149588 430 -1
1700814188.150627 5366 -1
1700814188.150656 54 1
1700814188.153915 1242 -1
1700814188.153915 379 -1
1700814188.153915 7354 -1
1700814188.154023 54 1
1700814188.154462 6883 -1
1700814188.154494 54 1
1700814188.155109 1244 -1
1700814188.155109 384 -1
1700814188.155144 54 1
1700814188.155620 7354 -1
1700814188.155671 54 1
1700814188.156069 3383 -1
1700814188.156101 54 1
1700814188.188025 89 1
1700814188.247515 60 -1
1700814188.533500 54 1
1700814188.535407 78 -1
1700814188.535407 60 -1
1700814188.535452 54 1
1700814191.429750 66 1
1700814191.438136 66 -1
1700814191.438279 54 1
1700814191.455891 908 1
1700814191.457715 60 -1
1700814191.458614 318 -1
1700814191.492191 134 1
1700814191.502102 60 -1
1700814191.502276 341 -1
1700814191.517977 146 1
1700814191.524133 591 1
1700814191.524246 232 1
1700814191.524332 234 1
1700814191.524414 235 1
1700814191.524491 235 1
1700814191.524573 234 1
1700814191.524695 235 1
1700814191.524823 236 1
1700814191.527875 60 -1
1700814191.527875 60 -1
1700814191.527875 60 -1
1700814191.527875 60 -1
1700814191.527875 60 -1
1700814191.527875 60 -1
1700814191.527875 60 -1
1700814191.527875 60 -1
1700814191.527875 60 -1
1700814191.541204 115 -1
1700814191.541204 85 -1
1700814191.541204 1111 -1
1700814191.541204 1514 -1
1700814191.541204 7354 -1
1700814191.541204 779 -1
1700814191.541204 1240 -1
1700814191.541204 381 -1
1700814191.541204 1214 -1
1700814191.541204 7354 -1
1700814191.541204 1514 -1
1700814191.541204 7340 -1
1700814191.541204 422 -1
1700814191.541204 8814 -1
1700814191.541204 7354 -1
1700814191.541204 1514 -1
1700814191.541204 7354 -1
1700814191.541204 1514 -1
1700814191.541204 7507 -1
1700814191.541468 54 1
1700814191.547231 1210 -1
1700814191.547231 429 -1
1700814191.547286 54 1
1700814191.548472 1514 -1
1700814191.548472 2904 -1
1700814191.548518 54 1
1700814191.552012 85 1
1700814191.556064 1242 -1
1700814191.556064 384 -1
1700814191.556064 7354 -1
1700814191.556064 4662 -1
1700814191.556176 54 1
1700814191.556785 60 -1
1700814196.752931 232 1
1700814196.753051 235 1
1700814196.753180 232 1
1700814196.753270 234 1
1700814196.753358 232 1
1700814196.753478 234 1
1700814196.753579 234 1
1700814196.753696 235 1
1700814196.754930 60 -1
1700814196.754930 60 -1
1700814196.754930 60 -1
1700814196.754930 60 -1
1700814196.754930 60 -1
1700814196.755059 60 -1
1700814196.755059 60 -1
1700814196.755059 60 -1
1700814196.781323 1108 -1
1700814196.781323 3903 -1
1700814196.781323 1242 -1
1700814196.781323 382 -1
1700814196.781323 1112 -1
1700814196.781323 7354 -1
1700814196.781323 7354 -1
1700814196.781323 1514 -1
1700814196.781323 7354 -1
1700814196.781323 6646 -1
1700814196.781323 7354 -1
1700814196.781323 7354 -1
1700814196.781323 250 -1
1700814196.781323 7354 -1
1700814196.781323 3129 -1
1700814196.781323 1208 -1
1700814196.781323 423 -1
1700814196.781323 7354 -1
1700814196.781323 7354 -1
1700814196.781323 1514 -1
1700814196.781323 7354 -1
1700814196.781323 3541 -1
1700814196.781323 1241 -1
1700814196.781323 387 -1
1700814196.781323 3586 -1
1700814196.781815 54 1
1700814196.784906 54 1
1700814196.809622 89 1
1700814196.851424 60 -1
1700814198.550208 54 1
1700814198.556082 78 -1
1700814198.556082 60 -1
1700814198.556154 54 1
1700814198.756291 66 1
1700814198.757492 66 -1
1700814198.757624 54 1
1700814198.758420 908 1
1700814198.759419 60 -1
1700814198.760307 318 -1
1700814198.760891 134 1
1700814198.761299 146 1
1700814198.761584 591 1
1700814198.763471 60 -1
1700814198.763471 60 -1
1700814198.763471 60 -1
1700814198.763471 341 -1
1700814198.765807 115 -1
1700814198.765807 85 -1
1700814198.765932 54 1
1700814198.766318 85 1
1700814198.767112 1111 -1
1700814198.767166 54 1
1700814198.767586 4429 -1
1700814198.767586 60 -1
1700814198.767654 54 1
1700814198.802968 235 1
1700814198.804425 237 1
1700814198.811527 60 -1
1700814198.812338 60 -1
1700814198.812888 236 1
1700814198.813701 235 1
1700814198.813788 234 1
1700814198.813892 231 1
1700814198.814138 235 1
1700814198.816198 60 -1
1700814198.819251 60 -1
1700814198.823547 1243 -1
1700814198.823547 388 -1
1700814198.823665 54 1
1700814198.824802 1514 -1
1700814198.824802 5894 -1
1700814198.824896 54 1
1700814198.829584 1690 -1
1700814198.829584 8246 -1
1700814198.829584 1240 -1
1700814198.829584 385 -1
1700814198.829584 3477 -1
1700814198.829584 1240 -1
1700814198.829584 388 -1
1700814198.829584 5719 -1
1700814198.829584 1217 -1
1700814198.829584 417 -1
1700814198.829790 54 1
1700814198.830385 16460 -1
1700814198.830462 54 1
1700814198.831495 85 -1
1700814198.831495 16460 -1
1700814198.831604 54 1
1700814198.833211 85 -1
1700814198.833211 3743 -1
1700814198.833263 54 1
1700814198.833771 1216 -1
1700814198.833771 424 -1
1700814198.833807 54 1
1700814198.834241 7354 -1
1700814198.834356 54 1
1700814198.834638 7354 -1
1700814198.834688 54 1
1700814198.835237 1860 -1
1700814198.835271 54 1
1700814198.835381 5438 -1
1700814198.835430 54 1
1700814198.835877 1244 -1
1700814198.835906 54 1
1700814198.836296 386 -1
1700814198.836829 7354 -1
1700814198.837001 54 1
1700814198.837135 7354 -1
1700814198.837206 54 1
1700814198.837728 1860 -1
1700814198.837938 54 1
1700814198.838014 1053 -1
1700814198.838044 54 1
1700814203.030238 232 1
1700814203.030756 235 1
1700814203.032589 235 1
1700814203.032668 237 1
1700814203.032730 232 1
1700814203.032802 235 1
1700814203.033008 232 1
1700814203.036539 60 -1
1700814203.036539 60 -1
1700814203.036539 60 -1
1700814203.036539 60 -1
1700814203.036539 60 -1
1700814203.036539 60 -1
1700814203.036539 60 -1
1700814203.037913 1106 -1
1700814203.037913 4539 -1
1700814203.037979 54 1
1700814203.038168 1110 -1
1700814203.038168 6812 -1
1700814203.038216 54 1
1700814203.042288 1208 -1
1700814203.042288 426 -1
1700814203.042288 1239 -1
1700814203.042288 7354 -1
1700814203.042396 54 1
1700814203.042610 3115 -1
1700814203.042638 54 1
1700814203.043057 386 -1
1700814203.043057 9357 -1
1700814203.043127 54 1
1700814203.043803 1243 -1
1700814203.043803 381 -1
1700814203.043836 54 1
1700814203.044615 7354 -1
1700814203.044615 4600 -1
1700814203.044673 54 1
1700814203.044748 1239 -1
1700814203.044785 54 1
1700814203.045022 388 -1
1700814203.045022 5498 -1
1700814203.045056 54 1
1700814203.046040 237 1
1700814203.046372 1240 -1
1700814203.046372 385 -1
1700814203.046372 16460 -1
1700814203.046484 54 1
1700814203.047792 3074 -1
1700814203.047849 54 1
1700814203.066383 1236 -1
1700814203.066383 387 -1
1700814203.066383 4869 -1
1700814203.066499 54 1
1700814203.067621 489 -1
1700814203.067651 66 1
1700814204.605347 234 1
1700814204.605467 232 1
1700814204.605539 234 1
1700814204.605738 234 1
1700814204.612798 60 -1
1700814204.616618 235 1
1700814204.617296 232 1
1700814204.617964 236 1
1700814204.625378 234 1
1700814204.628022 1209 -1
1700814204.628022 426 -1
1700814204.628022 7354 -1
1700814204.628022 9160 -1
1700814204.628022 3367 -1
1700814204.628022 1244 -1
1700814204.628022 381 -1
1700814204.628022 7587 -1
1700814204.628022 1240 -1
1700814204.628022 383 -1
1700814204.628022 1237 -1
1700814204.628022 390 -1
1700814204.628022 7905 -1
1700814204.628022 7354 -1
1700814204.628022 1431 -1
1700814204.628296 54 1
1700814204.634889 89 1
1700814204.643666 60 -1
1700814204.643666 1431 -1
1700814204.643666 1241 -1
1700814204.643666 384 -1
1700814204.643666 1239 -1
1700814204.643666 388 -1
1700814204.643666 1239 -1
1700814204.643666 387 -1
1700814204.643666 1514 -1
1700814204.643666 5977 -1
1700814204.643666 4434 -1
1700814204.643666 7354 -1
1700814204.643666 3032 -1
1700814204.643666 2974 -1
1700814204.643666 6546 -1
1700814204.643851 66 1
1700814204.644013 54 1
1700814204.647705 1239 -1
1700814204.647705 387 -1
1700814204.647796 54 1
1700814204.650014 1514 -1
1700814204.650014 1514 -1
1700814204.650014 4184 -1
1700814204.650111 54 1
1700814206.249214 237 1
1700814206.249386 234 1
1700814206.253523 60 -1
1700814206.254181 234 1
1700814206.254305 236 1
1700814206.256459 234 1
1700814206.256581 234 1
1700814206.256665 235 1
1700814206.257003 234 1
1700814206.258668 60 -1
1700814206.281368 1111 -1
1700814206.281368 7354 -1
1700814206.281368 2102 -1
1700814206.281368 1240 -1
1700814206.281368 385 -1
1700814206.281368 1115 -1
1700814206.281368 7354 -1
1700814206.281368 4253 -1
1700814206.281368 4434 -1
1700814206.281368 5789 -1
1700814206.281368 1109 -1
1700814206.281368 2465 -1
1700814206.282179 54 1
1700814206.282283 1113 -1
1700814206.282283 7354 -1
1700814206.282283 2797 -1
1700814206.282420 54 1
1700814206.286440 1242 -1
1700814206.286440 386 -1
1700814206.286440 1240 -1
1700814206.286440 388 -1
1700814206.286539 54 1
1700814206.286602 5894 -1
1700814206.287011 54 1
1700814206.289086 7354 -1
1700814206.289086 3320 -1
1700814206.289086 2974 -1
1700814206.289086 2324 -1
1700814206.289086 5699 -1
1700814206.289220 54 1
1700814206.292054 1243 -1
1700814206.292054 379 -1
1700814206.292108 54 1
1700814206.293959 7354 -1
1700814206.293959 7354 -1
1700814206.293959 1860 -1
1700814206.293959 85 -1
1700814206.293959 5988 -1
1700814206.294072 54 1
1700814208.405482 234 1
1700814208.407879 232 1
1700814208.408004 237 1
1700814208.408102 234 1
1700814208.408188 235 1
1700814208.408328 236 1
1700814208.408515 238 1
1700814208.408643 235 1
1700814208.411232 60 -1
1700814208.417069 60 -1
1700814208.419835 1238 -1
1700814208.419835 385 -1
1700814208.419835 1242 -1
1700814208.419835 387 -1
1700814208.419835 15737 -1
1700814208.420121 54 1
1700814208.420728 1240 -1
1700814208.420728 16460 -1
1700814208.420823 54 1
1700814208.422691 85 -1
1700814208.422691 4317 -1
1700814208.422691 3187 -1
1700814208.422771 54 1
1700814208.427263 1241 -1
1700814208.427263 386 -1
1700814208.427263 3355 -1
1700814208.427360 54 1
1700814208.434391 1242 -1
1700814208.434391 384 -1
1700814208.434391 6377 -1
1700814208.434391 1235 -1
1700814208.434391 397 -1
1700814208.434391 1239 -1
1700814208.434391 6219 -1
1700814208.434391 388 -1
1700814208.434391 1257 -1
1700814208.434391 9321 -1
1700814208.434391 398 -1
1700814208.434391 7354 -1
1700814208.434391 6391 -1
1700814208.434625 54 1
1700814208.586620 54 1
1700814208.592623 78 -1
1700814208.592623 60 -1
1700814208.592719 54 1
1700814208.620182 60 -1
1700814212.734367 66 1
1700814212.740346 66 -1
1700814212.740502 54 1
1700814212.743028 908 1
1700814212.750846 60 -1
1700814212.750846 318 -1
1700814212.753172 134 1
1700814212.753682 146 1
1700814212.754945 596 1
1700814212.755070 236 1
1700814212.755154 236 1
1700814212.755282 231 1
1700814212.755367 235 1
1700814212.755456 236 1
1700814212.755541 231 1
1700814212.755696 234 1
1700814212.765420 60 -1
1700814212.765420 341 -1
1700814212.765420 60 -1
1700814212.765420 85 -1
1700814212.765420 115 -1
1700814212.765856 66 1
1700814212.766166 54 1
1700814212.766316 60 -1
1700814212.766412 60 -1
1700814212.766412 60 -1
1700814212.766412 60 -1
1700814212.766412 60 -1
1700814212.766412 60 -1
1700814212.766940 85 1
1700814212.767407 60 -1
1700814212.767407 60 -1
1700814212.768704 60 -1
1700814212.775198 1240 -1
1700814212.775198 386 -1
1700814212.775298 54 1
1700814212.777112 7354 -1
1700814212.777169 54 1
1700814212.777331 4627 -1
1700814212.777380 54 1
1700814212.780741 1240 -1
1700814212.780741 384 -1
1700814212.780741 1239 -1
1700814212.780741 390 -1
1700814212.780741 7354 -1
1700814212.780741 559 -1
1700814212.780741 7354 -1
1700814212.780741 561 -1
1700814212.780741 1243 -1
1700814212.780741 379 -1
1700814212.780741 1238 -1
1700814212.780741 389 -1
1700814212.780894 54 1
1700814212.782787 7354 -1
1700814212.782787 4049 -1
1700814212.782787 7068 -1
1700814212.782872 54 1
1700814212.783858 1245 -1
1700814212.783858 385 -1
1700814212.783904 54 1
1700814212.784179 5053 -1
1700814212.784207 54 1
1700814212.798938 1239 -1
1700814212.798938 386 -1
1700814212.799046 54 1
1700814212.824562 6917 -1
1700814212.824668 54 1
1700814212.949709 1212 -1
1700814212.949709 426 -1
1700814212.949816 54 1
1700814212.949883 6813 -1
1700814212.949938 54 1
1700814214.345258 234 1
1700814214.347168 232 1
1700814214.348865 60 -1
1700814214.348865 60 -1
1700814214.349654 234 1
1700814214.349740 237 1
1700814214.349810 234 1
1700814214.350401 231 1
1700814214.350550 232 1
1700814214.350701 231 1
1700814214.350745 60 -1
1700814214.350745 60 -1
1700814214.350745 60 -1
1700814214.351305 60 -1
1700814214.351675 60 -1
1700814214.351675 60 -1
1700814214.354757 1172 -1
1700814214.354757 477 -1
1700814214.354820 54 1
1700814214.354865 7354 -1
1700814214.354910 54 1
1700814214.355318 6463 -1
1700814214.355373 54 1
1700814214.356377 1109 -1
1700814214.356377 8814 -1
1700814214.356448 54 1
1700814214.356667 1331 -1
1700814214.356691 54 1
1700814214.356778 1107 -1
1700814214.356852 4693 -1
1700814214.356906 54 1
1700814214.358410 1241 -1
1700814214.358410 385 -1
1700814214.358410 1237 -1
1700814214.358410 386 -1
1700814214.358477 54 1
1700814214.358941 7354 -1
1700814214.358998 54 1
1700814214.388829 1989 -1
1700814214.388829 7354 -1
1700814214.388829 4751 -1
1700814214.388829 1239 -1
1700814214.388829 390 -1
1700814214.388829 1236 -1
1700814214.388829 8402 -1
1700814214.388829 384 -1
1700814214.388829 1243 -1
1700814214.388829 7354 -1
1700814214.388829 5563 -1
1700814214.388829 7354 -1
1700814214.388829 4270 -1
1700814214.388829 1350 -1
1700814214.389128 66 1
1700814216.026134 235 1
1700814216.026729 234 1
1700814216.027256 234 1
1700814216.027833 234 1
1700814216.028483 231 1
1700814216.030591 231 1
1700814216.031109 231 1
1700814216.035427 231 1
1700814216.036595 60 -1
1700814216.036595 1115 -1
1700814216.036595 14654 -1
1700814216.036595 593 -1
1700814216.036758 54 1
1700814216.046526 60 -1
1700814216.046526 1244 -1
1700814216.046526 380 -1
1700814216.046526 1174 -1
1700814216.046526 476 -1
1700814216.046526 7354 -1
1700814216.046526 7354 -1
1700814216.046526 1708 -1
1700814216.046526 1211 -1
1700814216.046526 12079 -1
1700814216.046526 4434 -1
1700814216.046526 7354 -1
1700814216.046526 4780 -1
1700814216.046526 5452 -1
1700814216.046526 1245 -1
1700814216.046526 378 -1
1700814216.046526 7354 -1
1700814216.046526 3962 -1
1700814216.046526 1239 -1
1700814216.046526 385 -1
1700814216.046526 7354 -1
1700814216.047599 54 1
1700814216.047736 5010 -1
1700814216.047736 1238 -1
1700814216.047736 387 -1
1700814216.047736 7354 -1
1700814216.047858 54 1
1700814216.057245 623 -1
1700814216.057930 1239 -1
1700814216.057930 389 -1
1700814216.058009 54 1
1700814216.058220 7198 -1
1700814216.058289 54 1
1700814217.755806 236 1
1700814217.755934 231 1
1700814217.758480 60 -1
1700814217.760493 1113 -1
1700814217.760569 12574 -1
1700814217.760657 54 1
1700814217.761430 1112 -1
1700814217.761841 11349 -1
1700814217.761877 54 1
1700814217.764042 89 1
1700814217.766135 250 1
1700814217.766226 226 1
1700814217.766344 227 1
1700814217.766449 235 1
1700814217.766533 227 1
1700814217.766627 229 1
1700814217.768377 60 -1
1700814217.775457 1177 -1
1700814217.775457 479 -1
1700814217.775457 1167 -1
1700814217.775457 486 -1
1700814217.775457 11587 -1
1700814217.775600 54 1
1700814217.779265 4183 -1
1700814217.779265 1194 -1
1700814217.779265 450 -1
1700814217.779265 7354 -1
1700814217.779265 7354 -1
1700814217.779265 1860 -1
1700814217.779265 7354 -1
1700814217.779265 5857 -1
1700814217.779265 1174 -1
1700814217.779442 54 1
1700814217.779607 9378 -1
1700814217.779643 54 1
1700814217.780079 1194 -1
1700814217.780136 448 -1
1700814217.780153 54 1
1700814217.780187 7354 -1
1700814217.780210 54 1
1700814217.780794 3696 -1
1700814217.780824 54 1
1700814217.782621 1193 -1
1700814217.782621 451 -1
1700814217.782621 4884 -1
1700814217.782681 54 1
1700814218.609331 54 1
1700814218.613430 78 -1
1700814218.613430 60 -1
1700814218.613580 54 1
1700814220.153657 66 1
1700814220.154817 66 -1
1700814220.154932 54 1
1700814220.166982 631 1
1700814220.171658 66 1
1700814220.172528 66 1
1700814220.173241 66 1
1700814220.173736 66 -1
1700814220.173867 54 1
1700814220.173988 66 1
1700814220.174537 631 1
1700814220.175453 66 1
1700814220.185324 66 -1
1700814220.185324 60 -1
1700814220.185324 2974 -1
1700814220.185324 956 -1
1700814220.185555 54 1
1700814220.185625 54 1
1700814220.188209 663 1
1700814220.195464 66 -1
1700814220.195655 54 1
1700814220.196305 663 1
1700814220.197911 66 -1
1700814220.197911 66 -1
1700814220.198051 54 1
1700814220.198190 54 1
1700814220.199341 631 1
1700814220.199772 572 1
1700814220.201145 60 -1
1700814220.201145 2974 -1
1700814220.201145 956 -1
1700814220.201234 54 1
1700814220.201986 60 -1
1700814220.201986 60 -1
1700814220.203253 60 -1
1700814220.204072 2974 -1
1700814220.204132 54 1
1700814220.204183 956 -1
1700814220.205238 2974 -1
1700814220.205310 54 1
1700814220.205349 956 -1
1700814220.205843 2974 -1
1700814220.205896 54 1
1700814220.205951 956 -1
1700814220.208087 134 1
1700814220.208858 134 1
1700814220.209511 134 1
1700814220.210184 134 1
1700814220.211418 134 1
1700814220.211763 54 1
1700814220.211944 54 1
1700814220.212095 54 1
1700814220.212210 54 1
1700814220.212348 146 1
1700814220.212441 54 1
1700814220.213171 586 1
1700814220.213272 226 1
1700814220.213348 229 1
1700814220.213431 230 1
1700814220.213548 231 1
1700814220.213679 229 1
1700814220.217554 60 -1
1700814220.217554 341 -1
1700814220.217554 341 -1
1700814220.217554 60 -1
1700814220.217554 93 -1
1700814220.217554 78 -1
1700814220.217554 60 -1
1700814220.217600 60 -1
1700814220.217600 60 -1
1700814220.217600 60 -1
1700814220.217600 60 -1
1700814220.217600 60 -1
1700814220.217600 60 -1
1700814220.217600 341 -1
1700814220.217600 60 -1
1700814220.217600 60 -1
1700814220.217600 341 -1
1700814220.217600 60 -1
1700814220.217600 341 -1
1700814220.217600 341 -1
1700814220.217600 93 -1
1700814220.217600 78 -1
1700814220.217600 60 -1
1700814220.217656 54 1
1700814220.217735 54 1
1700814220.217792 54 1
1700814220.218703 60 -1
1700814220.218703 957 -1
1700814220.218703 60 -1
1700814220.218788 66 1
1700814220.218845 66 1
1700814220.221206 2974 -1
1700814220.221274 54 1
1700814220.242338 60 -1
1700814220.242338 341 -1
1700814220.242338 341 -1
1700814220.242338 93 -1
1700814220.242338 78 -1
1700814220.242338 60 -1
1700814220.242441 54 1
1700814220.243133 341 -1
1700814220.243133 341 -1
1700814220.243133 93 -1
1700814220.243133 78 -1
1700814220.243133 60 -1
1700814220.243197 54 1
1700814220.247730 115 -1
1700814220.247730 85 -1
1700814220.247730 1198 -1
1700814220.247730 446 -1
1700814220.247730 7354 -1
1700814220.247730 4434 -1
1700814220.247730 4434 -1
1700814220.247730 3046 -1
1700814220.247730 7354 -1
1700814220.247730 380 -1
1700814220.247730 1227 -1
1700814220.247730 409 -1
1700814220.247730 2974 -1
1700814220.247730 726 -1
1700814220.247730 1199 -1
1700814220.247730 442 -1
1700814220.247730 1193 -1
1700814220.247730 450 -1
1700814220.247730 10297 -1
1700814220.247730 1170 -1
1700814220.247730 483 -1
1700814220.247730 7430 -1
1700814220.247730 7009 -1
1700814220.248086 54 1
1700814220.251295 85 1
1700814220.256873 60 -1
1700814220.279143 229 1
1700814220.279275 229 1
1700814220.282159 60 -1
1700814220.292839 1195 -1
1700814220.292839 450 -1
1700814220.292839 1174 -1
1700814220.292839 482 -1
1700814220.292839 2076 -1
1700814220.292839 7498 -1
1700814220.293015 54 1
1700814221.767374 228 1
1700814221.767968 227 1
1700814221.768544 227 1
1700814221.769044 227 1
1700814221.769556 230 1
1700814221.795222 60 -1
1700814221.795222 60 -1
1700814221.795222 60 -1
1700814221.795222 60 -1
1700814221.795222 60 -1
1700814221.795222 1174 -1
1700814221.795222 477 -1
1700814221.795222 7354 -1
1700814221.795222 4434 -1
1700814221.795222 908 -1
1700814221.795222 1174 -1
1700814221.795222 3155 -1
1700814221.795222 1144 -1
1700814221.795222 523 -1
1700814221.795222 7354 -1
1700814221.795222 4434 -1
1700814221.795222 9501 -1
1700814221.795549 54 1
1700814221.803711 230 1
1700814221.806488 1198 -1
1700814221.806488 446 -1
1700814221.806488 1199 -1
1700814221.806488 449 -1
1700814221.806488 7354 -1
1700814221.806488 4434 -1
1700814221.806488 4434 -1
1700814221.806488 2246 -1
1700814221.806647 54 1
1700814221.822920 1175 -1
1700814221.822920 479 -1
1700814221.822920 7354 -1
1700814221.822920 4434 -1
1700814221.822920 3067 -1
1700814221.823093 54 1
1700814221.843791 227 1
1700814221.843923 228 1
1700814221.847937 60 -1
1700814221.857453 1172 -1
1700814221.857453 484 -1
1700814221.857453 1171 -1
1700814221.857453 483 -1
1700814221.857576 54 1
1700814221.857652 4925 -1
1700814221.857686 54 1
1700814221.858641 4397 -1
1700814221.858687 54 1
1700814223.424186 227 1
1700814223.424875 229 1
1700814223.432691 60 -1
1700814223.436884 228 1
1700814223.437678 227 1
1700814223.438365 228 1
1700814223.438949 230 1
1700814223.439580 228 1
1700814223.441969 1171 -1
1700814223.441969 484 -1
1700814223.442190 54 1
1700814223.443784 5894 -1
1700814223.443784 2237 -1
1700814223.443784 1197 -1
1700814223.443784 452 -1
1700814223.443784 60 -1
1700814223.443888 54 1
1700814223.445658 228 1
1700814223.446065 5489 -1
1700814223.446121 54 1
1700814223.452794 1172 -1
1700814223.452794 486 -1
1700814223.452794 1171 -1
1700814223.452896 54 1
1700814223.452965 6858 -1
1700814223.453009 54 1
1700814223.453507 484 -1
1700814223.453507 4262 -1
1700814223.453557 54 1
1700814223.454852 1172 -1
1700814223.454969 1175 -1
1700814223.454969 476 -1
1700814223.454969 479 -1
1700814223.455007 54 1
1700814223.456583 7354 -1
1700814223.456636 54 1
1700814223.457169 7354 -1
1700814223.457212 54 1
1700814223.457666 1860 -1
1700814223.457705 54 1
1700814223.457786 2177 -1
1700814223.457808 54 1
1700814223.457987 4434 -1
1700814223.458023 54 1
1700814223.458376 7354 -1
1700814223.458414 54 1
1700814223.459010 1997 -1
1700814223.459255 54 1
1700814223.460846 1171 -1
1700814223.460846 488 -1
1700814223.460911 54 1
1700814223.487268 2334 -1
1700814223.487268 1173 -1
1700814223.487268 482 -1
1700814223.487268 7729 -1
1700814223.487268 429 -1
1700814223.487426 66 1
1700814228.388966 230 1
1700814228.411781 231 1
1700814228.412359 226 1
1700814228.413024 229 1
1700814228.414361 1192 -1
1700814228.414361 448 -1
1700814228.414361 2974 -1
1700814228.414361 4912 -1
1700814228.414361 532 -1
1700814228.414495 66 1
1700814228.415478 227 1
1700814228.416109 228 1
1700814228.416689 229 1
1700814228.417233 229 1
1700814228.417991 89 1
1700814228.418454 60 -1
1700814228.419298 60 -1
1700814228.423523 1171 -1
1700814228.423523 484 -1
1700814228.423523 3870 -1
1700814228.423636 54 1
1700814228.425328 1143 -1
1700814228.425328 1162 -1
1700814228.425328 494 -1
1700814228.425328 526 -1
1700814228.425328 4096 -1
1700814228.425395 54 1
1700814228.425522 1172 -1
1700814228.425565 7354 -1
1700814228.425597 54 1
1700814228.426080 667 -1
1700814228.426352 482 -1
1700814228.426352 7088 -1
1700814228.426397 54 1
1700814228.429959 1171 -1
1700814228.429959 483 -1
1700814228.429959 7354 -1
1700814228.429959 3705 -1
1700814228.429959 1173 -1
1700814228.429959 482 -1
1700814228.430094 54 1
1700814228.437410 7354 -1
1700814228.437410 7354 -1
1700814228.437410 1860 -1
1700814228.437410 1206 -1
1700814228.437567 54 1
1700814228.439018 1173 -1
1700814228.439018 480 -1
1700814228.439083 54 1
1700814228.449805 7354 -1
1700814228.449893 54 1
1700814228.450645 4166 -1
1700814228.450690 54 1
1700814228.614990 54 1
1700814228.617319 78 -1
1700814228.617319 60 -1
1700814228.617399 54 1
1700814234.482318 66 1
1700814234.494482 66 -1
1700814234.494631 54 1
1700814234.495266 870 1
1700814234.505707 60 -1
1700814234.506794 318 -1
1700814234.508295 134 1
1700814234.508718 146 1
1700814234.509455 585 1
1700814234.509526 229 1
1700814234.509786 60 -1
1700814234.509859 341 -1
1700814234.509904 228 1
1700814234.510089 228 1
1700814234.511069 230 1
1700814234.511328 227 1
1700814234.511331 60 -1
1700814234.511331 60 -1
1700814234.511331 60 -1
1700814234.511331 60 -1
1700814234.511437 228 1
1700814234.511537 227 1
1700814234.512305 60 -1
1700814234.512305 60 -1
1700814234.512490 60 -1
1700814234.513572 60 -1
1700814234.513572 60 -1
1700814234.514342 115 -1
1700814234.514342 85 -1
1700814234.514396 54 1
1700814234.516549 85 1
1700814234.519051 60 -1
1700814234.519371 1172 -1
1700814234.519710 485 -1
1700814234.519738 54 1
1700814234.520088 7354 -1
1700814234.520272 54 1
1700814234.521620 738 -1
1700814234.521620 1171 -1
1700814234.521620 485 -1
1700814234.521620 1173 -1
1700814234.521674 54 1
1700814234.522000 479 -1
1700814234.522000 6130 -1
1700814234.522059 54 1
1700814234.523446 1600 -1
1700814234.523507 54 1
1700814234.526766 5024 -1
1700814234.526766 9512 -1
1700814234.526766 1172 -1
1700814234.526766 485 -1
1700814234.526766 6114 -1
1700814234.526916 54 1
1700814234.526983 6067 -1
1700814234.527029 54 1
1700814234.527955 1196 -1
1700814234.528050 450 -1
1700814234.528074 54 1
1700814234.528350 4239 -1
1700814234.528393 54 1
1700814234.528914 1172 -1
1700814234.528914 487 -1
1700814234.528941 54 1
1700814234.528986 4687 -1
1700814234.529021 54 1
1700814236.142205 227 1
1700814236.142353 228 1
1700814236.143522 60 -1
1700814236.145109 230 1
1700814236.145240 230 1
1700814236.145364 228 1
1700814236.145454 228 1
1700814236.145912 230 1
1700814236.148815 60 -1
1700814236.154056 1174 -1
1700814236.154056 485 -1
1700814236.154280 54 1
1700814236.154341 7354 -1
1700814236.154391 54 1
1700814236.155604 1006 -1
1700814236.155647 54 1
1700814236.156660 1171 -1
1700814236.156660 481 -1
1700814236.156660 1192 -1
1700814236.156660 2890 -1
1700814236.156660 450 -1
1700814236.156660 4434 -1
1700814236.156739 54 1
1700814236.158166 2939 -1
1700814236.158166 1193 -1
1700814236.158166 454 -1
1700814236.158166 4505 -1
1700814236.158238 54 1
1700814236.159672 1165 -1
1700814236.159672 491 -1
1700814236.159719 54 1
1700814236.160077 1514 -1
1700814236.160113 54 1
1700814236.160500 5372 -1
1700814236.160562 54 1
1700814236.162786 1170 -1
1700814236.162786 482 -1
1700814236.162825 54 1
1700814236.165560 66 1
1700814236.166704 66 -1
1700814236.166783 54 1
1700814236.182544 1196 -1
1700814236.182544 453 -1
1700814236.182544 6247 -1
1700814236.182544 5521 -1
1700814236.182544 1141 -1
1700814236.182707 66 1
1700814236.184925 631 1
1700814236.189058 60 -1
1700814236.192869 2974 -1
1700814236.192869 955 -1
1700814236.192966 54 1
1700814236.200974 134 1
1700814236.201387 146 1
1700814236.209041 581 1
1700814236.239639 60 -1
1700814236.239639 60 -1
1700814236.239639 60 -1
1700814236.239639 341 -1
1700814236.239639 341 -1
1700814236.239639 115 -1
1700814236.239639 85 -1
1700814236.239757 54 1
1700814236.240104 85 1
1700814236.241404 60 -1
1700814236.242507 1195 -1
1700814236.242507 570 -1
1700814236.242553 54 1
1700814236.242591 5894 -1
1700814236.242652 54 1
1700814236.242892 6729 -1
1700814236.242939 54 1
1700814237.879427 227 1
1700814237.879573 229 1
1700814237.879655 230 1
1700814237.880238 227 1
1700814237.880320 226 1
1700814237.882483 60 -1
1700814237.884999 228 1
1700814237.885125 228 1
1700814237.885225 228 1
1700814237.894671 60 -1
1700814237.894671 1138 -1
1700814237.894671 530 -1
1700814237.894671 1195 -1
1700814237.894671 452 -1
1700814237.894671 1168 -1
1700814237.894671 482 -1
1700814237.894671 1164 -1
1700814237.894671 7547 -1
1700814237.894671 16460 -1
1700814237.894671 1945 -1
1700814237.894671 7354 -1
1700814237.895029 54 1
1700814237.895208 1136 -1
1700814237.895208 6144 -1
1700814237.895257 54 1
1700814237.896078 1170 -1
1700814237.896078 484 -1
1700814237.896078 7021 -1
1700814237.896123 54 1
1700814237.900456 1195 -1
1700814237.900456 452 -1
1700814237.900532 54 1
1700814237.902714 4434 -1
1700814237.902714 3068 -1
1700814237.902801 54 1
1700814237.914445 1172 -1
1700814237.914445 483 -1
1700814237.914445 6868 -1
1700814237.914592 54 1
1700814237.933792 1028 -1
1700814237.933851 66 1
1700814237.940593 1169 -1
1700814237.940593 483 -1
1700814237.940593 2974 -1
1700814237.940593 5364 -1
1700814237.940740 54 1
1700814238.643537 54 1
1700814238.643711 54 1
1700814238.649649 78 -1
1700814238.649649 60 -1
1700814238.649649 78 -1
1700814238.649649 60 -1
1700814238.649879 54 1
1700814238.649928 54 1
1700814240.279594 66 1
1700814240.289042 66 -1
1700814240.289210 54 1
1700814240.289852 902 1
1700814240.291455 60 -1
1700814240.292081 318 -1
1700814240.293445 134 1
1700814240.293866 146 1
1700814240.294699 587 1
1700814240.294780 227 1
1700814240.294855 230 1
1700814240.294930 229 1
1700814240.295002 226 1
1700814240.295077 229 1
1700814240.295164 231 1
1700814240.295258 229 1
1700814240.299373 60 -1
1700814240.299373 341 -1
1700814240.302755 60 -1
1700814240.302755 60 -1
1700814240.302755 60 -1
1700814240.302755 60 -1
1700814240.302755 60 -1
1700814240.302755 60 -1
1700814240.302755 60 -1
1700814240.302755 60 -1
1700814240.302755 60 -1
1700814240.303452 115 -1
1700814240.303452 85 -1
1700814240.303525 54 1
1700814240.313996 1203 -1
1700814240.313996 443 -1
1700814240.313996 1198 -1
1700814240.313996 7354 -1
1700814240.313996 5025 -1
1700814240.313996 447 -1
1700814240.313996 1041 -1
1700814240.313996 9272 -1
1700814240.313996 3155 -1
1700814240.313996 5977 -1
1700814240.313996 3054 -1
1700814240.313996 7354 -1
1700814240.313996 7354 -1
1700814240.313996 466 -1
1700814240.313996 1139 -1
1700814240.313996 527 -1
1700814240.313996 4905 -1
1700814240.313996 478 -1
1700814240.313996 1141 -1
1700814240.314396 54 1
1700814240.315772 7354 -1
1700814240.315772 7354 -1
1700814240.315772 1514 -1
1700814240.315772 7354 -1
1700814240.315833 54 1
1700814240.316633 1715 -1
1700814240.316663 54 1
1700814240.316872 54 1
1700814240.318457 85 1
1700814240.321348 60 -1
1700814245.861785 227 1
1700814245.862425 229 1
1700814245.865159 226 1
1700814245.867403 60 -1
1700814245.880080 229 1
1700814245.882597 228 1
1700814245.884724 229 1
1700814245.884858 228 1
1700814245.884952 229 1
1700814245.890118 60 -1
1700814245.890118 60 -1
1700814245.890118 1200 -1
1700814245.890118 442 -1
1700814245.890118 1063 -1
1700814245.890118 7900 -1
1700814245.890118 6696 -1
1700814245.890118 1172 -1
1700814245.890118 482 -1
1700814245.890118 7354 -1
1700814245.890118 2051 -1
1700814245.890118 60 -1
1700814245.890118 60 -1
1700814245.890421 54 1
1700814245.907874 89 1
1700814245.922824 1042 -1
1700814245.922824 7708 -1
1700814245.922824 1193 -1
1700814245.922824 451 -1
1700814245.922824 7058 -1
1700814245.922824 1231 -1
1700814245.922824 403 -1
1700814245.922824 10017 -1
1700814245.922824 1197 -1
1700814245.922824 451 -1
1700814245.922824 7281 -1
1700814245.922824 1173 -1
1700814245.922824 485 -1
1700814245.922824 7354 -1
1700814245.922824 7354 -1
1700814245.922824 1191 -1
1700814245.922824 1191 -1
1700814245.923141 66 1
1700814245.964912 60 -1
1700814247.612323 227 1
1700814247.612457 229 1
1700814247.614106 227 1
1700814247.614888 60 -1
1700814247.614888 60 -1
1700814247.615104 60 -1
1700814247.616746 228 1
1700814247.617384 231 1
1700814247.619856 228 1
1700814247.619946 230 1
1700814247.620023 231 1
1700814247.620224 60 -1
1700814247.620224 60 -1
1700814247.621043 60 -1
1700814247.621043 60 -1
1700814247.621043 60 -1
1700814247.625272 1139 -1
1700814247.625272 527 -1
1700814247.625381 54 1
1700814247.627799 5803 -1
1700814247.627883 54 1
1700814247.629168 1174 -1
1700814247.629168 485 -1
1700814247.629239 54 1
1700814247.633101 7939 -1
1700814247.633258 54 1
1700814247.633479 1175 -1
1700814247.633479 1625 -1
1700814247.633515 54 1
1700814247.633554 451 -1
1700814247.633581 54 1
1700814247.633940 7354 -1
1700814247.633983 54 1
1700814247.634800 993 -1
1700814247.634800 1170 -1
1700814247.634800 7794 -1
1700814247.634868 54 1
1700814247.635515 1191 -1
1700814247.635515 451 -1
1700814247.635515 3585 -1
1700814247.635570 54 1
1700814247.635614 6746 -1
1700814247.635636 54 1
1700814247.638860 1198 -1
1700814247.638860 453 -1
1700814247.638936 54 1
1700814247.639510 4920 -1
1700814247.639556 54 1
1700814247.650413 1191 -1
1700814247.650413 454 -1
1700814247.650413 3846 -1
1700814247.650527 54 1
1700814248.651656 54 1
1700814248.656883 78 -1
1700814248.656883 60 -1
1700814248.656945 54 1
1700814249.273563 66 1
1700814249.287429 66 -1
1700814249.290255 54 1
1700814249.291612 966 1
1700814249.296176 60 -1
1700814249.296176 318 -1
1700814249.297129 134 1
1700814249.297610 146 1
1700814249.298675 585 1
1700814249.298806 229 1
1700814249.298921 229 1
1700814249.299040 229 1
1700814249.299146 229 1
1700814249.299265 229 1
1700814249.299401 230 1
1700814249.299502 228 1
1700814249.300636 60 -1
1700814249.300636 60 -1
1700814249.300636 341 -1
1700814249.300636 115 -1
1700814249.300636 85 -1
1700814249.300636 60 -1
1700814249.300636 60 -1
1700814249.300636 60 -1
1700814249.300636 60 -1
1700814249.300636 60 -1
1700814249.300636 60 -1
1700814249.300636 60 -1
1700814249.300995 54 1
1700814249.301382 60 -1
1700814249.301619 85 1
1700814249.302708 60 -1
1700814249.308685 1043 -1
1700814249.308796 3374 -1
1700814249.308987 54 1
1700814249.309561 1172 -1
1700814249.309658 482 -1
1700814249.309681 54 1
1700814249.310151 4062 -1
1700814249.310191 54 1
1700814249.310644 1194 -1
1700814249.310644 455 -1
1700814249.310689 54 1
1700814249.311887 3649 -1
1700814249.311937 54 1
1700814249.317328 1173 -1
1700814249.317328 483 -1
1700814249.317404 54 1
1700814249.317511 4531 -1
1700814249.317541 54 1
1700814249.318512 1195 -1
1700814249.319136 450 -1
1700814249.319136 1145 -1
1700814249.319136 523 -1
1700814249.319136 4973 -1
1700814249.319136 6961 -1
1700814249.319260 54 1
1700814249.322891 1174 -1
1700814249.322891 481 -1
1700814249.322967 54 1
1700814249.324595 6493 -1
1700814249.324634 54 1
1700814249.360531 1172 -1
1700814249.360531 485 -1
1700814249.360531 2427 -1
1700814249.360624 54 1
1700814251.869207 228 1
1700814251.870205 227 1
1700814251.870379 60 -1
1700814251.871543 60 -1
1700814251.871902 229 1
1700814251.872006 231 1
1700814251.872086 229 1
1700814251.872357 229 1
1700814251.872487 227 1
1700814251.873074 228 1
1700814251.874215 60 -1
1700814251.874215 60 -1
1700814251.874215 60 -1
1700814251.874215 60 -1
1700814251.875682 60 -1
1700814251.882025 1174 -1
1700814251.882025 483 -1
1700814251.882107 54 1
1700814251.882175 1171 -1
1700814251.882175 483 -1
1700814251.882175 5109 -1
1700814251.882252 54 1
1700814251.901390 1600 -1
1700814251.901390 7354 -1
1700814251.901390 2269 -1
1700814251.901390 1208 -1
1700814251.901390 437 -1
1700814251.901390 2683 -1
1700814251.901390 1045 -1
1700814251.901390 12373 -1
1700814251.901390 7354 -1
1700814251.901390 3384 -1
1700814251.901390 1175 -1
1700814251.901390 1601 -1
1700814251.901390 485 -1
1700814251.901390 6395 -1
1700814251.901390 7354 -1
1700814251.901390 907 -1
1700814251.901718 54 1
1700814251.932820 1199 -1
1700814251.932820 444 -1
1700814251.932897 54 1
1700814251.933165 10176 -1
1700814251.933230 54 1
1700814257.654990 228 1
1700814257.655124 226 1
1700814257.655209 230 1
1700814257.655780 230 1
1700814257.655863 228 1
1700814257.655940 227 1
1700814257.656055 232 1
1700814257.656186 227 1
1700814257.659159 60 -1
1700814257.659159 60 -1
1700814257.692544 1196 -1
1700814257.692544 1171 -1
1700814257.692544 4654 -1
1700814257.692544 448 -1
1700814257.692544 488 -1
1700814257.692544 4622 -1
1700814257.692544 1170 -1
1700814257.692544 485 -1
1700814257.692544 1171 -1
1700814257.692544 483 -1
1700814257.692544 1042 -1
1700814257.692544 4972 -1
1700814257.692544 7354 -1
1700814257.692544 1101 -1
1700814257.692544 1599 -1
1700814257.692544 4434 -1
1700814257.692544 7354 -1
1700814257.692544 2079 -1
1700814257.692544 4434 -1
1700814257.692544 2626 -1
1700814257.692544 1171 -1
1700814257.692544 490 -1
1700814257.692544 5633 -1
1700814257.692544 1175 -1
1700814257.692544 482 -1
1700814257.692544 4434 -1
1700814257.692544 3285 -1
1700814257.692925 66 1
1700814257.693018 66 1
1700814257.693059 54 1
1700814257.693242 54 1
1700814257.699214 365 -1
1700814257.699309 66 1
1700814257.702433 448 -1
1700814257.702494 66 1
1700814257.711054 89 1
1700814257.755303 60 -1
1700814258.660176 54 1
1700814258.666515 78 -1
1700814258.666515 60 -1
1700814258.666627 54 1
1700814259.355455 66 1
1700814259.356688 66 -1
1700814259.356786 54 1
1700814259.357366 870 1
1700814259.358456 60 -1
1700814259.359511 318 -1
1700814259.360044 134 1
1700814259.360800 146 1
1700814259.360954 60 -1
1700814259.361725 60 -1
1700814259.361982 584 1
1700814259.362076 219 1
1700814259.362165 228 1
1700814259.362224 229 1
1700814259.362843 228 1
1700814259.362928 229 1
1700814259.369668 227 1
1700814259.375635 60 -1
1700814259.375635 341 -1
1700814259.391224 228 1
1700814259.398135 115 -1
1700814259.398135 85 -1
1700814259.398135 60 -1
1700814259.398135 60 -1
1700814259.398135 60 -1
1700814259.398135 60 -1
1700814259.398135 60 -1
1700814259.398135 60 -1
1700814259.398135 85 -1
1700814259.398135 1046 -1
1700814259.398135 7208 -1
1700814259.398135 1196 -1
1700814259.398135 451 -1
1700814259.398135 1171 -1
1700814259.398135 485 -1
1700814259.398135 3098 -1
1700814259.398135 1195 -1
1700814259.398135 6535 -1
1700814259.398135 445 -1
1700814259.398135 1172 -1
1700814259.398135 484 -1
1700814259.398135 11337 -1
1700814259.398135 6372 -1
1700814259.398416 66 1
1700814259.398582 54 1
1700814259.400505 85 1
1700814259.401410 60 -1
1700814259.401410 1175 -1
1700814259.404538 478 -1
1700814259.404538 5496 -1
1700814259.404538 1170 -1
1700814259.404538 485 -1
1700814259.404538 8064 -1
1700814259.404538 1176 -1
1700814259.404538 477 -1
1700814259.404871 54 1
1700814259.412179 7354 -1
1700814259.412179 5546 -1
1700814259.412305 54 1
1700814261.134349 228 1
1700814261.139740 228 1
1700814261.141186 230 1
1700814261.141245 227 1
1700814261.141339 230 1
1700814261.141422 228 1
1700814261.145722 60 -1
1700814261.147341 227 1
1700814261.147563 222 1
1700814261.162095 60 -1
1700814261.162095 1194 -1
1700814261.162095 452 -1
1700814261.162095 1171 -1
1700814261.162095 483 -1
1700814261.162095 1012 -1
1700814261.162095 5894 -1
1700814261.162095 6805 -1
1700814261.162095 7354 -1
1700814261.162095 2146 -1
1700814261.162095 4983 -1
1700814261.162095 1176 -1
1700814261.162095 479 -1
1700814261.162095 5894 -1
1700814261.162095 5219 -1
1700814261.162478 54 1
1700814261.164130 1194 -1
1700814261.164130 451 -1
1700814261.164130 1172 -1
1700814261.164130 478 -1
1700814261.164130 7312 -1
1700814261.164130 7354 -1
1700814261.164130 6660 -1
1700814261.164130 1193 -1
1700814261.164130 448 -1
1700814261.164130 2938 -1
1700814261.164130 1199 -1
1700814261.164130 448 -1
1700814261.164325 54 1
1700814261.170051 7354 -1
1700814261.170051 7354 -1
1700814261.170051 1860 -1
1700814261.170051 1372 -1
1700814261.170192 54 1
1700814263.690085 228 1
1700814263.696847 229 1
1700814263.699005 228 1
1700814263.699091 228 1
1700814263.699159 228 1
1700814263.699496 227 1
1700814263.699586 227 1
1700814263.699655 231 1
1700814263.702379 1175 -1
1700814263.709999 7110 -1
1700814263.709999 60 -1
1700814263.709999 60 -1
1700814263.709999 1197 -1
1700814263.709999 451 -1
1700814263.709999 8127 -1
1700814263.710189 54 1
1700814263.710830 1227 -1
1700814263.710830 407 -1
1700814263.710830 7354 -1
1700814263.710830 2185 -1
1700814263.710899 54 1
1700814263.711947 1172 -1
1700814263.711947 482 -1
1700814263.711947 1066 -1
1700814263.711947 8475 -1
1700814263.712015 54 1
1700814263.714801 7277 -1
1700814263.714801 1171 -1
1700814263.714801 482 -1
1700814263.714801 6863 -1
1700814263.714801 1196 -1
1700814263.714801 450 -1
1700814263.714801 7354 -1
1700814263.714801 1404 -1
1700814263.714984 54 1
1700814263.717620 1172 -1
1700814263.717620 476 -1
1700814263.717620 7354 -1
1700814263.717620 7354 -1
1700814263.717620 773 -1
1700814263.717732 54 1
1700814268.690672 54 1
1700814268.709704 78 -1
1700814268.709704 60 -1
1700814268.709985 54 1
1700814268.735276 60 -1
1700814269.894144 66 1
1700814269.911646 66 -1
1700814269.911796 54 1
1700814269.913553 902 1
1700814269.921646 60 -1
1700814269.922769 318 -1
1700814269.923420 134 1
1700814269.923912 146 1
1700814269.924885 585 1
1700814269.924990 230 1
1700814269.925082 228 1
1700814269.925171 228 1
1700814269.925272 228 1
1700814269.925382 229 1
1700814269.925468 230 1
1700814269.925562 230 1
1700814269.931696 60 -1
1700814269.933039 60 -1
1700814269.933039 60 -1
1700814269.933039 60 -1
1700814269.933039 60 -1
1700814269.933039 60 -1
1700814269.933039 60 -1
1700814269.933039 60 -1
1700814269.933039 341 -1
1700814269.933039 60 -1
1700814269.933039 60 -1
1700814269.935118 115 -1
1700814269.935118 85 -1
1700814269.935197 54 1
1700814269.935668 85 1
1700814269.935834 1042 -1
1700814269.935834 4976 -1
1700814269.935900 54 1
1700814269.937871 60 -1
1700814269.939187 1172 -1
1700814269.939187 1171 -1
1700814269.939187 487 -1
1700814269.939187 482 -1
1700814269.939187 6711 -1
1700814269.939318 54 1
1700814269.939567 4715 -1
1700814269.939598 54 1
1700814269.940878 1175 -1
1700814269.940878 478 -1
1700814269.940878 1171 -1
1700814269.940878 482 -1
1700814269.940878 12448 -1
1700814269.940953 54 1
1700814269.942294 7354 -1
1700814269.942374 54 1
1700814269.942815 1909 -1
1700814269.942860 54 1
1700814269.945707 1194 -1
1700814269.945707 452 -1
1700814269.945791 54 1
1700814269.947612 4417 -1
1700814269.947661 54 1
1700814269.957696 1171 -1
1700814269.957696 485 -1
1700814269.957797 54 1
1700814269.962163 6838 -1
1700814269.962265 54 1
1700814269.965928 1197 -1
1700814269.965928 448 -1
1700814269.966005 54 1
1700814269.969195 6755 -1
1700814269.969286 54 1
1700814271.085480 54 1
1700814271.111752 78 -1
1700814271.111752 60 -1
1700814271.111752 60 -1
1700814271.111877 54 1
