1700814802.989083 66 1
1700814802.991036 66 -1
1700814802.991144 54 1
1700814803.005595 669 1
1700814803.035543 60 -1
1700814803.035543 2974 -1
1700814803.035543 957 -1
1700814803.035605 54 1
1700814803.049468 66 1
1700814803.050463 66 -1
1700814803.050557 54 1
1700814803.052866 134 1
1700814803.053817 60 -1
1700814803.055096 341 -1
1700814803.055096 341 -1
1700814803.055140 54 1
1700814803.055823 637 1
1700814803.058874 60 -1
1700814803.058874 2974 -1
1700814803.058874 958 -1
1700814803.058906 146 1
1700814803.058942 54 1
1700814803.059046 54 1
1700814803.059114 54 1
1700814803.059660 597 1
1700814803.059749 234 1
1700814803.168108 60 -1
1700814803.168108 60 -1
1700814803.168108 60 -1
1700814803.168108 115 -1
1700814803.168108 85 -1
1700814803.168108 1206 -1
1700814803.168108 427 -1
1700814803.168108 1238 -1
1700814803.168108 5098 -1
1700814803.168108 4110 -1
1700814803.168703 54 1
1700814803.177214 85 1
1700814803.189056 60 -1
1700814803.469656 231 1
1700814803.470702 60 -1
1700814803.484427 1238 -1
1700814803.484427 385 -1
1700814803.484427 7354 -1
1700814803.484546 54 1
1700814803.487560 2142 -1
1700814803.487647 54 1
1700814803.495079 235 1
1700814803.499967 237 1
1700814803.500889 236 1
1700814803.501458 232 1
1700814803.502111 236 1
1700814803.502765 235 1
1700814803.503542 232 1
1700814803.504253 235 1
1700814803.504827 236 1
1700814803.505418 237 1
1700814803.506088 232 1
1700814803.506200 237 1
1700814803.506820 234 1
1700814803.508484 1230 -1
1700814803.508484 391 -1
1700814803.508484 3837 -1
1700814803.508571 54 1
1700814803.523267 60 -1
1700814803.523267 60 -1
1700814803.523267 60 -1
1700814803.523267 1245 -1
1700814803.523267 383 -1
1700814803.523267 11041 -1
1700814803.523267 1208 -1
1700814803.523267 3742 -1
1700814803.523267 1238 -1
1700814803.523267 389 -1
1700814803.523267 1217 -1
1700814803.523267 418 -1
1700814803.523267 4434 -1
1700814803.523267 3782 -1
1700814803.523267 2974 -1
1700814803.523267 7354 -1
1700814803.523267 5894 -1
1700814803.523267 5230 -1
1700814803.523267 5880 -1
1700814803.523267 7354 -1
1700814803.523267 4434 -1
1700814803.523267 4434 -1
1700814803.523267 5894 -1
1700814803.523267 8488 -1
1700814803.523267 1566 -1
1700814803.523267 16114 -1
1700814803.523743 66 1
1700814803.523805 66 1
1700814803.523864 54 1
1700814803.524053 54 1
1700814803.524185 6954 -1
1700814803.524234 54 1
1700814803.524427 1239 -1
1700814803.524576 385 -1
1700814803.524576 1236 -1
1700814803.524604 54 1
1700814803.524654 389 -1
1700814803.524691 54 1
1700814803.524741 4434 -1
1700814803.524778 66 1
1700814803.528571 7354 -1
1700814803.528672 54 1
1700814803.528747 7354 -1
1700814803.528803 54 1
1700814803.529737 1860 -1
1700814803.529737 404 -1
1700814803.529737 3430 -1
1700814803.529791 54 1
1700814803.530579 54 1
1700814803.546850 1242 -1
1700814803.546850 378 -1
1700814803.546925 54 1
1700814803.553362 7354 -1
1700814803.553427 54 1
1700814803.553761 4366 -1
1700814803.553790 54 1
1700814804.583441 210 1
1700814804.610647 1262 -1
1700814804.610647 363 -1
1700814804.610647 2336 -1
1700814804.610768 54 1
1700814805.342762 54 1
1700814805.345646 78 -1
1700814805.345688 54 1
1700814805.345769 60 -1
1700814810.836552 66 1
1700814810.858457 66 -1
1700814810.858653 54 1
1700814810.860884 876 1
1700814810.880224 60 -1
1700814810.880224 318 -1
1700814810.881058 134 1
1700814810.881575 146 1
1700814810.882386 595 1
1700814810.882465 232 1
1700814810.882536 235 1
1700814810.882618 238 1
1700814810.882695 235 1
1700814810.882763 236 1
1700814810.882837 235 1
1700814810.882921 237 1
1700814810.902704 60 -1
1700814810.902704 60 -1
1700814810.902704 60 -1
1700814810.902704 60 -1
1700814810.902704 60 -1
1700814810.902704 60 -1
1700814810.902704 60 -1
1700814810.902704 60 -1
1700814810.902704 60 -1
1700814810.902704 60 -1
1700814810.902704 341 -1
1700814810.902704 115 -1
1700814810.902704 85 -1
1700814810.902704 1240 -1
1700814810.902704 380 -1
1700814810.902704 1235 -1
1700814810.902704 7354 -1
1700814810.902704 4434 -1
1700814810.902704 5200 -1
1700814810.902704 7354 -1
1700814810.902704 3383 -1
1700814810.902704 7354 -1
1700814810.902704 4159 -1
1700814810.902704 6899 -1
1700814810.903140 54 1
1700814810.904394 7354 -1
1700814810.904394 182 -1
1700814810.904394 1570 -1
1700814810.904394 7683 -1
1700814810.904519 54 1
1700814810.907444 85 1
1700814810.919329 60 -1
1700814810.919329 1209 -1
1700814810.919329 428 -1
1700814810.919329 7207 -1
1700814810.919450 54 1
1700814814.340657 232 1
1700814814.340985 234 1
1700814814.341065 232 1
1700814814.341256 235 1
1700814814.341367 236 1
1700814814.342100 60 -1
1700814814.342100 60 -1
1700814814.342472 60 -1
1700814814.342472 60 -1
1700814814.342472 60 -1
1700814814.350501 1207 -1
1700814814.350501 430 -1
1700814814.350551 54 1
1700814814.350788 7354 -1
1700814814.350848 54 1
1700814814.351323 246 -1
1700814814.351364 54 1
1700814814.352478 1241 -1
1700814814.352536 384 -1
1700814814.352536 7354 -1
1700814814.352592 54 1
1700814814.353189 1940 -1
1700814814.353233 54 1
1700814814.353313 1241 -1
1700814814.353338 54 1
1700814814.353498 383 -1
1700814814.353900 1210 -1
1700814814.353900 428 -1
1700814814.353937 54 1
1700814814.354028 7354 -1
1700814814.354098 54 1
1700814814.354562 4663 -1
1700814814.354611 54 1
1700814814.354860 4365 -1
1700814814.354905 54 1
1700814814.363970 234 1
1700814814.364019 1243 -1
1700814814.364019 385 -1
1700814814.364019 6353 -1
1700814814.364145 54 1
1700814814.364243 235 1
1700814814.364333 235 1
1700814814.391092 60 -1
1700814814.391092 1242 -1
1700814814.391092 380 -1
1700814814.391092 7354 -1
1700814814.391092 7354 -1
1700814814.391092 1501 -1
1700814814.391283 54 1
1700814814.395183 1213 -1
1700814814.395183 421 -1
1700814814.395183 4593 -1
1700814814.395299 54 1
1700814814.415200 1242 -1
1700814814.415200 381 -1
1700814814.415200 7354 -1
1700814814.415200 3595 -1
1700814814.415330 54 1
1700814815.360342 54 1
1700814815.379650 78 -1
1700814815.379650 60 -1
1700814815.379714 54 1
1700814825.607263 66 1
1700814825.641422 66 -1
1700814825.641588 54 1
1700814825.642312 908 1
1700814825.648002 60 -1
1700814825.649393 318 -1
1700814825.658369 134 1
1700814825.658812 146 1
1700814825.659313 591 1
1700814825.659381 232 1
1700814825.659464 235 1
1700814825.688640 60 -1
1700814825.688640 60 -1
1700814825.688640 60 -1
1700814825.688640 60 -1
1700814825.688640 60 -1
1700814825.688640 341 -1
1700814825.688640 115 -1
1700814825.688640 85 -1
1700814825.688640 1241 -1
1700814825.688640 384 -1
1700814825.688640 1514 -1
1700814825.688640 7354 -1
1700814825.688640 7354 -1
1700814825.688640 400 -1
1700814825.688640 6096 -1
1700814825.688640 1243 -1
1700814825.688640 381 -1
1700814825.688640 1242 -1
1700814825.688640 387 -1
1700814825.688640 6071 -1
1700814825.688640 1514 -1
1700814825.688640 2126 -1
1700814825.688940 54 1
1700814825.690576 85 1
1700814825.707143 60 -1
1700814828.895682 234 1
1700814828.895802 232 1
1700814828.895893 234 1
1700814828.895972 234 1
1700814828.896063 235 1
1700814828.899648 60 -1
1700814828.899648 60 -1
1700814828.899648 60 -1
1700814828.899648 60 -1
1700814828.899648 60 -1
1700814828.904311 1242 -1
1700814828.905932 13337 -1
1700814828.905932 1566 -1
1700814828.905932 4021 -1
1700814828.906048 66 1
1700814828.906112 54 1
1700814828.906148 54 1
1700814828.912051 1210 -1
1700814828.912051 422 -1
1700814828.912051 16460 -1
1700814828.912215 54 1
1700814828.913247 7354 -1
1700814828.913288 54 1
1700814828.913856 3196 -1
1700814828.913894 54 1
1700814828.922995 1237 -1
1700814828.922995 388 -1
1700814828.922995 4434 -1
1700814828.922995 567 -1
1700814828.923126 54 1
1700814828.986765 1239 -1
1700814828.986765 389 -1
1700814828.986857 54 1
1700814829.032254 3599 -1
1700814829.032254 679 -1
1700814829.032342 66 1
1700814829.471931 54 1
1700814829.473384 78 -1
1700814829.473384 60 -1
1700814829.473450 54 1
1700814829.872941 66 1
1700814829.874864 66 -1
1700814829.875004 54 1
1700814829.876324 972 1
1700814829.877604 60 -1
1700814829.878090 318 -1
1700814829.878964 134 1
1700814829.879378 146 1
1700814829.880168 591 1
1700814829.880293 235 1
1700814829.880394 236 1
1700814829.880487 235 1
1700814829.880577 235 1
1700814829.880666 231 1
1700814829.880755 234 1
1700814829.880866 237 1
1700814829.883443 60 -1
1700814829.883443 60 -1
1700814829.883443 60 -1
1700814829.883443 60 -1
1700814829.883443 60 -1
1700814829.883443 60 -1
1700814829.883443 60 -1
1700814829.883443 60 -1
1700814829.883443 60 -1
1700814829.883443 60 -1
1700814829.883443 341 -1
1700814829.884425 115 -1
1700814829.884425 85 -1
1700814829.884483 54 1
1700814829.885602 85 1
1700814829.894578 60 -1
1700814829.894578 1243 -1
1700814829.894578 385 -1
1700814829.894578 7354 -1
1700814829.894578 7354 -1
1700814829.894578 1860 -1
1700814829.894578 1054 -1
1700814829.894578 1240 -1
1700814829.894578 384 -1
1700814829.894578 3478 -1
1700814829.894578 1216 -1
1700814829.894578 418 -1
1700814829.894578 1239 -1
1700814829.894578 386 -1
1700814829.894578 1241 -1
1700814829.894578 388 -1
1700814829.894578 7354 -1
1700814829.894578 2974 -1
1700814829.894578 6240 -1
1700814829.894578 4159 -1
1700814829.894578 5894 -1
1700814829.894578 7354 -1
1700814829.894578 3320 -1
1700814829.894578 7354 -1
1700814829.895038 66 1
1700814829.901625 1514 -1
1700814829.901625 7354 -1
1700814829.901625 4434 -1
1700814829.901625 1514 -1
1700814829.901720 54 1
1700814829.901788 54 1
1700814829.902547 54 1
1700814829.909576 7354 -1
1700814829.909576 7354 -1
1700814829.909576 7354 -1
1700814829.909576 7354 -1
1700814829.909576 464 -1
1700814829.909714 54 1
1700814833.934854 232 1
1700814833.940542 60 -1
1700814833.941422 235 1
1700814833.941809 235 1
1700814833.942536 60 -1
1700814833.942958 60 -1
1700814833.947721 237 1
1700814833.951657 232 1
1700814833.952150 60 -1
1700814833.952586 60 -1
1700814833.955279 235 1
1700814833.955770 232 1
1700814833.956326 237 1
1700814833.959012 60 -1
1700814833.959012 60 -1
1700814833.959012 60 -1
1700814833.967823 1209 -1
1700814833.967823 425 -1
1700814833.967823 1238 -1
1700814833.967823 387 -1
1700814833.967905 54 1
1700814833.976665 7354 -1
1700814833.976665 3116 -1
1700814833.976665 2974 -1
1700814833.976665 13540 -1
1700814833.976822 54 1
1700814833.989728 3072 -1
1700814833.989728 3089 -1
1700814833.989728 1238 -1
1700814833.989728 388 -1
1700814833.989728 5499 -1
1700814833.989728 1245 -1
1700814833.989728 6836 -1
1700814833.989728 1236 -1
1700814833.989728 11901 -1
1700814833.989728 386 -1
1700814833.989728 4236 -1
1700814833.989728 4870 -1
1700814833.989728 1241 -1
1700814833.989728 381 -1
1700814833.989728 1514 -1
1700814833.989728 7354 -1
1700814833.989728 602 -1
1700814833.990026 54 1
1700814835.903929 234 1
1700814835.920970 1243 -1
1700814835.920970 380 -1
1700814835.920970 7354 -1
1700814835.920970 288 -1
1700814835.921091 54 1
1700814835.923515 232 1
1700814835.924517 234 1
1700814835.924609 234 1
1700814835.924683 235 1
1700814835.924770 232 1
1700814835.924852 236 1
1700814835.924935 234 1
1700814835.925541 89 1
1700814835.928285 60 -1
1700814835.928285 60 -1
1700814835.935431 1239 -1
1700814835.935431 387 -1
1700814835.935571 54 1
1700814835.937915 1241 -1
1700814835.937915 383 -1
1700814835.937915 7354 -1
1700814835.937915 2167 -1
1700814835.938084 54 1
1700814835.938190 4434 -1
1700814835.938248 54 1
1700814835.938513 10333 -1
1700814835.938590 54 1
1700814835.943381 1240 -1
1700814835.943381 382 -1
1700814835.943381 1238 -1
1700814835.943381 7354 -1
1700814835.943381 1432 -1
1700814835.943381 388 -1
1700814835.943381 1236 -1
1700814835.943381 389 -1
1700814835.943381 1514 -1
1700814835.943381 5643 -1
1700814835.943381 7906 -1
1700814835.943381 1241 -1
1700814835.943381 386 -1
1700814835.943381 7354 -1
1700814835.943647 54 1
1700814835.946314 138 -1
1700814836.008815 54 1
1700814836.023552 1210 -1
1700814836.023552 424 -1
1700814836.023638 54 1
1700814836.023705 7354 -1
1700814836.023743 54 1
1700814836.024105 7354 -1
1700814836.024149 54 1
1700814836.024673 1860 -1
1700814836.024706 54 1
1700814836.024806 3369 -1
1700814836.024831 54 1
1700814837.835364 237 1
1700814837.840905 234 1
1700814837.843170 234 1
1700814837.843279 236 1
1700814837.843342 234 1
1700814837.843720 234 1
1700814837.844158 235 1
1700814837.844530 234 1
1700814837.844786 60 -1
1700814837.850824 60 -1
1700814837.853989 385 -1
1700814837.853989 1242 -1
1700814837.854067 66 1
1700814837.854128 54 1
1700814837.854509 1238 -1
1700814837.854509 384 -1
1700814837.854509 1244 -1
1700814837.854509 386 -1
1700814837.854509 7354 -1
1700814837.854584 54 1
1700814837.854840 2870 -1
1700814837.854872 54 1
1700814837.855174 1241 -1
1700814837.855174 11252 -1
1700814837.855209 54 1
1700814837.856599 385 -1
1700814837.856599 7354 -1
1700814837.856668 54 1
1700814837.856731 1802 -1
1700814837.856761 54 1
1700814837.856870 4434 -1
1700814837.856908 54 1
1700814837.870542 7354 -1
1700814837.870542 4780 -1
1700814837.870542 85 -1
1700814837.870542 5214 -1
1700814837.870542 1245 -1
1700814837.870542 382 -1
1700814837.870542 7354 -1
1700814837.870542 2500 -1
1700814837.870542 1239 -1
1700814837.870542 390 -1
1700814837.870542 1240 -1
1700814837.870542 388 -1
1700814837.870542 5699 -1
1700814837.870542 2160 -1
1700814837.870806 54 1
1700814837.877972 1243 -1
1700814837.877972 379 -1
1700814837.877972 7354 -1
1700814837.877972 7354 -1
1700814837.877972 1860 -1
1700814837.877972 6019 -1
1700814837.878096 54 1
1700814839.491086 54 1
1700814839.497559 78 -1
1700814839.497559 60 -1
1700814839.497724 54 1
1700814840.428844 66 1
1700814840.441965 66 -1
1700814840.442120 54 1
1700814840.442789 637 1
1700814840.447581 60 -1
1700814840.448356 2974 -1
1700814840.448356 959 -1
1700814840.448417 54 1
1700814840.449631 134 1
1700814840.450077 146 1
1700814840.450977 593 1
1700814840.451068 235 1
1700814840.451166 235 1
1700814840.451303 232 1
1700814840.451393 234 1
1700814840.451526 236 1
1700814840.451647 237 1
1700814840.451755 238 1
1700814840.453511 60 -1
1700814840.453511 60 -1
1700814840.453511 60 -1
1700814840.453511 60 -1
1700814840.453511 60 -1
1700814840.453511 60 -1
1700814840.453511 60 -1
1700814840.453511 60 -1
1700814840.453511 60 -1
1700814840.453511 60 -1
1700814840.453511 341 -1
1700814840.453511 341 -1
1700814840.453639 54 1
1700814840.456329 115 -1
1700814840.456329 85 -1
1700814840.456375 54 1
1700814840.456688 85 1
1700814840.460694 60 -1
1700814840.472090 1240 -1
1700814840.472090 383 -1
1700814840.472090 1254 -1
1700814840.472090 397 -1
1700814840.472090 7354 -1
1700814840.472090 6392 -1
1700814840.472090 6378 -1
1700814840.472090 1573 -1
1700814840.472090 7354 -1
1700814840.472090 7354 -1
1700814840.472090 1860 -1
1700814840.472090 4017 -1
1700814840.472090 1238 -1
1700814840.472090 384 -1
1700814840.472090 1238 -1
1700814840.472090 387 -1
1700814840.472090 1233 -1
1700814840.472090 396 -1
1700814840.472090 1238 -1
1700814840.472090 385 -1
1700814840.472090 7354 -1
1700814840.472090 2022 -1
1700814840.472090 6220 -1
1700814840.472520 54 1
1700814840.472622 2974 -1
1700814840.472622 7354 -1
1700814840.472660 54 1
1700814840.475885 54 1
1700814840.485227 7354 -1
1700814840.485344 54 1
1700814840.486731 2974 -1
1700814840.486731 3251 -1
1700814840.486773 54 1
1700814844.488674 54 1
1700814844.495477 78 -1
1700814844.495477 60 -1
1700814844.495649 54 1
1700814844.776697 66 1
1700814844.778526 66 -1
1700814844.778630 54 1
1700814844.779233 669 1
1700814844.797084 60 -1
1700814844.797084 2974 -1
1700814844.797084 959 -1
1700814844.797174 54 1
1700814844.797969 959 -1
1700814844.798000 66 1
1700814844.801651 134 1
1700814844.802644 146 1
1700814844.802952 60 -1
1700814844.805017 341 -1
1700814844.805017 341 -1
1700814844.805017 60 -1
1700814844.805017 115 -1
1700814844.805017 85 -1
1700814844.805149 54 1
1700814844.806540 596 1
1700814844.806660 231 1
1700814844.806738 236 1
1700814844.806817 236 1
1700814844.806898 235 1
1700814844.806972 236 1
1700814844.807411 85 1
1700814844.807483 234 1
1700814844.807588 231 1
1700814844.809489 60 -1
1700814844.809489 60 -1
1700814844.809489 60 -1
1700814844.809489 60 -1
1700814844.809489 60 -1
1700814844.809489 60 -1
1700814844.816573 1208 -1
1700814844.816573 428 -1
1700814844.816573 6811 -1
1700814844.816573 385 -1
1700814844.816573 1239 -1
1700814844.816573 11928 -1
1700814844.816917 66 1
1700814844.817005 54 1
1700814844.817032 54 1
1700814844.831236 1243 -1
1700814844.831236 384 -1
1700814844.831236 5054 -1
1700814844.831236 1237 -1
1700814844.831236 389 -1
1700814844.831236 7354 -1
1700814844.831236 560 -1
1700814844.831236 1236 -1
1700814844.831236 388 -1
1700814844.831236 1242 -1
1700814844.831236 378 -1
1700814844.831236 7069 -1
1700814844.831236 11350 -1
1700814844.831236 1239 -1
1700814844.831236 383 -1
1700814844.831236 7354 -1
1700814844.831236 562 -1
1700814844.831786 54 1
1700814844.831944 1238 -1
1700814844.831944 385 -1
1700814844.831944 1514 -1
1700814844.831944 5458 -1
1700814844.831997 54 1
1700814846.592733 234 1
1700814846.604464 60 -1
1700814846.641001 232 1
1700814846.641107 234 1
1700814846.641169 237 1
1700814846.641235 234 1
1700814846.641293 231 1
1700814846.641506 232 1
1700814846.642107 1170 -1
1700814846.642107 476 -1
1700814846.642107 7354 -1
1700814846.642107 6464 -1
1700814846.642107 624 -1
1700814846.642209 66 1
1700814846.642268 60 -1
1700814846.646543 60 -1
1700814846.647919 1238 -1
1700814846.647919 386 -1
1700814846.647979 54 1
1700814846.648926 7354 -1
1700814846.648972 54 1
1700814846.649142 2490 -1
1700814846.649167 54 1
1700814846.649641 1238 -1
1700814846.649641 389 -1
1700814846.649672 54 1
1700814846.652058 1236 -1
1700814846.652058 385 -1
1700814846.652058 7354 -1
1700814846.652140 54 1
1700814846.652743 1103 -1
1700814846.652963 7354 -1
1700814846.653000 54 1
1700814846.653659 4752 -1
1700814846.653715 54 1
1700814846.653811 1235 -1
1700814846.653811 383 -1
1700814846.653811 7354 -1
1700814846.653878 54 1
1700814846.654951 5564 -1
1700814846.654951 1242 -1
1700814846.655029 54 1
1700814846.655135 384 -1
1700814846.655135 7354 -1
1700814846.655210 54 1
1700814846.655531 1990 -1
1700814846.655563 54 1
1700814846.655748 1243 -1
1700814846.656058 381 -1
1700814846.656058 7354 -1
1700814846.656142 54 1
1700814846.658391 3943 -1
1700814846.658452 54 1
1700814846.667695 54 1
1700814846.687409 231 1
1700814846.714364 1234 -1
1700814846.714364 391 -1
1700814846.714364 1514 -1
1700814846.714364 2927 -1
1700814846.714364 1467 -1
1700814846.714496 66 1
1700814848.226075 235 1
1700814848.228529 234 1
1700814848.230050 60 -1
1700814848.235517 234 1
1700814848.235652 234 1
1700814848.235719 231 1
1700814848.238339 1244 -1
1700814848.238339 382 -1
1700814848.238339 7354 -1
1700814848.238339 7596 -1
1700814848.238472 54 1
1700814848.245024 60 -1
1700814848.248308 231 1
1700814848.248663 231 1
1700814848.248786 231 1
1700814848.250043 1245 -1
1700814848.250043 378 -1
1700814848.250096 54 1
1700814848.250166 1514 -1
1700814848.250198 54 1
1700814848.251010 7354 -1
1700814848.251140 54 1
1700814848.251206 7354 -1
1700814848.251247 54 1
1700814848.253880 250 -1
1700814848.253942 54 1
1700814848.257615 1173 -1
1700814848.257615 475 -1
1700814848.257615 1237 -1
1700814848.257615 387 -1
1700814848.257694 54 1
1700814848.258704 7354 -1
1700814848.258742 54 1
1700814848.259222 4409 -1
1700814848.259264 54 1
1700814848.259561 1211 -1
1700814848.259650 5894 -1
1700814848.259695 54 1
1700814848.263103 6838 -1
1700814848.263103 7354 -1
1700814848.263103 7354 -1
1700814848.263199 54 1
1700814848.291707 1860 -1
1700814848.291707 5453 -1
1700814848.291707 1567 -1
1700814848.291707 4434 -1
1700814848.291707 6884 -1
1700814848.291707 1237 -1
1700814848.291707 386 -1
1700814848.291707 7354 -1
1700814848.291707 624 -1
1700814848.291707 1239 -1
1700814848.291707 389 -1
1700814848.291707 7198 -1
1700814848.291707 1358 -1
1700814848.291852 66 1
1700814849.488268 54 1
1700814849.503313 78 -1
1700814849.503313 60 -1
1700814849.503945 54 1
1700814850.121819 66 1
1700814850.130240 66 -1
1700814850.130510 54 1
1700814850.131373 669 1
1700814850.142252 60 -1
1700814850.142252 2974 -1
1700814850.142252 959 -1
1700814850.142359 54 1
1700814850.144070 134 1
1700814850.144929 146 1
1700814850.145320 595 1
1700814850.145590 231 1
1700814850.146683 341 -1
1700814850.146683 341 -1
1700814850.146683 60 -1
1700814850.146683 60 -1
1700814850.146734 54 1
1700814850.146771 54 1
1700814850.146818 115 -1
1700814850.146818 85 -1
1700814850.146843 54 1
1700814850.147317 60 -1
1700814850.147317 60 -1
1700814850.150311 85 1
1700814850.151847 60 -1
1700814850.153298 1239 -1
1700814850.153298 384 -1
1700814850.153495 54 1
1700814850.154123 7354 -1
1700814850.154160 54 1
1700814850.156489 3750 -1
1700814850.156570 54 1
1700814850.158837 1242 -1
1700814850.158837 383 -1
1700814850.158837 2974 -1
1700814850.158837 9356 -1
1700814850.158926 54 1
1700814850.160500 66 1
1700814850.160979 66 1
1700814850.161589 66 1
1700814850.162085 66 1
1700814850.162587 66 1
1700814850.162859 66 -1
1700814850.162974 54 1
1700814850.163492 66 1
1700814850.165005 663 1
1700814850.168207 66 -1
1700814850.168224 60 -1
1700814850.168354 54 1
1700814850.169607 599 1
1700814850.171601 60 -1
1700814850.172805 66 -1
1700814850.172949 54 1
1700814850.173621 572 1
1700814850.173835 66 -1
1700814850.173921 54 1
1700814850.174226 2974 -1
1700814850.174226 957 -1
1700814850.174294 54 1
1700814850.174713 2974 -1
1700814850.174752 54 1
1700814850.174815 956 -1
1700814850.176312 599 1
1700814850.176713 66 -1
1700814850.176831 54 1
1700814850.181432 66 -1
1700814850.181579 54 1
1700814850.184285 663 1
1700814850.185027 663 1
1700814850.193147 134 1
1700814850.193930 134 1
1700814850.194276 54 1
1700814850.194761 146 1
1700814850.194854 54 1
1700814850.194960 54 1
1700814850.195062 54 1
1700814850.195171 54 1
1700814850.195566 60 -1
1700814850.195566 1514 -1
1700814850.195566 1514 -1
1700814850.195566 957 -1
1700814850.195656 54 1
1700814850.195798 584 1
1700814850.195914 231 1
1700814850.195998 226 1
1700814850.196078 235 1
1700814850.196157 227 1
1700814850.196240 227 1
1700814850.197805 60 -1
1700814850.197805 341 -1
1700814850.197805 341 -1
1700814850.197805 93 -1
1700814850.197805 78 -1
1700814850.197805 60 -1
1700814850.197869 54 1
1700814850.198133 60 -1
1700814850.198133 60 -1
1700814850.198581 60 -1
1700814850.198581 341 -1
1700814850.198581 341 -1
1700814850.198643 54 1
1700814850.203027 60 -1
1700814850.203027 60 -1
1700814850.203137 60 -1
1700814850.203137 60 -1
1700814850.203137 60 -1
1700814850.203137 60 -1
1700814850.203137 60 -1
1700814850.203137 60 -1
1700814850.203137 60 -1
1700814850.205542 2974 -1
1700814850.205542 957 -1
1700814850.205542 60 -1
1700814850.205629 54 1
1700814850.205762 2974 -1
1700814850.205762 956 -1
1700814850.205762 60 -1
1700814850.205935 54 1
1700814850.207443 115 -1
1700814850.207443 85 -1
1700814850.207443 1167 -1
1700814850.207443 487 -1
1700814850.207518 54 1
1700814850.209783 85 1
1700814850.213303 1514 -1
1700814850.213303 1514 -1
1700814850.213303 957 -1
1700814850.213303 60 -1
1700814850.213583 54 1
1700814850.213727 4182 -1
1700814850.213727 1194 -1
1700814850.213727 449 -1
1700814850.213791 54 1
1700814850.215001 1195 -1
1700814850.215001 448 -1
1700814850.215001 1197 -1
1700814850.215001 444 -1
1700814850.215047 54 1
1700814850.215103 4886 -1
1700814850.215133 54 1
1700814850.218184 7354 -1
1700814850.218184 7354 -1
1700814850.218184 1860 -1
1700814850.218184 7354 -1
1700814850.218184 7354 -1
1700814850.218344 54 1
1700814850.230988 7354 -1
1700814850.230988 2205 -1
1700814850.230988 1179 -1
1700814850.230988 477 -1
1700814850.230988 11589 -1
1700814850.230988 1177 -1
1700814850.230988 478 -1
1700814850.230988 8954 -1
1700814850.231147 54 1
1700814852.396932 231 1
1700814852.407319 1198 -1
1700814852.407319 446 -1
1700814852.407437 54 1
1700814852.408354 7354 -1
1700814852.408354 7354 -1
1700814852.408425 54 1
1700814852.408884 1860 -1
1700814852.408935 54 1
1700814852.409043 1150 -1
1700814852.416809 226 1
1700814852.417393 229 1
1700814852.417966 230 1
1700814852.419506 231 1
1700814852.419623 229 1
1700814852.419846 229 1
1700814852.420507 60 -1
1700814852.420753 229 1
1700814852.422431 60 -1
1700814852.426804 1170 -1
1700814852.426804 483 -1
1700814852.426899 54 1
1700814852.428064 7009 -1
1700814852.428115 54 1
1700814852.428394 1226 -1
1700814852.428421 54 1
1700814852.428532 407 -1
1700814852.428532 1194 -1
1700814852.428563 54 1
1700814852.428657 450 -1
1700814852.428760 3648 -1
1700814852.428799 54 1
1700814852.429123 2076 -1
1700814852.429150 54 1
1700814852.430291 1159 -1
1700814852.430291 497 -1
1700814852.430291 1192 -1
1700814852.430291 450 -1
1700814852.430291 7430 -1
1700814852.430371 54 1
1700814852.432105 5894 -1
1700814852.432157 54 1
1700814852.432317 1841 -1
1700814852.432369 54 1
1700814852.433079 1173 -1
1700814852.433079 482 -1
1700814852.433079 7498 -1
1700814852.433127 54 1
1700814852.435696 1197 -1
1700814852.435696 442 -1
1700814852.435753 54 1
1700814852.441848 7354 -1
1700814852.441908 54 1
1700814852.441958 2997 -1
1700814852.441980 54 1
1700814854.503257 54 1
1700814854.503952 54 1
1700814854.504333 60 -1
1700814854.504333 78 -1
1700814854.504642 54 1
1700814854.504732 54 1
1700814854.510788 78 -1
1700814854.510788 60 -1
1700814854.510953 54 1
1700814854.532823 60 -1
1700814857.995729 66 1
1700814857.998825 66 -1
1700814857.999151 54 1
1700814858.012063 599 1
1700814858.029028 60 -1
1700814858.029028 2974 -1
1700814858.029028 957 -1
1700814858.029267 54 1
1700814858.033912 134 1
1700814858.034415 146 1
1700814858.034731 583 1
1700814858.038411 227 1
1700814858.038611 227 1
1700814858.038681 227 1
1700814858.038784 230 1
1700814858.038878 230 1
1700814858.039185 227 1
1700814858.039289 228 1
1700814858.040408 60 -1
1700814858.040408 60 -1
1700814858.040408 60 -1
1700814858.042783 341 -1
1700814858.042783 341 -1
1700814858.042844 54 1
1700814858.046790 60 -1
1700814858.046790 60 -1
1700814858.046790 60 -1
1700814858.046790 60 -1
1700814858.046790 60 -1
1700814858.046790 60 -1
1700814858.046790 60 -1
1700814858.046790 115 -1
1700814858.046790 85 -1
1700814858.046923 54 1
1700814858.047288 85 1
1700814858.054089 1197 -1
1700814858.054178 54 1
1700814858.054249 444 -1
1700814858.054249 1173 -1
1700814858.054249 477 -1
1700814858.054249 1197 -1
1700814858.054292 54 1
1700814858.054351 448 -1
1700814858.054376 54 1
1700814858.055104 1172 -1
1700814858.055130 54 1
1700814858.055165 484 -1
1700814858.055178 54 1
1700814858.055280 1514 -1
1700814858.055303 54 1
1700814858.055662 7354 -1
1700814858.055693 54 1
1700814858.056996 3346 -1
1700814858.057025 54 1
1700814858.057153 1514 -1
1700814858.057224 54 1
1700814858.060431 7354 -1
1700814858.060431 1514 -1
1700814858.060431 2368 -1
1700814858.060431 6257 -1
1700814858.060522 54 1
1700814858.061725 2974 -1
1700814858.061725 3551 -1
1700814858.061725 4397 -1
1700814858.061785 54 1
1700814858.069281 60 -1
1700814858.069281 1173 -1
1700814858.069281 480 -1
1700814858.069281 2729 -1
1700814858.069281 1175 -1
1700814858.069281 480 -1
1700814858.069281 7354 -1
1700814858.069281 7354 -1
1700814858.069281 146 -1
1700814858.069404 54 1
1700814858.094821 1143 -1
1700814858.094821 522 -1
1700814858.094821 7354 -1
1700814858.094821 7354 -1
1700814858.094821 1860 -1
1700814858.094821 1514 -1
1700814858.094821 3316 -1
1700814858.094968 54 1
1700814859.522522 54 1
1700814859.526864 78 -1
1700814859.526864 60 -1
1700814859.527101 54 1
1700814859.709245 66 1
1700814859.715166 66 -1
1700814859.715297 54 1
1700814859.720869 599 1
1700814859.724427 60 -1
1700814859.727989 1514 -1
1700814859.727989 1514 -1
1700814859.727989 958 -1
1700814859.728086 54 1
1700814859.731507 134 1
1700814859.737380 60 -1
1700814859.737380 341 -1
1700814859.739303 341 -1
1700814859.739343 54 1
1700814859.741679 146 1
1700814859.742751 582 1
1700814859.742868 228 1
1700814859.742979 229 1
1700814859.743076 228 1
1700814859.743179 228 1
1700814859.743286 227 1
1700814859.743407 228 1
1700814859.743505 230 1
1700814859.752191 60 -1
1700814859.752191 115 -1
1700814859.752191 85 -1
1700814859.752191 60 -1
1700814859.752191 60 -1
1700814859.752191 60 -1
1700814859.752191 60 -1
1700814859.752191 60 -1
1700814859.752191 60 -1
1700814859.752191 60 -1
1700814859.752598 85 1
1700814859.752393 54 1
1700814859.755089 1171 -1
1700814859.755089 482 -1
1700814859.755089 1172 -1
1700814859.755182 54 1
1700814859.755233 486 -1
1700814859.755261 54 1
1700814859.759064 5894 -1
1700814859.759064 2239 -1
1700814859.759064 6858 -1
1700814859.759064 3141 -1
1700814859.759064 1197 -1
1700814859.759064 7354 -1
1700814859.759416 54 1
1700814859.760198 6773 -1
1700814859.760198 4434 -1
1700814859.760253 54 1
1700814859.760809 7354 -1
1700814859.760862 54 1
1700814859.761678 4780 -1
1700814859.761678 2177 -1
1700814859.761718 54 1
1700814859.766712 5489 -1
1700814859.766712 1171 -1
1700814859.766712 484 -1
1700814859.766712 4262 -1
1700814859.766712 1170 -1
1700814859.766712 486 -1
1700814859.766712 2336 -1
1700814859.766712 1172 -1
1700814859.766712 483 -1
1700814859.766712 1514 -1
1700814859.766712 6268 -1
1700814859.767235 54 1
1700814861.380444 230 1
1700814861.399686 1192 -1
1700814861.399686 448 -1
1700814861.399686 7354 -1
1700814861.399803 54 1
1700814861.401376 532 -1
1700814861.401437 54 1
1700814861.403012 231 1
1700814861.405069 226 1
1700814861.405156 229 1
1700814861.405218 227 1
1700814861.405351 228 1
1700814861.405548 229 1
1700814861.407151 60 -1
1700814861.407660 229 1
1700814861.415690 60 -1
1700814861.418374 1162 -1
1700814861.418374 494 -1
1700814861.418374 1171 -1
1700814861.418374 483 -1
1700814861.418374 1171 -1
1700814861.418374 3871 -1
1700814861.418751 54 1
1700814861.419000 484 -1
1700814861.422607 4096 -1
1700814861.422680 54 1
1700814861.423587 1142 -1
1700814861.423587 1643 -1
1700814861.423587 7967 -1
1700814861.423669 54 1
1700814861.424477 1514 -1
1700814861.424477 6052 -1
1700814861.424529 54 1
1700814861.429771 7354 -1
1700814861.429771 4166 -1
1700814861.429771 1173 -1
1700814861.429771 484 -1
1700814861.429771 1514 -1
1700814861.429771 7354 -1
1700814861.429771 7354 -1
1700814861.429887 54 1
1700814861.431935 400 -1
1700814861.431935 1204 -1
1700814861.431935 1600 -1
1700814861.431987 54 1
1700814861.432832 11005 -1
1700814861.433327 54 1
1700814864.533118 54 1
1700814864.534294 78 -1
1700814864.534294 60 -1
1700814864.534343 54 1
1700814868.661199 66 1
1700814868.662347 66 -1
1700814868.662455 54 1
1700814868.663986 599 1
1700814868.665776 60 -1
1700814868.670362 2974 -1
1700814868.670362 956 -1
1700814868.670486 54 1
1700814868.672189 134 1
1700814868.672777 146 1
1700814868.673235 585 1
1700814868.673328 227 1
1700814868.673399 229 1
1700814868.673794 60 -1
1700814868.673913 341 -1
1700814868.673913 341 -1
1700814868.673913 60 -1
1700814868.673977 54 1
1700814868.674085 115 -1
1700814868.674085 85 -1
1700814868.674127 54 1
1700814868.681516 60 -1
1700814868.681516 60 -1
1700814868.681516 60 -1
1700814868.681516 1172 -1
1700814868.681516 485 -1
1700814868.681516 7354 -1
1700814868.681516 738 -1
1700814868.681633 54 1
1700814868.682288 1171 -1
1700814868.682288 485 -1
1700814868.682324 54 1
1700814868.682382 6130 -1
1700814868.682496 54 1
1700814868.684810 85 1
1700814868.687890 228 1
1700814868.687920 1174 -1
1700814868.687920 479 -1
1700814868.687920 7354 -1
1700814868.687920 666 -1
1700814868.688013 54 1
1700814868.689088 227 1
1700814868.689605 228 1
1700814868.690074 230 1
1700814868.690599 228 1
1700814868.695648 60 -1
1700814868.701849 60 -1
1700814868.701849 60 -1
1700814868.712308 1196 -1
1700814868.712308 450 -1
1700814868.712308 1171 -1
1700814868.712308 487 -1
1700814868.712308 4239 -1
1700814868.712308 6065 -1
1700814868.712308 1168 -1
1700814868.712308 488 -1
1700814868.712308 2974 -1
1700814868.712308 3191 -1
1700814868.712308 1174 -1
1700814868.712308 479 -1
1700814868.712542 54 1
1700814868.712833 5024 -1
1700814868.712869 54 1
1700814868.716094 1172 -1
1700814868.716094 487 -1
1700814868.716094 4687 -1
1700814868.716188 54 1
1700814869.534957 54 1
1700814869.570442 78 -1
1700814869.570442 60 -1
1700814869.570442 60 -1
1700814869.570650 54 1
1700814870.428909 66 1
1700814870.434384 66 -1
1700814870.434538 54 1
1700814870.436005 572 1
1700814870.437179 60 -1
1700814870.439649 2974 -1
1700814870.439649 957 -1
1700814870.439714 54 1
1700814870.445599 134 1
1700814870.446089 146 1
1700814870.447787 582 1
1700814870.447861 230 1
1700814870.447919 230 1
1700814870.448036 228 1
1700814870.448096 228 1
1700814870.448221 230 1
1700814870.448287 228 1
1700814870.450142 66 1
1700814870.465614 66 -1
1700814870.465720 54 1
1700814870.466366 663 1
1700814870.492453 60 -1
1700814870.492453 60 -1
1700814870.492453 60 -1
1700814870.492453 60 -1
1700814870.492453 60 -1
1700814870.492453 60 -1
1700814870.492453 60 -1
1700814870.492453 60 -1
1700814870.492453 60 -1
1700814870.492453 341 -1
1700814870.492453 341 -1
1700814870.492453 115 -1
1700814870.492453 85 -1
1700814870.492453 1193 -1
1700814870.492453 454 -1
1700814870.492453 4505 -1
1700814870.492453 1195 -1
1700814870.492453 453 -1
1700814870.492453 1168 -1
1700814870.492453 483 -1
1700814870.492453 5521 -1
1700814870.492453 6246 -1
1700814870.492453 1165 -1
1700814870.492453 491 -1
1700814870.492453 1174 -1
1700814870.492453 485 -1
1700814870.492453 6832 -1
1700814870.492453 1171 -1
1700814870.492453 479 -1
1700814870.492453 8306 -1
1700814870.492453 2892 -1
1700814870.492453 1193 -1
1700814870.492453 450 -1
1700814870.492453 4434 -1
1700814870.492453 2939 -1
1700814870.492788 54 1
1700814870.492893 54 1
1700814870.494870 85 1
1700814870.514366 60 -1
1700814870.514366 2974 -1
1700814870.514366 957 -1
1700814870.516020 54 1
1700814870.538012 1479 -1
1700814870.538095 66 1
1700814870.545401 60 -1
1700814870.546934 134 1
1700814870.554035 146 1
1700814870.554601 60 -1
1700814870.554865 581 1
1700814870.558150 341 -1
1700814870.558150 341 -1
1700814870.558215 54 1
1700814870.584977 60 -1
1700814870.584977 60 -1
1700814870.584977 115 -1
1700814870.584977 85 -1
1700814870.585677 54 1
1700814870.585923 85 1
1700814870.591604 1196 -1
1700814870.591604 570 -1
1700814870.591604 5894 -1
1700814870.591604 5894 -1
1700814870.591604 889 -1
1700814870.591742 54 1
1700814870.598977 60 -1
1700814872.310095 227 1
1700814872.317825 229 1
1700814872.318096 230 1
1700814872.318173 227 1
1700814872.318245 226 1
1700814872.319112 60 -1
1700814872.319641 228 1
1700814872.319733 228 1
1700814872.319882 228 1
1700814872.325784 60 -1
1700814872.326277 60 -1
1700814872.326277 60 -1
1700814872.326277 60 -1
1700814872.327667 60 -1
1700814872.327667 60 -1
1700814872.327744 60 -1
1700814872.331208 1138 -1
1700814872.331208 530 -1
1700814872.331251 54 1
1700814872.332203 7354 -1
1700814872.332266 54 1
1700814872.332762 1136 -1
1700814872.332792 54 1
1700814872.332828 1195 -1
1700814872.332877 452 -1
1700814872.332896 54 1
1700814872.332929 7354 -1
1700814872.332959 54 1
1700814872.333651 247 -1
1700814872.333676 54 1
1700814872.334750 1170 -1
1700814872.334750 1168 -1
1700814872.334750 482 -1
1700814872.334750 484 -1
1700814872.334791 54 1
1700814872.334831 7354 -1
1700814872.334858 54 1
1700814872.335139 9160 -1
1700814872.335191 54 1
1700814872.335940 1509 -1
1700814872.336045 7021 -1
1700814872.336064 54 1
1700814872.338230 1170 -1
1700814872.338438 483 -1
1700814872.338438 6868 -1
1700814872.338509 54 1
1700814872.342765 1168 -1
1700814872.342765 485 -1
1700814872.342765 7354 -1
1700814872.342820 54 1
1700814872.343963 982 -1
1700814872.345235 1164 -1
1700814872.345235 490 -1
1700814872.345274 54 1
1700814872.345849 1196 -1
1700814872.345879 54 1
1700814872.345948 452 -1
1700814872.345983 6144 -1
1700814872.346022 54 1
1700814872.348881 7448 -1
1700814872.348941 54 1
1700814874.536276 54 1
1700814874.537082 54 1
1700814874.538075 78 -1
1700814874.538075 60 -1
1700814874.538132 54 1
1700814874.541653 78 -1
1700814874.541716 54 1
1700814874.541787 60 -1
1700814875.223766 66 1
1700814875.231681 66 -1
1700814875.231834 54 1
1700814875.232561 599 1
1700814875.244328 60 -1
1700814875.245906 1514 -1
1700814875.245906 1514 -1
1700814875.245906 958 -1
1700814875.245977 54 1
1700814875.249872 134 1
1700814875.252935 146 1
1700814875.253822 587 1
1700814875.253953 229 1
1700814875.254037 229 1
1700814875.254131 230 1
1700814875.257722 60 -1
1700814875.257722 341 -1
1700814875.257722 341 -1
1700814875.257835 54 1
1700814875.258073 60 -1
1700814875.258145 60 -1
1700814875.258145 60 -1
1700814875.258145 60 -1
1700814875.258145 60 -1
1700814875.260821 229 1
1700814875.265032 60 -1
1700814875.275558 115 -1
1700814875.275558 85 -1
1700814875.275558 1204 -1
1700814875.275558 442 -1
1700814875.275659 54 1
1700814875.276365 7354 -1
1700814875.276398 54 1
1700814875.277213 226 1
1700814875.277314 227 1
1700814875.277401 231 1
1700814875.278369 85 1
1700814875.280612 5026 -1
1700814875.280612 1170 -1
1700814875.280612 479 -1
1700814875.280612 1140 -1
1700814875.280612 527 -1
1700814875.280612 1174 -1
1700814875.280612 3786 -1
1700814875.280612 478 -1
1700814875.280963 54 1
1700814875.302678 60 -1
1700814875.302678 3054 -1
1700814875.302678 7354 -1
1700814875.302678 3047 -1
1700814875.302678 1141 -1
1700814875.302678 525 -1
1700814875.302678 7354 -1
1700814875.302678 7011 -1
1700814875.302678 484 -1
1700814875.302678 1172 -1
1700814875.302678 2974 -1
1700814875.302678 2974 -1
1700814875.302678 3033 -1
1700814875.302678 1143 -1
1700814875.302678 527 -1
1700814875.302678 5977 -1
1700814875.302678 1200 -1
1700814875.302678 446 -1
1700814875.302678 7354 -1
1700814875.302923 66 1
1700814875.303001 54 1
1700814875.303054 54 1
1700814875.303109 7354 -1
1700814875.303145 54 1
1700814875.306058 467 -1
1700814875.350739 54 1
1700814879.581485 54 1
1700814879.589611 60 -1
1700814879.589611 78 -1
1700814879.589673 54 1
1700814879.589740 54 1
1700814881.532418 66 1
1700814881.533441 66 -1
1700814881.533548 54 1
1700814881.539222 572 1
1700814881.540276 60 -1
1700814881.542346 2974 -1
1700814881.542397 54 1
1700814881.542523 958 -1
1700814881.544117 134 1
1700814881.545035 60 -1
1700814881.545440 341 -1
1700814881.545440 341 -1
1700814881.545469 54 1
1700814881.547339 146 1
1700814881.548269 60 -1
1700814881.548299 115 -1
1700814881.548331 85 -1
1700814881.548345 54 1
1700814881.548803 582 1
1700814881.548904 229 1
1700814881.548989 229 1
1700814881.549074 229 1
1700814881.549141 228 1
1700814881.549267 226 1
1700814881.549335 228 1
1700814881.549435 229 1
1700814881.549759 60 -1
1700814881.549759 60 -1
1700814881.549993 60 -1
1700814881.549993 60 -1
1700814881.550037 60 -1
1700814881.550076 85 1
1700814881.550157 60 -1
1700814881.554597 60 -1
1700814881.558848 1196 -1
1700814881.558848 451 -1
1700814881.558897 54 1
1700814881.559040 7281 -1
1700814881.559064 54 1
1700814881.560018 1199 -1
1700814881.560018 444 -1
1700814881.560047 54 1
1700814881.560138 6694 -1
1700814881.560171 54 1
1700814881.565779 1171 -1
1700814881.565779 481 -1
1700814881.565779 7312 -1
1700814881.565779 1171 -1
1700814881.565779 485 -1
1700814881.565779 5894 -1
1700814881.565779 7354 -1
1700814881.565779 2651 -1
1700814881.565970 54 1
1700814881.568943 1193 -1
1700814881.568943 452 -1
1700814881.568943 1230 -1
1700814881.568943 403 -1
1700814881.568943 1194 -1
1700814881.568943 450 -1
1700814881.568943 7059 -1
1700814881.569044 54 1
1700814881.571204 7354 -1
1700814881.571286 54 1
1700814881.573295 2717 -1
1700814881.573340 54 1
1700814881.574797 7354 -1
1700814881.574797 233 -1
1700814881.574890 54 1
1700814881.575450 1172 -1
1700814881.575450 482 -1
1700814881.575479 54 1
1700814881.582466 7354 -1
1700814881.582466 2051 -1
1700814881.582579 54 1
1700814883.416224 227 1
1700814883.425292 1140 -1
1700814883.425292 527 -1
1700814883.425397 54 1
1700814883.425465 5803 -1
1700814883.425503 54 1
1700814883.456703 229 1
1700814883.456836 227 1
1700814883.456968 228 1
1700814883.457054 231 1
1700814883.457151 228 1
1700814883.457253 230 1
1700814883.457332 231 1
1700814883.460221 60 -1
1700814883.467722 60 -1
1700814883.473061 1171 -1
1700814883.473061 3585 -1
1700814883.473061 483 -1
1700814883.473061 1197 -1
1700814883.473061 449 -1
1700814883.473186 66 1
1700814883.473247 66 1
1700814883.473278 54 1
1700814883.473300 54 1
1700814883.492689 1175 -1
1700814883.492689 485 -1
1700814883.492689 7367 -1
1700814883.492689 4434 -1
1700814883.492689 3559 -1
1700814883.492689 1199 -1
1700814883.492689 450 -1
1700814883.492689 1192 -1
1700814883.492689 455 -1
1700814883.492689 4923 -1
1700814883.492689 3845 -1
1700814883.492689 1176 -1
1700814883.492689 482 -1
1700814883.492689 8294 -1
1700814883.492689 1193 -1
1700814883.492689 7143 -1
1700814883.492931 54 1
1700814884.605534 54 1
1700814884.635138 78 -1
1700814884.635138 60 -1
1700814884.635220 54 1
1700814885.660129 66 1
1700814885.661575 66 -1
1700814885.661710 54 1
1700814885.701113 663 1
1700814885.710269 60 -1
1700814885.714998 2974 -1
1700814885.714998 957 -1
1700814885.715086 54 1
1700814885.716280 134 1
1700814885.716714 146 1
1700814885.717622 585 1
1700814885.717718 229 1
1700814885.717803 229 1
1700814885.717882 229 1
1700814885.717960 229 1
1700814885.718038 229 1
1700814885.718121 230 1
1700814885.718206 228 1
1700814885.730629 60 -1
1700814885.730629 60 -1
1700814885.730629 60 -1
1700814885.730629 60 -1
1700814885.730629 60 -1
1700814885.730629 60 -1
1700814885.730629 60 -1
1700814885.730629 60 -1
1700814885.730629 60 -1
1700814885.730629 60 -1
1700814885.730629 341 -1
1700814885.730629 341 -1
1700814885.730773 54 1
1700814885.733407 115 -1
1700814885.733407 85 -1
1700814885.733470 54 1
1700814885.733966 85 1
1700814885.749409 60 -1
1700814885.751952 1195 -1
1700814885.751952 451 -1
1700814885.751952 1174 -1
1700814885.751952 482 -1
1700814885.751952 4972 -1
1700814885.752108 54 1
1700814885.752972 5894 -1
1700814885.752972 3760 -1
1700814885.752972 4531 -1
1700814885.752972 1175 -1
1700814885.752972 483 -1
1700814885.753041 54 1
1700814885.754221 1196 -1
1700814885.754221 455 -1
1700814885.754221 5894 -1
1700814885.754221 5162 -1
1700814885.754375 54 1
1700814885.754566 487 -1
1700814885.754604 54 1
1700814885.755132 3649 -1
1700814885.755176 54 1
1700814885.756751 1174 -1
1700814885.756751 2851 -1
1700814885.756794 54 1
1700814885.756898 4064 -1
1700814885.756925 54 1
1700814888.754331 228 1
1700814888.754590 227 1
1700814888.754705 229 1
1700814888.755335 231 1
1700814888.755454 229 1
1700814888.755680 229 1
1700814888.755788 227 1
1700814888.755980 228 1
1700814888.782840 60 -1
1700814888.782840 60 -1
1700814888.782840 60 -1
1700814888.782840 60 -1
1700814888.782840 60 -1
1700814888.782840 60 -1
1700814888.782840 60 -1
1700814888.782840 60 -1
1700814888.782840 1208 -1
1700814888.782840 436 -1
1700814888.782840 1175 -1
1700814888.782840 5894 -1
1700814888.782840 4434 -1
1700814888.782840 2441 -1
1700814888.782840 3804 -1
1700814888.782840 7354 -1
1700814888.782840 642 -1
1700814888.782840 485 -1
1700814888.782840 5109 -1
1700814888.782840 1173 -1
1700814888.782840 7354 -1
1700814888.782840 1336 -1
1700814888.783106 54 1
1700814888.784063 10274 -1
1700814888.784176 54 1
1700814888.794896 896 -1
1700814888.794896 7354 -1
1700814888.794896 2974 -1
1700814888.794896 1759 -1
1700814888.794980 54 1
1700814888.801339 1199 -1
1700814888.801339 448 -1
1700814888.801426 54 1
1700814888.805523 7354 -1
1700814888.805574 54 1
1700814888.816927 2872 -1
1700814888.817001 54 1
1700814889.621380 54 1
1700814889.642291 78 -1
1700814889.642291 60 -1
1700814889.642403 54 1
