1701041318.529982 66 1
1701041318.531284 66 -1
1701041318.531364 54 1
1701041318.533607 66 1
1701041318.534774 66 -1
1701041318.534841 54 1
1701041318.538940 572 1
1701041318.539780 663 1
1701041318.539955 60 -1
1701041318.540721 60 -1
1701041318.542574 2974 -1
1701041318.542606 54 1
1701041318.542656 955 -1
1701041318.542894 2974 -1
1701041318.542931 54 1
1701041318.542978 955 -1
1701041318.553716 134 1
1701041318.554435 134 1
1701041318.554604 60 -1
1701041318.554948 341 -1
1701041318.554948 341 -1
1701041318.554981 54 1
1701041318.555434 60 -1
1701041318.555621 341 -1
1701041318.555891 341 -1
1701041318.555935 54 1
1701041318.559402 54 1
1701041318.562068 93 -1
1701041318.562068 78 -1
1701041318.562068 60 -1
1701041318.562137 54 1
1701041318.577815 146 1
1701041318.580833 60 -1
1701041318.580833 115 -1
1701041318.580833 85 -1
1701041318.580882 54 1
1701041318.582848 575 1
1701041318.582964 219 1
1701041318.584404 60 -1
1701041318.584404 60 -1
1701041318.590575 85 1
1701041318.591949 60 -1
1701041318.592943 1193 -1
1701041318.593032 448 -1
1701041318.593049 54 1
1701041318.593229 7354 -1
1701041318.593254 54 1
1701041318.595188 2974 -1
1701041318.595270 54 1
1701041318.595403 1210 -1
1701041318.595428 54 1
1701041318.606738 1175 -1
1701041318.606738 477 -1
1701041318.606738 7354 -1
1701041318.606738 2974 -1
1701041318.606738 1244 -1
1701041318.606852 54 1
1701041318.814921 222 1
1701041318.815046 218 1
1701041318.815171 223 1
1701041318.815280 222 1
1701041318.815381 221 1
1701041318.815501 228 1
1701041318.815640 220 1
1701041318.815750 221 1
1701041318.815864 223 1
1701041318.815943 220 1
1701041318.816033 224 1
1701041318.816134 224 1
1701041318.816263 220 1
1701041318.816351 220 1
1701041318.816832 60 -1
1701041318.816832 60 -1
1701041318.817894 60 -1
1701041318.824361 1174 -1
1701041318.824361 474 -1
1701041318.824408 54 1
1701041318.824472 7354 -1
1701041318.824510 54 1
1701041318.825215 7354 -1
1701041318.825262 54 1
1701041318.826587 1860 -1
1701041318.826609 54 1
1701041318.826745 7354 -1
1701041318.826776 54 1
1701041318.828039 232 -1
1701041318.828039 1172 -1
1701041318.828072 54 1
1701041318.828281 9161 -1
1701041318.828335 54 1
1701041318.829804 1178 -1
1701041318.829890 478 -1
1701041318.829911 54 1
1701041318.829948 2974 -1
1701041318.829969 54 1
1701041318.830169 1514 -1
1701041318.830274 5894 -1
1701041318.830298 54 1
1701041318.831583 2974 -1
1701041318.831603 54 1
1701041318.831947 1514 -1
1701041318.832001 54 1
1701041318.832205 1860 -1
1701041318.832228 54 1
1701041318.832833 1949 -1
1701041318.832853 54 1
1701041318.832924 1193 -1
1701041318.833190 451 -1
1701041318.833190 1174 -1
1701041318.833232 54 1
1701041318.833263 481 -1
1701041318.833263 7354 -1
1701041318.833302 54 1
1701041318.834368 2800 -1
1701041318.834393 54 1
1701041318.834583 7354 -1
1701041318.834638 54 1
1701041318.835185 7354 -1
1701041318.835249 54 1
1701041318.835785 1860 -1
1701041318.835802 54 1
1701041318.835961 7354 -1
1701041318.836003 54 1
1701041318.836560 1671 -1
1701041318.836582 54 1
1701041318.836688 7354 -1
1701041318.836749 54 1
1701041318.837314 7354 -1
1701041318.837387 54 1
1701041318.837790 54 1
1701041318.837903 4748 -1
1701041318.837947 54 1
1701041318.838369 1174 -1
1701041318.838408 54 1
1701041318.838417 7354 -1
1701041318.838460 54 1
1701041318.839211 4140 -1
1701041318.839241 54 1
1701041318.839480 1173 -1
1701041318.839480 483 -1
1701041318.839480 7354 -1
1701041318.839536 54 1
1701041318.840191 1699 -1
1701041318.840216 54 1
1701041318.840257 1176 -1
1701041318.840311 482 -1
1701041318.840341 54 1
1701041318.840381 14654 -1
1701041318.840465 54 1
1701041318.841565 2974 -1
1701041318.841593 54 1
1701041318.841796 1166 -1
1701041318.841885 1173 -1
1701041318.841906 54 1
1701041318.841971 475 -1
1701041318.842000 1177 -1
1701041318.842024 54 1
1701041318.842101 477 -1
1701041318.842156 1226 -1
1701041318.842179 54 1
1701041318.842246 407 -1
1701041318.842635 7354 -1
1701041318.842674 54 1
1701041318.842900 1514 -1
1701041318.843034 7354 -1
1701041318.843083 54 1
1701041318.843632 7354 -1
1701041318.843683 54 1
1701041318.844234 762 -1
1701041318.844270 54 1
1701041318.844309 1173 -1
1701041318.845039 483 -1
1701041318.845039 7354 -1
1701041318.845039 3996 -1
1701041318.845111 54 1
1701041318.845378 7354 -1
1701041318.845439 54 1
1701041318.846129 6731 -1
1701041318.846170 54 1
1701041318.846513 1176 -1
1701041318.846600 479 -1
1701041318.846613 54 1
1701041318.846655 8038 -1
1701041318.846708 54 1
1701041318.848827 54 1
1701041319.244896 66 1
1701041319.245881 66 -1
1701041319.245955 54 1
1701041319.246461 663 1
1701041319.247910 60 -1
1701041319.249546 2974 -1
1701041319.249587 54 1
1701041319.250376 958 -1
1701041319.261743 134 1
1701041319.262716 60 -1
1701041319.263460 341 -1
1701041319.263460 341 -1
1701041319.263508 54 1
1701041319.265922 146 1
1701041319.266972 543 1
1701041319.274865 60 -1
1701041319.274865 60 -1
1701041319.278671 115 -1
1701041319.278671 85 -1
1701041319.278741 54 1
1701041319.279874 85 1
1701041319.283031 60 -1
1701041319.284271 1245 -1
1701041319.284271 513 -1
1701041319.284271 1514 -1
1701041319.284271 5168 -1
1701041319.284378 54 1
1701041326.855564 54 1
1701041326.856903 54 1
1701041326.890919 78 -1
1701041326.890919 60 -1
1701041326.890965 54 1
1701041326.897522 78 -1
1701041326.897522 60 -1
1701041326.897586 54 1
1701041327.800646 66 1
1701041327.803697 66 -1
1701041327.803832 54 1
1701041327.804758 934 1
1701041327.807799 60 -1
1701041327.808560 318 -1
1701041327.809888 134 1
1701041327.810176 146 1
1701041327.810472 576 1
1701041327.811669 219 1
1701041327.811906 60 -1
1701041327.811906 60 -1
1701041327.811906 60 -1
1701041327.811906 341 -1
1701041327.812311 219 1
1701041327.812420 219 1
1701041327.812821 60 -1
1701041327.813370 60 -1
1701041327.813370 60 -1
1701041327.814876 115 -1
1701041327.814876 85 -1
1701041327.814917 54 1
1701041327.815011 1066 -1
1701041327.815052 1514 -1
1701041327.815074 54 1
1701041327.815126 7354 -1
1701041327.815175 54 1
1701041327.815653 6494 -1
1701041327.815701 54 1
1701041327.815929 85 1
1701041327.818352 60 -1
1701041327.822973 1174 -1
1701041327.823046 482 -1
1701041327.823093 54 1
1701041327.823337 4434 -1
1701041327.823374 54 1
1701041327.823457 1514 -1
1701041327.823481 54 1
1701041327.823559 7354 -1
1701041327.823599 54 1
1701041327.824528 1982 -1
1701041327.824574 54 1
1701041327.832275 1177 -1
1701041327.832275 477 -1
1701041327.832275 7354 -1
1701041327.832359 54 1
1701041327.832625 1514 -1
1701041327.832744 1514 -1
1701041327.832762 54 1
1701041327.832877 6240 -1
1701041327.832926 54 1
1701041327.833406 5556 -1
1701041327.833446 54 1
1701041327.835110 1175 -1
1701041327.835110 476 -1
1701041327.835140 54 1
1701041327.835299 7354 -1
1701041327.835342 54 1
1701041327.835669 7354 -1
1701041327.835711 54 1
1701041327.836277 1860 -1
1701041327.836313 54 1
1701041327.836408 1127 -1
1701041327.836429 54 1
1701041330.132703 229 1
1701041330.138983 220 1
1701041330.139087 220 1
1701041330.139443 219 1
1701041330.139616 221 1
1701041330.140006 60 -1
1701041330.142441 60 -1
1701041330.144558 1175 -1
1701041330.144558 479 -1
1701041330.144620 54 1
1701041330.145856 7354 -1
1701041330.146028 54 1
1701041330.146379 7354 -1
1701041330.146427 54 1
1701041330.146895 1860 -1
1701041330.146934 54 1
1701041330.147034 85 -1
1701041330.147034 6771 -1
1701041330.147066 54 1
1701041330.150513 1191 -1
1701041330.150513 453 -1
1701041330.150513 7354 -1
1701041330.150575 54 1
1701041330.151002 1984 -1
1701041330.151032 54 1
1701041330.188510 1173 -1
1701041330.188510 478 -1
1701041330.188510 7354 -1
1701041330.188510 7354 -1
1701041330.188510 1860 -1
1701041330.188510 85 -1
1701041330.188510 7354 -1
1701041330.188510 369 -1
1701041330.188510 1175 -1
1701041330.188510 477 -1
1701041330.188510 7354 -1
1701041330.188510 7354 -1
1701041330.188510 1860 -1
1701041330.188510 1418 -1
1701041330.188510 1418 -1
1701041330.188510 1175 -1
1701041330.188510 479 -1
1701041330.188510 6760 -1
1701041330.188876 66 1
1701041330.188933 54 1
1701041334.425780 220 1
1701041334.426276 219 1
1701041334.426672 220 1
1701041334.426735 218 1
1701041334.426798 221 1
1701041334.428897 60 -1
1701041334.431588 1053 -1
1701041334.431665 5894 -1
1701041334.431703 54 1
1701041334.432290 7354 -1
1701041334.432346 54 1
1701041334.432617 3320 -1
1701041334.432669 54 1
1701041334.432906 85 -1
1701041334.432906 4821 -1
1701041334.432968 54 1
1701041334.433649 89 1
1701041334.437662 1181 -1
1701041334.437662 475 -1
1701041334.437742 54 1
1701041334.438570 1173 -1
1701041334.438570 478 -1
1701041334.438570 1514 -1
1701041334.438613 54 1
1701041334.438725 7354 -1
1701041334.438785 54 1
1701041334.439220 7354 -1
1701041334.439267 54 1
1701041334.439813 400 -1
1701041334.439833 54 1
1701041334.439860 5894 -1
1701041334.439887 54 1
1701041334.440358 7354 -1
1701041334.440403 54 1
1701041334.440958 2752 -1
1701041334.440997 54 1
1701041334.441339 7354 -1
1701041334.441361 54 1
1701041334.441773 5187 -1
1701041334.441801 54 1
1701041334.446940 1177 -1
1701041334.446940 478 -1
1701041334.447009 54 1
1701041334.447070 7354 -1
1701041334.447108 54 1
1701041334.447485 4434 -1
1701041334.447528 54 1
1701041334.447837 4780 -1
1701041334.447869 54 1
1701041334.448310 85 -1
1701041334.448310 7354 -1
1701041334.448367 54 1
1701041334.448852 1936 -1
1701041334.448890 54 1
1701041334.462020 1176 -1
1701041334.462020 479 -1
1701041334.462136 54 1
1701041334.466971 16460 -1
1701041334.467103 54 1
1701041334.469259 85 -1
1701041334.469259 7354 -1
1701041334.469259 3698 -1
1701041334.469455 54 1
1701041336.036540 221 1
1701041336.037758 219 1
1701041336.038306 221 1
1701041336.039319 220 1
1701041336.039414 221 1
1701041336.039856 60 -1
1701041336.042805 60 -1
1701041336.046905 1173 -1
1701041336.046905 481 -1
1701041336.046990 54 1
1701041336.047660 7354 -1
1701041336.047714 54 1
1701041336.048261 7354 -1
1701041336.048333 54 1
1701041336.048660 1860 -1
1701041336.048706 54 1
1701041336.048797 4946 -1
1701041336.048838 54 1
1701041336.049278 7354 -1
1701041336.049320 54 1
1701041336.049842 7354 -1
1701041336.049880 54 1
1701041336.050514 3396 -1
1701041336.050545 54 1
1701041336.050709 3721 -1
1701041336.050731 54 1
1701041336.050996 1175 -1
1701041336.051089 479 -1
1701041336.051105 54 1
1701041336.051128 5894 -1
1701041336.051185 54 1
1701041336.051694 1514 -1
1701041336.051783 2974 -1
1701041336.051806 54 1
1701041336.054248 1514 -1
1701041336.054248 2832 -1
1701041336.054323 54 1
1701041336.059685 1176 -1
1701041336.059685 481 -1
1701041336.059788 54 1
1701041336.059853 4986 -1
1701041336.059853 1202 -1
1701041336.059853 444 -1
1701041336.059853 7354 -1
1701041336.059936 54 1
1701041336.060402 7354 -1
1701041336.060443 54 1
1701041336.061078 1860 -1
1701041336.061108 54 1
1701041336.061339 7036 -1
1701041336.061399 54 1
1701041336.871519 54 1
1701041336.874659 78 -1
1701041336.874659 60 -1
1701041336.874711 54 1
1701041337.623410 66 1
1701041337.624606 66 -1
1701041337.624711 54 1
1701041337.625410 870 1
1701041337.626432 60 -1
1701041337.627491 318 -1
1701041337.628350 134 1
1701041337.628715 146 1
1701041337.629406 60 -1
1701041337.629576 573 1
1701041337.629779 60 -1
1701041337.629824 227 1
1701041337.629947 221 1
1701041337.630054 221 1
1701041337.630069 341 -1
1701041337.630465 220 1
1701041337.630918 115 -1
1701041337.630918 85 -1
1701041337.630918 60 -1
1701041337.630918 60 -1
1701041337.630979 54 1
1701041337.631036 60 -1
1701041337.631036 60 -1
1701041337.631106 85 1
1701041337.631387 60 -1
1701041337.632080 60 -1
1701041337.635286 1173 -1
1701041337.635286 483 -1
1701041337.635348 54 1
1701041337.635441 5804 -1
1701041337.635482 54 1
1701041337.641016 1172 -1
1701041337.641016 482 -1
1701041337.641016 2974 -1
1701041337.641120 54 1
1701041337.641298 7354 -1
1701041337.641372 54 1
1701041337.641760 4582 -1
1701041337.641797 54 1
1701041337.642140 1175 -1
1701041337.642189 54 1
1701041337.642682 480 -1
1701041337.642682 5631 -1
1701041337.642732 54 1
1701041337.642889 1176 -1
1701041337.642889 478 -1
1701041337.642909 54 1
1701041337.643490 7354 -1
1701041337.643521 54 1
1701041337.643835 5021 -1
1701041337.643871 54 1
1701041337.650917 1165 -1
1701041337.650917 494 -1
1701041337.651017 54 1
1701041337.651413 4434 -1
1701041337.651463 54 1
1701041337.651653 2361 -1
1701041337.651692 54 1
1701041339.729892 221 1
1701041339.730027 228 1
1701041339.731059 60 -1
1701041339.731059 60 -1
1701041339.732080 220 1
1701041339.732367 224 1
1701041339.733891 226 1
1701041339.736621 60 -1
1701041339.736621 60 -1
1701041339.736621 60 -1
1701041339.742816 1194 -1
1701041339.742816 451 -1
1701041339.742892 54 1
1701041339.743728 7354 -1
1701041339.743765 54 1
1701041339.744185 1817 -1
1701041339.744232 54 1
1701041339.748821 1145 -1
1701041339.748821 524 -1
1701041339.748913 54 1
1701041339.750806 7330 -1
1701041339.750874 54 1
1701041339.757389 1199 -1
1701041339.757389 448 -1
1701041339.757503 54 1
1701041339.758726 1193 -1
1701041339.758726 450 -1
1701041339.758764 54 1
1701041339.760557 6122 -1
1701041339.760635 54 1
1701041339.767999 2974 -1
1701041339.767999 4711 -1
1701041339.767999 1176 -1
1701041339.767999 477 -1
1701041339.768131 54 1
1701041339.773015 2974 -1
1701041339.773015 11220 -1
1701041339.773141 54 1
1701041341.338998 219 1
1701041341.340440 219 1
1701041341.341092 220 1
1701041341.342545 60 -1
1701041341.345123 221 1
1701041341.345864 220 1
1701041341.348693 60 -1
1701041341.351042 1175 -1
1701041341.351042 478 -1
1701041341.351119 54 1
1701041341.353805 7354 -1
1701041341.353897 54 1
1701041341.354022 7354 -1
1701041341.354101 54 1
1701041341.354638 1860 -1
1701041341.354675 54 1
1701041341.354785 85 -1
1701041341.354785 7908 -1
1701041341.354833 54 1
1701041341.357516 1041 -1
1701041341.357516 13997 -1
1701041341.357655 54 1
1701041341.360159 1176 -1
1701041341.360159 477 -1
1701041341.360467 54 1
1701041341.364639 1514 -1
1701041341.364639 10274 -1
1701041341.364639 4780 -1
1701041341.364639 8485 -1
1701041341.364813 54 1
1701041341.365618 1598 -1
1701041341.365618 5894 -1
1701041341.365666 54 1
1701041341.365718 7354 -1
1701041341.365753 54 1
1701041341.366813 2244 -1
1701041341.366813 1602 -1
1701041341.366813 7354 -1
1701041341.366873 54 1
1701041341.367389 2360 -1
1701041341.367416 54 1
1701041342.928800 218 1
1701041342.930648 220 1
1701041342.930743 221 1
1701041342.931401 220 1
1701041342.931504 222 1
1701041342.932531 60 -1
1701041342.940645 1178 -1
1701041342.940645 475 -1
1701041342.940645 1065 -1
1701041342.940645 1514 -1
1701041342.940645 13874 -1
1701041342.940798 54 1
1701041342.941574 1514 -1
1701041342.941689 8562 -1
1701041342.941735 54 1
1701041342.943135 89 1
1701041342.944021 1201 -1
1701041342.944021 442 -1
1701041342.944071 54 1
1701041342.947629 7354 -1
1701041342.947722 54 1
1701041342.947928 2466 -1
1701041342.947956 54 1
1701041342.948147 1203 -1
1701041342.948173 54 1
1701041342.948357 442 -1
1701041342.950363 7354 -1
1701041342.950432 54 1
1701041342.950694 2822 -1
1701041342.950738 54 1
1701041342.951040 1177 -1
1701041342.951040 479 -1
1701041342.951075 54 1
1701041342.953429 7354 -1
1701041342.953524 54 1
1701041342.953586 8336 -1
1701041342.953642 54 1
1701041346.890829 54 1
1701041346.905897 78 -1
1701041346.905897 60 -1
1701041346.905991 54 1
1701041347.140097 66 1
1701041347.141704 66 -1
1701041347.141826 54 1
1701041347.142347 870 1
1701041347.143624 60 -1
1701041347.144413 318 -1
1701041347.145776 134 1
1701041347.146131 146 1
1701041347.146669 574 1
1701041347.146758 220 1
1701041347.146835 224 1
1701041347.146855 60 -1
1701041347.146933 219 1
1701041347.147013 219 1
1701041347.147037 60 -1
1701041347.149667 341 -1
1701041347.149667 60 -1
1701041347.149667 60 -1
1701041347.149667 60 -1
1701041347.149667 60 -1
1701041347.149667 60 -1
1701041347.150974 115 -1
1701041347.150974 85 -1
1701041347.151014 54 1
1701041347.151457 85 1
1701041347.152612 60 -1
1701041347.170300 1199 -1
1701041347.170300 446 -1
1701041347.170300 10780 -1
1701041347.170300 1173 -1
1701041347.170300 482 -1
1701041347.170300 7354 -1
1701041347.170300 511 -1
1701041347.170300 1171 -1
1701041347.170300 479 -1
1701041347.170300 1198 -1
1701041347.170300 444 -1
1701041347.170300 7354 -1
1701041347.170300 6682 -1
1701041347.170506 54 1
1701041347.174179 7354 -1
1701041347.174179 2562 -1
1701041347.174400 54 1
1701041347.182554 1209 -1
1701041347.182554 433 -1
1701041347.182554 1514 -1
1701041347.182554 10514 -1
1701041347.182707 54 1
1701041348.740655 228 1
1701041348.740759 222 1
1701041348.741922 60 -1
1701041348.741922 60 -1
1701041348.743073 219 1
1701041348.744253 220 1
1701041348.744364 221 1
1701041348.744624 60 -1
1701041348.745923 60 -1
1701041348.745923 60 -1
1701041348.754065 1179 -1
1701041348.754065 477 -1
1701041348.754704 54 1
1701041348.775986 2974 -1
1701041348.775986 7354 -1
1701041348.775986 4244 -1
1701041348.775986 1175 -1
1701041348.775986 479 -1
1701041348.775986 7106 -1
1701041348.775986 1197 -1
1701041348.775986 449 -1
1701041348.775986 1207 -1
1701041348.775986 435 -1
1701041348.775986 8891 -1
1701041348.775986 7354 -1
1701041348.775986 5296 -1
1701041348.775986 1207 -1
1701041348.775986 441 -1
1701041348.776408 54 1
1701041348.783134 6563 -1
1701041348.783363 54 1
1701041350.346270 218 1
1701041350.346435 220 1
1701041350.347896 60 -1
1701041350.351676 231 1
1701041350.352617 230 1
1701041350.352829 220 1
1701041350.357148 60 -1
1701041350.364895 1046 -1
1701041350.364895 10675 -1
1701041350.365032 54 1
1701041350.371768 1178 -1
1701041350.371768 478 -1
1701041350.371768 1211 -1
1701041350.371891 54 1
1701041350.371978 435 -1
1701041350.371978 1066 -1
1701041350.371978 7354 -1
1701041350.372035 54 1
1701041350.372620 7354 -1
1701041350.372652 54 1
1701041350.373102 1860 -1
1701041350.373142 54 1
1701041350.373199 85 -1
1701041350.373199 4506 -1
1701041350.373232 54 1
1701041350.376916 1514 -1
1701041350.376916 7354 -1
1701041350.376916 3375 -1
1701041350.376916 7354 -1
1701041350.376916 4344 -1
1701041350.377042 54 1
1701041350.382203 1199 -1
1701041350.382203 442 -1
1701041350.382477 54 1
1701041350.385112 7354 -1
1701041350.385180 54 1
1701041350.385643 7354 -1
1701041350.385701 54 1
1701041350.386160 1860 -1
1701041350.386197 54 1
1701041350.386234 85 -1
1701041350.386417 2432 -1
1701041350.386443 54 1
1701041351.938530 220 1
1701041351.941712 221 1
1701041351.941884 220 1
1701041351.942618 220 1
1701041351.942747 60 -1
1701041351.944560 1047 -1
1701041351.944560 5939 -1
1701041351.944667 54 1
1701041351.944835 228 1
1701041351.957217 1207 -1
1701041351.957217 439 -1
1701041351.957217 1208 -1
1701041351.957679 54 1
1701041351.957795 1005 -1
1701041351.957795 435 -1
1701041351.957826 54 1
1701041351.957890 7354 -1
1701041351.957945 54 1
1701041351.958889 3775 -1
1701041351.958889 1174 -1
1701041351.958889 483 -1
1701041351.958889 2974 -1
1701041351.958934 54 1
1701041351.961739 1514 -1
1701041351.961739 4930 -1
1701041351.961850 54 1
1701041352.000245 479 -1
1701041352.000245 1175 -1
1701041352.000245 6643 -1
1701041352.000360 66 1
1701041352.000493 54 1
1701041352.000526 54 1
1701041354.128341 228 1
1701041354.130136 221 1
1701041354.130823 218 1
1701041354.131056 219 1
1701041354.133112 60 -1
1701041354.133250 221 1
1701041354.138831 1171 -1
1701041354.138831 485 -1
1701041354.138929 54 1
1701041354.139048 7354 -1
1701041354.139104 54 1
1701041354.139587 1558 -1
1701041354.139608 54 1
1701041354.140371 1176 -1
1701041354.140371 477 -1
1701041354.140422 54 1
1701041354.140540 2974 -1
1701041354.140594 54 1
1701041354.140749 7354 -1
1701041354.140785 54 1
1701041354.141299 89 1
1701041354.141641 3887 -1
1701041354.141667 54 1
1701041354.143668 1227 -1
1701041354.143668 412 -1
1701041354.143668 7354 -1
1701041354.144059 54 1
1701041354.144131 3793 -1
1701041354.144151 54 1
1701041354.145863 1230 -1
1701041354.145863 404 -1
1701041354.145905 54 1
1701041354.147942 7354 -1
1701041354.148022 54 1
1701041354.148958 7354 -1
1701041354.149012 54 1
1701041354.149214 1228 -1
1701041354.149233 54 1
1701041354.150130 1177 -1
1701041354.150130 477 -1
1701041354.150158 54 1
1701041354.150959 2974 -1
1701041354.151004 54 1
1701041354.151204 7354 -1
1701041354.151248 54 1
1701041354.151763 4434 -1
1701041354.152016 54 1
1701041354.152607 1860 -1
1701041354.152607 85 -1
1701041354.152607 1514 -1
1701041354.152607 1514 -1
1701041354.152607 7354 -1
1701041354.152665 54 1
1701041354.153050 1514 -1
1701041354.153197 1657 -1
1701041354.153223 54 1
1701041355.772070 220 1
1701041355.772209 219 1
1701041355.773479 219 1
1701041355.774009 219 1
1701041355.774545 218 1
1701041355.780226 60 -1
1701041355.780226 1046 -1
1701041355.780226 11155 -1
1701041355.780371 54 1
1701041355.781311 1174 -1
1701041355.781311 477 -1
1701041355.781349 54 1
1701041355.781419 2974 -1
1701041355.781455 54 1
1701041355.781548 7354 -1
1701041355.781597 54 1
1701041355.782926 483 -1
1701041355.784515 1205 -1
1701041355.784515 440 -1
1701041355.784515 7354 -1
1701041355.784643 54 1
1701041355.784700 8215 -1
1701041355.784921 54 1
1701041355.787065 1201 -1
1701041355.787065 443 -1
1701041355.787065 7354 -1
1701041355.787138 54 1
1701041355.787544 4434 -1
1701041355.787611 54 1
1701041355.789072 1514 -1
1701041355.789072 1834 -1
1701041355.789118 54 1
1701041355.794648 1200 -1
1701041355.794648 443 -1
1701041355.794886 54 1
1701041355.798902 7354 -1
1701041355.799014 54 1
1701041355.799472 6113 -1
1701041355.799535 54 1
1701041356.904867 54 1
1701041356.906031 78 -1
1701041356.906031 60 -1
1701041356.906100 54 1
1701041357.402643 66 1
1701041357.405015 66 -1
1701041357.405208 54 1
1701041357.406484 902 1
1701041357.407627 60 -1
1701041357.408716 318 -1
1701041357.409632 134 1
1701041357.410069 146 1
1701041357.410809 575 1
1701041357.410934 220 1
1701041357.411325 220 1
1701041357.411428 220 1
1701041357.411522 221 1
1701041357.411701 60 -1
1701041357.411994 60 -1
1701041357.411994 341 -1
1701041357.411994 60 -1
1701041357.413081 60 -1
1701041357.413081 60 -1
1701041357.413081 60 -1
1701041357.413081 60 -1
1701041357.416649 115 -1
1701041357.416649 85 -1
1701041357.416730 54 1
1701041357.417100 85 1
1701041357.418765 60 -1
1701041357.424553 1196 -1
1701041357.424836 1196 -1
1701041357.424836 448 -1
1701041357.424836 444 -1
1701041357.424836 1514 -1
1701041357.424836 8040 -1
1701041357.424916 54 1
1701041357.425724 1231 -1
1701041357.425724 403 -1
1701041357.425724 10274 -1
1701041357.425794 54 1
1701041357.426533 6232 -1
1701041357.426569 54 1
1701041357.427863 7354 -1
1701041357.427896 54 1
1701041357.428276 2607 -1
1701041357.428511 54 1
1701041357.446755 1199 -1
1701041357.446755 1174 -1
1701041357.446755 476 -1
1701041357.446755 441 -1
1701041357.446851 54 1
1701041357.448764 7354 -1
1701041357.448832 54 1
1701041357.449208 4407 -1
1701041357.449240 54 1
1701041357.449625 4434 -1
1701041357.449650 54 1
1701041357.449956 5894 -1
1701041357.450015 54 1
1701041357.450521 2742 -1
1701041357.450560 54 1
1701041361.897171 221 1
1701041361.900822 219 1
1701041361.901817 219 1
1701041361.902016 219 1
1701041361.902497 221 1
1701041361.903797 60 -1
1701041361.905926 1048 -1
1701041361.905926 2974 -1
1701041361.905998 54 1
1701041361.906075 7354 -1
1701041361.906117 54 1
1701041361.906650 1976 -1
1701041361.906686 54 1
1701041361.910627 1067 -1
1701041361.910627 11734 -1
1701041361.910723 54 1
1701041361.911378 3898 -1
1701041361.911413 54 1
1701041361.912005 1177 -1
1701041361.912005 477 -1
1701041361.912039 54 1
1701041361.914592 7354 -1
1701041361.914592 7354 -1
1701041361.914691 54 1
1701041361.914912 1860 -1
1701041361.914932 54 1
1701041361.915068 1853 -1
1701041361.915089 54 1
1701041361.918094 1173 -1
1701041361.918094 478 -1
1701041361.918154 54 1
1701041361.919690 2974 -1
1701041361.919736 54 1
1701041361.919840 7354 -1
1701041361.919870 54 1
1701041361.920476 6240 -1
1701041361.920526 54 1
1701041361.920919 998 -1
1701041361.924738 1178 -1
1701041361.924738 474 -1
1701041361.924783 54 1
1701041361.924942 7354 -1
1701041361.924988 54 1
1701041361.925622 5605 -1
1701041361.925664 54 1
1701041363.557285 223 1
1701041363.561053 221 1
1701041363.561486 222 1
1701041363.562949 219 1
1701041363.563153 222 1
1701041363.566478 60 -1
1701041363.570695 1106 -1
1701041363.570800 1514 -1
1701041363.570800 14654 -1
1701041363.570917 54 1
1701041363.571803 400 -1
1701041363.571803 2063 -1
1701041363.571838 54 1
1701041363.572959 1229 -1
1701041363.572959 401 -1
1701041363.573023 54 1
1701041363.573569 2974 -1
1701041363.573569 7354 -1
1701041363.573626 54 1
1701041363.573904 89 1
1701041363.573958 2577 -1
1701041363.573992 54 1
1701041363.583601 1174 -1
1701041363.583601 476 -1
1701041363.583601 7354 -1
1701041363.583601 9160 -1
1701041363.583601 7354 -1
1701041363.583601 3998 -1
1701041363.583601 1178 -1
1701041363.583601 477 -1
1701041363.583601 2974 -1
1701041363.583601 4434 -1
1701041363.583869 54 1
1701041363.583992 2974 -1
1701041363.583992 6240 -1
1701041363.584051 54 1
1701041363.584580 3545 -1
1701041363.584619 54 1
1701041363.592160 1173 -1
1701041363.592160 483 -1
1701041363.592244 54 1
1701041363.594153 4434 -1
1701041363.594212 54 1
1701041363.594511 3192 -1
1701041363.594543 54 1
1701041365.186733 220 1
1701041365.195760 220 1
1701041365.195871 221 1
1701041365.195930 218 1
1701041365.196004 221 1
1701041365.199221 60 -1
1701041365.203649 1047 -1
1701041365.203649 7354 -1
1701041365.203768 54 1
1701041365.203833 2924 -1
1701041365.203867 54 1
1701041365.213820 1175 -1
1701041365.213925 477 -1
1701041365.213925 1175 -1
1701041365.213925 479 -1
1701041365.213985 54 1
1701041365.214314 4434 -1
1701041365.214370 54 1
1701041365.214723 7354 -1
1701041365.214763 54 1
1701041365.215147 2974 -1
1701041365.215202 54 1
1701041365.215732 1624 -1
1701041365.215732 12451 -1
1701041365.215817 54 1
1701041365.218286 1176 -1
1701041365.218286 479 -1
1701041365.218286 1172 -1
1701041365.218286 486 -1
1701041365.218499 54 1
1701041365.220543 7354 -1
1701041365.220616 54 1
1701041365.220729 66 -1
1701041365.220729 9078 -1
1701041365.220807 54 1
1701041366.909630 54 1
1701041366.910957 78 -1
1701041366.910957 60 -1
1701041366.911007 54 1
1701041367.337678 66 1
1701041367.338725 66 -1
1701041367.338829 54 1
1701041367.339821 870 1
1701041367.340895 60 -1
1701041367.341804 318 -1
1701041367.342348 134 1
1701041367.343532 146 1
1701041367.343626 60 -1
1701041367.343952 576 1
1701041367.344061 220 1
1701041367.344136 221 1
1701041367.344195 221 1
1701041367.344280 219 1
1701041367.344561 60 -1
1701041367.344904 60 -1
1701041367.344904 60 -1
1701041367.344957 60 -1
1701041367.345088 60 -1
1701041367.345287 60 -1
1701041367.345693 341 -1
1701041367.352897 115 -1
1701041367.352897 85 -1
1701041367.352976 54 1
1701041367.353028 1173 -1
1701041367.353028 478 -1
1701041367.353051 54 1
1701041367.353763 85 1
1701041367.354624 4434 -1
1701041367.354663 54 1
1701041367.354846 7354 -1
1701041367.354893 54 1
1701041367.355869 4056 -1
1701041367.355869 1175 -1
1701041367.355869 482 -1
1701041367.355869 1171 -1
1701041367.355924 54 1
1701041367.355968 480 -1
1701041367.355968 1226 -1
1701041367.355997 54 1
1701041367.356027 407 -1
1701041367.357147 1206 -1
1701041367.357147 436 -1
1701041367.357147 2974 -1
1701041367.357200 54 1
1701041367.357332 3610 -1
1701041367.357356 54 1
1701041367.357638 7354 -1
1701041367.357681 54 1
1701041367.358234 1030 -1
1701041367.358264 54 1
1701041367.360618 7311 -1
1701041367.360690 54 1
1701041367.363736 11128 -1
1701041367.363822 54 1
1701041368.941692 219 1
1701041368.942750 60 -1
1701041368.942781 222 1
1701041368.942871 227 1
1701041368.943766 60 -1
1701041368.943827 60 -1
1701041368.944835 220 1
1701041368.945906 60 -1
1701041368.946046 224 1
1701041368.946927 60 -1
1701041368.957229 1201 -1
1701041368.957229 439 -1
1701041368.957229 1177 -1
1701041368.957229 470 -1
1701041368.957229 1175 -1
1701041368.957365 54 1
1701041368.957678 7354 -1
1701041368.957716 54 1
1701041368.958826 7354 -1
1701041368.958826 1860 -1
1701041368.958882 54 1
1701041368.958942 4819 -1
1701041368.958942 478 -1
1701041368.958970 54 1
1701041368.965821 7354 -1
1701041368.966047 54 1
1701041368.966162 4434 -1
1701041368.966197 54 1
1701041368.966513 4780 -1
1701041368.966559 54 1
1701041368.966909 1596 -1
1701041368.966932 54 1
1701041368.967066 11734 -1
1701041368.967109 54 1
1701041368.970129 4022 -1
1701041368.970129 1599 -1
1701041368.970240 54 1
1701041368.972081 1230 -1
1701041368.972081 410 -1
1701041368.972081 1514 -1
1701041368.972233 54 1
1701041368.972284 5807 -1
1701041368.972314 54 1
1701041368.974098 6351 -1
1701041368.974144 54 1
1701041370.572379 221 1
1701041370.579307 60 -1
1701041370.582895 220 1
1701041370.583015 220 1
1701041370.583274 222 1
1701041370.583887 221 1
1701041370.584063 60 -1
1701041370.585426 60 -1
1701041370.585426 60 -1
1701041370.585426 60 -1
1701041370.586906 1177 -1
1701041370.586906 475 -1
1701041370.586971 54 1
1701041370.590806 16460 -1
1701041370.590976 54 1
1701041370.591958 4367 -1
1701041370.592005 54 1
1701041370.593688 1178 -1
1701041370.593688 471 -1
1701041370.593688 1201 -1
1701041370.593688 440 -1
1701041370.593688 1178 -1
1701041370.593688 467 -1
1701041370.593688 7354 -1
1701041370.593796 54 1
1701041370.594580 7354 -1
1701041370.594622 54 1
1701041370.595036 1860 -1
1701041370.595075 54 1
1701041370.595120 7354 -1
1701041370.595166 54 1
1701041370.595599 5924 -1
1701041370.595638 54 1
1701041370.596609 7354 -1
1701041370.596678 54 1
1701041370.597168 1514 -1
1701041370.597168 7354 -1
1701041370.597231 54 1
1701041370.597548 400 -1
1701041370.597548 5882 -1
1701041370.597603 54 1
1701041370.605940 1177 -1
1701041370.605940 478 -1
1701041370.605940 1514 -1
1701041370.605940 7354 -1
1701041370.605940 5894 -1
1701041370.605940 1860 -1
1701041370.605940 85 -1
1701041370.605940 1695 -1
1701041370.606115 54 1
1701041372.224936 228 1
1701041372.228042 220 1
1701041372.228456 219 1
1701041372.229177 221 1
1701041372.229291 60 -1
1701041372.229461 219 1
1701041372.232276 60 -1
1701041372.238218 1045 -1
1701041372.238218 16460 -1
1701041372.238361 54 1
1701041372.239713 1063 -1
1701041372.239751 54 1
1701041372.246745 1206 -1
1701041372.246745 438 -1
1701041372.246745 1200 -1
1701041372.246745 441 -1
1701041372.246827 54 1
1701041372.248393 1514 -1
1701041372.248516 7354 -1
1701041372.248566 54 1
1701041372.248918 1246 -1
1701041372.249029 7266 -1
1701041372.249078 54 1
1701041372.253470 1171 -1
1701041372.253470 481 -1
1701041372.253556 54 1
1701041372.257768 6846 -1
1701041372.257890 54 1
1701041372.257994 1173 -1
1701041372.257994 477 -1
1701041372.258033 54 1
1701041372.263517 7354 -1
1701041372.263621 54 1
1701041372.264008 4882 -1
1701041372.264051 54 1
1701041376.922704 54 1
1701041376.925627 78 -1
1701041376.925627 60 -1
1701041376.925663 54 1
1701041377.302049 66 1
1701041377.303372 66 -1
1701041377.303511 54 1
1701041377.305415 902 1
1701041377.306796 60 -1
1701041377.307492 318 -1
1701041377.308779 134 1
1701041377.309673 146 1
1701041377.309947 60 -1
1701041377.310210 573 1
1701041377.310285 220 1
1701041377.310373 222 1
1701041377.310473 221 1
1701041377.310555 219 1
1701041377.315698 341 -1
1701041377.315698 60 -1
1701041377.315698 115 -1
1701041377.315698 85 -1
1701041377.315824 54 1
1701041377.316160 85 1
1701041377.316997 60 -1
1701041377.316997 60 -1
1701041377.316997 60 -1
1701041377.316997 60 -1
1701041377.316997 60 -1
1701041377.317115 60 -1
1701041377.326039 1176 -1
1701041377.326039 480 -1
1701041377.326039 1285 -1
1701041377.326039 329 -1
1701041377.326039 1175 -1
1701041377.326039 482 -1
1701041377.326130 54 1
1701041377.328808 7354 -1
1701041377.328900 54 1
1701041377.329425 1496 -1
1701041377.329425 7354 -1
1701041377.329487 54 1
1701041377.330021 2988 -1
1701041377.330067 54 1
1701041377.330327 5941 -1
1701041377.330363 54 1
1701041377.330931 1592 -1
1701041377.330931 7354 -1
1701041377.331204 54 1
1701041377.332248 1113 -1
1701041377.341148 1205 -1
1701041377.341148 437 -1
1701041377.341234 54 1
1701041377.341583 7354 -1
1701041377.341638 54 1
1701041377.341840 4434 -1
1701041377.341863 54 1
1701041377.342206 4780 -1
1701041377.342256 54 1
1701041377.342602 200 -1
1701041377.342632 54 1
1701041378.988429 223 1
1701041378.988751 229 1
1701041378.988997 228 1
1701041378.989060 221 1
1701041378.989114 219 1
1701041378.990221 60 -1
1701041378.998272 1178 -1
1701041378.998272 476 -1
1701041378.998272 1042 -1
1701041378.998272 1514 -1
1701041378.998351 54 1
1701041378.998416 7354 -1
1701041378.998479 54 1
1701041379.006259 5894 -1
1701041379.006259 1860 -1
1701041379.006259 1776 -1
1701041379.006259 9691 -1
1701041379.006259 1176 -1
1701041379.006259 480 -1
1701041379.006259 4303 -1
1701041379.006259 1174 -1
1701041379.006259 479 -1
1701041379.006413 54 1
1701041379.014712 1172 -1
1701041379.014712 4434 -1
1701041379.014712 4434 -1
1701041379.014712 4782 -1
1701041379.014712 7354 -1
1701041379.014712 4835 -1
1701041379.014878 54 1
1701041380.617757 221 1
1701041380.617887 218 1
1701041380.618420 219 1
1701041380.619220 218 1
1701041380.619316 219 1
1701041380.623406 60 -1
1701041380.626900 1204 -1
1701041380.626900 442 -1
1701041380.626970 54 1
1701041380.627091 7354 -1
1701041380.627130 54 1
1701041380.627736 1294 -1
1701041380.627781 54 1
1701041380.627919 1178 -1
1701041380.627919 470 -1
1701041380.627919 16460 -1
1701041380.628013 54 1
1701041380.629208 3145 -1
1701041380.629255 54 1
1701041380.630189 1177 -1
1701041380.630222 54 1
1701041380.630274 472 -1
1701041380.632234 9602 -1
1701041380.632303 54 1
1701041380.654617 1182 -1
1701041380.654617 469 -1
1701041380.654712 54 1
1701041380.656144 5894 -1
1701041380.656196 54 1
1701041380.656279 6827 -1
1701041380.656320 54 1
1701041380.669377 1179 -1
1701041380.669377 478 -1
1701041380.669490 54 1
1701041380.669665 7354 -1
1701041380.669712 54 1
1701041380.669993 340 -1
1701041380.712580 54 1
1701041382.812942 221 1
1701041382.813394 221 1
1701041382.814158 219 1
1701041382.814792 219 1
1701041382.815220 220 1
1701041382.816270 60 -1
1701041382.820634 60 -1
1701041382.830797 1177 -1
1701041382.830797 476 -1
1701041382.830797 1204 -1
1701041382.830797 435 -1
1701041382.830914 54 1
1701041382.830997 1179 -1
1701041382.830997 469 -1
1701041382.831026 54 1
1701041382.833343 4434 -1
1701041382.833383 54 1
1701041382.833802 7354 -1
1701041382.833837 54 1
1701041382.833924 89 1
1701041382.834139 3517 -1
1701041382.834177 54 1
1701041382.834415 4256 -1
1701041382.834439 54 1
1701041382.834834 7354 -1
1701041382.834882 54 1
1701041382.835391 4535 -1
1701041382.835439 54 1
1701041382.835811 1181 -1
1701041382.835846 54 1
1701041382.835912 470 -1
1701041382.835912 7354 -1
1701041382.835958 54 1
1701041382.836471 1514 -1
1701041382.836689 7700 -1
1701041382.836736 54 1
1701041382.837260 3621 -1
1701041382.837302 54 1
1701041382.839664 1179 -1
1701041382.839664 477 -1
1701041382.839721 54 1
1701041382.840833 7354 -1
1701041382.840896 54 1
1701041382.841321 5894 -1
1701041382.841360 54 1
1701041382.841793 3320 -1
1701041382.841825 54 1
1701041382.842041 967 -1
1701041382.891218 54 1
1701041384.432318 222 1
1701041384.432445 220 1
1701041384.433756 222 1
1701041384.433859 220 1
1701041384.433989 220 1
1701041384.435334 60 -1
1701041384.440229 1178 -1
1701041384.440229 468 -1
1701041384.440351 54 1
1701041384.441034 1208 -1
1701041384.441034 434 -1
1701041384.441034 1514 -1
1701041384.441034 7354 -1
1701041384.441101 54 1
1701041384.441736 1605 -1
1701041384.441736 5118 -1
1701041384.441802 54 1
1701041384.445571 1227 -1
1701041384.445571 407 -1
1701041384.445655 54 1
1701041384.446426 1175 -1
1701041384.446426 476 -1
1701041384.446453 54 1
1701041384.447697 2974 -1
1701041384.447742 54 1
1701041384.447862 6322 -1
1701041384.447896 54 1
1701041384.448296 1201 -1
1701041384.448316 54 1
1701041384.448414 445 -1
1701041384.448414 7354 -1
1701041384.448474 54 1
1701041384.449118 4053 -1
1701041384.449146 54 1
1701041384.449450 7354 -1
1701041384.449503 54 1
1701041384.450095 6127 -1
1701041384.450132 54 1
1701041386.057406 226 1
1701041386.057982 220 1
1701041386.059112 219 1
1701041386.059680 219 1
1701041386.061464 222 1
1701041386.073806 60 -1
1701041386.076309 60 -1
1701041386.082302 1174 -1
1701041386.082302 481 -1
1701041386.082302 1175 -1
1701041386.082302 479 -1
1701041386.082424 54 1
1701041386.094975 7354 -1
1701041386.094975 2002 -1
1701041386.094975 1233 -1
1701041386.094975 397 -1
1701041386.094975 1178 -1
1701041386.094975 477 -1
1701041386.094975 1179 -1
1701041386.094975 467 -1
1701041386.095249 54 1
1701041386.103493 7354 -1
1701041386.103493 4323 -1
1701041386.103493 7354 -1
1701041386.103800 54 1
1701041386.104978 2356 -1
1701041386.104978 15025 -1
1701041386.105050 54 1
1701041386.105382 2974 -1
1701041386.105410 54 1
1701041386.105761 6993 -1
1701041386.105800 54 1
1701041386.944382 54 1
1701041386.945850 78 -1
1701041386.945850 60 -1
1701041386.945915 54 1
1701041388.835077 66 1
1701041388.836228 66 -1
1701041388.836347 54 1
1701041388.837347 870 1
1701041388.838404 60 -1
1701041388.839497 318 -1
1701041388.840856 134 1
1701041388.841872 60 -1
1701041388.842270 146 1
1701041388.843100 575 1
1701041388.843186 224 1
1701041388.843455 60 -1
1701041388.843782 220 1
1701041388.843970 220 1
1701041388.844088 220 1
1701041388.844300 341 -1
1701041388.844374 60 -1
1701041388.844374 60 -1
1701041388.844949 60 -1
1701041388.844949 60 -1
1701041388.844993 60 -1
1701041388.846551 115 -1
1701041388.846551 85 -1
1701041388.846965 54 1
1701041388.847209 85 1
1701041388.848121 60 -1
1701041388.853417 1075 -1
1701041388.853417 2974 -1
1701041388.853417 4434 -1
1701041388.853417 9160 -1
1701041388.853604 54 1
1701041388.854107 1108 -1
1701041388.854107 16114 -1
1701041388.854184 54 1
1701041388.859059 60 -1
1701041388.859059 1095 -1
1701041388.859059 7282 -1
1701041388.859059 1074 -1
1701041388.859059 1514 -1
1701041388.859059 1514 -1
1701041388.859059 1514 -1
1701041388.859059 7354 -1
1701041388.859059 5166 -1
1701041388.859304 54 1
1701041388.874731 1066 -1
1701041388.874731 12047 -1
1701041388.874860 54 1
1701041388.878389 367 -1
1701041388.878451 66 1
1701041393.375378 220 1
1701041393.379899 223 1
1701041393.380533 219 1
1701041393.385444 220 1
1701041393.385885 219 1
1701041393.386829 1099 -1
1701041393.386829 15591 -1
1701041393.386964 54 1
1701041393.391973 60 -1
1701041393.399294 1103 -1
1701041393.399294 5894 -1
1701041393.399294 5894 -1
1701041393.399421 54 1
1701041393.399504 4030 -1
1701041393.399542 54 1
1701041393.399843 1072 -1
1701041393.399843 7354 -1
1701041393.399887 54 1
1701041393.400445 9160 -1
1701041393.400500 54 1
1701041393.401201 2680 -1
1701041393.401229 54 1
1701041393.405795 1073 -1
1701041393.405795 7938 -1
1701041393.405795 1100 -1
1701041393.405795 5894 -1
1701041393.405795 7354 -1
1701041393.405795 3013 -1
1701041393.405969 54 1
1701041395.035879 219 1
1701041395.036620 219 1
1701041395.037590 219 1
1701041395.038204 220 1
1701041395.038291 221 1
1701041395.039781 60 -1
1701041395.045333 1073 -1
1701041395.045435 7354 -1
1701041395.045473 54 1
1701041395.045766 2929 -1
1701041395.045816 54 1
1701041395.046001 1077 -1
1701041395.046079 7354 -1
1701041395.046132 54 1
1701041395.046705 3264 -1
1701041395.046735 54 1
1701041395.048231 89 1
1701041395.051392 1074 -1
1701041395.051463 7354 -1
1701041395.051490 54 1
1701041395.051956 2156 -1
1701041395.052065 54 1
1701041395.052160 1071 -1
1701041395.062437 7354 -1
1701041395.062437 3042 -1
1701041395.062437 1076 -1
1701041395.062437 7354 -1
1701041395.062437 4098 -1
1701041395.062437 1178 -1
1701041395.062650 66 1
1701041396.695551 229 1
1701041396.696004 221 1
1701041396.696120 221 1
1701041396.696208 221 1
1701041396.696295 219 1
1701041396.697301 60 -1
1701041396.702406 1072 -1
1701041396.702406 7354 -1
1701041396.702533 54 1
1701041396.702867 7354 -1
1701041396.702903 54 1
1701041396.703515 1860 -1
1701041396.703577 54 1
1701041396.703815 2380 -1
1701041396.703841 54 1
1701041396.709564 1102 -1
1701041396.709564 12118 -1
1701041396.709853 54 1
1701041396.710196 1069 -1
1701041396.710263 54 1
1701041396.710397 7354 -1
1701041396.710436 54 1
1701041396.710903 1126 -1
1701041396.710941 54 1
1701041396.711037 1099 -1
1701041396.711083 5894 -1
1701041396.711113 54 1
1701041396.711547 2836 -1
1701041396.711573 54 1
1701041396.712028 1072 -1
1701041396.712028 7354 -1
1701041396.712083 54 1
1701041396.712466 1705 -1
1701041396.712484 54 1
1701041396.951156 54 1
1701041396.960154 78 -1
1701041396.960154 60 -1
1701041396.960274 54 1
1701041398.895666 66 1
1701041398.897666 66 -1
1701041398.897871 54 1
1701041398.898532 934 1
1701041398.899503 60 -1
1701041398.900549 318 -1
1701041398.901269 134 1
1701041398.901641 146 1
1701041398.902304 60 -1
1701041398.902435 575 1
1701041398.902537 222 1
1701041398.902631 220 1
1701041398.902721 222 1
1701041398.902829 223 1
1701041398.903141 60 -1
1701041398.904229 60 -1
1701041398.904229 60 -1
1701041398.904318 60 -1
1701041398.904318 60 -1
1701041398.904318 60 -1
1701041398.904374 341 -1
1701041398.914452 115 -1
1701041398.914452 85 -1
1701041398.914452 1098 -1
1701041398.914452 5894 -1
1701041398.914573 54 1
1701041398.914784 3756 -1
1701041398.914856 54 1
1701041398.915185 1150 -1
1701041398.915185 6740 -1
1701041398.915257 54 1
1701041398.915693 1064 -1
1701041398.915712 54 1
1701041398.915797 5894 -1
1701041398.915836 54 1
1701041398.916249 85 1
1701041398.916392 6742 -1
1701041398.916422 54 1
1701041398.917588 1075 -1
1701041398.917588 2974 -1
1701041398.917857 54 1
1701041398.918004 1514 -1
1701041398.918004 7354 -1
1701041398.918063 54 1
1701041398.918463 132 -1
1701041398.918463 1077 -1
1701041398.918493 54 1
1701041398.918585 13708 -1
1701041398.918666 54 1
1701041400.539486 223 1
1701041400.540377 219 1
1701041400.540528 60 -1
1701041400.540536 221 1
1701041400.541298 220 1
1701041400.541392 60 -1
1701041400.541461 60 -1
1701041400.542217 223 1
1701041400.542260 60 -1
1701041400.543171 60 -1
1701041400.548958 1078 -1
1701041400.549073 6865 -1
1701041400.549128 54 1
1701041400.549366 1076 -1
1701041400.549449 10172 -1
1701041400.549495 54 1
1701041400.550300 1096 -1
1701041400.550382 6980 -1
1701041400.550413 54 1
1701041400.550944 1074 -1
1701041400.551013 5894 -1
1701041400.551044 54 1
1701041400.551515 7354 -1
1701041400.551548 54 1
1701041400.552171 2727 -1
1701041400.552207 54 1
1701041400.552722 1099 -1
1701041400.552722 7073 -1
1701041400.552774 54 1
1701041402.243281 229 1
1701041402.244370 220 1
1701041402.246655 219 1
1701041402.246751 219 1
1701041402.246851 219 1
1701041402.247945 60 -1
1701041402.253245 60 -1
1701041402.257993 1073 -1
1701041402.257993 6091 -1
1701041402.258122 54 1
1701041402.258357 1072 -1
1701041402.258357 10773 -1
1701041402.258442 54 1
1701041402.260671 1078 -1
1701041402.260671 7354 -1
1701041402.260791 54 1
1701041402.268641 5611 -1
1701041402.268641 1074 -1
1701041402.268641 1100 -1
1701041402.268641 5324 -1
1701041402.268641 7354 -1
1701041402.268641 60 -1
1701041402.268641 60 -1
1701041402.268828 66 1
1701041404.395983 219 1
1701041404.396115 220 1
1701041404.396196 219 1
1701041404.396285 222 1
1701041404.396454 219 1
1701041404.399549 60 -1
1701041404.403187 1077 -1
1701041404.403187 8321 -1
1701041404.403396 54 1
1701041404.403623 1044 -1
1701041404.403671 54 1
1701041404.403832 7354 -1
1701041404.403901 54 1
1701041404.404310 3083 -1
1701041404.404336 54 1
1701041404.404808 1077 -1
1701041404.404808 13194 -1
1701041404.404867 54 1
1701041404.405999 2307 -1
1701041404.405999 5894 -1
1701041404.406054 54 1
1701041404.406409 2974 -1
1701041404.406435 54 1
1701041404.406666 7354 -1
1701041404.406712 54 1
1701041404.407280 7354 -1
1701041404.407313 54 1
1701041404.407858 2804 -1
1701041404.407885 54 1
1701041404.408238 1100 -1
1701041404.408238 2974 -1
1701041404.408272 54 1
1701041404.408422 6072 -1
1701041404.408470 54 1
1701041404.408951 89 1
1701041404.449979 60 -1
1701041406.994856 54 1
1701041406.996881 78 -1
1701041406.996881 60 -1
1701041406.996935 54 1
