1701040952.607506 66 1
1701040952.610421 66 -1
1701040952.610503 54 1
1701040952.612756 663 1
1701040952.613800 60 -1
1701040952.615993 2974 -1
1701040952.616030 54 1
1701040952.616096 957 -1
1701040952.631666 134 1
1701040952.642062 60 -1
1701040952.642062 341 -1
1701040952.642609 341 -1
1701040952.642763 54 1
1701040952.679036 146 1
1701040952.680257 60 -1
1701040952.700182 115 -1
1701040952.700182 85 -1
1701040952.700383 54 1
1701040952.733392 574 1
1701040952.734976 60 -1
1701040952.737108 1063 -1
1701040952.738144 4434 -1
1701040952.738184 54 1
1701040952.738334 2974 -1
1701040952.738363 54 1
1701040952.738601 1514 -1
1701040952.738728 3033 -1
1701040952.738752 54 1
1701040952.752342 85 1
1701040952.769379 220 1
1701040952.784675 60 -1
1701040952.805866 1174 -1
1701040952.806034 476 -1
1701040952.806105 54 1
1701040952.808464 7354 -1
1701040952.808528 54 1
1701040952.808598 4165 -1
1701040952.808640 54 1
1701040953.050187 222 1
1701040953.072048 1192 -1
1701040953.072048 451 -1
1701040953.072048 1514 -1
1701040953.072048 7354 -1
1701040953.072048 1340 -1
1701040953.072186 54 1
1701040953.076708 218 1
1701040953.076857 223 1
1701040953.076942 222 1
1701040953.077008 221 1
1701040953.077150 228 1
1701040953.077259 220 1
1701040953.077371 221 1
1701040953.077463 223 1
1701040953.077569 220 1
1701040953.077676 224 1
1701040953.077776 224 1
1701040953.077890 220 1
1701040953.078002 220 1
1701040953.095385 60 -1
1701040953.095385 1173 -1
1701040953.095385 474 -1
1701040953.095385 1173 -1
1701040953.095385 481 -1
1701040953.095385 7354 -1
1701040953.095385 7354 -1
1701040953.095385 1860 -1
1701040953.095385 2974 -1
1701040953.095385 4612 -1
1701040953.095385 16460 -1
1701040953.095385 7354 -1
1701040953.095385 123 -1
1701040953.095385 1177 -1
1701040953.095385 478 -1
1701040953.095385 7354 -1
1701040953.095385 7354 -1
1701040953.095385 1860 -1
1701040953.095385 85 -1
1701040953.095385 1918 -1
1701040953.095734 54 1
1701040953.096340 60 -1
1701040953.096380 60 -1
1701040953.096380 60 -1
1701040953.101346 1094 -1
1701040953.101387 54 1
1701040953.101431 7354 -1
1701040953.101467 54 1
1701040953.118132 4220 -1
1701040953.118132 1171 -1
1701040953.118132 475 -1
1701040953.118132 1175 -1
1701040953.118132 478 -1
1701040953.118132 7354 -1
1701040953.118132 5678 -1
1701040953.118132 7354 -1
1701040953.118132 3995 -1
1701040953.118132 1597 -1
1701040953.118132 1172 -1
1701040953.118132 484 -1
1701040953.118132 4434 -1
1701040953.118132 4627 -1
1701040953.118132 1172 -1
1701040953.118132 1601 -1
1701040953.118132 5894 -1
1701040953.118132 2891 -1
1701040953.118132 484 -1
1701040953.118132 1514 -1
1701040953.118132 2974 -1
1701040953.118483 54 1
1701040953.118657 9650 -1
1701040953.118705 54 1
1701040953.122163 1175 -1
1701040953.122163 13194 -1
1701040953.122163 3749 -1
1701040953.122265 54 1
1701040953.123070 2942 -1
1701040953.123110 54 1
1701040953.131936 4434 -1
1701040953.132016 54 1
1701040953.132195 7354 -1
1701040953.132228 54 1
1701040953.132737 2974 -1
1701040953.132761 54 1
1701040953.132980 1860 -1
1701040953.133008 54 1
1701040953.133237 2279 -1
1701040953.133260 54 1
1701040953.133364 2720 -1
1701040953.133390 54 1
1701040953.137539 475 -1
1701040953.137591 54 1
1701040953.137655 2974 -1
1701040953.137684 54 1
1701040953.137763 5117 -1
1701040953.137797 54 1
1701040953.138186 7354 -1
1701040953.138229 54 1
1701040953.138881 3719 -1
1701040953.138915 54 1
1701040953.178160 54 1
1701040953.468165 66 1
1701040953.470224 66 -1
1701040953.470323 54 1
1701040953.470889 572 1
1701040953.473060 60 -1
1701040953.483378 2974 -1
1701040953.483378 957 -1
1701040953.483484 54 1
1701040953.490440 134 1
1701040953.490940 146 1
1701040953.491262 543 1
1701040953.491545 60 -1
1701040953.491943 60 -1
1701040953.492440 60 -1
1701040953.497693 341 -1
1701040953.497784 341 -1
1701040953.497820 54 1
1701040953.501206 115 -1
1701040953.501206 85 -1
1701040953.501300 54 1
1701040953.501610 85 1
1701040953.509108 60 -1
1701040953.509108 1245 -1
1701040953.509108 513 -1
1701040953.509108 6628 -1
1701040953.509243 54 1
1701040960.929698 54 1
1701040960.930187 54 1
1701040960.931174 78 -1
1701040960.931174 60 -1
1701040960.931219 54 1
1701040960.933315 78 -1
1701040960.933315 60 -1
1701040960.933368 54 1
1701040962.289218 66 1
1701040962.296177 66 -1
1701040962.296327 54 1
1701040962.298680 966 1
1701040962.300041 60 -1
1701040962.300788 318 -1
1701040962.301571 134 1
1701040962.301923 146 1
1701040962.302525 60 -1
1701040962.302579 576 1
1701040962.302647 219 1
1701040962.302715 219 1
1701040962.302798 219 1
1701040962.302876 341 -1
1701040962.303259 60 -1
1701040962.303288 115 -1
1701040962.303304 54 1
1701040962.303378 85 -1
1701040962.303407 60 -1
1701040962.303540 60 -1
1701040962.303540 60 -1
1701040962.303661 60 -1
1701040962.303785 85 1
1701040962.304674 60 -1
1701040962.311569 1192 -1
1701040962.311569 451 -1
1701040962.311747 54 1
1701040962.312016 7354 -1
1701040962.312079 54 1
1701040962.312489 7354 -1
1701040962.312560 54 1
1701040962.313059 288 -1
1701040962.318738 1173 -1
1701040962.318738 478 -1
1701040962.318818 54 1
1701040962.320164 1174 -1
1701040962.320164 478 -1
1701040962.320164 7354 -1
1701040962.320164 2974 -1
1701040962.320228 54 1
1701040962.320314 2974 -1
1701040962.320356 54 1
1701040962.320558 3320 -1
1701040962.320585 54 1
1701040962.320823 5555 -1
1701040962.320845 54 1
1701040962.323330 7354 -1
1701040962.323404 54 1
1701040962.323846 4434 -1
1701040962.323878 54 1
1701040962.324235 4780 -1
1701040962.324288 54 1
1701040962.324521 1125 -1
1701040962.324548 54 1
1701040962.325243 1174 -1
1701040962.325243 482 -1
1701040962.325295 54 1
1701040962.328999 2974 -1
1701040962.329066 54 1
1701040962.329497 8814 -1
1701040962.329543 54 1
1701040962.330752 1514 -1
1701040962.330752 1982 -1
1701040962.330797 54 1
1701040965.009868 229 1
1701040965.009995 220 1
1701040965.011191 60 -1
1701040965.011191 60 -1
1701040965.012945 220 1
1701040965.013199 219 1
1701040965.013955 60 -1
1701040965.014317 221 1
1701040965.014528 60 -1
1701040965.015519 60 -1
1701040965.020495 1175 -1
1701040965.020495 479 -1
1701040965.020574 54 1
1701040965.021235 7354 -1
1701040965.021287 54 1
1701040965.021572 9160 -1
1701040965.021638 54 1
1701040965.022385 85 -1
1701040965.022385 6771 -1
1701040965.022430 54 1
1701040965.022892 1590 -1
1701040965.022937 54 1
1701040965.023413 7354 -1
1701040965.023450 54 1
1701040965.023616 1983 -1
1701040965.023646 54 1
1701040965.023788 1176 -1
1701040965.023811 54 1
1701040965.023924 1594 -1
1701040965.023945 54 1
1701040965.024194 470 -1
1701040965.024194 8814 -1
1701040965.024255 54 1
1701040965.024900 7700 -1
1701040965.024936 54 1
1701040965.025486 7708 -1
1701040965.025522 54 1
1701040965.026056 1174 -1
1701040965.026081 54 1
1701040965.026203 482 -1
1701040965.026203 7354 -1
1701040965.026248 54 1
1701040965.026812 7354 -1
1701040965.026850 54 1
1701040965.027473 1860 -1
1701040965.027499 54 1
1701040965.027578 85 -1
1701040965.027578 1394 -1
1701040965.027605 54 1
1701040965.027695 6757 -1
1701040965.027723 54 1
1701040967.172146 220 1
1701040967.184642 219 1
1701040967.184765 220 1
1701040967.184850 218 1
1701040967.185163 221 1
1701040967.186491 60 -1
1701040967.193655 1174 -1
1701040967.193655 481 -1
1701040967.193655 7354 -1
1701040967.193655 9160 -1
1701040967.193655 11027 -1
1701040967.193847 54 1
1701040967.197762 1049 -1
1701040967.197762 1514 -1
1701040967.197762 4434 -1
1701040967.197876 54 1
1701040967.201743 1514 -1
1701040967.201743 7354 -1
1701040967.201743 1860 -1
1701040967.201743 2974 -1
1701040967.201743 2974 -1
1701040967.201743 10442 -1
1701040967.201743 1600 -1
1701040967.201743 7354 -1
1701040967.201743 7354 -1
1701040967.201743 1860 -1
1701040967.201743 2974 -1
1701040967.201743 1542 -1
1701040967.201743 1175 -1
1701040967.201743 478 -1
1701040967.201743 16460 -1
1701040967.202128 54 1
1701040967.202503 85 -1
1701040967.202503 7354 -1
1701040967.202539 54 1
1701040967.206000 1936 -1
1701040967.206074 54 1
1701040967.211464 1174 -1
1701040967.211464 476 -1
1701040967.211464 7354 -1
1701040967.211585 54 1
1701040967.212557 5189 -1
1701040967.212617 54 1
1701040968.776727 221 1
1701040968.777507 219 1
1701040968.780754 221 1
1701040968.781076 220 1
1701040968.781172 221 1
1701040968.792147 60 -1
1701040968.792147 1176 -1
1701040968.792147 474 -1
1701040968.792147 4993 -1
1701040968.792147 1207 -1
1701040968.792147 432 -1
1701040968.792147 16114 -1
1701040968.792147 400 -1
1701040968.792147 85 -1
1701040968.792147 3698 -1
1701040968.792147 1177 -1
1701040968.792147 471 -1
1701040968.792147 7354 -1
1701040968.792147 7220 -1
1701040968.792392 54 1
1701040968.795605 1041 -1
1701040968.795605 7354 -1
1701040968.795605 1514 -1
1701040968.795605 7700 -1
1701040968.795724 54 1
1701040968.796209 1514 -1
1701040968.796231 54 1
1701040968.796546 1514 -1
1701040968.796546 2422 -1
1701040968.796575 54 1
1701040968.799873 89 1
1701040968.800521 1200 -1
1701040968.800521 444 -1
1701040968.800521 16460 -1
1701040968.800635 54 1
1701040968.801727 2974 -1
1701040968.801752 54 1
1701040968.802197 4116 -1
1701040968.802359 54 1
1701040968.842805 60 -1
1701040970.373966 218 1
1701040970.374114 221 1
1701040970.374199 221 1
1701040970.374272 220 1
1701040970.385667 227 1
1701040970.385835 60 -1
1701040970.385835 60 -1
1701040970.385835 60 -1
1701040970.385835 60 -1
1701040970.386631 60 -1
1701040970.393382 1033 -1
1701040970.393382 7150 -1
1701040970.393581 54 1
1701040970.399694 1172 -1
1701040970.399694 483 -1
1701040970.399778 54 1
1701040970.401467 1174 -1
1701040970.401467 478 -1
1701040970.401507 54 1
1701040970.403878 5804 -1
1701040970.404095 54 1
1701040970.404216 7354 -1
1701040970.404269 54 1
1701040970.404798 5021 -1
1701040970.404843 54 1
1701040970.405350 1175 -1
1701040970.405350 480 -1
1701040970.405350 5631 -1
1701040970.405405 54 1
1701040970.415304 1171 -1
1701040970.415304 482 -1
1701040970.415404 54 1
1701040970.421554 7354 -1
1701040970.421648 54 1
1701040970.421851 7502 -1
1701040970.421901 54 1
1701040970.947273 54 1
1701040970.948426 78 -1
1701040970.948426 60 -1
1701040970.948466 54 1
1701040972.487935 66 1
1701040972.489270 66 -1
1701040972.489427 54 1
1701040972.490554 902 1
1701040972.492146 60 -1
1701040972.492296 318 -1
1701040972.493382 134 1
1701040972.493845 146 1
1701040972.494485 576 1
1701040972.494579 220 1
1701040972.494600 60 -1
1701040972.494678 226 1
1701040972.494770 228 1
1701040972.494845 224 1
1701040972.494903 60 -1
1701040972.495395 60 -1
1701040972.495422 60 -1
1701040972.495599 60 -1
1701040972.495622 60 -1
1701040972.495667 60 -1
1701040972.496760 341 -1
1701040972.500749 115 -1
1701040972.500749 85 -1
1701040972.500851 54 1
1701040972.500938 1012 -1
1701040972.500938 7769 -1
1701040972.501000 54 1
1701040972.501952 85 1
1701040972.503224 1193 -1
1701040972.503224 451 -1
1701040972.503277 54 1
1701040972.503326 9117 -1
1701040972.503383 54 1
1701040972.505585 1196 -1
1701040972.505585 449 -1
1701040972.505585 1191 -1
1701040972.505585 450 -1
1701040972.505636 54 1
1701040972.505787 7354 -1
1701040972.505818 54 1
1701040972.506224 331 -1
1701040972.506224 6121 -1
1701040972.506271 54 1
1701040972.506890 1044 -1
1701040972.506890 7354 -1
1701040972.506928 54 1
1701040972.507438 7232 -1
1701040972.507471 54 1
1701040974.074767 219 1
1701040974.074897 219 1
1701040974.076114 60 -1
1701040974.076114 60 -1
1701040974.076965 220 1
1701040974.077424 221 1
1701040974.078098 60 -1
1701040974.078404 220 1
1701040974.078650 60 -1
1701040974.080414 60 -1
1701040974.091331 1177 -1
1701040974.091331 477 -1
1701040974.091331 1172 -1
1701040974.091331 483 -1
1701040974.091331 1176 -1
1701040974.091475 54 1
1701040974.091548 469 -1
1701040974.091566 54 1
1701040974.095451 7354 -1
1701040974.095562 54 1
1701040974.095673 9160 -1
1701040974.095735 54 1
1701040974.096241 8485 -1
1701040974.096283 54 1
1701040974.096933 7354 -1
1701040974.096970 54 1
1701040974.097550 3907 -1
1701040974.097571 54 1
1701040974.097921 7354 -1
1701040974.097952 54 1
1701040974.098484 4434 -1
1701040974.098527 54 1
1701040974.098820 1933 -1
1701040974.098866 54 1
1701040974.100370 4434 -1
1701040974.100424 54 1
1701040974.100535 7354 -1
1701040974.100563 54 1
1701040974.101209 1514 -1
1701040974.101276 3320 -1
1701040974.101297 54 1
1701040974.101542 2974 -1
1701040974.101571 54 1
1701040974.101795 5019 -1
1701040974.101837 54 1
1701040974.191012 1175 -1
1701040974.191012 478 -1
1701040974.191012 7354 -1
1701040974.191012 7354 -1
1701040974.191012 783 -1
1701040974.191012 783 -1
1701040974.191273 66 1
1701040975.690156 218 1
1701040975.690867 220 1
1701040975.691423 221 1
1701040975.692738 220 1
1701040975.693188 60 -1
1701040975.696330 222 1
1701040975.699233 60 -1
1701040975.705920 1201 -1
1701040975.705920 442 -1
1701040975.706217 54 1
1701040975.708285 1201 -1
1701040975.708285 442 -1
1701040975.708351 54 1
1701040975.708443 7354 -1
1701040975.708486 54 1
1701040975.708804 2822 -1
1701040975.708855 54 1
1701040975.709499 475 -1
1701040975.709499 4434 -1
1701040975.709499 1179 -1
1701040975.709576 66 1
1701040975.709687 66 1
1701040975.709770 54 1
1701040975.709867 5386 -1
1701040975.709906 54 1
1701040975.710034 10022 -1
1701040975.710064 54 1
1701040975.710858 1179 -1
1701040975.710889 66 1
1701040975.711777 1196 -1
1701040975.711777 447 -1
1701040975.711817 54 1
1701040975.712253 7354 -1
1701040975.712291 54 1
1701040975.712426 7354 -1
1701040975.712798 54 1
1701040975.713054 372 -1
1701040975.718816 1181 -1
1701040975.718816 471 -1
1701040975.718920 54 1
1701040975.722791 4434 -1
1701040975.722791 11264 -1
1701040975.722903 54 1
1701040979.645831 219 1
1701040979.648274 219 1
1701040979.650432 220 1
1701040979.651779 60 -1
1701040979.651832 219 1
1701040979.651910 224 1
1701040979.658396 60 -1
1701040979.661321 1208 -1
1701040979.661321 435 -1
1701040979.661429 54 1
1701040979.662724 1172 -1
1701040979.662724 478 -1
1701040979.662724 2974 -1
1701040979.662724 7354 -1
1701040979.662802 54 1
1701040979.663346 1752 -1
1701040979.663391 54 1
1701040979.664401 89 1
1701040979.667289 7354 -1
1701040979.667375 54 1
1701040979.667988 6683 -1
1701040979.667988 1200 -1
1701040979.668059 54 1
1701040979.668278 446 -1
1701040979.668278 1173 -1
1701040979.668310 54 1
1701040979.668425 482 -1
1701040979.668425 10780 -1
1701040979.668483 54 1
1701040979.670202 1197 -1
1701040979.670202 7811 -1
1701040979.670202 444 -1
1701040979.670202 4434 -1
1701040979.670297 54 1
1701040979.670719 5482 -1
1701040979.670794 54 1
1701040980.964310 54 1
1701040980.965703 78 -1
1701040980.965759 54 1
1701040980.966336 60 -1
1701040981.242480 66 1
1701040981.243653 66 -1
1701040981.243752 54 1
1701040981.244449 902 1
1701040981.245372 60 -1
1701040981.246672 318 -1
1701040981.247284 134 1
1701040981.247531 146 1
1701040981.247756 583 1
1701040981.248228 222 1
1701040981.248349 60 -1
1701040981.248540 60 -1
1701040981.248646 60 -1
1701040981.249123 60 -1
1701040981.249814 341 -1
1701040981.251988 219 1
1701040981.252456 220 1
1701040981.252923 221 1
1701040981.269673 60 -1
1701040981.269673 115 -1
1701040981.269673 85 -1
1701040981.269673 60 -1
1701040981.269673 60 -1
1701040981.269673 1179 -1
1701040981.269673 476 -1
1701040981.269673 7354 -1
1701040981.269673 7165 -1
1701040981.269673 1197 -1
1701040981.269673 449 -1
1701040981.269887 54 1
1701040981.270481 1514 -1
1701040981.270481 7431 -1
1701040981.270538 54 1
1701040981.272262 85 1
1701040981.284932 1175 -1
1701040981.284932 479 -1
1701040981.284932 1208 -1
1701040981.284932 435 -1
1701040981.284932 7106 -1
1701040981.284932 7354 -1
1701040981.284932 5296 -1
1701040981.284932 1208 -1
1701040981.284932 441 -1
1701040981.284932 6563 -1
1701040981.285184 54 1
1701040982.831009 218 1
1701040982.831259 220 1
1701040982.832822 231 1
1701040982.832954 230 1
1701040982.833707 220 1
1701040982.834791 60 -1
1701040982.871323 1176 -1
1701040982.871323 477 -1
1701040982.871418 54 1
1701040982.879726 1211 -1
1701040982.879726 435 -1
1701040982.879726 1200 -1
1701040982.879726 438 -1
1701040982.879726 10283 -1
1701040982.879910 54 1
1701040982.880670 1198 -1
1701040982.880670 444 -1
1701040982.880699 54 1
1701040982.883320 1177 -1
1701040982.883320 478 -1
1701040982.883320 7354 -1
1701040982.883401 54 1
1701040982.883714 9160 -1
1701040982.883763 54 1
1701040982.884433 2461 -1
1701040982.884466 54 1
1701040982.886391 7354 -1
1701040982.886446 54 1
1701040982.886861 4835 -1
1701040982.886901 54 1
1701040982.887171 8814 -1
1701040982.887234 54 1
1701040982.887927 1514 -1
1701040982.887972 54 1
1701040982.888025 6240 -1
1701040982.888075 54 1
1701040982.888641 85 -1
1701040982.888641 4153 -1
1701040982.888691 54 1
1701040982.892053 7354 -1
1701040982.892139 54 1
1701040982.892521 4344 -1
1701040982.892553 54 1
1701040984.442675 220 1
1701040984.446313 221 1
1701040984.446407 220 1
1701040984.446464 220 1
1701040984.446648 228 1
1701040984.447996 60 -1
1701040984.450602 1043 -1
1701040984.450684 7037 -1
1701040984.450724 54 1
1701040984.456382 1174 -1
1701040984.456382 484 -1
1701040984.456498 54 1
1701040984.460287 5540 -1
1701040984.460392 54 1
1701040984.460454 1207 -1
1701040984.460522 439 -1
1701040984.460522 1208 -1
1701040984.460543 54 1
1701040984.460625 435 -1
1701040984.460644 54 1
1701040984.460795 1005 -1
1701040984.461864 1174 -1
1701040984.461864 483 -1
1701040984.461897 54 1
1701040984.463329 7354 -1
1701040984.463377 54 1
1701040984.463814 2010 -1
1701040984.463847 54 1
1701040984.468962 4434 -1
1701040984.469075 54 1
1701040984.469394 5894 -1
1701040984.469453 54 1
1701040984.469704 855 -1
1701040984.469743 54 1
1701040986.600923 228 1
1701040986.603329 221 1
1701040986.603422 218 1
1701040986.604640 60 -1
1701040986.605646 219 1
1701040986.605734 221 1
1701040986.611716 60 -1
1701040986.618900 1171 -1
1701040986.618900 486 -1
1701040986.618900 1175 -1
1701040986.618900 477 -1
1701040986.618998 54 1
1701040986.620496 2974 -1
1701040986.620532 54 1
1701040986.620570 5937 -1
1701040986.620606 54 1
1701040986.620759 89 1
1701040986.621041 1176 -1
1701040986.621295 478 -1
1701040986.621321 54 1
1701040986.621471 1231 -1
1701040986.621521 404 -1
1701040986.621543 54 1
1701040986.624195 7354 -1
1701040986.624249 54 1
1701040986.624685 8528 -1
1701040986.624718 54 1
1701040986.625358 2974 -1
1701040986.625393 54 1
1701040986.625603 1514 -1
1701040986.625622 54 1
1701040986.625746 7354 -1
1701040986.625774 54 1
1701040986.626321 2427 -1
1701040986.626343 54 1
1701040986.626499 5894 -1
1701040986.626524 54 1
1701040986.627006 7354 -1
1701040986.627036 54 1
1701040986.627594 3320 -1
1701040986.627636 54 1
1701040986.627891 85 -1
1701040986.627891 7354 -1
1701040986.627929 54 1
1701040986.628488 6036 -1
1701040986.628533 54 1
1701040986.633465 1228 -1
1701040986.633465 409 -1
1701040986.633465 11096 -1
1701040986.633573 54 1
1701040988.224573 220 1
1701040988.224695 219 1
1701040988.226287 60 -1
1701040988.226497 219 1
1701040988.228051 219 1
1701040988.228899 218 1
1701040988.230341 60 -1
1701040988.233965 1198 -1
1701040988.233965 443 -1
1701040988.234044 54 1
1701040988.234911 7354 -1
1701040988.234979 54 1
1701040988.235673 6113 -1
1701040988.235732 54 1
1701040988.237620 1204 -1
1701040988.237620 440 -1
1701040988.237620 1177 -1
1701040988.237620 468 -1
1701040988.237681 54 1
1701040988.238108 7354 -1
1701040988.238139 54 1
1701040988.238528 4434 -1
1701040988.238560 54 1
1701040988.238901 3835 -1
1701040988.238936 54 1
1701040988.239379 7354 -1
1701040988.239425 54 1
1701040988.239875 3472 -1
1701040988.239896 54 1
1701040988.246923 1200 -1
1701040988.247001 54 1
1701040988.247107 443 -1
1701040988.247107 1174 -1
1701040988.247107 476 -1
1701040988.247143 54 1
1701040988.247996 7354 -1
1701040988.248045 54 1
1701040988.248392 7674 -1
1701040988.248442 54 1
1701040988.248963 7354 -1
1701040988.249011 54 1
1701040988.249571 3404 -1
1701040988.249596 54 1
1701040989.870897 220 1
1701040989.877828 1195 -1
1701040989.877828 448 -1
1701040989.877828 2974 -1
1701040989.877828 6580 -1
1701040989.878003 54 1
1701040989.898900 221 1
1701040989.902374 220 1
1701040989.902522 220 1
1701040989.902636 220 1
1701040989.911352 60 -1
1701040989.911352 1199 -1
1701040989.911352 443 -1
1701040989.911462 54 1
1701040989.911581 2974 -1
1701040989.911615 54 1
1701040989.911674 7354 -1
1701040989.911707 54 1
1701040989.912369 2740 -1
1701040989.912412 54 1
1701040989.920000 1231 -1
1701040989.920000 404 -1
1701040989.920112 54 1
1701040989.921914 7354 -1
1701040989.921960 54 1
1701040989.922347 2606 -1
1701040989.922376 54 1
1701040989.922560 1172 -1
1701040989.922660 477 -1
1701040989.922686 54 1
1701040989.922728 7354 -1
1701040989.922759 54 1
1701040989.923296 1514 -1
1701040989.923314 54 1
1701040989.923401 2946 -1
1701040989.923417 54 1
1701040989.926949 1200 -1
1701040989.926949 435 -1
1701040989.927010 54 1
1701040989.928353 4434 -1
1701040989.928418 54 1
1701040989.928527 7354 -1
1701040989.928567 54 1
1701040989.928978 4780 -1
1701040989.929023 54 1
1701040989.929414 77 -1
1701040989.972290 54 1
1701040990.972527 54 1
1701040990.979613 78 -1
1701040990.979613 60 -1
1701040990.979796 54 1
1701040994.548631 66 1
1701040994.549950 66 -1
1701040994.550045 54 1
1701040994.550635 966 1
1701040994.551716 60 -1
1701040994.552408 318 -1
1701040994.554082 134 1
1701040994.554482 146 1
1701040994.555113 576 1
1701040994.555209 219 1
1701040994.555283 221 1
1701040994.555363 219 1
1701040994.555481 219 1
1701040994.556886 60 -1
1701040994.556886 60 -1
1701040994.556886 60 -1
1701040994.556886 60 -1
1701040994.556886 60 -1
1701040994.556886 60 -1
1701040994.556886 60 -1
1701040994.558022 341 -1
1701040994.560481 115 -1
1701040994.560481 85 -1
1701040994.560570 54 1
1701040994.560821 85 1
1701040994.563403 60 -1
1701040994.567442 1175 -1
1701040994.567540 479 -1
1701040994.567568 54 1
1701040994.571482 1514 -1
1701040994.571482 13724 -1
1701040994.571482 1177 -1
1701040994.571482 477 -1
1701040994.571624 54 1
1701040994.571722 1177 -1
1701040994.571722 476 -1
1701040994.571722 16460 -1
1701040994.571774 54 1
1701040994.572861 1853 -1
1701040994.572888 54 1
1701040994.572984 1179 -1
1701040994.573003 54 1
1701040994.573049 467 -1
1701040994.573049 11734 -1
1701040994.573088 54 1
1701040994.576071 1223 -1
1701040994.576071 7354 -1
1701040994.576071 4514 -1
1701040994.576184 54 1
1701040994.576914 1172 -1
1701040994.576945 54 1
1701040994.576991 477 -1
1701040994.577093 7354 -1
1701040994.577121 54 1
1701040994.578030 9160 -1
1701040994.578087 54 1
1701040994.578345 85 -1
1701040994.578345 968 -1
1701040994.578378 54 1
1701040996.189082 223 1
1701040996.189925 221 1
1701040996.190430 222 1
1701040996.191182 60 -1
1701040996.192338 60 -1
1701040996.192338 60 -1
1701040996.194805 219 1
1701040996.196596 222 1
1701040996.201570 60 -1
1701040996.201570 60 -1
1701040996.212466 1229 -1
1701040996.212466 1233 -1
1701040996.212466 401 -1
1701040996.212466 401 -1
1701040996.212466 1174 -1
1701040996.212466 477 -1
1701040996.212466 1179 -1
1701040996.212466 469 -1
1701040996.212638 54 1
1701040996.212740 7354 -1
1701040996.212780 54 1
1701040996.213033 5497 -1
1701040996.213424 54 1
1701040996.213695 1514 -1
1701040996.213695 7354 -1
1701040996.213736 54 1
1701040996.214156 7354 -1
1701040996.214208 54 1
1701040996.214790 400 -1
1701040996.214790 85 -1
1701040996.214790 5894 -1
1701040996.214844 54 1
1701040996.215378 6973 -1
1701040996.215419 54 1
1701040996.215840 7354 -1
1701040996.215891 54 1
1701040996.216434 2974 -1
1701040996.216460 54 1
1701040996.216643 6240 -1
1701040996.216663 54 1
1701040996.217173 3553 -1
1701040996.217215 54 1
1701040996.218135 7354 -1
1701040996.218135 5894 -1
1701040996.218207 54 1
1701040996.218748 3320 -1
1701040996.218788 54 1
1701040996.218834 1747 -1
1701040996.218861 54 1
1701040996.218980 7354 -1
1701040996.219013 54 1
1701040996.219590 271 -1
1701040996.219615 54 1
1701040997.815933 220 1
1701040997.821967 220 1
1701040997.823170 60 -1
1701040997.823499 221 1
1701040997.823944 218 1
1701040997.824044 221 1
1701040997.825470 60 -1
1701040997.827969 1178 -1
1701040997.827969 472 -1
1701040997.828037 54 1
1701040997.828616 1514 -1
1701040997.828719 5913 -1
1701040997.828754 54 1
1701040997.829091 1040 -1
1701040997.829175 5894 -1
1701040997.829276 54 1
1701040997.829638 3639 -1
1701040997.829657 54 1
1701040997.829956 1047 -1
1701040997.830024 5894 -1
1701040997.830045 54 1
1701040997.830529 4384 -1
1701040997.830552 54 1
1701040997.835659 1174 -1
1701040997.835659 477 -1
1701040997.835757 54 1
1701040997.835835 7354 -1
1701040997.835875 54 1
1701040997.839515 2974 -1
1701040997.839515 6004 -1
1701040997.839605 54 1
1701040997.843258 1175 -1
1701040997.843258 479 -1
1701040997.843325 54 1
1701040997.846014 4434 -1
1701040997.846088 54 1
1701040997.846392 1514 -1
1701040997.846392 6611 -1
1701040997.846443 54 1
1701041000.031527 221 1
1701041000.031650 221 1
1701041000.031754 219 1
1701041000.031853 220 1
1701041000.031959 221 1
1701041000.037093 60 -1
1701041000.044829 1226 -1
1701041000.044829 408 -1
1701041000.044914 54 1
1701041000.045713 1179 -1
1701041000.045713 474 -1
1701041000.045748 54 1
1701041000.046592 7354 -1
1701041000.046665 54 1
1701041000.047007 1029 -1
1701041000.047024 54 1
1701041000.047069 1171 -1
1701041000.047161 480 -1
1701041000.047381 54 1
1701041000.047433 7319 -1
1701041000.047477 54 1
1701041000.047811 1206 -1
1701041000.047830 54 1
1701041000.047881 89 1
1701041000.047940 436 -1
1701041000.047956 54 1
1701041000.048493 6530 -1
1701041000.048516 54 1
1701041000.048563 7354 -1
1701041000.048593 54 1
1701041000.049163 3828 -1
1701041000.049202 54 1
1701041000.049462 1174 -1
1701041000.049536 478 -1
1701041000.049551 54 1
1701041000.049582 7354 -1
1701041000.049604 54 1
1701041000.050332 7354 -1
1701041000.050383 54 1
1701041000.050800 1136 -1
1701041000.101414 54 1
1701041000.989622 54 1
1701041000.991533 78 -1
1701041000.991533 60 -1
1701041000.991766 54 1
1701041001.634087 66 1
1701041001.635318 66 -1
1701041001.635462 54 1
1701041001.636073 966 1
1701041001.639660 60 -1
1701041001.640454 318 -1
1701041001.641137 134 1
1701041001.641724 146 1
1701041001.642306 60 -1
1701041001.642341 574 1
1701041001.642402 341 -1
1701041001.642619 220 1
1701041001.642670 60 -1
1701041001.642747 227 1
1701041001.642829 222 1
1701041001.642944 115 -1
1701041001.642944 85 -1
1701041001.642977 54 1
1701041001.643061 224 1
1701041001.643251 85 1
1701041001.643429 60 -1
1701041001.643507 60 -1
1701041001.643604 60 -1
1701041001.643757 60 -1
1701041001.643927 60 -1
1701041001.644173 60 -1
1701041001.653193 1173 -1
1701041001.653193 479 -1
1701041001.653666 54 1
1701041001.654068 1204 -1
1701041001.654068 431 -1
1701041001.654068 7354 -1
1701041001.654139 54 1
1701041001.654781 7354 -1
1701041001.654873 54 1
1701041001.655471 1860 -1
1701041001.655471 4810 -1
1701041001.655512 54 1
1701041001.655864 7354 -1
1701041001.655920 54 1
1701041001.656362 7354 -1
1701041001.656397 54 1
1701041001.656966 1860 -1
1701041001.657012 54 1
1701041001.657113 1604 -1
1701041001.657136 54 1
1701041001.657419 1175 -1
1701041001.657419 481 -1
1701041001.657458 54 1
1701041001.660996 1229 -1
1701041001.660996 410 -1
1701041001.660996 1175 -1
1701041001.660996 478 -1
1701041001.660996 7259 -1
1701041001.661118 54 1
1701041001.667262 6351 -1
1701041001.667347 54 1
1701041001.667567 7354 -1
1701041001.667619 54 1
1701041001.668141 7354 -1
1701041001.668208 54 1
1701041001.668790 1102 -1
1701041001.716053 54 1
1701041003.247554 221 1
1701041003.248582 60 -1
1701041003.248769 220 1
1701041003.249725 60 -1
1701041003.250993 220 1
1701041003.251141 222 1
1701041003.252157 221 1
1701041003.252219 60 -1
1701041003.252219 60 -1
1701041003.253231 60 -1
1701041003.259515 1177 -1
1701041003.259515 475 -1
1701041003.259613 54 1
1701041003.261803 7354 -1
1701041003.261803 7354 -1
1701041003.261803 1860 -1
1701041003.261803 85 -1
1701041003.261803 4336 -1
1701041003.261946 54 1
1701041003.263083 475 -1
1701041003.263083 1175 -1
1701041003.263159 66 1
1701041003.263237 54 1
1701041003.264333 7354 -1
1701041003.264386 54 1
1701041003.264577 3893 -1
1701041003.264616 54 1
1701041003.265371 1175 -1
1701041003.265371 480 -1
1701041003.265413 54 1
1701041003.267493 7354 -1
1701041003.267493 9160 -1
1701041003.267621 54 1
1701041003.267937 2068 -1
1701041003.267977 54 1
1701041003.268086 1588 -1
1701041003.268120 54 1
1701041003.270951 1177 -1
1701041003.270951 476 -1
1701041003.270951 16460 -1
1701041003.271081 54 1
1701041003.272723 5882 -1
1701041003.272792 54 1
1701041003.272884 16460 -1
1701041003.272953 54 1
1701041003.274096 1728 -1
1701041003.274139 54 1
1701041004.854414 228 1
1701041004.860267 220 1
1701041004.861600 219 1
1701041004.861795 221 1
1701041004.862346 219 1
1701041004.870943 1175 -1
1701041004.870943 476 -1
1701041004.870943 7354 -1
1701041004.870943 1514 -1
1701041004.870943 7700 -1
1701041004.870943 672 -1
1701041004.871120 54 1
1701041004.872245 60 -1
1701041004.878230 1200 -1
1701041004.878230 441 -1
1701041004.878314 54 1
1701041004.878525 7266 -1
1701041004.878580 54 1
1701041004.883588 1205 -1
1701041004.883588 437 -1
1701041004.883683 54 1
1701041004.884707 7354 -1
1701041004.884769 54 1
1701041004.885406 2707 -1
1701041004.885439 54 1
1701041004.889995 1171 -1
1701041004.889995 480 -1
1701041004.890084 54 1
1701041004.891683 2974 -1
1701041004.891745 54 1
1701041004.891785 3927 -1
1701041004.891816 54 1
1701041004.898011 1173 -1
1701041004.898011 475 -1
1701041004.898112 54 1
1701041004.900647 7354 -1
1701041004.900726 54 1
1701041004.901044 4884 -1
1701041004.901088 54 1
1701041010.499145 218 1
1701041010.499759 221 1
1701041010.502022 60 -1
1701041010.510360 219 1
1701041010.510491 220 1
1701041010.510594 222 1
1701041010.516691 1174 -1
1701041010.516691 480 -1
1701041010.516691 7354 -1
1701041010.516691 1496 -1
1701041010.516691 1173 -1
1701041010.516691 481 -1
1701041010.516691 2974 -1
1701041010.516691 3022 -1
1701041010.516953 54 1
1701041010.517580 60 -1
1701041010.519107 89 1
1701041010.522103 1284 -1
1701041010.522103 329 -1
1701041010.522312 54 1
1701041010.522423 7354 -1
1701041010.522456 54 1
1701041010.522957 2988 -1
1701041010.522999 54 1
1701041010.526696 1202 -1
1701041010.526696 438 -1
1701041010.526758 54 1
1701041010.526807 7354 -1
1701041010.526844 54 1
1701041010.527391 7354 -1
1701041010.527438 54 1
1701041010.527825 1860 -1
1701041010.527856 54 1
1701041010.528015 85 -1
1701041010.528015 168 -1
1701041010.528041 54 1
1701041010.539987 1172 -1
1701041010.539987 479 -1
1701041010.540055 54 1
1701041010.541426 5894 -1
1701041010.541469 54 1
1701041010.541628 2565 -1
1701041010.541654 54 1
1701041010.994084 54 1
1701041010.995711 78 -1
1701041010.995711 60 -1
1701041010.995793 54 1
1701041012.145026 66 1
1701041012.146077 66 -1
1701041012.146178 54 1
1701041012.146892 870 1
1701041012.147859 60 -1
1701041012.148643 318 -1
1701041012.149126 134 1
1701041012.149444 146 1
1701041012.149926 578 1
1701041012.149989 219 1
1701041012.150046 221 1
1701041012.150099 229 1
1701041012.150161 60 -1
1701041012.150162 228 1
1701041012.150251 341 -1
1701041012.150479 60 -1
1701041012.150904 60 -1
1701041012.150954 60 -1
1701041012.150954 60 -1
1701041012.151001 60 -1
1701041012.151053 60 -1
1701041012.151791 115 -1
1701041012.151791 85 -1
1701041012.151838 54 1
1701041012.156559 85 1
1701041012.157566 60 -1
1701041012.158327 1174 -1
1701041012.158327 480 -1
1701041012.158327 2974 -1
1701041012.158396 54 1
1701041012.158733 1383 -1
1701041012.160605 1169 -1
1701041012.160605 478 -1
1701041012.160605 7354 -1
1701041012.160605 4836 -1
1701041012.160722 54 1
1701041012.163421 1172 -1
1701041012.163421 484 -1
1701041012.163421 1173 -1
1701041012.163421 478 -1
1701041012.163506 54 1
1701041012.164700 7354 -1
1701041012.164744 54 1
1701041012.166319 5818 -1
1701041012.166319 7354 -1
1701041012.166319 2383 -1
1701041012.166421 54 1
1701041012.166878 1175 -1
1701041012.166878 472 -1
1701041012.166926 54 1
1701041012.169707 1514 -1
1701041012.169707 13194 -1
1701041012.169810 54 1
1701041012.170670 1860 -1
1701041012.170703 54 1
1701041012.170784 1389 -1
1701041012.221829 54 1
1701041013.790010 221 1
1701041013.790125 218 1
1701041013.790231 219 1
1701041013.790381 218 1
1701041013.790521 219 1
1701041013.791613 60 -1
1701041013.800802 1204 -1
1701041013.800802 441 -1
1701041013.800802 1048 -1
1701041013.800802 4434 -1
1701041013.800953 54 1
1701041013.801013 7354 -1
1701041013.801087 54 1
1701041013.801402 1371 -1
1701041013.801454 54 1
1701041013.801524 7354 -1
1701041013.801567 54 1
1701041013.802112 1295 -1
1701041013.802131 54 1
1701041013.802252 1174 -1
1701041013.802389 480 -1
1701041013.802389 1514 -1
1701041013.802419 54 1
1701041013.802474 7354 -1
1701041013.802522 54 1
1701041013.806546 834 -1
1701041013.806546 1177 -1
1701041013.806546 478 -1
1701041013.806546 1177 -1
1701041013.806546 480 -1
1701041013.806617 54 1
1701041013.808655 7354 -1
1701041013.808655 7354 -1
1701041013.808770 54 1
1701041013.808831 1860 -1
1701041013.808856 54 1
1701041013.808920 85 -1
1701041013.808920 3106 -1
1701041013.808941 54 1
1701041013.809181 7354 -1
1701041013.809219 54 1
1701041013.809773 338 -1
1701041013.855059 54 1
1701041016.039815 221 1
1701041016.041646 221 1
1701041016.042165 219 1
1701041016.042252 219 1
1701041016.043535 220 1
1701041016.063468 1181 -1
1701041016.063468 471 -1
1701041016.063468 14654 -1
1701041016.063468 1860 -1
1701041016.063468 3620 -1
1701041016.063636 54 1
1701041016.066904 60 -1
1701041016.076405 1179 -1
1701041016.076405 469 -1
1701041016.076405 7354 -1
1701041016.076405 4535 -1
1701041016.086962 54 1
1701041016.087337 1180 -1
1701041016.087337 477 -1
1701041016.087337 1181 -1
1701041016.087337 469 -1
1701041016.087337 2974 -1
1701041016.087337 7354 -1
1701041016.087337 4984 -1
1701041016.087337 1205 -1
1701041016.087337 435 -1
1701041016.087337 13194 -1
1701041016.087337 3320 -1
1701041016.087337 967 -1
1701041016.087337 2974 -1
1701041016.087337 1336 -1
1701041016.087580 54 1
1701041017.715743 222 1
1701041017.720952 220 1
1701041017.721065 222 1
1701041017.722041 220 1
1701041017.722206 220 1
1701041017.723155 60 -1
1701041017.730373 1069 -1
1701041017.730373 5894 -1
1701041017.730500 54 1
1701041017.730568 5873 -1
1701041017.730606 54 1
1701041017.731019 1178 -1
1701041017.731066 54 1
1701041017.731161 468 -1
1701041017.731161 10365 -1
1701041017.731217 54 1
1701041017.732924 89 1
1701041017.745846 1228 -1
1701041017.745991 407 -1
1701041017.746029 54 1
1701041017.747611 7354 -1
1701041017.747660 54 1
1701041017.747889 1942 -1
1701041017.747916 54 1
1701041017.748283 1176 -1
1701041017.748283 475 -1
1701041017.748327 54 1
1701041017.750434 2974 -1
1701041017.750485 54 1
1701041017.751452 7354 -1
1701041017.751452 3208 -1
1701041017.751549 54 1
1701041017.768544 1207 -1
1701041017.768544 440 -1
1701041017.768544 5112 -1
1701041017.768681 54 1
1701041019.345005 226 1
1701041019.347094 220 1
1701041019.347202 219 1
1701041019.347295 219 1
1701041019.347690 222 1
1701041019.348589 60 -1
1701041019.351747 1043 -1
1701041019.351747 8814 -1
1701041019.351867 54 1
1701041019.352867 3259 -1
1701041019.352909 54 1
1701041019.363622 1177 -1
1701041019.363622 471 -1
1701041019.363754 54 1
1701041019.364747 7354 -1
1701041019.364747 2010 -1
1701041019.364824 54 1
1701041019.367978 1234 -1
1701041019.367978 397 -1
1701041019.367978 7354 -1
1701041019.368079 54 1
1701041019.368283 2356 -1
1701041019.368283 1177 -1
1701041019.368283 477 -1
1701041019.368359 54 1
1701041019.371535 1180 -1
1701041019.371535 467 -1
1701041019.371606 54 1
1701041019.372932 7354 -1
1701041019.372932 2613 -1
1701041019.373003 54 1
1701041019.377732 4434 -1
1701041019.377732 7354 -1
1701041019.377863 54 1
1701041019.378033 3345 -1
1701041019.378069 54 1
1701041021.005521 54 1
1701041021.006893 78 -1
1701041021.006893 60 -1
1701041021.006969 54 1
1701041022.164663 66 1
1701041022.166018 66 -1
1701041022.166147 54 1
1701041022.166740 902 1
1701041022.168945 60 -1
1701041022.168945 318 -1
1701041022.169942 134 1
1701041022.170352 146 1
1701041022.171091 575 1
1701041022.171186 220 1
1701041022.171265 60 -1
1701041022.171265 341 -1
1701041022.171431 224 1
1701041022.171529 220 1
1701041022.171605 220 1
1701041022.171690 60 -1
1701041022.171845 115 -1
1701041022.171845 85 -1
1701041022.171877 54 1
1701041022.172147 85 1
1701041022.172220 60 -1
1701041022.172220 60 -1
1701041022.172729 60 -1
1701041022.172729 60 -1
1701041022.172729 60 -1
1701041022.173058 60 -1
1701041022.178231 1225 -1
1701041022.178231 409 -1
1701041022.178231 6958 -1
1701041022.178371 54 1
1701041022.178782 1195 -1
1701041022.178782 445 -1
1701041022.178826 54 1
1701041022.179201 7354 -1
1701041022.179248 54 1
1701041022.179848 4387 -1
1701041022.179895 54 1
1701041022.196518 1204 -1
1701041022.196518 439 -1
1701041022.196632 54 1
1701041022.198079 7354 -1
1701041022.198136 54 1
1701041022.198556 7354 -1
1701041022.198613 54 1
1701041022.199131 1839 -1
1701041022.199176 54 1
1701041022.199231 1205 -1
1701041022.199248 54 1
1701041022.199312 437 -1
1701041022.203039 7354 -1
1701041022.203146 54 1
1701041022.203549 7354 -1
1701041022.203611 54 1
1701041022.204027 1860 -1
1701041022.204066 54 1
1701041022.204188 85 -1
1701041022.204188 725 -1
1701041022.204217 54 1
1701041022.206342 1209 -1
1701041022.206375 54 1
1701041022.206539 436 -1
1701041022.218821 7354 -1
1701041022.218912 54 1
1701041022.219217 7442 -1
1701041022.219272 54 1
1701041026.386467 220 1
1701041026.387160 223 1
1701041026.392146 219 1
1701041026.393718 220 1
1701041026.394109 219 1
1701041026.407609 60 -1
1701041026.407609 15272 -1
1701041026.407609 1229 -1
1701041026.407609 404 -1
1701041026.407609 672 -1
1701041026.407609 1234 -1
1701041026.407609 400 -1
1701041026.407609 7354 -1
1701041026.407609 4434 -1
1701041026.407609 3715 -1
1701041026.407809 66 1
1701041026.407892 66 1
1701041026.407931 54 1
1701041026.407945 66 1
1701041026.408025 54 1
1701041026.408904 60 -1
1701041026.409756 1229 -1
1701041026.409756 404 -1
1701041026.409780 66 1
1701041026.409821 66 1
1701041026.417281 1204 -1
1701041026.417281 444 -1
1701041026.417281 7354 -1
1701041026.417423 54 1
1701041026.417705 279 -1
1701041026.424464 1203 -1
1701041026.424464 444 -1
1701041026.424558 54 1
1701041026.424633 7354 -1
1701041026.424694 54 1
1701041026.424942 1514 -1
1701041026.425051 7700 -1
1701041026.425076 54 1
1701041026.425739 2321 -1
1701041026.425776 54 1
1701041026.427781 1232 -1
1701041026.427781 403 -1
1701041026.427842 54 1
1701041026.427959 15835 -1
1701041026.428010 54 1
1701041028.088490 219 1
1701041028.088616 219 1
1701041028.088708 219 1
1701041028.089281 220 1
1701041028.089384 221 1
1701041028.091344 60 -1
1701041028.097591 1201 -1
1701041028.097591 444 -1
1701041028.097681 54 1
1701041028.098616 5894 -1
1701041028.098671 54 1
1701041028.099287 4143 -1
1701041028.099331 54 1
1701041028.099833 89 1
1701041028.104836 1211 -1
1701041028.104836 429 -1
1701041028.104954 54 1
1701041028.111787 2974 -1
1701041028.111787 7300 -1
1701041028.111787 1207 -1
1701041028.111787 437 -1
1701041028.111787 7354 -1
1701041028.111787 3746 -1
1701041028.111787 1204 -1
1701041028.111787 439 -1
1701041028.111787 1205 -1
1701041028.111787 442 -1
1701041028.111956 54 1
1701041028.112674 7354 -1
1701041028.112717 54 1
1701041028.112872 2575 -1
1701041028.112897 54 1
1701041028.114026 7354 -1
1701041028.114086 54 1
1701041028.114795 1799 -1
1701041028.114851 54 1
1701041029.707290 229 1
1701041029.709088 221 1
1701041029.709248 221 1
1701041029.709357 221 1
1701041029.709578 219 1
1701041029.711893 60 -1
1701041029.724014 1202 -1
1701041029.724014 442 -1
1701041029.724119 54 1
1701041029.728218 7354 -1
1701041029.728302 54 1
1701041029.728724 1348 -1
1701041029.728758 54 1
1701041029.736080 1204 -1
1701041029.736080 436 -1
1701041029.736168 54 1
1701041029.736888 1233 -1
1701041029.736888 403 -1
1701041029.736923 54 1
1701041029.736953 7354 -1
1701041029.736993 54 1
1701041029.737527 4500 -1
1701041029.737559 54 1
1701041029.737810 1231 -1
1701041029.737826 54 1
1701041029.737886 409 -1
1701041029.737930 7354 -1
1701041029.737952 54 1
1701041029.738560 7354 -1
1701041029.738611 54 1
1701041029.739169 1860 -1
1701041029.739209 54 1
1701041029.739299 2029 -1
1701041029.739323 54 1
1701041029.740149 7354 -1
1701041029.740187 54 1
1701041029.740612 1052 -1
1701041029.741845 1201 -1
1701041029.741845 442 -1
1701041029.741845 2974 -1
1701041029.741845 5149 -1
1701041029.741938 54 1
1701041031.020749 54 1
1701041031.044000 78 -1
1701041031.044000 60 -1
1701041031.044088 54 1
1701041031.909940 66 1
1701041031.910981 66 -1
1701041031.911057 54 1
1701041031.911504 934 1
1701041031.912743 60 -1
1701041031.914165 318 -1
1701041031.915874 134 1
1701041031.916985 146 1
1701041031.917063 60 -1
1701041031.917241 341 -1
1701041031.917319 575 1
1701041031.917384 222 1
1701041031.917475 222 1
1701041031.917983 60 -1
1701041031.918095 115 -1
1701041031.918095 85 -1
1701041031.918126 54 1
1701041031.918284 60 -1
1701041031.918284 60 -1
1701041031.918385 60 -1
1701041031.918386 85 1
1701041031.918627 220 1
1701041031.918703 223 1
1701041031.919305 60 -1
1701041031.919677 60 -1
1701041031.919677 60 -1
1701041031.929013 1204 -1
1701041031.929013 436 -1
1701041031.929104 54 1
1701041031.929626 1514 -1
1701041031.929626 5894 -1
1701041031.929675 54 1
1701041031.929937 4161 -1
1701041031.929981 54 1
1701041031.931118 1205 -1
1701041031.931118 437 -1
1701041031.931168 54 1
1701041031.931683 7354 -1
1701041031.931723 54 1
1701041031.932106 6056 -1
1701041031.932158 54 1
1701041031.938872 1194 -1
1701041031.938872 450 -1
1701041031.938966 54 1
1701041031.944311 1281 -1
1701041031.944311 332 -1
1701041031.944557 54 1
1701041031.946004 1228 -1
1701041031.946004 403 -1
1701041031.946004 6493 -1
1701041031.946072 54 1
1701041031.946428 7354 -1
1701041031.946483 54 1
1701041031.947007 1978 -1
1701041031.947032 54 1
1701041031.947163 7354 -1
1701041031.947190 54 1
1701041031.948138 4917 -1
1701041031.948201 54 1
1701041032.720092 54 1
1701041032.721359 78 -1
1701041032.721359 60 -1
1701041032.721626 54 1
1701041033.576720 66 1
1701041033.582664 66 -1
1701041033.582825 54 1
1701041033.583680 966 1
1701041033.584868 60 -1
1701041033.585710 318 -1
1701041033.591217 134 1
1701041033.591658 146 1
1701041033.592224 578 1
1701041033.592324 219 1
1701041033.592337 60 -1
1701041033.592429 220 1
1701041033.592489 221 1
1701041033.592555 223 1
1701041033.592739 60 -1
1701041033.592739 341 -1
1701041033.593289 115 -1
1701041033.593289 85 -1
1701041033.593289 60 -1
1701041033.593289 60 -1
1701041033.593350 54 1
1701041033.593542 85 1
1701041033.593721 60 -1
1701041033.593721 60 -1
1701041033.593721 60 -1
1701041033.594870 60 -1
1701041033.602266 1210 -1
1701041033.602266 442 -1
1701041033.602340 54 1
1701041033.611397 2974 -1
1701041033.611397 3588 -1
1701041033.611397 1208 -1
1701041033.611397 436 -1
1701041033.611397 1207 -1
1701041033.611397 439 -1
1701041033.611397 7354 -1
1701041033.611397 7354 -1
1701041033.611397 913 -1
1701041033.611397 9821 -1
1701041033.611629 54 1
1701041033.624394 1228 -1
1701041033.624394 403 -1
1701041033.624581 54 1
1701041033.631893 1231 -1
1701041033.631893 404 -1
1701041033.631893 6662 -1
1701041033.632002 54 1
1701041033.634805 6754 -1
1701041033.634868 54 1
1701041035.241303 229 1
1701041035.241485 220 1
1701041035.241640 219 1
1701041035.242307 219 1
1701041035.242362 60 -1
1701041035.242489 219 1
1701041035.242816 60 -1
1701041035.242816 60 -1
1701041035.243232 60 -1
1701041035.243767 60 -1
1701041035.252013 1205 -1
1701041035.252013 446 -1
1701041035.252013 5730 -1
1701041035.252161 54 1
1701041035.253618 1206 -1
1701041035.253618 445 -1
1701041035.253684 54 1
1701041035.255171 1233 -1
1701041035.255171 407 -1
1701041035.255171 6998 -1
1701041035.255256 54 1
1701041035.255669 5002 -1
1701041035.255700 54 1
1701041035.258973 1210 -1
1701041035.258973 439 -1
1701041035.259076 54 1
1701041035.273909 7354 -1
1701041035.273909 5257 -1
1701041035.273909 1204 -1
1701041035.273909 438 -1
1701041035.273909 7354 -1
1701041035.273909 3120 -1
1701041035.273909 200 -1
1701041035.274086 66 1
1701041037.395709 219 1
1701041037.402091 220 1
1701041037.403542 219 1
1701041037.404138 222 1
1701041037.404237 219 1
1701041037.406745 60 -1
1701041037.422315 1210 -1
1701041037.422315 441 -1
1701041037.422403 54 1
1701041037.422504 1209 -1
1701041037.422504 438 -1
1701041037.422504 1208 -1
1701041037.422504 439 -1
1701041037.422504 7354 -1
1701041037.422558 54 1
1701041037.423103 7354 -1
1701041037.423171 54 1
1701041037.423707 494 -1
1701041037.439114 7354 -1
1701041037.439187 54 1
1701041037.439693 1176 -1
1701041037.439693 665 -1
1701041037.439693 475 -1
1701041037.439693 4434 -1
1701041037.439766 66 1
1701041037.439821 54 1
1701041037.439862 54 1
1701041037.440007 7354 -1
1701041037.440050 54 1
1701041037.440769 4780 -1
1701041037.440817 54 1
1701041037.440997 7354 -1
1701041037.441025 54 1
1701041037.441615 1082 -1
1701041037.441691 1585 -1
1701041037.441708 54 1
1701041037.449414 7354 -1
1701041037.449561 54 1
1701041037.450023 2693 -1
1701041037.450023 8671 -1
1701041037.450092 54 1
1701041041.033798 54 1
1701041041.035086 78 -1
1701041041.035086 60 -1
1701041041.035174 54 1
