1701042664.471856 66 1
1701042664.473773 66 1
1701042664.476304 66 -1
1701042664.476397 54 1
1701042664.476580 66 -1
1701042664.476653 54 1
1701042664.494446 631 1
1701042664.496102 60 -1
1701042664.496671 599 1
1701042664.502478 60 -1
1701042664.506881 2974 -1
1701042664.506881 957 -1
1701042664.506941 54 1
1701042664.509707 2974 -1
1701042664.510491 54 1
1701042664.511547 957 -1
1701042664.535468 134 1
1701042664.536191 134 1
1701042664.536445 60 -1
1701042664.537180 60 -1
1701042664.539871 341 -1
1701042664.540115 341 -1
1701042664.540135 54 1
1701042664.540847 341 -1
1701042664.540925 341 -1
1701042664.540959 54 1
1701042664.541857 54 1
1701042664.543054 93 -1
1701042664.543054 78 -1
1701042664.543054 60 -1
1701042664.543092 54 1
1701042664.564188 146 1
1701042664.565304 60 -1
1701042664.566204 575 1
1701042664.566295 219 1
1701042664.566803 115 -1
1701042664.566803 85 -1
1701042664.566901 54 1
1701042664.568305 60 -1
1701042664.568305 60 -1
1701042664.571807 85 1
1701042664.580617 60 -1
1701042664.585572 1063 -1
1701042664.585663 7354 -1
1701042664.585702 54 1
1701042664.587992 4493 -1
1701042664.588031 54 1
1701042664.589286 1043 -1
1701042664.589385 11856 -1
1701042664.589431 54 1
1701042664.871664 222 1
1701042664.871803 218 1
1701042664.871917 223 1
1701042664.872009 222 1
1701042664.872125 221 1
1701042664.872253 228 1
1701042664.872365 220 1
1701042664.872496 221 1
1701042664.872619 223 1
1701042664.872751 220 1
1701042664.872879 224 1
1701042664.873002 224 1
1701042664.873122 220 1
1701042664.873234 220 1
1701042664.883064 60 -1
1701042664.883064 60 -1
1701042664.885624 60 -1
1701042664.897536 1043 -1
1701042664.897536 2974 -1
1701042664.897634 54 1
1701042664.897708 7354 -1
1701042664.897748 54 1
1701042664.898322 4434 -1
1701042664.898362 54 1
1701042664.909251 7354 -1
1701042664.909251 2325 -1
1701042664.909251 2974 -1
1701042664.909251 7354 -1
1701042664.909251 4135 -1
1701042664.909251 1094 -1
1701042664.909251 7354 -1
1701042664.909251 4220 -1
1701042664.909251 1047 -1
1701042664.909251 4434 -1
1701042664.909251 7354 -1
1701042664.909251 4780 -1
1701042664.909251 4434 -1
1701042664.909251 7330 -1
1701042664.909251 1601 -1
1701042664.909251 7354 -1
1701042664.909251 7354 -1
1701042664.909251 2847 -1
1701042664.909251 4434 -1
1701042664.909251 7354 -1
1701042664.909251 338 -1
1701042664.909251 1042 -1
1701042664.909251 2974 -1
1701042664.909251 5894 -1
1701042664.909674 54 1
1701042664.910616 2974 -1
1701042664.910643 54 1
1701042664.910799 4434 -1
1701042664.910838 54 1
1701042664.911142 1514 -1
1701042664.911165 54 1
1701042664.911918 7354 -1
1701042664.911918 2974 -1
1701042664.911971 54 1
1701042664.912838 7354 -1
1701042664.912838 7354 -1
1701042664.912879 54 1
1701042664.913796 7354 -1
1701042664.913828 54 1
1701042664.914005 7354 -1
1701042664.914044 54 1
1701042664.914580 4434 -1
1701042664.914616 54 1
1701042664.914982 2974 -1
1701042664.915009 54 1
1701042664.915100 2782 -1
1701042664.915122 54 1
1701042664.917722 1046 -1
1701042664.917965 7354 -1
1701042664.918020 54 1
1701042664.918259 4388 -1
1701042664.918308 54 1
1701042664.922859 54 1
1701042664.951481 1063 -1
1701042664.951536 54 1
1701042664.951602 4434 -1
1701042664.951867 54 1
1701042664.951961 6086 -1
1701042664.951990 54 1
1701042664.953876 54 1
1701042664.956404 66 1
1701042664.957203 66 1
1701042664.958901 66 -1
1701042664.959001 54 1
1701042664.969834 66 -1
1701042664.969968 54 1
1701042664.970582 1042 -1
1701042664.970582 7354 -1
1701042664.970582 7129 -1
1701042664.970582 1289 -1
1701042664.970670 66 1
1701042664.975495 614 1
1701042664.978105 614 1
1701042664.978745 60 -1
1701042664.979181 60 -1
1701042664.980416 2974 -1
1701042664.980416 1230 -1
1701042664.980486 54 1
1701042664.982798 2974 -1
1701042664.982798 1230 -1
1701042664.982886 54 1
1701042664.991254 1686 -1
1701042664.991321 54 1
1701042664.992262 1686 -1
1701042664.992329 54 1
1701042665.062613 134 1
1701042665.063030 134 1
1701042665.070366 54 1
1701042665.072127 146 1
1701042665.073082 472 1
1701042665.073188 170 1
1701042665.077072 60 -1
1701042665.077072 60 -1
1701042665.078782 60 -1
1701042665.078782 60 -1
1701042665.084129 357 -1
1701042665.084129 357 -1
1701042665.084207 54 1
1701042665.084919 115 -1
1701042665.084919 85 -1
1701042665.084946 54 1
1701042665.085114 970 -1
1701042665.085114 238 -1
1701042665.085138 54 1
1701042665.087135 60 -1
1701042665.087135 357 -1
1701042665.087135 357 -1
1701042665.087135 93 -1
1701042665.087135 78 -1
1701042665.087135 60 -1
1701042665.087212 54 1
1701042665.088907 85 1
1701042665.094924 936 -1
1701042665.094924 7354 -1
1701042665.094924 2974 -1
1701042665.094924 1514 -1
1701042665.094924 3898 -1
1701042665.095106 54 1
1701042665.099138 66 1
1701042665.100165 66 -1
1701042665.100269 54 1
1701042665.100962 60 -1
1701042665.116304 663 1
1701042665.117442 60 -1
1701042665.129409 2974 -1
1701042665.129409 957 -1
1701042665.129513 54 1
1701042665.135001 134 1
1701042665.136128 60 -1
1701042665.136287 341 -1
1701042665.136287 341 -1
1701042665.136348 54 1
1701042665.138365 66 1
1701042665.138604 146 1
1701042665.139050 543 1
1701042665.139620 60 -1
1701042665.140203 115 -1
1701042665.140203 85 -1
1701042665.140203 60 -1
1701042665.140250 54 1
1701042665.140279 66 -1
1701042665.140372 54 1
1701042665.140994 646 1
1701042665.141088 85 1
1701042665.146183 60 -1
1701042665.146203 60 -1
1701042665.147040 2974 -1
1701042665.147086 54 1
1701042665.147156 1230 -1
1701042665.158487 1686 -1
1701042665.158557 54 1
1701042665.162687 1246 -1
1701042665.162687 514 -1
1701042665.162702 134 1
1701042665.162786 54 1
1701042665.164722 60 -1
1701042665.168338 146 1
1701042665.169721 6627 -1
1701042665.169805 54 1
1701042665.169963 513 1
1701042665.170042 176 1
1701042665.170175 171 1
1701042665.170332 168 1
1701042665.170841 170 1
1701042665.171412 357 -1
1701042665.171412 357 -1
1701042665.171459 54 1
1701042665.172905 60 -1
1701042665.172905 60 -1
1701042665.172905 60 -1
1701042665.172905 60 -1
1701042665.172905 60 -1
1701042665.172905 60 -1
1701042665.183469 115 -1
1701042665.183469 85 -1
1701042665.183469 913 -1
1701042665.183469 2974 -1
1701042665.183469 1514 -1
1701042665.183594 54 1
1701042665.189012 85 1
1701042665.189078 7354 -1
1701042665.189157 54 1
1701042665.199259 13194 -1
1701042665.199259 8814 -1
1701042665.199259 7354 -1
1701042665.199259 5894 -1
1701042665.199259 7354 -1
1701042665.199259 7354 -1
1701042665.199259 1514 -1
1701042665.199259 1514 -1
1701042665.199259 1514 -1
1701042665.199259 2974 -1
1701042665.199259 2974 -1
1701042665.199259 4135 -1
1701042665.199259 974 -1
1701042665.199259 2974 -1
1701042665.199618 54 1
1701042665.200202 7354 -1
1701042665.200284 54 1
1701042665.201078 7354 -1
1701042665.201078 2974 -1
1701042665.201210 54 1
1701042665.201270 7354 -1
1701042665.201332 54 1
1701042665.201759 7354 -1
1701042665.201825 54 1
1701042665.202396 7354 -1
1701042665.202471 54 1
1701042665.202974 4434 -1
1701042665.203043 54 1
1701042665.203446 5894 -1
1701042665.203503 54 1
1701042665.204844 54 1
1701042665.212343 7354 -1
1701042665.212343 7354 -1
1701042665.212343 7354 -1
1701042665.212343 7354 -1
1701042665.212343 1514 -1
1701042665.212343 5894 -1
1701042665.212343 7354 -1
1701042665.212343 7354 -1
1701042665.212343 1514 -1
1701042665.212343 4434 -1
1701042665.212343 1514 -1
1701042665.212343 7354 -1
1701042665.212343 7354 -1
1701042665.212343 1514 -1
1701042665.212343 4434 -1
1701042665.212343 14654 -1
1701042665.212343 7354 -1
1701042665.212763 54 1
1701042665.212917 5894 -1
1701042665.212917 1514 -1
1701042665.212917 7354 -1
1701042665.212999 54 1
1701042665.213517 7354 -1
1701042665.213564 54 1
1701042665.214127 7354 -1
1701042665.214175 54 1
1701042665.214342 54 1
1701042665.214827 4434 -1
1701042665.214870 54 1
1701042665.214888 54 1
1701042665.215002 7354 -1
1701042665.215041 54 1
1701042665.215590 1514 -1
1701042665.215614 54 1
1701042665.215716 7354 -1
1701042665.215767 54 1
1701042665.216329 1514 -1
1701042665.216363 54 1
1701042665.216452 2974 -1
1701042665.216478 54 1
1701042665.218025 2974 -1
1701042665.218025 6344 -1
1701042665.218080 54 1
1701042665.636419 198 1
1701042665.639036 941 -1
1701042665.639036 7354 -1
1701042665.639119 54 1
1701042665.639462 7354 -1
1701042665.639509 54 1
1701042665.640131 1860 -1
1701042665.640170 54 1
1701042665.640242 5619 -1
1701042665.640283 54 1
1701042667.113294 239 1
1701042667.118598 939 -1
1701042667.118598 1791 -1
1701042667.118664 54 1
1701042667.189362 160 1
1701042667.190564 60 -1
1701042667.191273 162 1
1701042667.192128 60 -1
1701042667.192935 723 -1
1701042667.192935 265 -1
1701042667.192970 54 1
1701042667.193518 160 1
1701042667.194382 60 -1
1701042667.194928 159 1
1701042667.195524 161 1
1701042667.196093 60 -1
1701042667.196308 161 1
1701042667.196648 60 -1
1701042667.197264 60 -1
1701042667.199638 265 -1
1701042667.199716 66 1
1701042667.199788 723 -1
1701042667.199937 54 1
1701042667.204676 853 -1
1701042667.204783 268 -1
1701042667.204783 755 -1
1701042667.204783 264 -1
1701042667.204783 723 -1
1701042667.204783 266 -1
1701042667.204837 54 1
1701042667.209280 266 -1
1701042667.209280 723 -1
1701042667.209331 66 1
1701042667.209385 54 1
1701042670.213245 165 1
1701042670.226294 970 -1
1701042670.226294 7354 -1
1701042670.226294 1514 -1
1701042670.226294 7354 -1
1701042670.226294 400 -1
1701042670.226294 7354 -1
1701042670.226294 4434 -1
1701042670.226294 4811 -1
1701042670.226294 7354 -1
1701042670.226294 7354 -1
1701042670.226294 1922 -1
1701042670.226294 4434 -1
1701042670.226294 7354 -1
1701042670.226294 4434 -1
1701042670.226294 7354 -1
1701042670.226784 54 1
1701042670.227172 54 1
1701042670.229671 5593 -1
1701042670.229736 54 1
1701042670.256669 89 1
1701042670.298194 60 -1
1701042671.934477 54 1
1701042671.935462 54 1
1701042671.935637 54 1
1701042671.936670 54 1
1701042671.936907 78 -1
1701042671.936907 60 -1
1701042671.936924 60 -1
1701042671.936924 78 -1
1701042671.936962 54 1
1701042671.937020 54 1
1701042671.937028 54 1
1701042671.938096 78 -1
1701042671.938150 54 1
1701042671.938274 60 -1
1701042671.941909 78 -1
1701042671.941909 60 -1
1701042671.941968 54 1
1701042671.973260 66 1
1701042671.974444 66 -1
1701042671.974544 54 1
1701042671.978302 901 1
1701042671.979297 60 -1
1701042671.980086 318 -1
1701042671.981215 134 1
1701042671.981519 146 1
1701042671.981727 381 1
1701042671.992599 60 -1
1701042671.992599 60 -1
1701042671.992599 60 -1
1701042671.992599 357 -1
1701042671.992599 115 -1
1701042671.992599 85 -1
1701042671.992599 938 -1
1701042671.992599 3722 -1
1701042671.992723 54 1
1701042671.993621 85 1
1701042671.994661 60 -1
1701042672.363230 66 1
1701042672.365291 66 -1
1701042672.365394 54 1
1701042672.369935 933 1
1701042672.386916 60 -1
1701042672.386916 318 -1
1701042672.388060 134 1
1701042672.388398 146 1
1701042672.388688 402 1
1701042672.394871 60 -1
1701042672.394871 60 -1
1701042672.394871 60 -1
1701042672.397546 357 -1
1701042672.400101 115 -1
1701042672.400101 85 -1
1701042672.400101 998 -1
1701042672.400101 2741 -1
1701042672.400175 54 1
1701042672.405499 85 1
1701042672.406524 60 -1
1701042674.038747 273 1
1701042674.039760 60 -1
1701042674.041269 969 -1
1701042674.041337 7354 -1
1701042674.041382 54 1
1701042674.041897 103 -1
1701042674.096446 54 1
1701042675.212096 66 1
1701042675.213721 66 -1
1701042675.213922 54 1
1701042675.214436 870 1
1701042675.215619 60 -1
1701042675.216258 318 -1
1701042675.216855 134 1
1701042675.217235 146 1
1701042675.217699 576 1
1701042675.217788 219 1
1701042675.217914 219 1
1701042675.218023 219 1
1701042675.220481 60 -1
1701042675.220481 60 -1
1701042675.220481 60 -1
1701042675.220481 60 -1
1701042675.220481 60 -1
1701042675.220481 60 -1
1701042675.221053 341 -1
1701042675.223692 115 -1
1701042675.223692 85 -1
1701042675.223769 54 1
1701042675.224201 1044 -1
1701042675.224230 54 1
1701042675.224346 7354 -1
1701042675.224404 54 1
1701042675.225004 7354 -1
1701042675.225074 54 1
1701042675.225432 1860 -1
1701042675.225457 54 1
1701042675.225556 5948 -1
1701042675.225591 54 1
1701042675.225734 85 1
1701042675.226693 7354 -1
1701042675.226749 54 1
1701042675.226890 7354 -1
1701042675.226951 54 1
1701042675.227507 1908 -1
1701042675.227507 1061 -1
1701042675.227507 7354 -1
1701042675.227565 54 1
1701042675.228455 7354 -1
1701042675.228509 54 1
1701042675.229037 654 -1
1701042675.229037 60 -1
1701042675.229037 1042 -1
1701042675.229037 8814 -1
1701042675.229122 54 1
1701042675.229801 5894 -1
1701042675.229862 54 1
1701042675.230261 1860 -1
1701042675.230261 1514 -1
1701042675.230296 54 1
1701042675.230343 60 -1
1701042675.274376 54 1
1701042678.760896 229 1
1701042678.761017 220 1
1701042678.761086 220 1
1701042678.768227 60 -1
1701042678.768227 60 -1
1701042678.768227 60 -1
1701042678.768233 219 1
1701042678.768361 221 1
1701042678.775234 60 -1
1701042678.775234 60 -1
1701042678.775234 1060 -1
1701042678.775234 9652 -1
1701042678.775384 54 1
1701042678.780882 1042 -1
1701042678.780882 16460 -1
1701042678.781023 54 1
1701042678.782908 7354 -1
1701042678.782908 793 -1
1701042678.782908 1043 -1
1701042678.782908 7154 -1
1701042678.783021 54 1
1701042678.785790 1175 -1
1701042678.785790 479 -1
1701042678.785790 1044 -1
1701042678.785790 4434 -1
1701042678.785918 54 1
1701042678.786031 7354 -1
1701042678.786080 54 1
1701042678.786454 4780 -1
1701042678.786501 54 1
1701042678.787186 1810 -1
1701042678.787210 54 1
1701042678.788073 2974 -1
1701042678.788073 7354 -1
1701042678.788124 54 1
1701042678.788412 6240 -1
1701042678.788457 54 1
1701042678.790524 85 -1
1701042678.790524 6771 -1
1701042678.790596 54 1
1701042680.939889 220 1
1701042680.940140 219 1
1701042680.940860 220 1
1701042680.940928 218 1
1701042680.941012 221 1
1701042680.942090 60 -1
1701042680.956819 1049 -1
1701042680.956819 7354 -1
1701042680.957122 54 1
1701042680.957188 9160 -1
1701042680.957250 54 1
1701042680.957705 85 -1
1701042680.957705 7354 -1
1701042680.957748 54 1
1701042680.958187 8951 -1
1701042680.958236 54 1
1701042680.959562 5894 -1
1701042680.959562 7354 -1
1701042680.959639 54 1
1701042680.960993 89 1
1701042680.961080 7354 -1
1701042680.961080 6616 -1
1701042680.961146 54 1
1701042680.966587 1043 -1
1701042680.966587 12880 -1
1701042680.966742 54 1
1701042680.967611 1044 -1
1701042680.967611 8814 -1
1701042680.967698 54 1
1701042680.971560 7354 -1
1701042680.971560 400 -1
1701042680.971560 85 -1
1701042680.971560 4434 -1
1701042680.971560 2974 -1
1701042680.971560 4092 -1
1701042680.971560 1180 -1
1701042680.971560 475 -1
1701042680.971560 1514 -1
1701042680.971560 2974 -1
1701042680.971560 7354 -1
1701042680.971560 4780 -1
1701042680.971560 85 -1
1701042680.971560 4431 -1
1701042680.971817 54 1
1701042681.950022 54 1
1701042681.950203 54 1
1701042681.950652 54 1
1701042681.951749 78 -1
1701042681.951749 60 -1
1701042681.951789 54 1
1701042681.955313 78 -1
1701042681.955313 60 -1
1701042681.955407 54 1
1701042681.957865 78 -1
1701042681.957865 60 -1
1701042681.957919 54 1
1701042682.540294 66 1
1701042682.541298 66 -1
1701042682.541389 54 1
1701042682.542044 870 1
1701042682.543085 60 -1
1701042682.543916 318 -1
1701042682.544469 134 1
1701042682.544789 146 1
1701042682.545418 576 1
1701042682.545534 219 1
1701042682.545619 220 1
1701042682.545725 221 1
1701042682.545786 221 1
1701042682.546354 60 -1
1701042682.546354 60 -1
1701042682.547309 60 -1
1701042682.547309 60 -1
1701042682.547309 60 -1
1701042682.547309 60 -1
1701042682.547309 60 -1
1701042682.547309 341 -1
1701042682.548913 115 -1
1701042682.548913 85 -1
1701042682.548948 54 1
1701042682.551398 1041 -1
1701042682.551398 2974 -1
1701042682.551464 54 1
1701042682.551628 1514 -1
1701042682.551663 4434 -1
1701042682.551692 54 1
1701042682.552505 7354 -1
1701042682.552560 54 1
1701042682.553045 85 1
1701042682.554372 7354 -1
1701042682.554372 2974 -1
1701042682.554372 1514 -1
1701042682.554372 1514 -1
1701042682.554372 7354 -1
1701042682.554476 54 1
1701042682.554671 5894 -1
1701042682.554719 54 1
1701042682.560496 7354 -1
1701042682.560496 7354 -1
1701042682.560496 2974 -1
1701042682.560496 191 -1
1701042682.560496 7354 -1
1701042682.560496 7354 -1
1701042682.560496 7354 -1
1701042682.560496 1901 -1
1701042682.560691 54 1
1701042682.566364 441 -1
1701042682.566364 1044 -1
1701042682.566364 5382 -1
1701042682.566445 66 1
1701042682.566549 54 1
1701042684.128578 218 1
1701042684.129563 60 -1
1701042684.131256 221 1
1701042684.132230 60 -1
1701042684.132380 221 1
1701042684.132503 220 1
1701042684.133411 60 -1
1701042684.133411 60 -1
1701042684.134290 227 1
1701042684.135273 60 -1
1701042684.144026 1042 -1
1701042684.144116 6202 -1
1701042684.144177 54 1
1701042684.151521 1040 -1
1701042684.151612 2974 -1
1701042684.151641 54 1
1701042684.151759 7354 -1
1701042684.151791 54 1
1701042684.152320 4979 -1
1701042684.152358 54 1
1701042684.152724 1044 -1
1701042684.152818 6026 -1
1701042684.152850 54 1
1701042684.155556 1034 -1
1701042684.155556 7150 -1
1701042684.155650 54 1
1701042684.164143 1044 -1
1701042684.164238 7354 -1
1701042684.164297 54 1
1701042684.165562 5414 -1
1701042684.165616 54 1
1701042686.248097 221 1
1701042686.249518 228 1
1701042686.251449 60 -1
1701042686.252037 220 1
1701042686.254632 224 1
1701042686.255106 226 1
1701042686.265167 60 -1
1701042686.265167 1012 -1
1701042686.265167 2974 -1
1701042686.265167 1514 -1
1701042686.265167 3389 -1
1701042686.265167 1066 -1
1701042686.265167 6485 -1
1701042686.265348 54 1
1701042686.269244 1063 -1
1701042686.269244 4434 -1
1701042686.269244 5103 -1
1701042686.269363 54 1
1701042686.273772 1061 -1
1701042686.273772 7996 -1
1701042686.273902 54 1
1701042686.278311 1175 -1
1701042686.278311 479 -1
1701042686.278311 4434 -1
1701042686.278311 5894 -1
1701042686.278311 3918 -1
1701042686.278479 54 1
1701042687.884574 219 1
1701042687.890374 219 1
1701042687.890465 220 1
1701042687.890531 221 1
1701042687.890648 220 1
1701042687.891641 60 -1
1701042687.895733 1045 -1
1701042687.895816 8814 -1
1701042687.895875 54 1
1701042687.896382 7700 -1
1701042687.896436 54 1
1701042687.897169 1514 -1
1701042687.897201 54 1
1701042687.897462 89 1
1701042687.913463 7354 -1
1701042687.913463 117 -1
1701042687.913463 5894 -1
1701042687.913463 7354 -1
1701042687.913463 3625 -1
1701042687.913463 1042 -1
1701042687.913463 7354 -1
1701042687.913463 2758 -1
1701042687.913463 1041 -1
1701042687.913463 7354 -1
1701042687.913463 6697 -1
1701042687.913463 857 -1
1701042687.913781 66 1
1701042687.915527 1046 -1
1701042687.915573 54 1
1701042687.915624 11734 -1
1701042687.915678 54 1
1701042687.916356 4780 -1
1701042687.916400 54 1
1701042687.916675 8332 -1
1701042687.916740 54 1
1701042689.515754 218 1
1701042689.516650 220 1
1701042689.517989 221 1
1701042689.519192 60 -1
1701042689.521035 220 1
1701042689.521788 222 1
1701042689.523178 1071 -1
1701042689.523178 2974 -1
1701042689.523178 4434 -1
1701042689.523305 54 1
1701042689.523479 3179 -1
1701042689.523511 54 1
1701042689.526186 1070 -1
1701042689.526278 54 1
1701042689.526613 2974 -1
1701042689.526613 7203 -1
1701042689.526674 54 1
1701042689.529372 1065 -1
1701042689.529416 54 1
1701042689.529522 4434 -1
1701042689.529552 54 1
1701042689.529785 6032 -1
1701042689.529814 54 1
1701042689.530223 1046 -1
1701042689.530295 7354 -1
1701042689.530331 54 1
1701042689.530925 4434 -1
1701042689.530956 54 1
1701042689.531281 4350 -1
1701042689.531303 54 1
1701042689.534188 1065 -1
1701042689.534237 4434 -1
1701042689.534257 54 1
1701042689.534502 7354 -1
1701042689.534552 54 1
1701042689.535128 3654 -1
1701042689.535164 54 1
1701042691.951632 54 1
1701042691.953487 78 -1
1701042691.953487 60 -1
1701042691.953531 54 1
1701042694.115891 66 1
1701042694.118162 66 -1
1701042694.118299 54 1
1701042694.118850 902 1
1701042694.119774 60 -1
1701042694.120795 318 -1
1701042694.121291 134 1
1701042694.121525 146 1
1701042694.121879 574 1
1701042694.121961 220 1
1701042694.122051 219 1
1701042694.122197 60 -1
1701042694.122423 60 -1
1701042694.122738 341 -1
1701042694.122788 60 -1
1701042694.123024 60 -1
1701042694.123024 60 -1
1701042694.125384 115 -1
1701042694.125384 85 -1
1701042694.125429 54 1
1701042694.125753 85 1
1701042694.125885 219 1
1701042694.126465 224 1
1701042694.126671 60 -1
1701042694.126751 60 -1
1701042694.127348 60 -1
1701042694.137799 1042 -1
1701042694.137799 13194 -1
1701042694.137960 54 1
1701042694.138637 1236 -1
1701042694.143889 1071 -1
1701042694.143982 54 1
1701042694.144230 7354 -1
1701042694.144273 54 1
1701042694.144446 3841 -1
1701042694.144479 54 1
1701042694.144781 1045 -1
1701042694.145605 8208 -1
1701042694.145668 54 1
1701042694.167487 1080 -1
1701042694.167487 5894 -1
1701042694.167487 6482 -1
1701042694.167487 1069 -1
1701042694.167487 4434 -1
1701042694.167487 2974 -1
1701042694.167487 2921 -1
1701042694.167487 1461 -1
1701042694.167680 66 1
1701042695.739741 228 1
1701042695.740772 60 -1
1701042695.743086 222 1
1701042695.743229 219 1
1701042695.743317 220 1
1701042695.743416 221 1
1701042695.744229 60 -1
1701042695.744229 60 -1
1701042695.744273 60 -1
1701042695.744461 60 -1
1701042695.769293 1051 -1
1701042695.769293 7354 -1
1701042695.769293 2974 -1
1701042695.769293 4636 -1
1701042695.769293 1067 -1
1701042695.769293 9255 -1
1701042695.769293 7354 -1
1701042695.769293 7354 -1
1701042695.769293 7354 -1
1701042695.769293 506 -1
1701042695.776691 54 1
1701042695.776776 506 -1
1701042695.776794 66 1
1701042695.783327 1078 -1
1701042695.783327 6919 -1
1701042695.783428 54 1
1701042697.379245 218 1
1701042697.379898 220 1
1701042697.381141 231 1
1701042697.384456 230 1
1701042697.384961 220 1
1701042697.387014 60 -1
1701042697.394786 1047 -1
1701042697.394786 12528 -1
1701042697.394917 54 1
1701042697.395670 1081 -1
1701042697.395670 5894 -1
1701042697.395741 54 1
1701042697.400468 6154 -1
1701042697.400468 1066 -1
1701042697.400468 2974 -1
1701042697.400468 7354 -1
1701042697.400468 6240 -1
1701042697.400468 85 -1
1701042697.400468 7354 -1
1701042697.400468 7354 -1
1701042697.400468 1520 -1
1701042697.400688 54 1
1701042697.406404 1069 -1
1701042697.406404 11734 -1
1701042697.406524 54 1
1701042697.407689 4780 -1
1701042697.407689 2820 -1
1701042697.407788 54 1
1701042698.957582 220 1
1701042698.958684 221 1
1701042698.958785 220 1
1701042698.959558 220 1
1701042698.959658 228 1
1701042698.962310 60 -1
1701042698.966773 1044 -1
1701042698.966773 1514 -1
1701042698.966878 54 1
1701042698.972562 5577 -1
1701042698.972562 1079 -1
1701042698.972562 5894 -1
1701042698.972562 5585 -1
1701042698.972562 1078 -1
1701042698.972562 1359 -1
1701042698.972754 54 1
1701042698.987505 1045 -1
1701042698.987505 5939 -1
1701042698.987505 1045 -1
1701042698.987505 7354 -1
1701042698.987505 2408 -1
1701042698.987653 54 1
1701042701.181544 228 1
1701042701.181658 221 1
1701042701.181744 218 1
1701042701.181811 219 1
1701042701.181990 221 1
1701042701.191885 60 -1
1701042701.198529 1040 -1
1701042701.198529 9258 -1
1701042701.198673 54 1
1701042701.200438 89 1
1701042701.200709 1099 -1
1701042701.200709 7354 -1
1701042701.200709 8847 -1
1701042701.200859 54 1
1701042701.222391 1046 -1
1701042701.222391 7354 -1
1701042701.222391 9160 -1
1701042701.222391 85 -1
1701042701.222391 2974 -1
1701042701.222391 7354 -1
1701042701.222608 54 1
1701042701.222892 3509 -1
1701042701.222927 54 1
1701042701.223205 7354 -1
1701042701.223259 54 1
1701042701.223628 5164 -1
1701042701.223674 54 1
1701042701.240897 1046 -1
1701042701.240897 7354 -1
1701042701.241010 54 1
1701042701.244429 7199 -1
1701042701.244520 54 1
1701042701.981800 54 1
1701042701.983571 78 -1
1701042701.983571 60 -1
1701042701.983629 54 1
1701042702.777506 66 1
1701042702.783745 66 -1
1701042702.783953 54 1
1701042702.785313 902 1
1701042702.786911 60 -1
1701042702.789784 318 -1
1701042702.790772 134 1
1701042702.791179 146 1
1701042702.791731 575 1
1701042702.791825 219 1
1701042702.791905 219 1
1701042702.791981 218 1
1701042702.792082 219 1
1701042702.792384 60 -1
1701042702.792384 341 -1
1701042702.792384 60 -1
1701042702.793331 60 -1
1701042702.793391 60 -1
1701042702.793391 60 -1
1701042702.793391 60 -1
1701042702.793391 60 -1
1701042702.794380 115 -1
1701042702.794380 85 -1
1701042702.794430 54 1
1701042702.794897 85 1
1701042702.795996 60 -1
1701042702.799419 1068 -1
1701042702.799419 8814 -1
1701042702.799759 54 1
1701042702.799969 5011 -1
1701042702.800233 54 1
1701042702.801740 1069 -1
1701042702.801789 54 1
1701042702.801829 7354 -1
1701042702.801876 54 1
1701042702.808499 7354 -1
1701042702.808499 732 -1
1701042702.808499 1042 -1
1701042702.808499 5894 -1
1701042702.808499 5315 -1
1701042702.808645 54 1
1701042702.812493 1074 -1
1701042702.812493 7354 -1
1701042702.812593 54 1
1701042702.812701 8570 -1
1701042702.812771 54 1
1701042702.813471 4434 -1
1701042702.813511 54 1
1701042702.813705 7704 -1
1701042702.813742 54 1
1701042704.390140 220 1
1701042704.390302 221 1
1701042704.391453 60 -1
1701042704.393667 1069 -1
1701042704.393667 5894 -1
1701042704.393760 54 1
1701042704.396202 7478 -1
1701042704.396202 1066 -1
1701042704.396202 4434 -1
1701042704.396202 5483 -1
1701042704.396347 54 1
1701042704.399888 220 1
1701042704.400013 220 1
1701042704.400129 220 1
1701042704.402735 60 -1
1701042704.409973 1067 -1
1701042704.410094 5894 -1
1701042704.410154 54 1
1701042704.410323 10620 -1
1701042704.410386 54 1
1701042704.411253 458 -1
1701042704.411291 54 1
1701042704.411567 1043 -1
1701042704.411710 4434 -1
1701042704.411750 54 1
1701042704.411881 7718 -1
1701042704.411924 54 1
1701042704.414443 1102 -1
1701042704.414443 10225 -1
1701042704.414544 54 1
1701042709.220743 221 1
1701042709.221301 219 1
1701042709.221484 219 1
1701042709.221651 219 1
1701042709.222009 221 1
1701042709.224263 60 -1
1701042709.227474 1045 -1
1701042709.227474 12196 -1
1701042709.227751 54 1
1701042709.229215 89 1
1701042709.237666 1047 -1
1701042709.237791 7354 -1
1701042709.237828 54 1
1701042709.237938 5994 -1
1701042709.237980 54 1
1701042709.246366 1178 -1
1701042709.246366 479 -1
1701042709.246481 54 1
1701042709.248451 1043 -1
1701042709.248451 14654 -1
1701042709.248590 54 1
1701042709.250845 1860 -1
1701042709.250845 1391 -1
1701042709.250845 7354 -1
1701042709.250845 7884 -1
1701042709.250955 54 1
1701042709.290506 1048 -1
1701042709.290506 7354 -1
1701042709.290608 54 1
1701042709.291201 7354 -1
1701042709.291245 54 1
1701042709.291566 1860 -1
1701042709.291608 54 1
1701042709.291693 85 -1
1701042709.291693 2214 -1
1701042709.291734 54 1
1701042710.830487 223 1
1701042710.831918 221 1
1701042710.832495 222 1
1701042710.832825 219 1
1701042710.832918 222 1
1701042710.834559 60 -1
1701042710.838500 1043 -1
1701042710.838612 7354 -1
1701042710.838651 54 1
1701042710.839194 7354 -1
1701042710.839246 54 1
1701042710.840010 1860 -1
1701042710.840010 4434 -1
1701042710.840078 54 1
1701042710.840124 7309 -1
1701042710.840149 54 1
1701042710.840887 2974 -1
1701042710.840913 54 1
1701042710.840956 2974 -1
1701042710.840976 54 1
1701042710.841156 3117 -1
1701042710.841200 54 1
1701042710.843614 1102 -1
1701042710.843614 7354 -1
1701042710.843835 54 1
1701042710.844561 5894 -1
1701042710.844561 3320 -1
1701042710.844610 54 1
1701042710.844931 2063 -1
1701042710.844950 54 1
1701042710.844988 4434 -1
1701042710.845010 54 1
1701042710.845627 5894 -1
1701042710.845662 54 1
1701042710.845851 3937 -1
1701042710.845877 54 1
1701042710.846252 2974 -1
1701042710.846290 54 1
1701042710.846412 7354 -1
1701042710.846447 54 1
1701042710.847033 7232 -1
1701042710.847195 54 1
1701042710.847760 3937 -1
1701042710.847796 54 1
1701042711.991824 54 1
1701042711.995696 78 -1
1701042711.995696 60 -1
1701042711.995750 54 1
1701042712.476623 66 1
1701042712.480283 66 -1
1701042712.480474 54 1
1701042712.481570 934 1
1701042712.491161 60 -1
1701042712.491161 318 -1
1701042712.492027 134 1
1701042712.492479 146 1
1701042712.493202 575 1
1701042712.493315 218 1
1701042712.493634 60 -1
1701042712.493634 60 -1
1701042712.493760 341 -1
1701042712.493863 221 1
1701042712.493937 220 1
1701042712.494002 221 1
1701042712.494683 115 -1
1701042712.494683 85 -1
1701042712.494683 60 -1
1701042712.494683 60 -1
1701042712.494748 54 1
1701042712.495049 85 1
1701042712.495422 60 -1
1701042712.495422 60 -1
1701042712.495422 60 -1
1701042712.496350 60 -1
1701042712.501178 1044 -1
1701042712.501178 12845 -1
1701042712.501178 1047 -1
1701042712.501178 7354 -1
1701042712.501361 54 1
1701042712.512405 2924 -1
1701042712.512405 1040 -1
1701042712.512405 9479 -1
1701042712.512405 1044 -1
1701042712.512405 5894 -1
1701042712.512405 1920 -1
1701042712.512405 1176 -1
1701042712.512405 477 -1
1701042712.512600 54 1
1701042712.518272 7354 -1
1701042712.518272 4434 -1
1701042712.518272 4544 -1
1701042712.518410 54 1
1701042714.681665 221 1
1701042714.685304 60 -1
1701042714.685770 1044 -1
1701042714.685770 5894 -1
1701042714.685834 54 1
1701042714.686134 7354 -1
1701042714.686176 54 1
1701042714.686758 2989 -1
1701042714.686796 54 1
1701042714.691377 221 1
1701042714.691506 219 1
1701042714.691564 220 1
1701042714.691612 221 1
1701042714.694404 60 -1
1701042714.697245 1042 -1
1701042714.697245 6925 -1
1701042714.697351 54 1
1701042714.697429 1077 -1
1701042714.697479 5894 -1
1701042714.697531 54 1
1701042714.698059 5639 -1
1701042714.698105 54 1
1701042714.699781 1045 -1
1701042714.699818 54 1
1701042714.699880 7708 -1
1701042714.699924 54 1
1701042714.706501 1097 -1
1701042714.706501 8652 -1
1701042714.706626 54 1
1701042716.308802 219 1
1701042716.310472 222 1
1701042716.310700 227 1
1701042716.310822 220 1
1701042716.311026 224 1
1701042716.313588 60 -1
1701042716.319160 1071 -1
1701042716.319160 13194 -1
1701042716.319256 54 1
1701042716.320315 3320 -1
1701042716.320371 54 1
1701042716.320438 1950 -1
1701042716.320466 54 1
1701042716.320645 17086 -1
1701042716.320719 54 1
1701042716.326578 1046 -1
1701042716.326578 1514 -1
1701042716.326578 6195 -1
1701042716.326578 1044 -1
1701042716.326578 1514 -1
1701042716.326578 10274 -1
1701042716.326578 4780 -1
1701042716.326578 85 -1
1701042716.326578 5173 -1
1701042716.326771 54 1
1701042716.326846 4434 -1
1701042716.326903 54 1
1701042716.326972 3341 -1
1701042716.327023 54 1
1701042717.941484 221 1
1701042717.941606 220 1
1701042717.942068 220 1
1701042717.942174 222 1
1701042717.942356 221 1
1701042717.944475 60 -1
1701042717.946606 1048 -1
1701042717.946606 7354 -1
1701042717.946693 54 1
1701042717.947080 7354 -1
1701042717.947138 54 1
1701042717.947678 1860 -1
1701042717.947701 54 1
1701042717.947825 85 -1
1701042717.947825 4726 -1
1701042717.947867 54 1
1701042717.948397 7354 -1
1701042717.948443 54 1
1701042717.948859 7354 -1
1701042717.948888 54 1
1701042717.949471 2852 -1
1701042717.949498 54 1
1701042717.949700 2463 -1
1701042717.949719 54 1
1701042717.949784 89 1
1701042717.949890 1047 -1
1701042717.949985 7354 -1
1701042717.950015 54 1
1701042717.950656 7354 -1
1701042717.950687 54 1
1701042717.951193 1860 -1
1701042717.951211 54 1
1701042717.951363 85 -1
1701042717.951363 2088 -1
1701042717.951391 54 1
1701042717.953233 4434 -1
1701042717.953233 7354 -1
1701042717.953233 895 -1
1701042717.953233 1072 -1
1701042717.953233 4434 -1
1701042717.953233 7354 -1
1701042717.953365 54 1
1701042717.953795 4780 -1
1701042717.953820 54 1
1701042717.962164 85 -1
1701042717.962164 6206 -1
1701042717.962276 54 1
1701042717.972580 366 -1
1701042717.972648 66 1
1701042719.547710 228 1
1701042719.549014 220 1
1701042719.549111 219 1
1701042719.552042 221 1
1701042719.552185 219 1
1701042719.554607 60 -1
1701042719.559796 1046 -1
1701042719.559796 13194 -1
1701042719.560100 54 1
1701042719.560866 3320 -1
1701042719.560866 1063 -1
1701042719.560919 54 1
1701042719.561506 1076 -1
1701042719.561506 8814 -1
1701042719.561551 54 1
1701042719.562155 1599 -1
1701042719.562155 7354 -1
1701042719.562211 54 1
1701042719.562855 7354 -1
1701042719.562912 54 1
1701042719.563516 2214 -1
1701042719.563516 1043 -1
1701042719.563516 7354 -1
1701042719.563573 54 1
1701042719.564030 5274 -1
1701042719.564071 54 1
1701042721.995943 54 1
1701042721.999286 78 -1
1701042721.999286 60 -1
1701042721.999331 54 1
1701042724.736069 66 1
1701042724.737128 66 -1
1701042724.737293 54 1
1701042724.737830 870 1
1701042724.738906 60 -1
1701042724.739988 318 -1
1701042724.740540 134 1
1701042724.740952 146 1
1701042724.741503 60 -1
1701042724.741503 573 1
1701042724.741608 222 1
1701042724.741712 220 1
1701042724.741772 219 1
1701042724.741815 341 -1
1701042724.741823 221 1
1701042724.742075 60 -1
1701042724.742152 115 -1
1701042724.742152 85 -1
1701042724.742196 54 1
1701042724.742386 85 1
1701042724.742569 60 -1
1701042724.742569 60 -1
1701042724.742713 60 -1
1701042724.742713 60 -1
1701042724.742713 60 -1
1701042724.743435 60 -1
1701042724.751345 1174 -1
1701042724.751345 480 -1
1701042724.751442 54 1
1701042724.753449 7354 -1
1701042724.753526 54 1
1701042724.758243 1496 -1
1701042724.758243 1043 -1
1701042724.758243 6338 -1
1701042724.758324 54 1
1701042724.758682 1283 -1
1701042724.758682 329 -1
1701042724.758717 54 1
1701042724.759337 7354 -1
1701042724.759387 54 1
1701042724.759911 2988 -1
1701042724.759938 54 1
1701042724.771424 1203 -1
1701042724.771424 437 -1
1701042724.771424 7354 -1
1701042724.771424 1514 -1
1701042724.771424 7700 -1
1701042724.771424 200 -1
1701042724.771583 54 1
1701042724.774248 200 -1
1701042724.774310 66 1
1701042724.780928 1172 -1
1701042724.780928 477 -1
1701042724.780928 4434 -1
1701042724.780928 4027 -1
1701042724.781044 54 1
1701042726.409306 223 1
1701042726.413133 229 1
1701042726.413604 228 1
1701042726.413728 221 1
1701042726.413947 219 1
1701042726.416112 60 -1
1701042726.416112 60 -1
1701042726.416112 60 -1
1701042726.416112 60 -1
1701042726.416112 60 -1
1701042726.423018 1171 -1
1701042726.423018 478 -1
1701042726.423114 54 1
1701042726.423227 2974 -1
1701042726.423227 7354 -1
1701042726.423286 54 1
1701042726.423770 1916 -1
1701042726.423797 54 1
1701042726.424732 1172 -1
1701042726.424732 483 -1
1701042726.424778 54 1
1701042726.426650 4434 -1
1701042726.426700 54 1
1701042726.427430 5304 -1
1701042726.427468 54 1
1701042726.427777 1173 -1
1701042726.427777 480 -1
1701042726.427810 54 1
1701042726.427866 7354 -1
1701042726.427913 54 1
1701042726.428367 7354 -1
1701042726.428420 54 1
1701042726.428955 1860 -1
1701042726.429002 54 1
1701042726.429107 1381 -1
1701042726.429562 1173 -1
1701042726.429562 478 -1
1701042726.429597 54 1
1701042726.429701 7354 -1
1701042726.429741 54 1
1701042726.430133 5818 -1
1701042726.430176 54 1
1701042726.432831 1176 -1
1701042726.432831 480 -1
1701042726.432905 54 1
1701042726.435554 4303 -1
1701042726.435642 54 1
1701042728.061890 221 1
1701042728.062022 218 1
1701042728.062409 219 1
1701042728.062483 218 1
1701042728.062600 219 1
1701042728.065123 60 -1
1701042728.071681 1204 -1
1701042728.071681 441 -1
1701042728.071681 1174 -1
1701042728.071681 480 -1
1701042728.071797 54 1
1701042728.074022 7354 -1
1701042728.074022 1295 -1
1701042728.074022 5894 -1
1701042728.074128 54 1
1701042728.074968 3754 -1
1701042728.074968 1176 -1
1701042728.074968 1178 -1
1701042728.074968 477 -1
1701042728.074968 480 -1
1701042728.074968 4434 -1
1701042728.075041 54 1
1701042728.075225 7354 -1
1701042728.075270 54 1
1701042728.075758 979 -1
1701042728.075783 54 1
1701042728.075846 7638 -1
1701042728.075877 54 1
1701042728.144498 1177 -1
1701042728.144607 477 -1
1701042728.144607 7354 -1
1701042728.144670 54 1
1701042728.144910 1514 -1
1701042728.144936 54 1
1701042728.145028 7354 -1
1701042728.145050 54 1
1701042728.145656 400 -1
1701042728.145692 54 1
1701042728.145754 3138 -1
1701042728.145785 54 1
1701042730.294913 221 1
1701042730.295785 221 1
1701042730.295884 219 1
1701042730.296128 219 1
1701042730.296230 220 1
1701042730.297185 60 -1
1701042730.310921 1200 -1
1701042730.310921 443 -1
1701042730.310921 1177 -1
1701042730.310921 477 -1
1701042730.310921 4248 -1
1701042730.311067 54 1
1701042730.313049 7354 -1
1701042730.313120 54 1
1701042730.313477 2974 -1
1701042730.313509 54 1
1701042730.313709 1514 -1
1701042730.313882 4780 -1
1701042730.313923 54 1
1701042730.314225 967 -1
1701042730.314252 54 1
1701042730.314513 1176 -1
1701042730.314513 478 -1
1701042730.314541 89 1
1701042730.314571 54 1
1701042730.318009 1175 -1
1701042730.318009 477 -1
1701042730.318009 7354 -1
1701042730.318100 54 1
1701042730.318523 4526 -1
1701042730.318575 54 1
1701042730.321996 7354 -1
1701042730.321996 7896 -1
1701042730.322086 54 1
1701042730.322903 1177 -1
1701042730.322903 477 -1
1701042730.322935 54 1
1701042730.326870 4434 -1
1701042730.326955 54 1
1701042730.327023 4434 -1
1701042730.327058 54 1
1701042730.327458 7354 -1
1701042730.327497 54 1
1701042730.328039 400 -1
1701042730.328039 3614 -1
1701042730.328084 54 1
1701042731.962443 222 1
1701042731.962574 220 1
1701042731.962674 222 1
1701042731.962764 220 1
1701042731.962871 220 1
1701042731.964253 60 -1
1701042731.966024 60 -1
1701042731.970050 1174 -1
1701042731.970050 477 -1
1701042731.970050 2974 -1
1701042731.970137 54 1
1701042731.970219 1514 -1
1701042731.970219 1514 -1
1701042731.970259 54 1
1701042731.970383 1514 -1
1701042731.970553 6126 -1
1701042731.970600 54 1
1701042731.972531 1173 -1
1701042731.972531 476 -1
1701042731.972531 7354 -1
1701042731.972600 54 1
1701042731.972697 3057 -1
1701042731.972719 54 1
1701042731.973927 1198 -1
1701042731.973927 445 -1
1701042731.973978 54 1
1701042731.988863 1204 -1
1701042731.988863 442 -1
1701042731.988863 5110 -1
1701042731.988863 7354 -1
1701042731.988863 4053 -1
1701042731.988863 1226 -1
1701042731.988863 405 -1
1701042731.988863 5894 -1
1701042731.988863 3404 -1
1701042731.988863 484 -1
1701042731.989076 66 1
1701042732.010667 54 1
1701042732.022307 78 -1
1701042732.022307 60 -1
1701042732.024036 54 1
1701042733.655853 66 1
1701042733.662635 66 -1
1701042733.662787 54 1
1701042733.663557 902 1
1701042733.674755 60 -1
1701042733.674755 318 -1
1701042733.675633 134 1
1701042733.676069 146 1
1701042733.676753 581 1
1701042733.676852 219 1
1701042733.676948 220 1
1701042733.677065 222 1
1701042733.677175 219 1
1701042733.686814 60 -1
1701042733.686814 60 -1
1701042733.686814 60 -1
1701042733.686814 60 -1
1701042733.686814 60 -1
1701042733.686814 60 -1
1701042733.686814 60 -1
1701042733.686814 341 -1
1701042733.686814 115 -1
1701042733.686814 85 -1
1701042733.687143 54 1
1701042733.687335 1228 -1
1701042733.687335 405 -1
1701042733.687397 54 1
1701042733.689618 2974 -1
1701042733.689618 6728 -1
1701042733.689618 1176 -1
1701042733.689618 477 -1
1701042733.689750 54 1
1701042733.689903 7354 -1
1701042733.689978 54 1
1701042733.691759 85 1
1701042733.703262 5894 -1
1701042733.703262 1885 -1
1701042733.703262 1175 -1
1701042733.703262 475 -1
1701042733.703262 7354 -1
1701042733.703262 2605 -1
1701042733.703425 54 1
1701042733.704764 60 -1
1701042733.713287 1174 -1
1701042733.713287 479 -1
1701042733.713384 54 1
1701042733.718816 4434 -1
1701042733.718890 54 1
1701042733.719108 4922 -1
1701042733.719150 54 1
1701042733.732185 1174 -1
1701042733.732185 479 -1
1701042733.732284 54 1
1701042733.739112 2974 -1
1701042733.739112 8705 -1
1701042733.739618 54 1
1701042736.727531 220 1
1701042736.727727 220 1
1701042736.728080 220 1
1701042736.728582 60 -1
1701042736.729044 60 -1
1701042736.729044 60 -1
1701042736.737649 1203 -1
1701042736.737649 440 -1
1701042736.737735 54 1
1701042736.738490 7354 -1
1701042736.738580 54 1
1701042736.739206 7354 -1
1701042736.739274 54 1
1701042736.739612 1838 -1
1701042736.739711 54 1
1701042736.743685 1196 -1
1701042736.743685 446 -1
1701042736.743765 54 1
1701042736.743980 7354 -1
1701042736.744007 54 1
1701042736.744430 4386 -1
1701042736.744464 54 1
1701042736.744831 1194 -1
1701042736.744880 452 -1
1701042736.744895 54 1
1701042736.744932 6915 -1
1701042736.744961 54 1
1701042736.762125 224 1
1701042736.762597 220 1
1701042736.770915 60 -1
1701042736.772204 1208 -1
1701042736.772204 437 -1
1701042736.772349 54 1
1701042736.775683 1514 -1
1701042736.775683 10274 -1
1701042736.775683 3061 -1
1701042736.775829 54 1
1701042736.785068 141 -1
1701042736.785137 66 1
1701042736.788032 1205 -1
1701042736.788032 435 -1
1701042736.788107 54 1
1701042736.790608 4434 -1
1701042736.790608 7354 -1
1701042736.790608 4780 -1
1701042736.790608 758 -1
1701042736.790989 54 1
1701042741.933056 220 1
1701042741.935111 223 1
1701042741.935192 219 1
1701042741.937215 60 -1
1701042741.937351 220 1
1701042741.937621 219 1
1701042741.939589 60 -1
1701042741.949105 1232 -1
1701042741.949105 400 -1
1701042741.949201 54 1
1701042741.950775 89 1
1701042741.953857 7354 -1
1701042741.953947 54 1
1701042741.954288 7354 -1
1701042741.954374 54 1
1701042741.955100 795 -1
1701042741.955100 1072 -1
1701042741.955100 2974 -1
1701042741.955149 54 1
1701042741.955608 7354 -1
1701042741.955659 54 1
1701042741.955845 6240 -1
1701042741.955882 54 1
1701042741.956772 2680 -1
1701042741.956772 1203 -1
1701042741.956772 444 -1
1701042741.956838 54 1
1701042741.961128 1230 -1
1701042741.961128 404 -1
1701042741.961128 7579 -1
1701042741.961222 54 1
1701042741.973054 4434 -1
1701042741.973054 7354 -1
1701042741.973054 4154 -1
1701042741.973054 1229 -1
1701042741.973054 402 -1
1701042741.973054 7354 -1
1701042741.973054 7974 -1
1701042741.973238 54 1
1701042741.992482 674 -1
1701042741.992549 66 1
1701042742.015025 54 1
1701042742.016755 78 -1
1701042742.016755 60 -1
1701042742.016814 54 1
1701042743.599275 66 1
1701042743.604937 66 -1
1701042743.605091 54 1
1701042743.605757 902 1
1701042743.609440 60 -1
1701042743.609440 318 -1
1701042743.611041 134 1
1701042743.611485 146 1
1701042743.612323 574 1
1701042743.612433 219 1
1701042743.612535 221 1
1701042743.612653 219 1
1701042743.612781 220 1
1701042743.618957 60 -1
1701042743.618957 60 -1
1701042743.618957 60 -1
1701042743.618957 60 -1
1701042743.618957 60 -1
1701042743.618957 60 -1
1701042743.618957 60 -1
1701042743.618957 341 -1
1701042743.619123 115 -1
1701042743.619123 85 -1
1701042743.619158 54 1
1701042743.619415 85 1
1701042743.620391 60 -1
1701042743.623811 1204 -1
1701042743.623811 442 -1
1701042743.623811 1200 -1
1701042743.623811 445 -1
1701042743.623811 9982 -1
1701042743.623995 54 1
1701042743.629992 4434 -1
1701042743.629992 4719 -1
1701042743.629992 1203 -1
1701042743.629992 439 -1
1701042743.629992 1205 -1
1701042743.629992 437 -1
1701042743.629992 1514 -1
1701042743.629992 1514 -1
1701042743.629992 8126 -1
1701042743.629992 9875 -1
1701042743.630248 54 1
1701042743.633988 1207 -1
1701042743.633988 436 -1
1701042743.633988 4434 -1
1701042743.633988 5833 -1
1701042743.634112 54 1
1701042745.282299 229 1
1701042745.282436 221 1
1701042745.282542 221 1
1701042745.283507 221 1
1701042745.284622 219 1
1701042745.291750 60 -1
1701042745.291750 60 -1
1701042745.291750 60 -1
1701042745.291750 60 -1
1701042745.291750 60 -1
1701042745.298614 1198 -1
1701042745.298614 444 -1
1701042745.298710 54 1
1701042745.298786 439 -1
1701042745.298786 1201 -1
1701042745.298822 66 1
1701042745.298852 54 1
1701042745.299848 1232 -1
1701042745.299848 402 -1
1701042745.299848 7354 -1
1701042745.299921 54 1
1701042745.300480 767 -1
1701042745.300480 7354 -1
1701042745.300554 54 1
1701042745.301047 2974 -1
1701042745.301067 54 1
1701042745.301284 6240 -1
1701042745.301306 54 1
1701042745.301834 2026 -1
1701042745.301862 54 1
1701042745.301957 1228 -1
1701042745.302147 410 -1
1701042745.302171 54 1
1701042745.302216 7354 -1
1701042745.302262 54 1
1701042745.302761 4501 -1
1701042745.302805 54 1
1701042745.304056 7354 -1
1701042745.304111 54 1
1701042745.304497 1051 -1
1701042745.307709 1202 -1
1701042745.307770 54 1
1701042745.307824 442 -1
1701042745.312650 1514 -1
1701042745.312650 2974 -1
1701042745.312650 4268 -1
1701042745.312752 54 1
1701042747.514925 220 1
1701042747.515087 222 1
1701042747.515176 222 1
1701042747.515274 220 1
1701042747.515395 223 1
1701042747.516238 60 -1
1701042747.518289 60 -1
1701042747.522324 1149 -1
1701042747.522324 6740 -1
1701042747.522621 54 1
1701042747.524834 1204 -1
1701042747.524834 437 -1
1701042747.524875 54 1
1701042747.525374 4434 -1
1701042747.525416 54 1
1701042747.525599 7080 -1
1701042747.525686 54 1
1701042747.526465 1206 -1
1701042747.526465 437 -1
1701042747.526508 54 1
1701042747.526573 7354 -1
1701042747.526619 54 1
1701042747.527037 2974 -1
1701042747.527070 54 1
1701042747.527268 3136 -1
1701042747.527296 54 1
1701042747.530058 1193 -1
1701042747.530058 451 -1
1701042747.530101 54 1
1701042747.530533 1228 -1
1701042747.530533 405 -1
1701042747.530566 54 1
1701042747.530734 7354 -1
1701042747.530767 54 1
1701042747.531192 1976 -1
1701042747.531222 54 1
1701042747.531569 2974 -1
1701042747.531600 54 1
1701042747.531647 4434 -1
1701042747.531689 54 1
1701042747.531975 4916 -1
1701042747.532016 54 1
1701042749.106652 223 1
1701042749.108575 219 1
1701042749.108694 221 1
1701042749.108805 220 1
1701042749.108947 223 1
1701042749.111951 60 -1
1701042749.118235 1229 -1
1701042749.118235 406 -1
1701042749.118235 6752 -1
1701042749.118368 54 1
1701042749.119845 89 1
1701042749.119857 1208 -1
1701042749.119857 442 -1
1701042749.119895 54 1
1701042749.121228 4434 -1
1701042749.121281 54 1
1701042749.121548 2128 -1
1701042749.121590 54 1
1701042749.121634 1206 -1
1701042749.121662 54 1
1701042749.121705 437 -1
1701042749.123018 7354 -1
1701042749.123082 54 1
1701042749.123378 2520 -1
1701042749.123414 54 1
1701042749.123818 1206 -1
1701042749.123818 439 -1
1701042749.123818 1514 -1
1701042749.123866 54 1
1701042749.123912 7354 -1
1701042749.123980 54 1
1701042749.124499 6753 -1
1701042749.124541 54 1
1701042749.128288 1228 -1
1701042749.128288 405 -1
1701042749.128390 54 1
1701042749.132127 6660 -1
1701042749.132207 54 1
1701042750.786832 229 1
1701042750.787097 220 1
1701042750.787152 219 1
1701042750.787460 219 1
1701042750.787555 219 1
1701042750.793474 60 -1
1701042750.802427 1203 -1
1701042750.802427 437 -1
1701042750.802529 54 1
1701042750.803056 1204 -1
1701042750.803056 446 -1
1701042750.803092 54 1
1701042750.803943 7354 -1
1701042750.804010 54 1
1701042750.804357 3121 -1
1701042750.804410 54 1
1701042750.808107 1514 -1
1701042750.808107 4270 -1
1701042750.808208 54 1
1701042750.811778 1205 -1
1701042750.811778 443 -1
1701042750.811778 7000 -1
1701042750.811892 54 1
1701042750.829115 1233 -1
1701042750.829115 405 -1
1701042750.829115 5004 -1
1701042750.829211 54 1
1701042750.836524 1209 -1
1701042750.836524 437 -1
1701042750.836606 54 1
1701042750.837174 7354 -1
1701042750.837228 54 1
1701042750.837616 2974 -1
1701042750.837651 54 1
1701042750.837870 2339 -1
1701042750.837898 54 1
1701042752.033614 54 1
1701042752.042196 78 -1
1701042752.042196 60 -1
1701042752.042321 54 1
1701042752.950131 66 1
1701042752.951164 66 -1
1701042752.951245 54 1
1701042752.952913 966 1
1701042752.954099 60 -1
1701042752.958612 318 -1
1701042752.960590 134 1
1701042752.961037 146 1
1701042752.961643 574 1
1701042752.961734 220 1
1701042752.961830 219 1
1701042752.961932 219 1
1701042752.962027 222 1
1701042752.969047 60 -1
1701042752.969047 60 -1
1701042752.974510 60 -1
1701042752.974510 60 -1
1701042752.974510 60 -1
1701042752.974510 60 -1
1701042752.974510 60 -1
1701042752.974510 341 -1
1701042752.974510 115 -1
1701042752.974510 85 -1
1701042752.974638 54 1
1701042752.975044 85 1
1701042752.975997 60 -1
1701042752.983235 1231 -1
1701042752.983235 406 -1
1701042752.983235 1077 -1
1701042752.983235 7354 -1
1701042752.983235 1371 -1
1701042752.983235 7354 -1
1701042752.983235 7354 -1
1701042752.983235 847 -1
1701042752.983235 1207 -1
1701042752.983235 442 -1
1701042752.983235 1175 -1
1701042752.983235 474 -1
1701042752.983235 7354 -1
1701042752.983235 664 -1
1701042752.983235 1207 -1
1701042752.983235 439 -1
1701042752.983235 7354 -1
1701042752.983235 2694 -1
1701042752.983574 54 1
1701042752.989796 7354 -1
1701042752.989796 7354 -1
1701042752.989974 54 1
1701042752.990090 7354 -1
1701042752.990153 54 1
1701042752.990685 2888 -1
1701042752.990721 54 1
1701042753.647148 54 1
