1701042050.341973 66 1
1701042050.372673 66 -1
1701042050.372837 54 1
1701042050.416118 631 1
1701042050.431905 66 1
1701042050.449090 60 -1
1701042050.455863 2974 -1
1701042050.455863 957 -1
1701042050.455932 54 1
1701042050.463753 66 -1
1701042050.463871 54 1
1701042050.465812 134 1
1701042050.488978 599 1
1701042050.490143 146 1
1701042050.490283 54 1
1701042050.490960 575 1
1701042050.491101 219 1
1701042050.500616 60 -1
1701042050.508658 341 -1
1701042050.508658 341 -1
1701042050.508698 54 1
1701042050.521067 60 -1
1701042050.521067 60 -1
1701042050.521067 60 -1
1701042050.524125 60 -1
1701042050.524125 2974 -1
1701042050.524125 958 -1
1701042050.524125 60 -1
1701042050.524380 54 1
1701042050.530307 115 -1
1701042050.530307 85 -1
1701042050.530361 54 1
1701042050.537958 85 1
1701042050.542088 1168 -1
1701042050.542088 486 -1
1701042050.542166 54 1
1701042050.542821 2974 -1
1701042050.542858 54 1
1701042050.544703 2974 -1
1701042050.544703 2974 -1
1701042050.544703 2974 -1
1701042050.544776 54 1
1701042050.545636 2974 -1
1701042050.545668 54 1
1701042050.548761 2974 -1
1701042050.548761 2974 -1
1701042050.548761 2974 -1
1701042050.548761 986 -1
1701042050.548888 54 1
1701042050.577869 60 -1
1701042050.684874 222 1
1701042050.684984 218 1
1701042050.685072 223 1
1701042050.685155 222 1
1701042050.685238 221 1
1701042050.685337 228 1
1701042050.685482 220 1
1701042050.685606 221 1
1701042050.685717 223 1
1701042050.685843 220 1
1701042050.685970 224 1
1701042050.686097 224 1
1701042050.686219 220 1
1701042050.688112 220 1
1701042050.724699 60 -1
1701042050.724699 60 -1
1701042050.736431 60 -1
1701042050.738382 1174 -1
1701042050.738382 478 -1
1701042050.738382 2974 -1
1701042050.738448 54 1
1701042050.743723 2974 -1
1701042050.743723 2974 -1
1701042050.743723 2974 -1
1701042050.743723 2974 -1
1701042050.743723 2974 -1
1701042050.743827 54 1
1701042050.744039 2974 -1
1701042050.744067 54 1
1701042050.744188 2974 -1
1701042050.744225 54 1
1701042050.745759 2974 -1
1701042050.745791 54 1
1701042050.745987 2974 -1
1701042050.746018 54 1
1701042050.746738 2974 -1
1701042050.746771 54 1
1701042050.747036 2974 -1
1701042050.747066 54 1
1701042050.747875 2974 -1
1701042050.747907 54 1
1701042050.749673 2974 -1
1701042050.749707 54 1
1701042050.749934 2974 -1
1701042050.749962 54 1
1701042050.750122 2974 -1
1701042050.750147 54 1
1701042050.750959 2974 -1
1701042050.750998 54 1
1701042050.751719 2974 -1
1701042050.751750 54 1
1701042050.756609 2974 -1
1701042050.756609 2974 -1
1701042050.756609 2974 -1
1701042050.756609 2974 -1
1701042050.756609 2974 -1
1701042050.756609 2974 -1
1701042050.756691 54 1
1701042050.767811 2974 -1
1701042050.767811 2974 -1
1701042050.767811 2974 -1
1701042050.767811 2974 -1
1701042050.767811 2974 -1
1701042050.767811 2974 -1
1701042050.767811 2974 -1
1701042050.767811 2974 -1
1701042050.767811 2974 -1
1701042050.767811 2974 -1
1701042050.767811 2974 -1
1701042050.767811 2974 -1
1701042050.767811 2974 -1
1701042050.767811 2974 -1
1701042050.767977 54 1
1701042050.768161 54 1
1701042050.768305 2974 -1
1701042050.768334 54 1
1701042050.786704 2974 -1
1701042050.786704 2974 -1
1701042050.786704 2974 -1
1701042050.786704 2974 -1
1701042050.786704 2974 -1
1701042050.786704 1514 -1
1701042050.786704 1514 -1
1701042050.786704 1514 -1
1701042050.786704 1514 -1
1701042050.786704 2974 -1
1701042050.786704 2974 -1
1701042050.786704 2974 -1
1701042050.786901 54 1
1701042050.802616 2974 -1
1701042050.802616 2974 -1
1701042050.802616 2974 -1
1701042050.802616 2974 -1
1701042050.802616 1166 -1
1701042050.802616 1196 -1
1701042050.802616 448 -1
1701042050.802616 4434 -1
1701042050.802822 54 1
1701042050.802957 4434 -1
1701042050.802957 274 -1
1701042050.803026 54 1
1701042050.835321 1240 -1
1701042050.835321 105 -1
1701042050.835321 4434 -1
1701042050.835321 4434 -1
1701042050.835321 2740 -1
1701042050.835505 54 1
1701042050.840027 1242 -1
1701042050.840144 122 -1
1701042050.840144 439 -1
1701042050.840185 54 1
1701042050.850124 1247 -1
1701042050.850124 100 -1
1701042050.850182 54 1
1701042050.857898 5894 -1
1701042050.857898 5894 -1
1701042050.857898 2358 -1
1701042050.858029 54 1
1701042050.858118 5894 -1
1701042050.858118 5894 -1
1701042050.858202 54 1
1701042050.886150 5894 -1
1701042050.886150 5894 -1
1701042050.886150 952 -1
1701042050.886272 54 1
1701042050.901347 54 1
1701042051.040248 207 1
1701042051.112874 60 -1
1701042051.115672 1284 -1
1701042051.115757 457 -1
1701042051.115792 54 1
1701042051.122372 5894 -1
1701042051.122449 54 1
1701042051.122867 844 -1
1701042051.181124 54 1
1701042058.512485 54 1
1701042058.584720 60 -1
1701042058.651228 78 -1
1701042058.651228 60 -1
1701042058.651294 54 1
1701042061.129426 66 1
1701042061.163746 66 -1
1701042061.163879 54 1
1701042061.164581 902 1
1701042061.204363 60 -1
1701042061.205293 318 -1
1701042061.206181 134 1
1701042061.206698 146 1
1701042061.207298 576 1
1701042061.207383 219 1
1701042061.207741 219 1
1701042061.207830 219 1
1701042061.237260 60 -1
1701042061.237260 60 -1
1701042061.237260 60 -1
1701042061.237260 60 -1
1701042061.237260 341 -1
1701042061.237260 60 -1
1701042061.237260 60 -1
1701042061.239941 115 -1
1701042061.239941 85 -1
1701042061.240001 54 1
1701042061.240243 85 1
1701042061.254276 1201 -1
1701042061.254276 444 -1
1701042061.254379 54 1
1701042061.258048 5894 -1
1701042061.258048 5894 -1
1701042061.258162 54 1
1701042061.258495 4811 -1
1701042061.258628 54 1
1701042061.259185 1128 -1
1701042061.259242 1172 -1
1701042061.259242 482 -1
1701042061.259262 54 1
1701042061.260853 5894 -1
1701042061.260920 54 1
1701042061.261245 2974 -1
1701042061.261273 54 1
1701042061.261353 2974 -1
1701042061.261393 54 1
1701042061.262080 3442 -1
1701042061.262110 54 1
1701042061.272082 60 -1
1701042061.342014 1217 -1
1701042061.342184 313 -1
1701042061.342184 857 -1
1701042061.342226 54 1
1701042061.348456 4434 -1
1701042061.348761 54 1
1701042061.348820 1514 -1
1701042061.348820 5894 -1
1701042061.348866 54 1
1701042061.349997 2574 -1
1701042061.350042 54 1
1701042061.351334 1219 -1
1701042061.351383 54 1
1701042061.351678 314 -1
1701042061.351832 854 -1
1701042061.351857 54 1
1701042061.586866 5894 -1
1701042061.586999 54 1
1701042061.587218 5894 -1
1701042061.587276 54 1
1701042061.589811 4811 -1
1701042061.589904 54 1
1701042061.596167 4919 -1
1701042061.596287 54 1
1701042064.246303 229 1
1701042064.246489 220 1
1701042064.249447 220 1
1701042064.249999 219 1
1701042064.250490 221 1
1701042064.276861 60 -1
1701042064.280000 60 -1
1701042064.290513 60 -1
1701042064.290513 60 -1
1701042064.290513 60 -1
1701042064.475110 1176 -1
1701042064.475110 474 -1
1701042064.475110 1177 -1
1701042064.475110 478 -1
1701042064.475240 54 1
1701042064.530360 5894 -1
1701042064.530483 54 1
1701042064.530801 5894 -1
1701042064.530856 54 1
1701042064.531674 4780 -1
1701042064.531754 54 1
1701042064.532489 5894 -1
1701042064.532551 54 1
1701042064.533402 5894 -1
1701042064.533463 54 1
1701042064.534298 5894 -1
1701042064.534340 54 1
1701042064.535246 5894 -1
1701042064.535286 54 1
1701042064.536206 2762 -1
1701042064.536246 54 1
1701042064.570108 5894 -1
1701042064.570108 5894 -1
1701042064.570108 4811 -1
1701042064.570254 54 1
1701042064.570318 5894 -1
1701042064.570351 54 1
1701042064.571580 3081 -1
1701042064.571612 54 1
1701042064.606309 5894 -1
1701042064.606409 54 1
1701042064.606884 1258 -1
1701042064.606912 54 1
1701042064.720817 1215 -1
1701042064.720941 309 -1
1701042064.720972 54 1
1701042064.723889 866 -1
1701042064.725295 5894 -1
1701042064.725377 54 1
1701042064.725633 2807 -1
1701042064.725677 54 1
1701042066.367154 220 1
1701042066.396485 60 -1
1701042066.397424 219 1
1701042066.399289 220 1
1701042066.400310 218 1
1701042066.400686 221 1
1701042066.426861 60 -1
1701042066.429038 60 -1
1701042066.430221 60 -1
1701042066.430775 60 -1
1701042066.490405 1179 -1
1701042066.490701 476 -1
1701042066.490736 54 1
1701042066.490884 1174 -1
1701042066.490966 473 -1
1701042066.490990 54 1
1701042066.493254 89 1
1701042066.497721 5894 -1
1701042066.497830 54 1
1701042066.498353 4434 -1
1701042066.498353 1514 -1
1701042066.498408 54 1
1701042066.498943 4811 -1
1701042066.499013 54 1
1701042066.499759 4434 -1
1701042066.499806 54 1
1701042066.500106 1514 -1
1701042066.500150 54 1
1701042066.501102 5894 -1
1701042066.501164 54 1
1701042066.502026 4434 -1
1701042066.502094 54 1
1701042066.502224 1514 -1
1701042066.502241 54 1
1701042066.502922 5894 -1
1701042066.502977 54 1
1701042066.503796 5894 -1
1701042066.503831 54 1
1701042066.504445 2411 -1
1701042066.504486 54 1
1701042066.504838 5894 -1
1701042066.504869 54 1
1701042066.505825 4434 -1
1701042066.505863 54 1
1701042066.506002 1514 -1
1701042066.506022 54 1
1701042066.506805 2741 -1
1701042066.506841 54 1
1701042066.507272 5894 -1
1701042066.507318 54 1
1701042066.508222 5894 -1
1701042066.508287 54 1
1701042066.509091 1328 -1
1701042066.523034 60 -1
1701042066.552629 54 1
1701042066.600411 1202 -1
1701042066.600411 442 -1
1701042066.600741 54 1
1701042066.609420 5894 -1
1701042066.609718 54 1
1701042066.609843 5894 -1
1701042066.609904 54 1
1701042066.611228 4811 -1
1701042066.611276 54 1
1701042066.611699 1514 -1
1701042066.611699 4434 -1
1701042066.611751 54 1
1701042066.612572 5894 -1
1701042066.612694 54 1
1701042066.613438 4214 -1
1701042066.613535 54 1
1701042066.843374 1218 -1
1701042066.843374 307 -1
1701042066.843374 1514 -1
1701042066.843374 4434 -1
1701042066.843564 54 1
1701042066.844338 5894 -1
1701042066.844398 54 1
1701042066.845195 978 -1
1701042066.889673 54 1
1701042067.974843 221 1
1701042067.978620 219 1
1701042067.978719 221 1
1701042067.978791 220 1
1701042067.978852 221 1
1701042068.004519 60 -1
1701042068.008498 60 -1
1701042068.008498 60 -1
1701042068.008498 60 -1
1701042068.008498 60 -1
1701042068.037242 1172 -1
1701042068.037242 483 -1
1701042068.037353 54 1
1701042068.046836 4434 -1
1701042068.046957 54 1
1701042068.047026 604 -1
1701042068.047026 1178 -1
1701042068.047053 54 1
1701042068.047101 475 -1
1701042068.047128 54 1
1701042068.053816 5894 -1
1701042068.053934 54 1
1701042068.053996 5894 -1
1701042068.054031 54 1
1701042068.059456 5894 -1
1701042068.059456 3838 -1
1701042068.059798 54 1
1701042068.121718 1219 -1
1701042068.121718 304 -1
1701042068.121830 54 1
1701042068.123107 866 -1
1701042068.131559 2974 -1
1701042068.131559 2974 -1
1701042068.131681 54 1
1701042068.131862 5894 -1
1701042068.131891 54 1
1701042068.132852 4811 -1
1701042068.132887 54 1
1701042068.136144 3045 -1
1701042068.136200 54 1
1701042068.456007 1218 -1
1701042068.456007 300 -1
1701042068.456007 873 -1
1701042068.456136 54 1
1701042068.460929 5894 -1
1701042068.461002 54 1
1701042068.461390 5894 -1
1701042068.461446 54 1
1701042068.462334 4811 -1
1701042068.462385 54 1
1701042068.463078 2974 -1
1701042068.463078 2974 -1
1701042068.463129 54 1
1701042068.464423 521 -1
1701042068.464475 54 1
1701042068.492056 1241 -1
1701042068.492056 264 -1
1701042068.492056 2974 -1
1701042068.492056 2974 -1
1701042068.492056 5894 -1
1701042068.492158 54 1
1701042068.493465 3047 -1
1701042068.493505 54 1
1701042068.522904 54 1
1701042068.553168 78 -1
1701042068.553168 60 -1
1701042068.553357 54 1
1701042069.559264 66 1
1701042069.591324 66 -1
1701042069.591493 54 1
1701042069.592699 870 1
1701042069.621867 60 -1
1701042069.622983 318 -1
1701042069.623697 134 1
1701042069.624053 146 1
1701042069.624639 573 1
1701042069.624732 221 1
1701042069.624822 220 1
1701042069.624881 227 1
1701042069.624976 221 1
1701042069.655905 60 -1
1701042069.655905 60 -1
1701042069.655905 60 -1
1701042069.655905 60 -1
1701042069.655905 60 -1
1701042069.655905 60 -1
1701042069.655905 60 -1
1701042069.665453 341 -1
1701042069.672327 115 -1
1701042069.672327 85 -1
1701042069.672437 54 1
1701042069.672953 85 1
1701042069.683565 1176 -1
1701042069.683565 479 -1
1701042069.683667 54 1
1701042069.687565 7354 -1
1701042069.687725 54 1
1701042069.688015 7354 -1
1701042069.688057 54 1
1701042069.688648 205 -1
1701042069.704994 1177 -1
1701042069.704994 476 -1
1701042069.704994 7354 -1
1701042069.704994 5023 -1
1701042069.704994 60 -1
1701042069.705148 54 1
1701042069.793131 1211 -1
1701042069.793131 307 -1
1701042069.793254 54 1
1701042069.811210 1514 -1
1701042069.811333 5468 -1
1701042069.811386 54 1
1701042070.017629 1218 -1
1701042070.017629 310 -1
1701042070.017779 54 1
1701042070.019889 863 -1
1701042070.019889 5199 -1
1701042070.019970 54 1
1701042070.190895 1240 -1
1701042070.190895 269 -1
1701042070.191000 54 1
1701042070.196469 5842 -1
1701042070.196586 54 1
1701042071.677697 221 1
1701042071.681096 228 1
1701042071.686723 220 1
1701042071.686826 224 1
1701042071.686897 226 1
1701042071.706316 60 -1
1701042071.711919 60 -1
1701042071.715647 60 -1
1701042071.715647 60 -1
1701042071.715647 60 -1
1701042071.726998 1144 -1
1701042071.726998 526 -1
1701042071.727100 54 1
1701042071.727975 7354 -1
1701042071.728028 54 1
1701042071.728449 1742 -1
1701042071.728485 54 1
1701042071.746072 1176 -1
1701042071.746072 478 -1
1701042071.746173 54 1
1701042071.746764 7354 -1
1701042071.746813 54 1
1701042071.750246 76 -1
1701042071.792858 54 1
1701042071.884016 1216 -1
1701042071.884016 308 -1
1701042071.884124 54 1
1701042071.895520 7354 -1
1701042071.895781 54 1
1701042071.896781 7009 -1
1701042071.896853 54 1
1701042072.001955 1217 -1
1701042072.002197 307 -1
1701042072.002242 54 1
1701042072.003949 1514 -1
1701042072.003949 4803 -1
1701042072.004011 54 1
1701042072.040354 1242 -1
1701042072.040354 269 -1
1701042072.040451 54 1
1701042072.040951 874 -1
1701042072.040974 54 1
1701042072.042949 7023 -1
1701042072.043039 54 1
1701042073.265040 219 1
1701042073.269179 219 1
1701042073.269298 220 1
1701042073.269382 221 1
1701042073.269882 220 1
1701042073.294951 60 -1
1701042073.298094 60 -1
1701042073.298094 60 -1
1701042073.298094 60 -1
1701042073.298462 60 -1
1701042073.338988 1173 -1
1701042073.338988 484 -1
1701042073.339086 54 1
1701042073.344139 7354 -1
1701042073.344210 54 1
1701042073.344495 2359 -1
1701042073.344512 54 1
1701042073.403836 1146 -1
1701042073.403836 519 -1
1701042073.403934 54 1
1701042073.416503 7354 -1
1701042073.416630 54 1
1701042073.416788 7354 -1
1701042073.416814 54 1
1701042073.417363 7354 -1
1701042073.417406 54 1
1701042073.418344 2404 -1
1701042073.418377 54 1
1701042073.461910 1217 -1
1701042073.461910 307 -1
1701042073.462008 54 1
1701042073.480505 7354 -1
1701042073.480505 7354 -1
1701042073.480505 954 -1
1701042073.480847 54 1
1701042073.760655 1217 -1
1701042073.760655 300 -1
1701042073.760760 54 1
1701042073.839131 7354 -1
1701042073.839253 54 1
1701042073.839814 6482 -1
1701042073.839855 54 1
1701042073.925945 1242 -1
1701042073.925945 267 -1
1701042073.926041 54 1
1701042073.948429 877 -1
1701042074.002493 54 1
1701042074.135488 7354 -1
1701042074.135716 54 1
1701042074.136248 7354 -1
1701042074.136291 54 1
1701042074.136716 1891 -1
1701042074.136767 54 1
1701042074.172157 7354 -1
1701042074.172265 54 1
1701042074.174331 572 -1
1701042074.174419 54 1
1701042074.885369 218 1
1701042074.885508 220 1
1701042074.885653 221 1
1701042074.888047 220 1
1701042074.888279 222 1
1701042074.914483 60 -1
1701042074.914569 60 -1
1701042074.914569 60 -1
1701042074.918361 60 -1
1701042074.918361 60 -1
1701042074.963880 1200 -1
1701042074.963880 447 -1
1701042074.964011 54 1
1701042074.966304 89 1
1701042074.968895 7354 -1
1701042074.968978 54 1
1701042074.969400 7354 -1
1701042074.969464 54 1
1701042074.970185 372 -1
1701042074.993299 1182 -1
1701042074.993299 476 -1
1701042074.993402 54 1
1701042074.999512 60 -1
1701042075.003137 7354 -1
1701042075.003137 7354 -1
1701042075.003284 54 1
1701042075.003801 1039 -1
1701042075.003828 54 1
1701042075.028217 1216 -1
1701042075.028217 297 -1
1701042075.028316 54 1
1701042075.032461 7354 -1
1701042075.032698 54 1
1701042075.032869 2967 -1
1701042075.032896 54 1
1701042075.299418 1242 -1
1701042075.299418 269 -1
1701042075.299538 54 1
1701042075.304925 872 -1
1701042075.307827 2974 -1
1701042075.307889 54 1
1701042075.307934 4434 -1
1701042075.307964 54 1
1701042075.308378 1852 -1
1701042075.308408 54 1
1701042075.387048 1239 -1
1701042075.387048 264 -1
1701042075.387152 54 1
1701042075.388916 7354 -1
1701042075.389010 54 1
1701042075.389372 2933 -1
1701042075.389401 54 1
1701042078.534694 54 1
1701042078.604135 78 -1
1701042078.604135 60 -1
1701042078.604235 54 1
1701042079.125589 66 1
1701042079.159165 66 -1
1701042079.159362 54 1
1701042079.160319 934 1
1701042079.192509 60 -1
1701042079.193499 318 -1
1701042079.195399 134 1
1701042079.195827 146 1
1701042079.196424 574 1
1701042079.196509 224 1
1701042079.196583 219 1
1701042079.196684 220 1
1701042079.196753 219 1
1701042079.225997 60 -1
1701042079.225997 341 -1
1701042079.226197 60 -1
1701042079.226391 115 -1
1701042079.226391 85 -1
1701042079.226443 54 1
1701042079.226748 85 1
1701042079.227394 60 -1
1701042079.227394 60 -1
1701042079.227394 60 -1
1701042079.227394 60 -1
1701042079.227394 60 -1
1701042079.241477 1174 -1
1701042079.241477 479 -1
1701042079.241571 54 1
1701042079.246328 1197 -1
1701042079.246328 448 -1
1701042079.246428 54 1
1701042079.246491 1514 -1
1701042079.246491 4434 -1
1701042079.246533 54 1
1701042079.247205 3987 -1
1701042079.247252 54 1
1701042079.248715 1175 -1
1701042079.248715 478 -1
1701042079.248768 54 1
1701042079.248811 5894 -1
1701042079.248834 54 1
1701042079.249659 2005 -1
1701042079.249706 54 1
1701042079.249917 5894 -1
1701042079.249957 54 1
1701042079.250699 5894 -1
1701042079.250767 54 1
1701042079.251446 2303 -1
1701042079.251476 54 1
1701042079.257273 60 -1
1701042079.549047 1188 -1
1701042079.549159 141 -1
1701042079.549183 54 1
1701042079.569785 5894 -1
1701042079.569905 54 1
1701042079.570104 5894 -1
1701042079.570151 54 1
1701042079.570758 586 -1
1701042079.621053 54 1
1701042079.676266 1241 -1
1701042079.676266 267 -1
1701042079.676372 54 1
1701042079.676434 874 -1
1701042079.694597 1514 -1
1701042079.694597 4434 -1
1701042079.694597 4330 -1
1701042079.694877 54 1
1701042080.731864 228 1
1701042080.732303 222 1
1701042080.732776 219 1
1701042080.733242 220 1
1701042080.733760 221 1
1701042080.762345 60 -1
1701042080.762345 60 -1
1701042080.767218 60 -1
1701042080.767218 60 -1
1701042080.767218 60 -1
1701042080.982212 1197 -1
1701042080.982212 446 -1
1701042080.986492 54 1
1701042081.003523 1177 -1
1701042081.003523 477 -1
1701042081.003523 1197 -1
1701042081.003647 54 1
1701042081.003772 445 -1
1701042081.003803 54 1
1701042081.004229 5894 -1
1701042081.004282 54 1
1701042081.004455 718 -1
1701042081.052037 54 1
1701042081.057687 5894 -1
1701042081.057833 54 1
1701042081.058392 5894 -1
1701042081.058438 54 1
1701042081.059125 2784 -1
1701042081.059125 5894 -1
1701042081.059173 54 1
1701042081.060223 3055 -1
1701042081.060284 54 1
1701042081.113076 1242 -1
1701042081.113163 109 -1
1701042081.113185 54 1
1701042081.142019 5894 -1
1701042081.142108 54 1
1701042081.142238 1636 -1
1701042081.142264 54 1
1701042081.218549 1216 -1
1701042081.218549 313 -1
1701042081.218787 54 1
1701042081.301568 5894 -1
1701042081.301884 54 1
1701042081.302527 5894 -1
1701042081.302562 54 1
1701042081.303262 1038 -1
1701042081.357312 54 1
1701042082.309813 218 1
1701042082.320071 220 1
1701042082.320210 231 1
1701042082.320304 230 1
1701042082.320380 220 1
1701042082.345235 60 -1
1701042082.353406 60 -1
1701042082.353406 60 -1
1701042082.353406 60 -1
1701042082.353406 60 -1
1701042082.482441 1176 -1
1701042082.482441 478 -1
1701042082.482441 1177 -1
1701042082.482558 54 1
1701042082.482653 477 -1
1701042082.482676 54 1
1701042082.499617 5894 -1
1701042082.499751 54 1
1701042082.499816 5894 -1
1701042082.499855 54 1
1701042082.504108 5894 -1
1701042082.504108 5894 -1
1701042082.504108 1855 -1
1701042082.504237 54 1
1701042082.512216 5894 -1
1701042082.512216 4482 -1
1701042082.512216 1591 -1
1701042082.512317 54 1
1701042082.534510 1514 -1
1701042082.534510 4434 -1
1701042082.534613 54 1
1701042082.534869 5894 -1
1701042082.534889 54 1
1701042082.535779 4811 -1
1701042082.535856 54 1
1701042082.536482 2429 -1
1701042082.536515 54 1
1701042082.641907 1219 -1
1701042082.641907 302 -1
1701042082.642018 54 1
1701042082.676819 5894 -1
1701042082.676819 5894 -1
1701042082.676819 4811 -1
1701042082.676819 4289 -1
1701042082.677041 54 1
1701042083.930711 220 1
1701042083.934833 221 1
1701042083.935937 220 1
1701042083.936665 220 1
1701042083.936885 228 1
1701042083.960889 60 -1
1701042083.964484 60 -1
1701042083.964966 60 -1
1701042083.967174 60 -1
1701042083.967174 60 -1
1701042084.052442 1175 -1
1701042084.052442 478 -1
1701042084.052538 54 1
1701042084.080423 5894 -1
1701042084.080423 5192 -1
1701042084.080565 54 1
1701042084.117346 1175 -1
1701042084.117346 483 -1
1701042084.117427 54 1
1701042084.150353 1200 -1
1701042084.150353 443 -1
1701042084.150353 961 -1
1701042084.150492 54 1
1701042084.187328 1177 -1
1701042084.187328 483 -1
1701042084.187434 54 1
1701042084.187500 5581 -1
1701042084.187531 54 1
1701042084.188947 1600 -1
1701042084.188987 54 1
1701042084.224021 1514 -1
1701042084.224021 4434 -1
1701042084.224121 54 1
1701042084.224168 799 -1
1701042084.224224 5894 -1
1701042084.224277 54 1
1701042084.224591 89 1
1701042084.225023 3475 -1
1701042084.225069 54 1
1701042084.253584 60 -1
1701042086.122501 228 1
1701042086.124356 221 1
1701042086.124445 218 1
1701042086.128211 219 1
1701042086.128362 221 1
1701042086.157201 60 -1
1701042086.157201 60 -1
1701042086.157201 60 -1
1701042086.157317 60 -1
1701042086.157345 60 -1
1701042086.556255 1173 -1
1701042086.556255 482 -1
1701042086.556365 54 1
1701042086.740215 5894 -1
1701042086.740283 54 1
1701042086.740577 3021 -1
1701042086.740610 54 1
1701042086.740915 2693 -1
1701042086.740959 54 1
1701042086.803556 5894 -1
1701042086.803686 54 1
1701042086.803998 5894 -1
1701042086.804037 54 1
1701042086.805140 1514 -1
1701042086.805185 2998 -1
1701042086.805204 54 1
1701042086.805295 5894 -1
1701042086.805315 54 1
1701042086.806515 1514 -1
1701042086.806515 4434 -1
1701042086.806561 54 1
1701042086.807252 3820 -1
1701042086.807296 54 1
1701042086.857965 5894 -1
1701042086.857965 5552 -1
1701042086.858095 54 1
1701042086.961342 1219 -1
1701042086.961342 306 -1
1701042086.961424 54 1
1701042087.001191 5894 -1
1701042087.001329 54 1
1701042087.001459 5894 -1
1701042087.001528 54 1
1701042087.002432 4811 -1
1701042087.002487 54 1
1701042087.002853 5894 -1
1701042087.002886 54 1
1701042087.003506 5894 -1
1701042087.003553 54 1
1701042087.004375 1828 -1
1701042087.004408 54 1
1701042087.737152 220 1
1701042087.740690 219 1
1701042087.740867 219 1
1701042087.741190 219 1
1701042087.741795 218 1
1701042087.766632 60 -1
1701042087.770021 60 -1
1701042087.770168 60 -1
1701042087.770942 60 -1
1701042087.770942 60 -1
1701042087.954291 1201 -1
1701042087.954291 441 -1
1701042087.954405 54 1
1701042087.996939 1245 -1
1701042087.996939 109 -1
1701042087.996939 1219 -1
1701042087.996939 316 -1
1701042087.997059 54 1
1701042087.997116 5894 -1
1701042087.997173 54 1
1701042087.997820 4959 -1
1701042087.997867 54 1
1701042088.175250 1243 -1
1701042088.175250 263 -1
1701042088.175378 54 1
1701042088.175470 5894 -1
1701042088.175501 54 1
1701042088.176266 5894 -1
1701042088.176311 54 1
1701042088.177092 5894 -1
1701042088.177145 54 1
1701042088.177916 5894 -1
1701042088.177950 54 1
1701042088.178894 5894 -1
1701042088.178936 54 1
1701042088.182648 132 -1
1701042088.244615 54 1
1701042088.270785 5894 -1
1701042088.270785 5894 -1
1701042088.270785 3474 -1
1701042088.270785 1457 -1
1701042088.270936 54 1
1701042088.357958 5894 -1
1701042088.358079 54 1
1701042088.358315 5069 -1
1701042088.358356 54 1
1701042088.552388 54 1
1701042088.622000 60 -1
1701042088.642562 78 -1
1701042088.642562 60 -1
1701042088.642640 54 1
1701042089.397463 66 1
1701042089.427212 66 -1
1701042089.427367 54 1
1701042089.429676 966 1
1701042089.459357 60 -1
1701042089.463457 318 -1
1701042089.464453 134 1
1701042089.464902 146 1
1701042089.465463 575 1
1701042089.465563 221 1
1701042089.465672 220 1
1701042089.465971 220 1
1701042089.466050 220 1
1701042089.494518 60 -1
1701042089.494518 60 -1
1701042089.494828 60 -1
1701042089.494828 60 -1
1701042089.495102 60 -1
1701042089.495319 60 -1
1701042089.495401 60 -1
1701042089.507385 341 -1
1701042089.514352 115 -1
1701042089.514352 85 -1
1701042089.514458 54 1
1701042089.514884 85 1
1701042089.532339 1177 -1
1701042089.532431 54 1
1701042089.532486 479 -1
1701042089.532505 54 1
1701042089.532618 7354 -1
1701042089.532998 54 1
1701042089.533411 4404 -1
1701042089.533490 54 1
1701042089.548982 60 -1
1701042089.558926 1202 -1
1701042089.558926 446 -1
1701042089.559042 54 1
1701042089.572338 7354 -1
1701042089.572470 54 1
1701042089.573023 1514 -1
1701042089.573023 4197 -1
1701042089.573086 54 1
1701042089.613323 1215 -1
1701042089.613323 299 -1
1701042089.613421 54 1
1701042089.614114 7354 -1
1701042089.614152 54 1
1701042089.615048 2349 -1
1701042089.615100 54 1
1701042089.668071 1223 -1
1701042089.668071 134 -1
1701042089.668172 54 1
1701042089.698019 7354 -1
1701042089.698130 54 1
1701042089.698374 7354 -1
1701042089.698572 54 1
1701042089.699124 2215 -1
1701042089.699169 54 1
1701042089.915177 1244 -1
1701042089.915177 96 -1
1701042089.915462 54 1
1701042090.116854 1514 -1
1701042090.116854 5894 -1
1701042090.116854 2914 -1
1701042090.116979 54 1
1701042094.045901 221 1
1701042094.049640 219 1
1701042094.050350 219 1
1701042094.050516 219 1
1701042094.050616 221 1
1701042094.077578 60 -1
1701042094.090455 60 -1
1701042094.090455 60 -1
1701042094.090455 60 -1
1701042094.090455 60 -1
1701042094.191088 1178 -1
1701042094.191088 477 -1
1701042094.191242 54 1
1701042094.214393 7354 -1
1701042094.214557 54 1
1701042094.214750 7354 -1
1701042094.214797 54 1
1701042094.215592 4353 -1
1701042094.215643 54 1
1701042094.248137 1200 -1
1701042094.248137 444 -1
1701042094.248137 1223 -1
1701042094.248279 54 1
1701042094.248332 128 -1
1701042094.248332 1178 -1
1701042094.248351 54 1
1701042094.248375 477 -1
1701042094.248417 7354 -1
1701042094.248468 54 1
1701042094.249373 4499 -1
1701042094.249407 54 1
1701042094.264150 7354 -1
1701042094.264285 54 1
1701042094.264602 5894 -1
1701042094.264672 54 1
1701042094.265276 1514 -1
1701042094.265276 7354 -1
1701042094.265331 54 1
1701042094.266240 7354 -1
1701042094.266289 54 1
1701042094.267199 4573 -1
1701042094.267239 54 1
1701042094.286247 1514 -1
1701042094.286247 5894 -1
1701042094.286247 1514 -1
1701042094.286247 4142 -1
1701042094.286372 54 1
1701042095.694941 223 1
1701042095.698987 221 1
1701042095.699523 222 1
1701042095.700333 219 1
1701042095.701482 222 1
1701042095.726453 60 -1
1701042095.727981 60 -1
1701042095.728436 60 -1
1701042095.729250 60 -1
1701042095.730670 60 -1
1701042095.784099 1147 -1
1701042095.784099 519 -1
1701042095.784424 54 1
1701042095.785793 89 1
1701042095.799108 1175 -1
1701042095.799108 484 -1
1701042095.799383 54 1
1701042095.799429 7354 -1
1701042095.799474 54 1
1701042095.800110 7354 -1
1701042095.800163 54 1
1701042095.801151 5309 -1
1701042095.801213 54 1
1701042095.805157 7354 -1
1701042095.805246 54 1
1701042095.805300 271 -1
1701042095.805320 54 1
1701042095.816921 60 -1
1701042095.819982 1179 -1
1701042095.819982 479 -1
1701042095.820065 54 1
1701042095.831273 2974 -1
1701042095.831355 54 1
1701042095.831410 4434 -1
1701042095.831457 54 1
1701042095.831701 7354 -1
1701042095.831838 54 1
1701042095.832417 1514 -1
1701042095.832487 5894 -1
1701042095.832515 54 1
1701042095.833328 5801 -1
1701042095.833368 54 1
1701042095.845310 1200 -1
1701042095.845310 440 -1
1701042095.845395 54 1
1701042095.877398 7354 -1
1701042095.877398 7354 -1
1701042095.877398 3514 -1
1701042095.877581 54 1
1701042095.898580 1240 -1
1701042095.898580 267 -1
1701042095.899514 54 1
1701042095.910155 7354 -1
1701042095.910261 54 1
1701042095.910499 5631 -1
1701042095.910538 54 1
1701042097.269364 220 1
1701042097.269479 220 1
1701042097.269567 221 1
1701042097.269658 218 1
1701042097.269917 221 1
1701042097.340297 60 -1
1701042097.423620 1179 -1
1701042097.423620 476 -1
1701042097.423730 54 1
1701042097.434459 7354 -1
1701042097.434582 54 1
1701042097.434934 2533 -1
1701042097.434991 54 1
1701042097.440581 1174 -1
1701042097.440581 480 -1
1701042097.440649 54 1
1701042097.440694 1177 -1
1701042097.440917 54 1
1701042097.440963 479 -1
1701042097.446188 2974 -1
1701042097.446330 54 1
1701042097.446372 4434 -1
1701042097.446414 54 1
1701042097.446588 7354 -1
1701042097.446625 54 1
1701042097.447458 1622 -1
1701042097.447569 54 1
1701042097.450770 7354 -1
1701042097.450857 54 1
1701042097.451228 65 -1
1701042097.495612 1220 -1
1701042097.495612 161 -1
1701042097.495705 54 1
1701042097.500595 437 -1
1701042097.503480 7354 -1
1701042097.503560 54 1
1701042097.503721 1751 -1
1701042097.503876 54 1
1701042097.548059 478 -1
1701042097.548059 1179 -1
1701042097.548150 66 1
1701042097.548307 54 1
1701042097.575326 7354 -1
1701042097.575326 5152 -1
1701042097.575477 54 1
1701042098.577916 54 1
1701042098.607226 78 -1
1701042098.607226 60 -1
1701042098.607331 54 1
1701042099.454178 66 1
1701042099.485184 66 -1
1701042099.485376 54 1
1701042099.486499 934 1
1701042099.517433 60 -1
1701042099.518628 318 -1
1701042099.519276 134 1
1701042099.519576 146 1
1701042099.520241 576 1
1701042099.520335 221 1
1701042099.520398 219 1
1701042099.520489 220 1
1701042099.520584 221 1
1701042099.549662 60 -1
1701042099.550083 60 -1
1701042099.550572 341 -1
1701042099.550572 60 -1
1701042099.550639 60 -1
1701042099.550704 60 -1
1701042099.550868 60 -1
1701042099.550953 60 -1
1701042099.555329 115 -1
1701042099.555329 85 -1
1701042099.555449 54 1
1701042099.556073 85 1
1701042099.579110 1145 -1
1701042099.579110 519 -1
1701042099.579231 54 1
1701042099.581718 2974 -1
1701042099.581805 54 1
1701042099.582000 4434 -1
1701042099.582032 54 1
1701042099.582102 7354 -1
1701042099.582152 54 1
1701042099.587621 2631 -1
1701042099.587621 4434 -1
1701042099.587621 2967 -1
1701042099.587769 54 1
1701042099.588601 60 -1
1701042099.596354 1221 -1
1701042099.596542 54 1
1701042099.596604 156 -1
1701042099.598604 6854 -1
1701042099.598674 54 1
1701042099.670637 1186 -1
1701042099.670637 139 -1
1701042099.670948 54 1
1701042099.682798 7354 -1
1701042099.682798 4125 -1
1701042099.682942 54 1
1701042099.826596 1243 -1
1701042099.827769 102 -1
1701042099.827806 54 1
1701042099.864730 7354 -1
1701042099.864860 54 1
1701042099.865182 1335 -1
1701042099.865222 54 1
1701042101.086482 219 1
1701042101.086606 222 1
1701042101.087702 227 1
1701042101.088350 220 1
1701042101.088464 224 1
1701042101.121530 60 -1
1701042101.143302 1198 -1
1701042101.143302 446 -1
1701042101.143394 54 1
1701042101.147736 7294 -1
1701042101.147849 54 1
1701042101.154041 1172 -1
1701042101.154128 54 1
1701042101.154191 484 -1
1701042101.158018 4434 -1
1701042101.158117 54 1
1701042101.158198 1897 -1
1701042101.158226 54 1
1701042101.213417 1218 -1
1701042101.213417 135 -1
1701042101.213502 54 1
1701042101.218589 450 -1
1701042101.220076 1240 -1
1701042101.220076 262 -1
1701042101.220134 54 1
1701042101.225949 7354 -1
1701042101.226032 54 1
1701042101.226647 5894 -1
1701042101.226712 54 1
1701042101.226916 1514 -1
1701042101.227499 7354 -1
1701042101.227536 54 1
1701042101.228320 4434 -1
1701042101.228352 54 1
1701042101.228552 2974 -1
1701042101.228582 54 1
1701042101.229293 7354 -1
1701042101.229325 54 1
1701042101.230333 1370 -1
1701042101.230333 1504 -1
1701042101.230366 54 1
1701042101.248437 1242 -1
1701042101.248437 267 -1
1701042101.248518 54 1
1701042101.251787 868 -1
1701042101.253053 7354 -1
1701042101.253109 54 1
1701042101.253501 7354 -1
1701042101.253546 54 1
1701042101.254215 530 -1
1701042101.254263 54 1
1701042102.746900 221 1
1701042102.747545 220 1
1701042102.748675 220 1
1701042102.749812 222 1
1701042102.750667 221 1
1701042102.780141 60 -1
1701042102.783959 60 -1
1701042102.806709 1176 -1
1701042102.807122 480 -1
1701042102.807160 54 1
1701042102.807347 1174 -1
1701042102.807347 478 -1
1701042102.807381 54 1
1701042102.811429 7354 -1
1701042102.811518 54 1
1701042102.813108 1514 -1
1701042102.813108 5894 -1
1701042102.813194 54 1
1701042102.813560 3530 -1
1701042102.813560 7354 -1
1701042102.813602 54 1
1701042102.814559 3890 -1
1701042102.814599 54 1
1701042102.899575 1221 -1
1701042102.899575 135 -1
1701042102.899686 54 1
1701042102.904600 7354 -1
1701042102.904681 54 1
1701042102.905042 7354 -1
1701042102.905076 54 1
1701042102.905471 2974 -1
1701042102.905510 54 1
1701042102.905624 4434 -1
1701042102.905649 54 1
1701042102.906196 693 -1
1701042102.906239 54 1
1701042102.913731 1237 -1
1701042102.913731 270 -1
1701042102.913954 54 1
1701042102.918910 7354 -1
1701042102.919019 54 1
1701042102.919289 4434 -1
1701042102.919330 54 1
1701042102.919759 2974 -1
1701042102.919823 54 1
1701042102.920183 6378 -1
1701042102.920231 54 1
1701042103.295728 1221 -1
1701042103.295728 298 -1
1701042103.295843 54 1
1701042103.299771 7354 -1
1701042103.299867 54 1
1701042103.300195 7354 -1
1701042103.300237 54 1
1701042103.301066 4056 -1
1701042103.301097 54 1
1701042104.338410 228 1
1701042104.341020 220 1
1701042104.341632 219 1
1701042104.346926 221 1
1701042104.347375 219 1
1701042104.372455 60 -1
1701042104.390271 60 -1
1701042104.392612 1198 -1
1701042104.392612 444 -1
1701042104.392690 54 1
1701042104.396124 7354 -1
1701042104.396243 54 1
1701042104.396995 7354 -1
1701042104.397048 54 1
1701042104.397320 2510 -1
1701042104.397346 54 1
1701042104.408769 1177 -1
1701042104.408769 479 -1
1701042104.408964 54 1
1701042104.428002 6848 -1
1701042104.428102 54 1
1701042104.432437 1197 -1
1701042104.432437 452 -1
1701042104.432543 54 1
1701042104.446245 7255 -1
1701042104.446327 54 1
1701042104.455053 1221 -1
1701042104.455053 127 -1
1701042104.455162 54 1
1701042104.461441 7354 -1
1701042104.461562 54 1
1701042104.462129 3017 -1
1701042104.462158 54 1
1701042104.759931 1222 -1
1701042104.759931 300 -1
1701042104.760051 54 1
1701042104.762188 89 1
1701042104.765169 7354 -1
1701042104.765285 54 1
1701042104.765385 5059 -1
1701042104.765413 54 1
1701042104.832859 60 -1
1701042108.615124 54 1
1701042108.657565 78 -1
1701042108.657565 60 -1
1701042108.657695 54 1
1701042109.123037 66 1
1701042109.154024 66 -1
1701042109.154185 54 1
1701042109.155164 902 1
1701042109.185868 60 -1
1701042109.186304 318 -1
1701042109.187338 134 1
1701042109.187765 146 1
1701042109.188465 573 1
1701042109.188596 222 1
1701042109.188720 219 1
1701042109.188859 220 1
1701042109.188962 221 1
1701042109.219822 60 -1
1701042109.219822 60 -1
1701042109.219822 60 -1
1701042109.219822 60 -1
1701042109.219822 60 -1
1701042109.219822 60 -1
1701042109.219822 60 -1
1701042109.227742 341 -1
1701042109.236106 115 -1
1701042109.236106 85 -1
1701042109.236187 54 1
1701042109.236494 85 1
1701042109.253378 1176 -1
1701042109.253378 481 -1
1701042109.253466 54 1
1701042109.259351 7354 -1
1701042109.259351 5894 -1
1701042109.259351 1514 -1
1701042109.259521 54 1
1701042109.261139 1962 -1
1701042109.261228 54 1
1701042109.274770 60 -1
1701042109.304402 1176 -1
1701042109.304402 483 -1
1701042109.304402 5940 -1
1701042109.304520 54 1
1701042109.357425 1216 -1
1701042109.357425 305 -1
1701042109.357540 54 1
1701042109.364086 7354 -1
1701042109.364194 54 1
1701042109.365895 3012 -1
1701042109.365957 54 1
1701042109.535495 1245 -1
1701042109.535495 270 -1
1701042109.535589 54 1
1701042109.539564 7354 -1
1701042109.539659 54 1
1701042109.540008 1706 -1
1701042109.540048 54 1
1701042109.632151 1246 -1
1701042109.632151 267 -1
1701042109.632245 54 1
1701042109.646437 7354 -1
1701042109.646528 54 1
1701042109.646749 1317 -1
1701042109.646771 54 1
1701042110.721526 223 1
1701042110.721601 229 1
1701042110.721694 228 1
1701042110.723006 221 1
1701042110.723087 219 1
1701042110.752657 60 -1
1701042110.752657 60 -1
1701042110.752657 60 -1
1701042110.753347 60 -1
1701042110.753392 60 -1
1701042110.927657 1214 -1
1701042110.927657 311 -1
1701042110.927768 54 1
1701042110.936452 7354 -1
1701042110.936561 54 1
1701042110.936751 5985 -1
1701042110.936801 54 1
1701042110.946594 1216 -1
1701042110.946594 313 -1
1701042110.946708 54 1
1701042110.949111 855 -1
1701042110.957154 7354 -1
1701042110.957154 4231 -1
1701042110.957292 54 1
1701042111.048313 1217 -1
1701042111.048313 313 -1
1701042111.048448 54 1
1701042111.094423 1514 -1
1701042111.094423 5894 -1
1701042111.094553 54 1
1701042111.095014 7354 -1
1701042111.095047 54 1
1701042111.095684 3354 -1
1701042111.095718 54 1
1701042111.240179 1219 -1
1701042111.240477 304 -1
1701042111.240503 54 1
1701042111.240674 7354 -1
1701042111.240726 54 1
1701042111.241156 2563 -1
1701042111.241188 54 1
1701042111.307021 1240 -1
1701042111.307021 272 -1
1701042111.307104 54 1
1701042111.313275 4511 -1
1701042111.313395 54 1
1701042112.352251 221 1
1701042112.354355 218 1
1701042112.355623 219 1
1701042112.356447 218 1
1701042112.356697 219 1
1701042112.382774 60 -1
1701042112.386354 60 -1
1701042112.386354 60 -1
1701042112.387649 60 -1
1701042112.387649 60 -1
1701042112.397814 1194 -1
1701042112.397814 449 -1
1701042112.397814 7354 -1
1701042112.398107 54 1
1701042112.398697 1287 -1
1701042112.398736 54 1
1701042112.405473 1173 -1
1701042112.405473 478 -1
1701042112.405473 1195 -1
1701042112.405596 54 1
1701042112.405688 451 -1
1701042112.405704 54 1
1701042112.409449 7354 -1
1701042112.409449 7354 -1
1701042112.409562 54 1
1701042112.410503 7354 -1
1701042112.410554 54 1
1701042112.411577 5256 -1
1701042112.411636 54 1
1701042112.487468 1170 -1
1701042112.487468 490 -1
1701042112.487575 54 1
1701042112.501776 7354 -1
1701042112.502001 54 1
1701042112.502209 2284 -1
1701042112.502229 54 1
1701042112.775039 1242 -1
1701042112.775039 266 -1
1701042112.775166 54 1
1701042112.794317 7354 -1
1701042112.794436 54 1
1701042112.794784 5570 -1
1701042112.794829 54 1
1701042114.558649 221 1
1701042114.559101 221 1
1701042114.559503 219 1
1701042114.560494 219 1
1701042114.560589 220 1
1701042114.591288 60 -1
1701042114.591288 60 -1
1701042114.602560 1173 -1
1701042114.602560 480 -1
1701042114.602560 7354 -1
1701042114.602671 54 1
1701042114.603451 7354 -1
1701042114.603500 54 1
1701042114.606579 89 1
1701042114.611166 5417 -1
1701042114.611272 54 1
1701042114.689778 60 -1
1701042114.729813 1214 -1
1701042114.729813 314 -1
1701042114.730107 54 1
1701042114.737601 4377 -1
1701042114.737702 54 1
1701042114.922582 1221 -1
1701042114.922582 299 -1
1701042114.922670 54 1
1701042114.924660 874 -1
1701042114.972586 7354 -1
1701042114.972704 54 1
1701042114.972813 7354 -1
1701042114.972862 54 1
1701042114.973627 1891 -1
1701042114.973664 54 1
1701042114.982304 325 -1
1701042114.982405 54 1
1701042114.988244 1222 -1
1701042114.988244 302 -1
1701042114.988244 869 -1
1701042114.988244 7354 -1
1701042114.988339 54 1
1701042114.988693 3918 -1
1701042114.988739 54 1
1701042115.047195 1223 -1
1701042115.047195 300 -1
1701042115.047341 54 1
1701042115.158366 7354 -1
1701042115.158515 54 1
1701042115.159029 7354 -1
1701042115.159079 54 1
1701042115.159754 773 -1
1701042115.214165 54 1
1701042116.210696 222 1
1701042116.210922 220 1
1701042116.211233 222 1
1701042116.213192 220 1
1701042116.213265 220 1
1701042116.242264 60 -1
1701042116.244236 60 -1
1701042116.244236 60 -1
1701042116.244303 60 -1
1701042116.244346 60 -1
1701042116.266616 1196 -1
1701042116.266616 450 -1
1701042116.266716 54 1
1701042116.270300 4434 -1
1701042116.270300 2974 -1
1701042116.270414 54 1
1701042116.270680 4048 -1
1701042116.270723 54 1
1701042116.286266 1176 -1
1701042116.286266 480 -1
1701042116.286372 54 1
1701042116.289156 5072 -1
1701042116.289239 54 1
1701042116.368007 1174 -1
1701042116.368007 487 -1
1701042116.368109 54 1
1701042116.384895 1217 -1
1701042116.384895 295 -1
1701042116.384895 7354 -1
1701042116.384895 3238 -1
1701042116.384895 7354 -1
1701042116.384895 1862 -1
1701042116.385311 54 1
1701042116.771395 1219 -1
1701042116.771395 292 -1
1701042116.771395 881 -1
1701042116.771545 54 1
1701042116.823757 7354 -1
1701042116.823876 54 1
1701042116.824200 5515 -1
1701042116.824244 54 1
1701042117.844757 226 1
1701042117.846876 220 1
1701042117.851739 219 1
1701042117.852455 219 1
1701042117.852540 222 1
1701042117.877247 60 -1
1701042117.879108 60 -1
1701042117.883317 60 -1
1701042117.883317 60 -1
1701042117.883317 60 -1
1701042117.927759 1234 -1
1701042117.927759 92 -1
1701042117.927857 54 1
1701042117.932192 1199 -1
1701042117.932192 446 -1
1701042117.932282 54 1
1701042117.932348 7354 -1
1701042117.932403 54 1
1701042117.932856 2661 -1
1701042117.932885 54 1
1701042117.937345 7354 -1
1701042117.937447 54 1
1701042117.937518 2035 -1
1701042117.937540 54 1
1701042117.938319 1175 -1
1701042117.938319 480 -1
1701042117.938364 54 1
1701042117.947567 7354 -1
1701042117.947665 54 1
1701042117.948122 4324 -1
1701042117.948169 54 1
1701042118.003511 1215 -1
1701042118.003621 313 -1
1701042118.003656 54 1
1701042118.004673 7354 -1
1701042118.004736 54 1
1701042118.005325 7354 -1
1701042118.005375 54 1
1701042118.006149 589 -1
1701042118.048554 54 1
1701042118.583188 1241 -1
1701042118.583188 267 -1
1701042118.583310 54 1
1701042118.591842 1514 -1
1701042118.591842 5894 -1
1701042118.592159 54 1
1701042118.592320 2813 -1
1701042118.592345 54 1
1701042118.628329 54 1
1701042118.660882 78 -1
1701042118.660882 60 -1
1701042118.661008 54 1
1701042120.670242 66 1
1701042120.703452 66 -1
1701042120.703617 54 1
1701042120.704672 870 1
1701042120.733805 60 -1
1701042120.734697 318 -1
1701042120.735602 134 1
1701042120.736370 146 1
1701042120.736899 575 1
1701042120.737653 220 1
1701042120.738086 220 1
1701042120.738214 224 1
1701042120.738319 220 1
1701042120.764714 60 -1
1701042120.765538 60 -1
1701042120.766814 60 -1
1701042120.766814 60 -1
1701042120.767135 60 -1
1701042120.767346 60 -1
1701042120.767346 60 -1
1701042120.768234 341 -1
1701042120.776554 115 -1
1701042120.776554 85 -1
1701042120.776659 54 1
1701042120.777108 85 1
1701042120.782579 1205 -1
1701042120.782579 438 -1
1701042120.782579 1176 -1
1701042120.782579 477 -1
1701042120.782694 54 1
1701042120.785402 7354 -1
1701042120.785402 7354 -1
1701042120.785482 54 1
1701042120.785936 1840 -1
1701042120.785962 54 1
1701042120.786311 7354 -1
1701042120.786345 54 1
1701042120.786795 7354 -1
1701042120.786849 54 1
1701042120.787797 101 -1
1701042120.787797 1582 -1
1701042120.787797 6956 -1
1701042120.787876 54 1
1701042120.801347 1175 -1
1701042120.801347 477 -1
1701042120.801438 54 1
1701042120.806118 7354 -1
1701042120.806199 54 1
1701042120.806652 4355 -1
1701042120.806693 54 1
1701042120.808554 60 -1
1701042120.899208 1175 -1
1701042120.899208 477 -1
1701042120.899348 54 1
1701042120.946701 7354 -1
1701042120.946794 54 1
1701042120.947143 7354 -1
1701042120.947176 54 1
1701042120.947856 1891 -1
1701042120.947883 54 1
1701042120.948148 685 -1
1701042120.997422 54 1
1701042124.983217 220 1
1701042124.985247 223 1
1701042124.985350 219 1
1701042124.985439 220 1
1701042124.985533 219 1
1701042125.012640 60 -1
1701042125.015438 60 -1
1701042125.015438 60 -1
1701042125.015438 60 -1
1701042125.015438 60 -1
1701042125.024845 1201 -1
1701042125.024845 444 -1
1701042125.024927 54 1
1701042125.025330 7354 -1
1701042125.025357 54 1
1701042125.025814 7354 -1
1701042125.025860 54 1
1701042125.026474 632 -1
1701042125.034710 1204 -1
1701042125.034710 439 -1
1701042125.034793 54 1
1701042125.034857 7354 -1
1701042125.034896 54 1
1701042125.035330 7354 -1
1701042125.035384 54 1
1701042125.036122 1199 -1
1701042125.036148 54 1
1701042125.041392 1210 -1
1701042125.041392 437 -1
1701042125.041392 1174 -1
1701042125.041494 54 1
1701042125.041569 480 -1
1701042125.041569 2974 -1
1701042125.041604 54 1
1701042125.041726 4434 -1
1701042125.041786 54 1
1701042125.042328 243 -1
1701042125.042349 54 1
1701042125.049209 7354 -1
1701042125.049302 54 1
1701042125.049501 7354 -1
1701042125.049530 54 1
1701042125.050223 1891 -1
1701042125.050260 54 1
1701042125.050378 2297 -1
1701042125.050403 54 1
1701042125.067877 1208 -1
1701042125.067877 440 -1
1701042125.067877 7354 -1
1701042125.067877 4434 -1
1701042125.067877 1514 -1
1701042125.067877 1514 -1
1701042125.068028 54 1
1701042125.068390 755 -1
1701042125.122354 54 1
1701042126.629098 219 1
1701042126.629282 219 1
1701042126.629925 219 1
1701042126.630026 220 1
1701042126.631311 221 1
1701042126.658453 60 -1
1701042126.658453 60 -1
1701042126.662975 60 -1
1701042126.662975 60 -1
1701042126.662975 60 -1
1701042126.677906 1198 -1
1701042126.677906 445 -1
1701042126.677906 1204 -1
1701042126.677906 442 -1
1701042126.677906 7354 -1
1701042126.678402 54 1
1701042126.679569 2685 -1
1701042126.679569 7354 -1
1701042126.679569 2569 -1
1701042126.679569 1594 -1
1701042126.679670 54 1
1701042126.680326 89 1
1701042126.682493 7354 -1
1701042126.682493 1797 -1
1701042126.682584 54 1
1701042126.730925 1174 -1
1701042126.730925 480 -1
1701042126.731138 54 1
1701042126.731620 1206 -1
1701042126.731620 439 -1
1701042126.731658 54 1
1701042126.739068 7354 -1
1701042126.739173 54 1
1701042126.739611 3744 -1
1701042126.739652 54 1
1701042126.763419 7354 -1
1701042126.763419 2869 -1
1701042126.763530 54 1
1701042128.285213 229 1
1701042128.285344 221 1
1701042128.285630 221 1
1701042128.285736 221 1
1701042128.285894 219 1
1701042128.317561 60 -1
1701042128.337750 1171 -1
1701042128.337750 485 -1
1701042128.337848 54 1
1701042128.338340 7354 -1
1701042128.338376 54 1
1701042128.338830 1305 -1
1701042128.338857 54 1
1701042128.386471 1203 -1
1701042128.386471 443 -1
1701042128.386471 1178 -1
1701042128.386471 477 -1
1701042128.386471 1514 -1
1701042128.386471 5894 -1
1701042128.386471 4460 -1
1701042128.386471 7354 -1
1701042128.386471 7354 -1
1701042128.386471 3794 -1
1701042128.386471 1200 -1
1701042128.386471 443 -1
1701042128.386772 54 1
1701042128.388218 7354 -1
1701042128.388279 54 1
1701042128.388537 768 -1
1701042128.388558 54 1
1701042128.475541 1196 -1
1701042128.475541 448 -1
1701042128.475541 7354 -1
1701042128.475705 54 1
1701042128.475781 1013 -1
1701042128.475831 54 1
1701042128.639508 54 1
1701042128.670798 78 -1
1701042128.670798 60 -1
1701042128.670895 54 1
1701042130.489494 66 1
1701042130.523803 66 -1
1701042130.524102 54 1
1701042130.524861 934 1
1701042130.553878 60 -1
1701042130.555300 318 -1
1701042130.564944 134 1
1701042130.565516 146 1
1701042130.566132 575 1
1701042130.566257 220 1
1701042130.566370 223 1
1701042130.566487 222 1
1701042130.566600 222 1
1701042130.598898 60 -1
1701042130.599083 60 -1
1701042130.599083 60 -1
1701042130.599083 60 -1
1701042130.599083 60 -1
1701042130.599083 60 -1
1701042130.599083 60 -1
1701042130.603236 341 -1
1701042130.605889 115 -1
1701042130.605889 85 -1
1701042130.605960 54 1
1701042130.606936 85 1
1701042130.618221 1175 -1
1701042130.618221 474 -1
1701042130.618357 54 1
1701042130.621207 2974 -1
1701042130.621289 54 1
1701042130.621362 4434 -1
1701042130.621422 54 1
1701042130.621656 4893 -1
1701042130.621700 54 1
1701042130.622242 1598 -1
1701042130.622282 54 1
1701042130.627804 6374 -1
1701042130.627913 54 1
1701042130.629094 1208 -1
1701042130.629094 434 -1
1701042130.629094 7354 -1
1701042130.629171 54 1
1701042130.629813 4163 -1
1701042130.629863 54 1
1701042130.634927 1228 -1
1701042130.634927 410 -1
1701042130.634927 1174 -1
1701042130.635234 54 1
1701042130.635301 479 -1
1701042130.635321 54 1
1701042130.640360 7354 -1
1701042130.640479 54 1
1701042130.640795 1971 -1
1701042130.640856 54 1
1701042130.644872 7354 -1
1701042130.644961 54 1
1701042130.645252 6014 -1
1701042130.645299 54 1
1701042132.189653 223 1
1701042132.191039 219 1
1701042132.193326 221 1
1701042132.193863 220 1
1701042132.199989 223 1
1701042132.223742 60 -1
1701042132.223742 60 -1
1701042132.223742 60 -1
1701042132.223742 60 -1
1701042132.229363 60 -1
1701042132.241202 1174 -1
1701042132.241202 477 -1
1701042132.241296 54 1
1701042132.245365 7354 -1
1701042132.245444 54 1
1701042132.245823 2480 -1
1701042132.245866 54 1
1701042132.246107 1604 -1
1701042132.246131 54 1
1701042132.250845 1227 -1
1701042132.250845 409 -1
1701042132.250845 7354 -1
1701042132.250949 54 1
1701042132.251695 5894 -1
1701042132.251729 54 1
1701042132.252031 1514 -1
1701042132.252461 873 -1
1701042132.252491 54 1
1701042132.255636 1175 -1
1701042132.255791 483 -1
1701042132.255791 6656 -1
1701042132.255846 54 1
1701042132.268328 6467 -1
1701042132.268433 54 1
1701042132.272829 1230 -1
1701042132.272829 406 -1
1701042132.272829 4434 -1
1701042132.272829 2372 -1
1701042132.272974 54 1
1701042133.905330 229 1
1701042133.931066 220 1
1701042133.931192 219 1
1701042133.931286 219 1
1701042133.931489 219 1
1701042133.940869 1207 -1
1701042133.940869 440 -1
1701042133.940869 7354 -1
1701042133.941227 54 1
1701042133.941510 5256 -1
1701042133.941562 54 1
1701042133.967353 60 -1
1701042134.021216 1172 -1
1701042134.021216 481 -1
1701042134.021216 5695 -1
1701042134.021216 1176 -1
1701042134.021216 479 -1
1701042134.021216 7354 -1
1701042134.021216 3079 -1
1701042134.021383 54 1
1701042134.035415 1208 -1
1701042134.038219 441 -1
1701042134.038289 54 1
1701042134.040238 7002 -1
1701042134.040326 54 1
1701042134.096400 1231 -1
1701042134.096400 411 -1
1701042134.096400 4434 -1
1701042134.096400 618 -1
1701042134.096541 54 1
1701042136.057268 219 1
1701042136.059846 220 1
1701042136.060713 219 1
1701042136.064636 222 1
1701042136.064757 219 1
1701042136.092874 60 -1
1701042136.096636 60 -1
1701042136.107060 1172 -1
1701042136.107060 481 -1
1701042136.107060 5894 -1
1701042136.107060 1514 -1
1701042136.107060 625 -1
1701042136.107199 54 1
1701042136.107311 1179 -1
1701042136.107311 477 -1
1701042136.107340 54 1
1701042136.108370 4434 -1
1701042136.108412 54 1
1701042136.108591 2974 -1
1701042136.108622 54 1
1701042136.108830 7354 -1
1701042136.108874 54 1
1701042136.109583 455 -1
1701042136.110195 1175 -1
1701042136.110195 482 -1
1701042136.110228 54 1
1701042136.119336 7354 -1
1701042136.119336 1295 -1
1701042136.119440 54 1
1701042136.129562 1142 -1
1701042136.129562 523 -1
1701042136.129570 89 1
1701042136.129622 54 1
1701042136.164014 4434 -1
1701042136.164014 2974 -1
1701042136.164014 7354 -1
1701042136.164014 7354 -1
1701042136.164387 54 1
1701042136.172158 2804 -1
1701042136.172255 54 1
1701042136.263542 1208 -1
1701042136.263542 438 -1
1701042136.263646 54 1
1701042136.300564 7354 -1
1701042136.300564 2730 -1
1701042136.300684 54 1
1701042138.650539 54 1
1701042138.702617 78 -1
1701042138.702617 60 -1
1701042138.702725 54 1
