1701043645.353450 66 1
1701043645.359782 66 -1
1701043645.359871 54 1
1701043645.381980 599 1
1701043645.395289 60 -1
1701043645.397194 66 1
1701043645.408436 66 -1
1701043645.408436 2974 -1
1701043645.408436 957 -1
1701043645.408603 54 1
1701043645.408663 54 1
1701043645.410165 663 1
1701043645.419070 60 -1
1701043645.427505 2974 -1
1701043645.427597 54 1
1701043645.427681 957 -1
1701043645.447525 134 1
1701043645.448010 134 1
1701043645.448913 60 -1
1701043645.449033 60 -1
1701043645.449033 341 -1
1701043645.449033 341 -1
1701043645.449107 54 1
1701043645.449198 341 -1
1701043645.449249 341 -1
1701043645.449284 54 1
1701043645.453921 54 1
1701043645.455747 93 -1
1701043645.455792 54 1
1701043645.455839 78 -1
1701043645.456004 60 -1
1701043645.472061 146 1
1701043645.473159 574 1
1701043645.473299 219 1
1701043645.476887 60 -1
1701043645.476887 60 -1
1701043645.476887 60 -1
1701043645.481161 115 -1
1701043645.481161 85 -1
1701043645.481498 54 1
1701043645.490623 85 1
1701043645.503194 1173 -1
1701043645.503194 478 -1
1701043645.503194 1514 -1
1701043645.503194 4434 -1
1701043645.503194 1514 -1
1701043645.503194 2974 -1
1701043645.503194 1243 -1
1701043645.503194 1193 -1
1701043645.503194 448 -1
1701043645.503194 5894 -1
1701043645.503194 5590 -1
1701043645.503859 54 1
1701043645.506282 60 -1
1701043645.628894 219 1
1701043645.630385 60 -1
1701043645.632524 1062 -1
1701043645.632524 5894 -1
1701043645.632592 54 1
1701043645.636714 4626 -1
1701043645.637101 54 1
1701043645.648620 220 1
1701043645.648708 219 1
1701043645.648792 219 1
1701043645.648892 220 1
1701043645.648984 227 1
1701043645.649064 226 1
1701043645.649156 220 1
1701043645.649256 219 1
1701043645.649393 225 1
1701043645.649501 221 1
1701043645.649591 219 1
1701043645.649686 219 1
1701043645.649792 220 1
1701043645.669888 60 -1
1701043645.669888 60 -1
1701043645.669888 60 -1
1701043645.669888 1044 -1
1701043645.669888 5894 -1
1701043645.669888 1514 -1
1701043645.669888 4434 -1
1701043645.669888 5894 -1
1701043645.669888 1563 -1
1701043645.669888 1593 -1
1701043645.669888 5894 -1
1701043645.669888 5894 -1
1701043645.670616 54 1
1701043645.674654 5894 -1
1701043645.674654 5894 -1
1701043645.674654 1514 -1
1701043645.674654 4008 -1
1701043645.674654 1177 -1
1701043645.674654 1597 -1
1701043645.674654 5894 -1
1701043645.674654 2974 -1
1701043645.675083 54 1
1701043645.685943 2974 -1
1701043645.685943 5894 -1
1701043645.685943 5894 -1
1701043645.685943 5894 -1
1701043645.685943 5894 -1
1701043645.685943 4434 -1
1701043645.685943 4434 -1
1701043645.685943 7354 -1
1701043645.685943 1514 -1
1701043645.685943 1514 -1
1701043645.685943 2974 -1
1701043645.685943 4434 -1
1701043645.685943 7354 -1
1701043645.685943 1514 -1
1701043645.685943 7354 -1
1701043645.685943 1514 -1
1701043645.685943 7354 -1
1701043645.686883 54 1
1701043645.687153 1514 -1
1701043645.687222 54 1
1701043645.688747 54 1
1701043645.691815 7354 -1
1701043645.691815 1514 -1
1701043645.691815 5894 -1
1701043645.691815 2974 -1
1701043645.691815 7354 -1
1701043645.691815 1514 -1
1701043645.692137 54 1
1701043645.692910 7354 -1
1701043645.692944 54 1
1701043645.693613 4434 -1
1701043645.693663 54 1
1701043645.694736 7354 -1
1701043645.694887 54 1
1701043645.700722 7354 -1
1701043645.700722 2974 -1
1701043645.700722 4434 -1
1701043645.700722 7354 -1
1701043645.700722 1775 -1
1701043645.701072 54 1
1701043645.701243 54 1
1701043646.201948 211 1
1701043646.224682 1245 -1
1701043646.224682 512 -1
1701043646.224796 54 1
1701043646.226709 6629 -1
1701043646.226762 54 1
1701043653.071426 54 1
1701043653.078952 78 -1
1701043653.078952 60 -1
1701043653.078989 54 1
1701043654.826701 66 1
1701043654.827872 66 -1
1701043654.827997 54 1
1701043654.829144 870 1
1701043654.830226 60 -1
1701043654.831007 318 -1
1701043654.831741 134 1
1701043654.832035 146 1
1701043654.832531 575 1
1701043654.832598 224 1
1701043654.832624 60 -1
1701043654.832660 223 1
1701043654.832742 221 1
1701043654.832970 60 -1
1701043654.833611 60 -1
1701043654.833681 60 -1
1701043654.833681 60 -1
1701043654.833681 60 -1
1701043654.834605 341 -1
1701043654.838167 115 -1
1701043654.838167 85 -1
1701043654.838238 54 1
1701043654.838533 85 1
1701043654.839772 60 -1
1701043654.843032 1174 -1
1701043654.843032 478 -1
1701043654.843139 54 1
1701043654.843903 1173 -1
1701043654.843903 482 -1
1701043654.843903 1173 -1
1701043654.843903 478 -1
1701043654.843945 54 1
1701043654.844041 7354 -1
1701043654.844097 54 1
1701043654.844555 7354 -1
1701043654.844594 54 1
1701043654.847701 1860 -1
1701043654.847701 1125 -1
1701043654.847701 7354 -1
1701043654.847701 7354 -1
1701043654.847701 1860 -1
1701043654.847701 85 -1
1701043654.847701 5524 -1
1701043654.847701 11734 -1
1701043654.847934 54 1
1701043654.849894 3442 -1
1701043654.849960 54 1
1701043654.861435 1192 -1
1701043654.861435 449 -1
1701043654.861435 2974 -1
1701043654.861435 7354 -1
1701043654.861560 54 1
1701043654.861724 4670 -1
1701043654.861782 54 1
1701043658.632841 234 1
1701043658.634067 60 -1
1701043658.637346 222 1
1701043658.637435 221 1
1701043658.637477 219 1
1701043658.637542 219 1
1701043658.638818 60 -1
1701043658.638818 60 -1
1701043658.638818 60 -1
1701043658.638818 60 -1
1701043658.642370 1175 -1
1701043658.642370 479 -1
1701043658.642479 54 1
1701043658.642652 7354 -1
1701043658.642709 54 1
1701043658.642911 7354 -1
1701043658.642975 54 1
1701043658.643600 1860 -1
1701043658.643640 54 1
1701043658.643727 6802 -1
1701043658.643777 54 1
1701043658.645198 1173 -1
1701043658.645198 481 -1
1701043658.645236 54 1
1701043658.645713 6758 -1
1701043658.645762 54 1
1701043658.646692 1190 -1
1701043658.646692 453 -1
1701043658.646752 54 1
1701043658.646800 1174 -1
1701043658.646800 479 -1
1701043658.646835 54 1
1701043658.648390 7354 -1
1701043658.648436 54 1
1701043658.649121 7354 -1
1701043658.649185 54 1
1701043658.649522 1860 -1
1701043658.649564 54 1
1701043658.649649 85 -1
1701043658.649649 1385 -1
1701043658.649675 54 1
1701043658.649714 7354 -1
1701043658.649764 54 1
1701043658.650318 1984 -1
1701043658.650344 54 1
1701043658.653621 1173 -1
1701043658.653621 479 -1
1701043658.653715 54 1
1701043658.654712 7354 -1
1701043658.654779 54 1
1701043658.655241 7354 -1
1701043658.655310 54 1
1701043658.655391 1860 -1
1701043658.655418 54 1
1701043658.655712 85 -1
1701043658.655712 7668 -1
1701043658.655760 54 1
1701043660.773644 221 1
1701043660.776031 219 1
1701043660.776123 221 1
1701043660.776202 220 1
1701043660.776290 219 1
1701043660.779717 60 -1
1701043660.806191 1175 -1
1701043660.806191 481 -1
1701043660.806191 1173 -1
1701043660.806191 478 -1
1701043660.806301 54 1
1701043660.808619 7354 -1
1701043660.808684 54 1
1701043660.808828 89 1
1701043660.809034 7354 -1
1701043660.809095 54 1
1701043660.809640 1860 -1
1701043660.809688 54 1
1701043660.809801 85 -1
1701043660.809830 54 1
1701043660.809870 7354 -1
1701043660.809904 54 1
1701043660.810533 3696 -1
1701043660.810574 54 1
1701043660.810775 5894 -1
1701043660.810821 54 1
1701043660.811190 6647 -1
1701043660.811224 54 1
1701043660.812642 1180 -1
1701043660.812642 475 -1
1701043660.812683 54 1
1701043660.817046 7354 -1
1701043660.817139 54 1
1701043660.817538 7354 -1
1701043660.817587 54 1
1701043660.818090 1860 -1
1701043660.818109 54 1
1701043660.818220 4462 -1
1701043660.818238 54 1
1701043660.824786 1175 -1
1701043660.824786 478 -1
1701043660.824870 54 1
1701043660.825955 4434 -1
1701043660.825998 54 1
1701043660.826197 7354 -1
1701043660.826247 54 1
1701043660.826954 4780 -1
1701043660.826982 54 1
1701043660.827302 85 -1
1701043660.827302 7354 -1
1701043660.827358 54 1
1701043660.827800 1936 -1
1701043660.827838 54 1
1701043660.830412 1180 -1
1701043660.830412 475 -1
1701043660.830584 54 1
1701043660.841863 5894 -1
1701043660.841960 54 1
1701043660.842224 4434 -1
1701043660.842272 54 1
1701043660.842572 1514 -1
1701043660.842658 4780 -1
1701043660.842700 54 1
1701043660.843027 85 -1
1701043660.843053 54 1
1701043660.843095 7354 -1
1701043660.843136 54 1
1701043660.843628 7354 -1
1701043660.843678 54 1
1701043660.844225 1261 -1
1701043660.896290 54 1
1701043662.359813 222 1
1701043662.364047 221 1
1701043662.364164 222 1
1701043662.364342 221 1
1701043662.365273 220 1
1701043662.368092 60 -1
1701043662.372608 1041 -1
1701043662.372608 2974 -1
1701043662.372732 54 1
1701043662.386121 7354 -1
1701043662.386121 6240 -1
1701043662.386121 85 -1
1701043662.386121 5311 -1
1701043662.386121 1173 -1
1701043662.386121 483 -1
1701043662.386121 1073 -1
1701043662.386121 2974 -1
1701043662.386121 4434 -1
1701043662.386121 7354 -1
1701043662.386121 1860 -1
1701043662.386121 2974 -1
1701043662.386121 2974 -1
1701043662.386121 3166 -1
1701043662.386121 1199 -1
1701043662.386121 444 -1
1701043662.386121 7354 -1
1701043662.386121 7354 -1
1701043662.386121 1860 -1
1701043662.386121 4434 -1
1701043662.386121 2656 -1
1701043662.386121 1173 -1
1701043662.386121 480 -1
1701043662.386121 2974 -1
1701043662.386121 7354 -1
1701043662.386121 4291 -1
1701043662.386856 54 1
1701043662.387971 54 1
1701043663.093559 54 1
1701043663.097594 78 -1
1701043663.097681 54 1
1701043663.097782 60 -1
1701043663.950559 66 1
1701043663.951653 66 -1
1701043663.951724 54 1
1701043663.952690 870 1
1701043663.954131 60 -1
1701043663.954781 318 -1
1701043663.955702 134 1
1701043663.956149 146 1
1701043663.956741 60 -1
1701043663.956857 576 1
1701043663.956960 221 1
1701043663.957040 227 1
1701043663.957115 221 1
1701043663.957190 219 1
1701043663.957561 60 -1
1701043663.978340 60 -1
1701043663.978340 60 -1
1701043663.978340 60 -1
1701043663.978340 60 -1
1701043663.978340 60 -1
1701043663.978340 341 -1
1701043663.978340 115 -1
1701043663.978340 85 -1
1701043663.978340 1044 -1
1701043663.978340 1514 -1
1701043663.978340 7354 -1
1701043663.978340 3954 -1
1701043663.978340 1163 -1
1701043663.978340 494 -1
1701043663.978340 1174 -1
1701043663.978340 1173 -1
1701043663.978340 484 -1
1701043663.978340 6741 -1
1701043663.978340 480 -1
1701043663.978340 1514 -1
1701043663.978340 4343 -1
1701043663.978340 5631 -1
1701043663.978340 1171 -1
1701043663.978340 482 -1
1701043663.978593 54 1
1701043663.981578 4434 -1
1701043663.981644 54 1
1701043663.981756 7354 -1
1701043663.981796 54 1
1701043663.982076 3122 -1
1701043663.982104 54 1
1701043663.990325 85 1
1701043663.992046 60 -1
1701043666.053199 220 1
1701043666.054194 60 -1
1701043666.059013 231 1
1701043666.059748 221 1
1701043666.059990 60 -1
1701043666.060130 222 1
1701043666.060245 227 1
1701043666.060987 60 -1
1701043666.061035 60 -1
1701043666.061143 60 -1
1701043666.063069 1193 -1
1701043666.063069 450 -1
1701043666.063149 54 1
1701043666.066463 7354 -1
1701043666.066574 54 1
1701043666.068536 1818 -1
1701043666.068601 54 1
1701043666.069912 1174 -1
1701043666.069912 479 -1
1701043666.069980 54 1
1701043666.071643 7354 -1
1701043666.071643 6838 -1
1701043666.071750 54 1
1701043666.080118 1192 -1
1701043666.080118 450 -1
1701043666.080220 54 1
1701043666.082991 1144 -1
1701043666.082991 7354 -1
1701043666.082991 799 -1
1701043666.083099 54 1
1701043666.086441 7332 -1
1701043666.086530 54 1
1701043666.094455 1197 -1
1701043666.094455 448 -1
1701043666.094455 1514 -1
1701043666.094455 4662 -1
1701043666.094566 54 1
1701043667.630669 224 1
1701043667.631063 224 1
1701043667.631623 60 -1
1701043667.631950 60 -1
1701043667.632687 220 1
1701043667.633696 60 -1
1701043667.633943 219 1
1701043667.634893 60 -1
1701043667.637373 220 1
1701043667.638693 60 -1
1701043667.644126 1175 -1
1701043667.644126 478 -1
1701043667.644228 54 1
1701043667.646009 7354 -1
1701043667.646072 54 1
1701043667.646579 7354 -1
1701043667.646644 54 1
1701043667.647676 1860 -1
1701043667.647676 85 -1
1701043667.647676 7354 -1
1701043667.647733 54 1
1701043667.647915 1153 -1
1701043667.647915 1599 -1
1701043667.647946 54 1
1701043667.648040 2586 -1
1701043667.648064 54 1
1701043667.648280 10058 -1
1701043667.648316 54 1
1701043667.649237 4434 -1
1701043667.649256 54 1
1701043667.649561 7354 -1
1701043667.649584 54 1
1701043667.650066 4780 -1
1701043667.650096 54 1
1701043667.650512 85 -1
1701043667.650625 7354 -1
1701043667.650664 54 1
1701043667.651173 608 -1
1701043667.651173 7354 -1
1701043667.651221 54 1
1701043667.651856 2974 -1
1701043667.651913 54 1
1701043667.652098 5163 -1
1701043667.652131 54 1
1701043667.653574 1171 -1
1701043667.653574 478 -1
1701043667.653574 7354 -1
1701043667.653574 6304 -1
1701043667.653636 54 1
1701043669.224462 222 1
1701043669.225896 220 1
1701043669.227968 221 1
1701043669.230743 219 1
1701043669.231452 60 -1
1701043669.231822 221 1
1701043669.239172 60 -1
1701043669.240901 1201 -1
1701043669.240901 443 -1
1701043669.240981 54 1
1701043669.242886 89 1
1701043669.244049 1201 -1
1701043669.244049 442 -1
1701043669.244049 10121 -1
1701043669.244159 54 1
1701043669.244326 1046 -1
1701043669.244326 7354 -1
1701043669.244368 54 1
1701043669.244831 2974 -1
1701043669.244861 54 1
1701043669.245069 5810 -1
1701043669.245101 54 1
1701043669.249108 4434 -1
1701043669.249196 54 1
1701043669.249263 5386 -1
1701043669.249310 54 1
1701043669.249650 1065 -1
1701043669.249737 7354 -1
1701043669.249767 54 1
1701043669.250463 7354 -1
1701043669.250612 54 1
1701043669.250952 734 -1
1701043669.250994 54 1
1701043669.257219 1178 -1
1701043669.257219 474 -1
1701043669.257305 54 1
1701043669.260210 7354 -1
1701043669.260320 54 1
1701043669.262179 2723 -1
1701043669.262269 54 1
1701043673.111747 54 1
1701043673.113197 78 -1
1701043673.113197 60 -1
1701043673.113232 54 1
1701043673.451060 66 1
1701043673.452077 66 -1
1701043673.452206 54 1
1701043673.452861 870 1
1701043673.454104 60 -1
1701043673.455353 318 -1
1701043673.456333 134 1
1701043673.456706 146 1
1701043673.457297 579 1
1701043673.457412 219 1
1701043673.457522 221 1
1701043673.457606 219 1
1701043673.457728 220 1
1701043673.457965 60 -1
1701043673.457965 60 -1
1701043673.457965 341 -1
1701043673.458685 60 -1
1701043673.458685 115 -1
1701043673.458685 85 -1
1701043673.458685 60 -1
1701043673.458685 60 -1
1701043673.458685 60 -1
1701043673.458759 54 1
1701043673.459002 85 1
1701043673.467562 60 -1
1701043673.467562 1067 -1
1701043673.467562 7354 -1
1701043673.467562 2921 -1
1701043673.467562 1172 -1
1701043673.467562 478 -1
1701043673.467723 54 1
1701043673.471714 7354 -1
1701043673.471714 6683 -1
1701043673.471714 1078 -1
1701043673.471714 12322 -1
1701043673.471714 1199 -1
1701043673.471714 447 -1
1701043673.471714 1173 -1
1701043673.471714 483 -1
1701043673.471924 54 1
1701043673.472426 4434 -1
1701043673.472664 54 1
1701043673.475795 7354 -1
1701043673.475795 6855 -1
1701043673.475896 54 1
1701043675.044151 226 1
1701043675.045226 60 -1
1701043675.046039 219 1
1701043675.047100 60 -1
1701043675.047393 219 1
1701043675.047850 219 1
1701043675.048956 60 -1
1701043675.048956 60 -1
1701043675.051591 223 1
1701043675.052919 60 -1
1701043675.068859 1049 -1
1701043675.068859 7354 -1
1701043675.069007 54 1
1701043675.069078 7556 -1
1701043675.069129 54 1
1701043675.083528 1175 -1
1701043675.083528 479 -1
1701043675.083528 1198 -1
1701043675.083528 449 -1
1701043675.083528 7106 -1
1701043675.083528 1208 -1
1701043675.083528 5894 -1
1701043675.083528 3051 -1
1701043675.083528 435 -1
1701043675.083528 1208 -1
1701043675.083528 441 -1
1701043675.083681 54 1
1701043675.083815 7354 -1
1701043675.083871 54 1
1701043675.084129 5296 -1
1701043675.084167 54 1
1701043675.084708 6563 -1
1701043675.084753 54 1
1701043676.694986 219 1
1701043676.695157 219 1
1701043676.695259 228 1
1701043676.696562 226 1
1701043676.696783 219 1
1701043676.697899 60 -1
1701043676.706306 1211 -1
1701043676.706306 436 -1
1701043676.706306 1195 -1
1701043676.706306 11643 -1
1701043676.706306 447 -1
1701043676.706306 7354 -1
1701043676.706697 54 1
1701043676.708038 7354 -1
1701043676.708038 1860 -1
1701043676.708038 85 -1
1701043676.708038 4144 -1
1701043676.708038 1198 -1
1701043676.708038 444 -1
1701043676.708115 54 1
1701043676.708683 1177 -1
1701043676.708750 478 -1
1701043676.708750 7354 -1
1701043676.708801 54 1
1701043676.709119 9160 -1
1701043676.709188 54 1
1701043676.709999 2461 -1
1701043676.710080 54 1
1701043676.710150 7354 -1
1701043676.710233 54 1
1701043676.710727 4835 -1
1701043676.710771 54 1
1701043676.728990 1177 -1
1701043676.728990 475 -1
1701043676.729116 54 1
1701043676.731236 7354 -1
1701043676.731354 54 1
1701043676.731637 2985 -1
1701043676.731692 54 1
1701043678.274445 221 1
1701043678.274980 222 1
1701043678.275449 222 1
1701043678.277224 60 -1
1701043678.291274 219 1
1701043678.291384 227 1
1701043678.295710 1173 -1
1701043678.295710 482 -1
1701043678.295710 4434 -1
1701043678.295710 2260 -1
1701043678.295710 1174 -1
1701043678.295710 484 -1
1701043678.295710 5540 -1
1701043678.295710 1209 -1
1701043678.295710 439 -1
1701043678.295710 1005 -1
1701043678.295710 60 -1
1701043678.295943 54 1
1701043678.301318 1043 -1
1701043678.301318 9708 -1
1701043678.301318 1208 -1
1701043678.301318 436 -1
1701043678.301318 7354 -1
1701043678.301318 3774 -1
1701043678.301515 54 1
1701043680.541191 229 1
1701043680.546229 218 1
1701043680.546329 222 1
1701043680.546777 220 1
1701043680.546865 221 1
1701043680.549224 60 -1
1701043680.569507 1045 -1
1701043680.569507 14654 -1
1701043680.569507 1860 -1
1701043680.569507 13760 -1
1701043680.569772 54 1
1701043680.570991 1580 -1
1701043680.571039 54 1
1701043680.573784 89 1
1701043680.576363 1171 -1
1701043680.576363 486 -1
1701043680.576363 7354 -1
1701043680.576363 7354 -1
1701043680.576497 54 1
1701043680.577925 1229 -1
1701043680.577925 1177 -1
1701043680.577925 477 -1
1701043680.577925 1228 -1
1701043680.577925 412 -1
1701043680.578001 54 1
1701043680.603382 7354 -1
1701043680.603382 1557 -1
1701043680.603382 4434 -1
1701043680.603382 7354 -1
1701043680.603382 2427 -1
1701043680.603382 4434 -1
1701043680.603382 6713 -1
1701043680.603622 54 1
1701043680.607834 873 -1
1701043680.607890 66 1
1701043682.192814 219 1
1701043682.193879 223 1
1701043682.194494 220 1
1701043682.195824 60 -1
1701043682.198166 221 1
1701043682.198611 222 1
1701043682.205582 60 -1
1701043682.208978 1200 -1
1701043682.208978 443 -1
1701043682.208978 1068 -1
1701043682.208978 13771 -1
1701043682.209134 54 1
1701043682.209396 2974 -1
1701043682.209423 54 1
1701043682.209460 7354 -1
1701043682.209504 54 1
1701043682.210296 4754 -1
1701043682.210330 54 1
1701043682.216180 1205 -1
1701043682.216180 441 -1
1701043682.216180 1173 -1
1701043682.216180 477 -1
1701043682.216288 54 1
1701043682.221149 2974 -1
1701043682.221149 1514 -1
1701043682.221149 7354 -1
1701043682.221149 3834 -1
1701043682.221319 54 1
1701043682.221760 1173 -1
1701043682.221760 476 -1
1701043682.221760 7354 -1
1701043682.221848 54 1
1701043682.224017 3403 -1
1701043682.224083 54 1
1701043682.226974 5894 -1
1701043682.227054 54 1
1701043682.227370 4924 -1
1701043682.227409 54 1
1701043683.122046 54 1
1701043683.124734 78 -1
1701043683.124734 60 -1
1701043683.124793 54 1
1701043683.852251 66 1
1701043683.863658 66 -1
1701043683.863859 54 1
1701043683.865119 870 1
1701043683.866329 60 -1
1701043683.867048 318 -1
1701043683.867819 134 1
1701043683.868282 146 1
1701043683.868793 60 -1
1701043683.869219 60 -1
1701043683.869762 574 1
1701043683.869927 220 1
1701043683.870034 221 1
1701043683.870124 222 1
1701043683.870231 220 1
1701043683.871460 341 -1
1701043683.871460 115 -1
1701043683.871460 85 -1
1701043683.871460 60 -1
1701043683.871460 60 -1
1701043683.871460 60 -1
1701043683.871460 60 -1
1701043683.871460 60 -1
1701043683.871591 54 1
1701043683.884669 85 1
1701043683.887995 1066 -1
1701043683.887995 16114 -1
1701043683.887995 804 -1
1701043683.887995 1172 -1
1701043683.887995 479 -1
1701043683.887995 5894 -1
1701043683.887995 5864 -1
1701043683.887995 1231 -1
1701043683.887995 403 -1
1701043683.887995 5894 -1
1701043683.887995 1514 -1
1701043683.887995 2607 -1
1701043683.887995 448 -1
1701043683.887995 1196 -1
1701043683.887995 4434 -1
1701043683.887995 5120 -1
1701043683.888422 66 1
1701043683.888524 54 1
1701043683.888586 54 1
1701043683.905203 1199 -1
1701043683.905203 441 -1
1701043683.905330 54 1
1701043683.905437 1514 -1
1701043683.905437 2974 -1
1701043683.905481 54 1
1701043683.905539 7354 -1
1701043683.905586 54 1
1701043683.906114 1282 -1
1701043683.906148 54 1
1701043689.051207 221 1
1701043689.051943 223 1
1701043689.052528 60 -1
1701043689.053140 220 1
1701043689.055059 60 -1
1701043689.056870 60 -1
1701043689.059544 219 1
1701043689.060713 218 1
1701043689.065308 60 -1
1701043689.065308 60 -1
1701043689.071619 1042 -1
1701043689.071837 4434 -1
1701043689.071888 54 1
1701043689.071963 7354 -1
1701043689.072007 54 1
1701043689.074611 4434 -1
1701043689.074611 1737 -1
1701043689.074700 54 1
1701043689.075827 89 1
1701043689.078116 1046 -1
1701043689.078116 13194 -1
1701043689.078240 54 1
1701043689.080920 154 -1
1701043689.086473 1176 -1
1701043689.086473 477 -1
1701043689.086473 1177 -1
1701043689.086473 477 -1
1701043689.086473 1175 -1
1701043689.086473 475 -1
1701043689.086473 7354 -1
1701043689.086473 4434 -1
1701043689.086473 3506 -1
1701043689.086473 7354 -1
1701043689.086473 4506 -1
1701043689.086711 54 1
1701043689.090478 1514 -1
1701043689.090478 2974 -1
1701043689.090478 7354 -1
1701043689.090478 4434 -1
1701043689.090478 2199 -1
1701043689.090608 54 1
1701043690.702293 223 1
1701043690.711803 222 1
1701043690.711977 220 1
1701043690.712081 219 1
1701043690.712212 222 1
1701043690.713317 60 -1
1701043690.729751 1234 -1
1701043690.729751 401 -1
1701043690.729751 1228 -1
1701043690.729849 54 1
1701043690.729961 402 -1
1701043690.729961 1043 -1
1701043690.729961 7354 -1
1701043690.730012 54 1
1701043690.730247 7354 -1
1701043690.730311 54 1
1701043690.730817 1514 -1
1701043690.730838 54 1
1701043690.731250 7354 -1
1701043690.731293 54 1
1701043690.731591 4735 -1
1701043690.731778 54 1
1701043690.736787 7354 -1
1701043690.736874 54 1
1701043690.737163 7354 -1
1701043690.737218 54 1
1701043690.737352 1860 -1
1701043690.737379 54 1
1701043690.737494 1747 -1
1701043690.737511 54 1
1701043690.737657 7354 -1
1701043690.737693 54 1
1701043690.738258 5496 -1
1701043690.738291 54 1
1701043690.743393 1177 -1
1701043690.743393 477 -1
1701043690.743480 54 1
1701043690.746470 16460 -1
1701043690.746470 3545 -1
1701043690.746609 54 1
1701043690.777170 1173 -1
1701043690.777170 482 -1
1701043690.777256 54 1
1701043690.781950 7573 -1
1701043690.782048 54 1
1701043692.344955 221 1
1701043692.345082 221 1
1701043692.345785 220 1
1701043692.345868 221 1
1701043692.346459 219 1
1701043692.347806 60 -1
1701043692.352096 1044 -1
1701043692.352319 1040 -1
1701043692.352319 5894 -1
1701043692.352369 54 1
1701043692.352658 3639 -1
1701043692.352693 54 1
1701043692.353247 7354 -1
1701043692.353291 54 1
1701043692.353529 1514 -1
1701043692.353685 7354 -1
1701043692.353714 54 1
1701043692.354427 400 -1
1701043692.354427 263 -1
1701043692.354427 1044 -1
1701043692.354427 11734 -1
1701043692.354527 54 1
1701043692.355490 1165 -1
1701043692.355526 54 1
1701043692.365104 1177 -1
1701043692.365104 480 -1
1701043692.365104 9829 -1
1701043692.365221 54 1
1701043692.367975 480 -1
1701043692.367975 1175 -1
1701043692.368055 66 1
1701043692.368117 54 1
1701043692.371895 7354 -1
1701043692.372018 54 1
1701043692.372132 65 -1
1701043692.419025 54 1
1701043693.133815 54 1
1701043693.156475 78 -1
1701043693.156475 60 -1
1701043693.156568 54 1
1701043694.555019 66 1
1701043694.577472 66 -1
1701043694.577619 54 1
1701043694.581189 902 1
1701043694.588523 60 -1
1701043694.588523 318 -1
1701043694.589596 134 1
1701043694.589933 146 1
1701043694.590447 573 1
1701043694.590566 221 1
1701043694.590708 219 1
1701043694.590824 221 1
1701043694.590936 221 1
1701043694.596056 60 -1
1701043694.596056 60 -1
1701043694.596056 60 -1
1701043694.596056 60 -1
1701043694.596056 60 -1
1701043694.596056 60 -1
1701043694.596056 60 -1
1701043694.596056 341 -1
1701043694.597141 115 -1
1701043694.597141 85 -1
1701043694.597188 54 1
1701043694.597611 85 1
1701043694.598982 60 -1
1701043694.599949 1173 -1
1701043694.599949 479 -1
1701043694.600012 54 1
1701043694.602000 7354 -1
1701043694.602000 4434 -1
1701043694.602000 4055 -1
1701043694.602000 1096 -1
1701043694.602000 7354 -1
1701043694.602281 54 1
1701043694.602405 1352 -1
1701043694.602405 1171 -1
1701043694.602405 481 -1
1701043694.602405 6529 -1
1701043694.602472 54 1
1701043694.603098 1206 -1
1701043694.603098 436 -1
1701043694.603130 54 1
1701043694.603323 7354 -1
1701043694.603377 54 1
1701043694.604122 3828 -1
1701043694.604153 54 1
1701043694.608739 1174 -1
1701043694.608739 483 -1
1701043694.608739 7310 -1
1701043694.608858 54 1
1701043696.216774 222 1
1701043696.216907 218 1
1701043696.216989 226 1
1701043696.217849 222 1
1701043696.217934 219 1
1701043696.221151 60 -1
1701043696.221151 60 -1
1701043696.221151 60 -1
1701043696.221151 60 -1
1701043696.221151 60 -1
1701043696.232493 1173 -1
1701043696.232493 479 -1
1701043696.232493 1175 -1
1701043696.232493 482 -1
1701043696.232493 7258 -1
1701043696.232493 1174 -1
1701043696.232493 479 -1
1701043696.232493 7354 -1
1701043696.235240 54 1
1701043696.235312 7354 -1
1701043696.235312 1860 -1
1701043696.236260 54 1
1701043696.236359 85 -1
1701043696.236359 1514 -1
1701043696.236359 1514 -1
1701043696.236359 1859 -1
1701043696.236359 7354 -1
1701043696.236359 2974 -1
1701043696.236359 5481 -1
1701043696.236359 1200 -1
1701043696.236359 439 -1
1701043696.236359 7354 -1
1701043696.236359 7354 -1
1701043696.236548 54 1
1701043696.239790 1860 -1
1701043696.239790 1596 -1
1701043696.239790 1228 -1
1701043696.239790 411 -1
1701043696.239790 6350 -1
1701043696.239897 54 1
1701043697.898147 222 1
1701043697.899587 222 1
1701043697.899728 219 1
1701043697.899797 220 1
1701043697.899885 221 1
1701043697.913619 60 -1
1701043697.923642 1045 -1
1701043697.924178 7354 -1
1701043697.924237 54 1
1701043697.924283 7354 -1
1701043697.924337 54 1
1701043697.924971 1860 -1
1701043697.924971 2463 -1
1701043697.925232 54 1
1701043697.927269 1071 -1
1701043697.927316 54 1
1701043697.927455 7354 -1
1701043697.927480 54 1
1701043697.927961 7354 -1
1701043697.928012 54 1
1701043697.928537 1860 -1
1701043697.928574 54 1
1701043697.928610 6237 -1
1701043697.928633 54 1
1701043697.930552 1177 -1
1701043697.930552 475 -1
1701043697.930759 54 1
1701043697.931455 7354 -1
1701043697.931512 54 1
1701043697.931836 3893 -1
1701043697.931871 54 1
1701043697.934340 1177 -1
1701043697.934340 479 -1
1701043697.934398 54 1
1701043697.939340 1178 -1
1701043697.939395 54 1
1701043697.939442 473 -1
1701043697.939994 7354 -1
1701043697.940046 54 1
1701043697.940299 9160 -1
1701043697.940345 54 1
1701043697.940993 85 -1
1701043697.940993 4338 -1
1701043697.941024 54 1
1701043697.943995 7354 -1
1701043697.944041 54 1
1701043697.944391 5894 -1
1701043697.944425 54 1
1701043697.944879 3320 -1
1701043697.944910 54 1
1701043697.945200 1725 -1
1701043697.945217 54 1
1701043699.523947 227 1
1701043699.524070 222 1
1701043699.524158 222 1
1701043699.524242 220 1
1701043699.524334 218 1
1701043699.527526 60 -1
1701043699.529985 1075 -1
1701043699.529985 7354 -1
1701043699.530027 54 1
1701043699.530991 3059 -1
1701043699.531023 54 1
1701043699.541461 1040 -1
1701043699.541461 7242 -1
1701043699.541461 1200 -1
1701043699.541461 441 -1
1701043699.541461 7266 -1
1701043699.541461 1175 -1
1701043699.541461 477 -1
1701043699.541461 7354 -1
1701043699.541461 7354 -1
1701043699.541461 1860 -1
1701043699.541461 671 -1
1701043699.541461 1172 -1
1701043699.541461 477 -1
1701043699.542388 54 1
1701043699.542506 4434 -1
1701043699.542831 54 1
1701043699.547099 7354 -1
1701043699.547099 502 -1
1701043699.547621 54 1
1701043703.143358 54 1
1701043703.147313 78 -1
1701043703.147313 60 -1
1701043703.147394 54 1
1701043704.530255 66 1
1701043704.531439 66 -1
1701043704.531553 54 1
1701043704.532663 870 1
1701043704.534122 60 -1
1701043704.534672 318 -1
1701043704.535177 134 1
1701043704.535446 146 1
1701043704.536083 577 1
1701043704.536196 220 1
1701043704.536264 223 1
1701043704.536390 60 -1
1701043704.536448 60 -1
1701043704.536631 341 -1
1701043704.536911 220 1
1701043704.536989 220 1
1701043704.537055 60 -1
1701043704.537158 60 -1
1701043704.537158 60 -1
1701043704.537951 60 -1
1701043704.537951 60 -1
1701043704.538438 115 -1
1701043704.538438 85 -1
1701043704.538469 54 1
1701043704.538727 85 1
1701043704.539620 60 -1
1701043704.544117 1202 -1
1701043704.544117 438 -1
1701043704.544117 7354 -1
1701043704.544213 54 1
1701043704.544572 9160 -1
1701043704.544630 54 1
1701043704.545461 199 -1
1701043704.548874 1170 -1
1701043704.548874 479 -1
1701043704.548947 54 1
1701043704.549306 1514 -1
1701043704.549306 1514 -1
1701043704.549343 54 1
1701043704.549416 1514 -1
1701043704.549416 4025 -1
1701043704.549456 54 1
1701043704.550026 1283 -1
1701043704.550026 329 -1
1701043704.550026 1174 -1
1701043704.550026 479 -1
1701043704.550026 10288 -1
1701043704.550112 54 1
1701043704.550827 7354 -1
1701043704.550868 54 1
1701043704.551447 1497 -1
1701043704.559365 1174 -1
1701043704.559365 481 -1
1701043704.559451 54 1
1701043704.565584 5942 -1
1701043704.565683 54 1
1701043706.184062 220 1
1701043706.186260 227 1
1701043706.186391 229 1
1701043706.188354 222 1
1701043706.188655 220 1
1701043706.195947 60 -1
1701043706.195947 60 -1
1701043706.195947 1044 -1
1701043706.195947 4698 -1
1701043706.195947 1172 -1
1701043706.195947 484 -1
1701043706.195947 1042 -1
1701043706.195947 5894 -1
1701043706.195947 7671 -1
1701043706.195947 7354 -1
1701043706.195947 2383 -1
1701043706.195947 1171 -1
1701043706.195947 479 -1
1701043706.196206 54 1
1701043706.196435 7354 -1
1701043706.196435 4835 -1
1701043706.196485 54 1
1701043706.199459 1172 -1
1701043706.199459 480 -1
1701043706.199459 7354 -1
1701043706.199550 54 1
1701043706.200209 7354 -1
1701043706.200254 54 1
1701043706.200673 1860 -1
1701043706.200699 54 1
1701043706.200880 1381 -1
1701043706.250137 54 1
1701043707.847190 221 1
1701043707.853486 219 1
1701043707.854255 223 1
1701043707.854792 220 1
1701043707.855328 220 1
1701043707.861434 60 -1
1701043707.861434 1203 -1
1701043707.861434 442 -1
1701043707.861434 7354 -1
1701043707.861557 54 1
1701043707.861668 1294 -1
1701043707.861692 54 1
1701043707.864306 60 -1
1701043707.878349 1044 -1
1701043707.878349 7354 -1
1701043707.878490 54 1
1701043707.878889 7354 -1
1701043707.878948 54 1
1701043707.889067 1860 -1
1701043707.889067 3530 -1
1701043707.889067 1603 -1
1701043707.889067 7638 -1
1701043707.889216 54 1
1701043707.889983 1178 -1
1701043707.889983 475 -1
1701043707.890036 54 1
1701043707.898670 1514 -1
1701043707.898670 1514 -1
1701043707.898670 7354 -1
1701043707.898670 2441 -1
1701043707.898790 54 1
1701043707.917071 1174 -1
1701043707.917071 478 -1
1701043707.917202 54 1
1701043707.918324 1514 -1
1701043707.918324 1514 -1
1701043707.918366 54 1
1701043707.918426 6676 -1
1701043707.918463 54 1
1701043710.067978 220 1
1701043710.068476 222 1
1701043710.068909 220 1
1701043710.069317 224 1
1701043710.070039 224 1
1701043710.075810 60 -1
1701043710.078596 1045 -1
1701043710.078596 14654 -1
1701043710.078752 54 1
1701043710.080493 988 -1
1701043710.080540 54 1
1701043710.081362 89 1
1701043710.089983 1177 -1
1701043710.089983 478 -1
1701043710.089983 477 -1
1701043710.089983 1177 -1
1701043710.089983 7354 -1
1701043710.089983 7354 -1
1701043710.089983 1860 -1
1701043710.089983 3613 -1
1701043710.089983 7354 -1
1701043710.089983 7354 -1
1701043710.089983 1860 -1
1701043710.089983 967 -1
1701043710.090185 66 1
1701043710.090242 54 1
1701043710.090290 54 1
1701043710.091013 1201 -1
1701043710.091013 444 -1
1701043710.091046 54 1
1701043710.092432 4247 -1
1701043710.092489 54 1
1701043710.092551 1176 -1
1701043710.092580 54 1
1701043710.092658 477 -1
1701043710.093568 7354 -1
1701043710.093601 54 1
1701043710.094280 4527 -1
1701043710.094315 54 1
1701043711.749195 223 1
1701043711.749600 222 1
1701043711.749780 221 1
1701043711.750930 220 1
1701043711.751732 221 1
1701043711.751737 60 -1
1701043711.757602 1044 -1
1701043711.757602 7354 -1
1701043711.757602 6518 -1
1701043711.757794 54 1
1701043711.761212 1198 -1
1701043711.761212 445 -1
1701043711.761295 54 1
1701043711.763110 4434 -1
1701043711.763110 6973 -1
1701043711.763181 54 1
1701043711.764167 1225 -1
1701043711.764167 407 -1
1701043711.764209 54 1
1701043711.765697 7354 -1
1701043711.765697 1942 -1
1701043711.765904 54 1
1701043711.767346 1204 -1
1701043711.767346 442 -1
1701043711.767406 54 1
1701043711.768285 5110 -1
1701043711.768322 54 1
1701043711.768382 1173 -1
1701043711.768471 476 -1
1701043711.768471 7354 -1
1701043711.768518 54 1
1701043711.769145 3057 -1
1701043711.769176 54 1
1701043713.148643 54 1
1701043713.151219 78 -1
1701043713.151219 60 -1
1701043713.151285 54 1
1701043713.439584 66 1
1701043713.440901 66 -1
1701043713.440982 54 1
1701043713.442902 966 1
1701043713.443905 60 -1
1701043713.445073 318 -1
1701043713.445543 134 1
1701043713.445751 146 1
1701043713.446292 583 1
1701043713.446387 221 1
1701043713.446477 225 1
1701043713.446567 218 1
1701043713.446570 60 -1
1701043713.446664 220 1
1701043713.446700 341 -1
1701043713.447039 60 -1
1701043713.447128 115 -1
1701043713.447128 85 -1
1701043713.447160 54 1
1701043713.447293 85 1
1701043713.447455 60 -1
1701043713.447455 60 -1
1701043713.447455 60 -1
1701043713.447493 60 -1
1701043713.447589 60 -1
1701043713.448200 60 -1
1701043713.454813 1173 -1
1701043713.454813 480 -1
1701043713.454813 7354 -1
1701043713.454913 54 1
1701043713.455051 4324 -1
1701043713.455109 54 1
1701043713.456019 1174 -1
1701043713.456019 476 -1
1701043713.456019 7354 -1
1701043713.456077 54 1
1701043713.456117 2604 -1
1701043713.456145 54 1
1701043713.462263 1176 -1
1701043713.462263 477 -1
1701043713.462263 1172 -1
1701043713.462263 480 -1
1701043713.462263 7354 -1
1701043713.462411 54 1
1701043713.464057 2974 -1
1701043713.464057 4805 -1
1701043713.464118 54 1
1701043713.464174 9301 -1
1701043713.464231 54 1
1701043713.466556 1230 -1
1701043713.466556 405 -1
1701043713.466556 7354 -1
1701043713.466556 2348 -1
1701043713.466632 54 1
1701043716.243837 219 1
1701043716.243954 221 1
1701043716.244040 219 1
1701043716.244546 223 1
1701043716.244902 222 1
1701043716.244976 60 -1
1701043716.245038 60 -1
1701043716.245038 60 -1
1701043716.245750 60 -1
1701043716.247895 60 -1
1701043716.252306 446 -1
1701043716.252306 1194 -1
1701043716.252394 66 1
1701043716.252484 54 1
1701043716.252595 1173 -1
1701043716.252595 480 -1
1701043716.252595 7354 -1
1701043716.252665 54 1
1701043716.253082 4386 -1
1701043716.253119 54 1
1701043716.253325 1514 -1
1701043716.253621 4434 -1
1701043716.253655 54 1
1701043716.254103 7354 -1
1701043716.254172 54 1
1701043716.254433 3258 -1
1701043716.254467 54 1
1701043716.254703 1204 -1
1701043716.256134 436 -1
1701043716.256134 7354 -1
1701043716.256134 4434 -1
1701043716.256134 4780 -1
1701043716.256242 54 1
1701043716.256410 757 -1
1701043716.273161 1209 -1
1701043716.273161 436 -1
1701043716.273251 54 1
1701043716.274211 7354 -1
1701043716.274265 54 1
1701043716.274347 2974 -1
1701043716.274347 4522 -1
1701043716.274726 54 1
1701043716.280918 1226 -1
1701043716.280918 408 -1
1701043716.280918 6959 -1
1701043716.281040 54 1
1701043721.184649 219 1
1701043721.188454 219 1
1701043721.189540 60 -1
1701043721.197259 1229 -1
1701043721.197259 403 -1
1701043721.197523 54 1
1701043721.198505 7354 -1
1701043721.198505 7354 -1
1701043721.198625 54 1
1701043721.199297 673 -1
1701043721.199297 1232 -1
1701043721.199297 400 -1
1701043721.199297 7354 -1
1701043721.199343 54 1
1701043721.199664 7354 -1
1701043721.199728 54 1
1701043721.200337 795 -1
1701043721.200362 54 1
1701043721.203375 222 1
1701043721.203490 221 1
1701043721.203597 220 1
1701043721.204967 89 1
1701043721.211711 60 -1
1701043721.218777 1229 -1
1701043721.218777 404 -1
1701043721.218777 1203 -1
1701043721.218977 54 1
1701043721.219041 444 -1
1701043721.219070 54 1
1701043721.220801 7354 -1
1701043721.221025 54 1
1701043721.221121 4434 -1
1701043721.221145 54 1
1701043721.221473 4154 -1
1701043721.221494 54 1
1701043721.222079 7354 -1
1701043721.222107 54 1
1701043721.222420 279 -1
1701043721.222621 1201 -1
1701043721.222621 444 -1
1701043721.222642 54 1
1701043721.225053 7354 -1
1701043721.225102 54 1
1701043721.225496 9160 -1
1701043721.225530 54 1
1701043721.226191 2321 -1
1701043721.226220 54 1
1701043722.842968 219 1
1701043722.846032 221 1
1701043722.847380 60 -1
1701043722.847472 224 1
1701043722.847540 222 1
1701043722.847727 219 1
1701043722.850217 60 -1
1701043722.852858 1203 -1
1701043722.852858 439 -1
1701043722.852929 54 1
1701043722.854968 7354 -1
1701043722.855069 54 1
1701043722.855228 2575 -1
1701043722.855257 54 1
1701043722.857002 1203 -1
1701043722.857002 443 -1
1701043722.857059 54 1
1701043722.857546 1206 -1
1701043722.857546 436 -1
1701043722.857546 7354 -1
1701043722.857612 54 1
1701043722.858068 1798 -1
1701043722.858068 1201 -1
1701043722.858101 54 1
1701043722.863588 444 -1
1701043722.863588 1205 -1
1701043722.863588 7354 -1
1701043722.863588 2683 -1
1701043722.863588 436 -1
1701043722.863588 7354 -1
1701043722.863588 2913 -1
1701043722.863588 7354 -1
1701043722.863588 3747 -1
1701043722.864152 54 1
1701043723.192700 54 1
1701043723.202389 78 -1
1701043723.202389 60 -1
1701043723.202474 54 1
1701043724.488380 66 1
1701043724.494618 66 -1
1701043724.494760 54 1
1701043724.495488 902 1
1701043724.496557 60 -1
1701043724.497534 318 -1
1701043724.498294 134 1
1701043724.498737 146 1
1701043724.499324 60 -1
1701043724.499423 585 1
1701043724.499534 220 1
1701043724.499628 60 -1
1701043724.499628 341 -1
1701043724.499640 223 1
1701043724.499758 220 1
1701043724.499865 222 1
1701043724.500368 60 -1
1701043724.500548 60 -1
1701043724.500548 60 -1
1701043724.500677 60 -1
1701043724.501132 60 -1
1701043724.501132 115 -1
1701043724.501132 85 -1
1701043724.501200 54 1
1701043724.502104 85 1
1701043724.503091 60 -1
1701043724.515677 1202 -1
1701043724.515677 442 -1
1701043724.515773 54 1
1701043724.516196 7354 -1
1701043724.516259 54 1
1701043724.516430 1348 -1
1701043724.516430 1202 -1
1701043724.516493 54 1
1701043724.516543 438 -1
1701043724.516543 7354 -1
1701043724.516602 54 1
1701043724.517369 4434 -1
1701043724.517408 54 1
1701043724.517551 2974 -1
1701043724.517575 54 1
1701043724.517762 1860 -1
1701043724.517793 54 1
1701043724.519442 2027 -1
1701043724.519492 54 1
1701043724.519723 1232 -1
1701043724.519723 402 -1
1701043724.519723 1199 -1
1701043724.519763 54 1
1701043724.519804 442 -1
1701043724.519804 1229 -1
1701043724.519857 54 1
1701043724.520043 407 -1
1701043724.520043 7354 -1
1701043724.520072 54 1
1701043724.520533 1054 -1
1701043724.520552 54 1
1701043724.520828 5894 -1
1701043724.520865 54 1
1701043724.521107 2229 -1
1701043724.521135 54 1
1701043724.521877 11801 -1
1701043724.521938 54 1
1701043726.712985 219 1
1701043726.716275 220 1
1701043726.716502 221 1
1701043726.716595 220 1
1701043726.717078 220 1
1701043726.717272 60 -1
1701043726.723157 60 -1
1701043726.728617 1228 -1
1701043726.728617 406 -1
1701043726.728617 1279 -1
1701043726.728738 54 1
1701043726.728814 335 -1
1701043726.728814 9275 -1
1701043726.728882 54 1
1701043726.729290 6490 -1
1701043726.729331 54 1
1701043726.729813 1205 -1
1701043726.729901 438 -1
1701043726.729922 54 1
1701043726.729956 7354 -1
1701043726.730025 54 1
1701043726.730616 6055 -1
1701043726.730668 54 1
1701043726.731046 1194 -1
1701043726.731136 1205 -1
1701043726.731172 54 1
1701043726.731275 436 -1
1701043726.731275 450 -1
1701043726.731300 54 1
1701043726.731342 7354 -1
1701043726.731372 54 1
1701043726.732088 4917 -1
1701043726.732125 54 1
1701043726.733572 7354 -1
1701043726.733637 54 1
1701043726.734053 4161 -1
1701043726.734093 54 1
1701043728.363430 220 1
1701043728.364714 221 1
1701043728.365628 221 1
1701043728.366413 220 1
1701043728.366502 219 1
1701043728.374751 60 -1
1701043728.380337 1226 -1
1701043728.380337 406 -1
1701043728.380337 1204 -1
1701043728.380448 54 1
1701043728.381588 6659 -1
1701043728.381588 440 -1
1701043728.381588 1208 -1
1701043728.381588 442 -1
1701043728.381588 1514 -1
1701043728.381588 7354 -1
1701043728.381729 54 1
1701043728.383109 6752 -1
1701043728.383109 6508 -1
1701043728.383193 54 1
1701043728.395077 1230 -1
1701043728.395077 405 -1
1701043728.395077 6753 -1
1701043728.395077 1207 -1
1701043728.395077 436 -1
1701043728.395077 7354 -1
1701043728.395077 2521 -1
1701043728.395253 54 1
1701043729.955260 227 1
1701043729.957370 221 1
1701043729.958175 220 1
1701043729.959283 221 1
1701043729.959547 60 -1
1701043729.959625 220 1
1701043729.964549 60 -1
1701043729.972164 1207 -1
1701043729.972164 440 -1
1701043729.972164 7354 -1
1701043729.972164 5256 -1
1701043729.972292 54 1
1701043729.974858 1205 -1
1701043729.974858 444 -1
1701043729.974944 54 1
1701043729.975009 6999 -1
1701043729.975056 54 1
1701043729.981261 1204 -1
1701043729.981261 437 -1
1701043729.981261 7354 -1
1701043729.981261 3121 -1
1701043729.981400 89 1
1701043729.983260 1232 -1
1701043729.983260 405 -1
1701043729.983260 2974 -1
1701043729.983260 2084 -1
1701043729.983335 54 1
1701043730.002603 1206 -1
1701043730.002603 444 -1
1701043730.002689 54 1
1701043730.004285 5732 -1
1701043730.004343 54 1
1701043732.171222 219 1
1701043732.171357 219 1
1701043732.172083 220 1
1701043732.172190 219 1
1701043732.172295 221 1
1701043732.173030 60 -1
1701043732.176202 60 -1
1701043732.185995 1175 -1
1701043732.185995 474 -1
1701043732.185995 1230 -1
1701043732.185995 407 -1
1701043732.185995 1207 -1
1701043732.185995 439 -1
1701043732.185995 8670 -1
1701043732.186345 54 1
1701043732.186407 4434 -1
1701043732.186407 5614 -1
1701043732.186458 54 1
1701043732.186674 4434 -1
1701043732.186708 54 1
1701043732.187146 7354 -1
1701043732.187195 54 1
1701043732.187644 3413 -1
1701043732.187671 54 1
1701043732.193864 1209 -1
1701043732.193864 441 -1
1701043732.193958 54 1
1701043732.196141 1208 -1
1701043732.196141 439 -1
1701043732.196190 54 1
1701043732.200632 7354 -1
1701043732.200741 54 1
1701043732.200806 665 -1
1701043732.200837 54 1
1701043732.200887 5894 -1
1701043732.201028 54 1
1701043732.201515 10620 -1
1701043732.201543 54 1
1701043732.202274 85 -1
1701043732.202274 7354 -1
1701043732.202319 54 1
1701043732.202808 1051 -1
1701043732.257797 54 1
1701043733.194762 54 1
1701043733.196371 78 -1
1701043733.196371 60 -1
1701043733.196414 54 1
1701043737.862805 66 1
1701043737.865801 66 -1
1701043737.865980 54 1
1701043737.867248 934 1
1701043737.873133 60 -1
1701043737.873904 318 -1
1701043737.875259 134 1
1701043737.875678 146 1
1701043737.876606 574 1
1701043737.876697 218 1
1701043737.876815 218 1
1701043737.876892 228 1
1701043737.877012 221 1
1701043737.877596 60 -1
1701043737.877596 60 -1
1701043737.877959 60 -1
1701043737.877959 341 -1
1701043737.877959 60 -1
1701043737.877959 60 -1
1701043737.877959 60 -1
1701043737.878177 60 -1
1701043737.883841 115 -1
1701043737.883841 85 -1
1701043737.883916 54 1
1701043737.884438 85 1
1701043737.885800 60 -1
1701043737.889117 1226 -1
1701043737.889117 412 -1
1701043737.889172 54 1
1701043737.894592 6242 -1
1701043737.894690 54 1
1701043737.895180 1204 -1
1701043737.895180 445 -1
1701043737.895180 1206 -1
1701043737.895248 54 1
1701043737.895309 435 -1
1701043737.898007 1205 -1
1701043737.898007 435 -1
1701043737.898007 7831 -1
1701043737.898204 54 1
1701043737.898423 7354 -1
1701043737.898468 54 1
1701043737.899121 7354 -1
1701043737.899180 54 1
1701043737.899704 1860 -1
1701043737.899753 54 1
1701043737.899829 85 -1
1701043737.899829 2942 -1
1701043737.899864 54 1
1701043737.904276 7354 -1
1701043737.904352 54 1
1701043737.904500 3304 -1
1701043737.904530 54 1
1701043737.904817 9257 -1
1701043737.904862 54 1
1701043738.503909 54 1
