1701043400.519690 66 1
1701043400.564840 66 1
1701043400.620987 66 -1
1701043400.621264 54 1
1701043400.625860 599 1
1701043400.670726 66 -1
1701043400.671042 54 1
1701043400.689489 663 1
1701043400.717651 66 1
1701043400.719599 66 1
1701043400.722558 66 1
1701043400.724878 60 -1
1701043400.726192 66 1
1701043400.733467 2974 -1
1701043400.733513 54 1
1701043400.733557 957 -1
1701043400.775555 66 1
1701043400.776086 66 1
1701043400.776719 54 1
1701043400.791622 134 1
1701043400.792602 146 1
1701043400.792966 54 1
1701043400.795834 574 1
1701043400.795972 219 1
1701043400.796085 220 1
1701043400.796198 219 1
1701043400.796322 219 1
1701043400.796418 219 1
1701043400.811972 60 -1
1701043400.816926 66 -1
1701043400.818083 2974 -1
1701043400.818146 54 1
1701043400.818405 957 -1
1701043400.824807 66 -1
1701043400.826462 66 -1
1701043400.836919 66 -1
1701043400.873092 220 1
1701043400.873609 227 1
1701043400.873702 226 1
1701043400.873851 220 1
1701043400.873945 219 1
1701043400.874071 225 1
1701043400.874207 221 1
1701043400.874318 219 1
1701043400.874441 219 1
1701043400.874557 220 1
1701043400.882408 66 -1
1701043400.882539 54 1
1701043400.891740 60 -1
1701043400.891740 341 -1
1701043400.891740 341 -1
1701043400.891868 54 1
1701043400.892001 60 -1
1701043400.892001 115 -1
1701043400.892001 85 -1
1701043400.892045 54 1
1701043400.893871 582 1
1701043400.894815 60 -1
1701043400.894815 60 -1
1701043400.894988 60 -1
1701043400.894988 60 -1
1701043400.895097 60 -1
1701043400.895097 60 -1
1701043400.897546 85 1
1701043400.899018 1170 -1
1701043400.899385 486 -1
1701043400.899415 54 1
1701043400.900768 2974 -1
1701043400.900819 54 1
1701043400.902325 2974 -1
1701043400.902372 54 1
1701043400.909657 2974 -1
1701043400.909657 2974 -1
1701043400.909657 2974 -1
1701043400.909657 2974 -1
1701043400.909711 54 1
1701043400.909773 2974 -1
1701043400.909800 54 1
1701043400.910187 66 -1
1701043400.910270 54 1
1701043400.911746 2974 -1
1701043400.911779 54 1
1701043400.913167 2974 -1
1701043400.913192 54 1
1701043400.914762 1514 -1
1701043400.914786 54 1
1701043400.914875 1514 -1
1701043400.914900 54 1
1701043400.916406 60 -1
1701043400.916446 2974 -1
1701043400.916469 54 1
1701043400.917298 678 1
1701043400.918269 2974 -1
1701043400.918305 54 1
1701043400.920320 2974 -1
1701043400.920352 54 1
1701043400.921761 2974 -1
1701043400.921782 54 1
1701043400.923359 2974 -1
1701043400.923394 54 1
1701043400.925279 2974 -1
1701043400.925309 54 1
1701043400.926739 2974 -1
1701043400.926763 54 1
1701043400.928433 2974 -1
1701043400.928467 54 1
1701043400.930237 2974 -1
1701043400.930261 54 1
1701043400.931826 2974 -1
1701043400.931860 54 1
1701043400.973982 60 -1
1701043400.973982 60 -1
1701043400.974937 60 -1
1701043400.990701 2974 -1
1701043400.990789 54 1
1701043400.991525 2974 -1
1701043400.991555 54 1
1701043400.993030 60 -1
1701043400.993322 2974 -1
1701043400.993357 54 1
1701043400.993492 2974 -1
1701043400.993551 54 1
1701043400.993647 1230 -1
1701043400.997151 2974 -1
1701043400.997207 54 1
1701043401.000587 2974 -1
1701043401.000587 1514 -1
1701043401.000587 1514 -1
1701043401.000686 54 1
1701043401.007196 2974 -1
1701043401.007196 2974 -1
1701043401.007290 54 1
1701043401.009428 1514 -1
1701043401.009494 54 1
1701043401.009741 2974 -1
1701043401.009741 1514 -1
1701043401.009741 1514 -1
1701043401.009793 54 1
1701043401.010786 2974 -1
1701043401.010806 54 1
1701043401.012489 2974 -1
1701043401.012539 54 1
1701043401.013842 90 1
1701043401.013921 90 1
1701043401.013986 90 1
1701043401.014372 90 1
1701043401.014425 90 1
1701043401.014478 90 1
1701043401.015753 2974 -1
1701043401.015799 54 1
1701043401.015858 2974 -1
1701043401.015879 54 1
1701043401.016683 60 -1
1701043401.016683 2974 -1
1701043401.016683 1230 -1
1701043401.016751 54 1
1701043401.017531 2974 -1
1701043401.017585 54 1
1701043401.019206 2974 -1
1701043401.019249 54 1
1701043401.020937 2974 -1
1701043401.020997 54 1
1701043401.022735 1514 -1
1701043401.022735 1514 -1
1701043401.022794 54 1
1701043401.024249 2974 -1
1701043401.024284 54 1
1701043401.025170 1514 -1
1701043401.025212 54 1
1701043401.025995 2974 -1
1701043401.026024 54 1
1701043401.027631 2974 -1
1701043401.027667 54 1
1701043401.029314 2974 -1
1701043401.029346 54 1
1701043401.034329 2974 -1
1701043401.034329 2974 -1
1701043401.034428 54 1
1701043401.034513 2974 -1
1701043401.034537 54 1
1701043401.036080 2974 -1
1701043401.036114 54 1
1701043401.037755 2602 -1
1701043401.037787 54 1
1701043401.039208 2974 -1
1701043401.039244 54 1
1701043401.040895 2974 -1
1701043401.040927 54 1
1701043401.042623 2974 -1
1701043401.042687 54 1
1701043401.044360 2974 -1
1701043401.044413 54 1
1701043401.046344 2974 -1
1701043401.046386 54 1
1701043401.047724 2974 -1
1701043401.047779 54 1
1701043401.049504 1514 -1
1701043401.049504 1514 -1
1701043401.049563 54 1
1701043401.051321 2974 -1
1701043401.051389 54 1
1701043401.053702 2974 -1
1701043401.053772 54 1
1701043401.054494 2974 -1
1701043401.054531 54 1
1701043401.065409 2974 -1
1701043401.065409 2974 -1
1701043401.065409 1514 -1
1701043401.065409 1514 -1
1701043401.065409 2974 -1
1701043401.065409 2974 -1
1701043401.065409 2974 -1
1701043401.065622 54 1
1701043401.067400 2974 -1
1701043401.071665 54 1
1701043401.083058 2974 -1
1701043401.083058 2974 -1
1701043401.083201 54 1
1701043401.092750 226 -1
1701043401.094325 2974 -1
1701043401.094325 2974 -1
1701043401.094325 2974 -1
1701043401.094325 2974 -1
1701043401.094446 54 1
1701043401.099457 2974 -1
1701043401.099457 2974 -1
1701043401.099457 2974 -1
1701043401.099577 54 1
1701043401.099802 2974 -1
1701043401.099837 54 1
1701043401.106420 2974 -1
1701043401.106523 54 1
1701043401.106762 2974 -1
1701043401.106797 54 1
1701043401.108048 1514 -1
1701043401.108048 1514 -1
1701043401.108090 54 1
1701043401.109577 2974 -1
1701043401.109618 54 1
1701043401.110831 2974 -1
1701043401.110878 54 1
1701043401.112328 2974 -1
1701043401.112384 54 1
1701043401.113506 2974 -1
1701043401.113540 54 1
1701043401.114885 2974 -1
1701043401.114927 54 1
1701043401.116306 1514 -1
1701043401.116306 1514 -1
1701043401.116355 54 1
1701043401.117529 60 -1
1701043401.117529 60 -1
1701043401.117529 2974 -1
1701043401.117595 54 1
1701043401.118968 928 -1
1701043401.121935 226 -1
1701043401.124482 54 1
1701043401.136783 54 1
1701043401.161890 54 1
1701043401.165821 66 1
1701043401.168144 66 1
1701043401.168649 66 1
1701043401.169463 66 1
1701043401.170070 66 1
1701043401.215393 134 1
1701043401.215794 134 1
1701043401.220020 54 1
1701043401.221558 146 1
1701043401.223505 472 1
1701043401.223632 170 1
1701043401.224093 211 1
1701043401.274105 66 -1
1701043401.274112 66 -1
1701043401.274184 66 -1
1701043401.274257 54 1
1701043401.274257 54 1
1701043401.274258 54 1
1701043401.274919 678 1
1701043401.275358 678 1
1701043401.275775 582 1
1701043401.276709 66 -1
1701043401.276803 54 1
1701043401.277415 678 1
1701043401.280387 66 -1
1701043401.280502 54 1
1701043401.283208 614 1
1701043401.314745 60 -1
1701043401.314745 60 -1
1701043401.314745 357 -1
1701043401.314745 357 -1
1701043401.314829 54 1
1701043401.315148 357 -1
1701043401.315148 357 -1
1701043401.315219 54 1
1701043401.320704 60 -1
1701043401.321727 93 -1
1701043401.321744 115 -1
1701043401.321744 85 -1
1701043401.321793 78 -1
1701043401.321795 54 1
1701043401.321793 60 -1
1701043401.322031 85 1
1701043401.324445 60 -1
1701043401.324445 60 -1
1701043401.325649 937 -1
1701043401.325651 1230 -1
1701043401.325651 536 -1
1701043401.325704 54 1
1701043401.325705 54 1
1701043401.325897 2974 -1
1701043401.325947 238 -1
1701043401.325947 939 -1
1701043401.325959 54 1
1701043401.325994 54 1
1701043401.326598 2974 -1
1701043401.326612 2974 -1
1701043401.326633 54 1
1701043401.326643 54 1
1701043401.327108 765 -1
1701043401.328387 1514 -1
1701043401.328387 1514 -1
1701043401.328438 54 1
1701043401.330161 2974 -1
1701043401.330205 54 1
1701043401.331761 2974 -1
1701043401.331816 54 1
1701043401.333459 2974 -1
1701043401.333517 54 1
1701043401.335197 978 -1
1701043401.335241 54 1
1701043401.370440 54 1
1701043401.377234 60 -1
1701043401.377234 2974 -1
1701043401.377234 1230 -1
1701043401.377324 54 1
1701043401.378557 60 -1
1701043401.379866 2974 -1
1701043401.379866 1230 -1
1701043401.380112 54 1
1701043401.384454 60 -1
1701043401.384913 2974 -1
1701043401.384913 1230 -1
1701043401.384972 54 1
1701043401.385738 1514 -1
1701043401.385789 54 1
1701043401.386346 60 -1
1701043401.386346 2974 -1
1701043401.386346 1230 -1
1701043401.386420 54 1
1701043401.387825 1514 -1
1701043401.387866 54 1
1701043401.393731 1514 -1
1701043401.393815 54 1
1701043401.395008 60 -1
1701043401.395266 1514 -1
1701043401.395304 54 1
1701043401.396088 2974 -1
1701043401.396088 1230 -1
1701043401.396166 54 1
1701043401.404859 1514 -1
1701043401.404943 54 1
1701043401.461705 60 -1
1701043401.481445 226 -1
1701043401.482249 134 1
1701043401.482652 146 1
1701043401.482766 226 -1
1701043401.482768 54 1
1701043401.482868 54 1
1701043401.483738 54 1
1701043401.483978 54 1
1701043401.484237 54 1
1701043401.485185 513 1
1701043401.485294 168 1
1701043401.485412 171 1
1701043401.485555 170 1
1701043401.485647 176 1
1701043401.490912 226 -1
1701043401.490997 54 1
1701043401.493354 226 -1
1701043401.493407 54 1
1701043401.504108 226 -1
1701043401.504212 54 1
1701043401.582492 60 -1
1701043401.582837 60 -1
1701043401.587044 60 -1
1701043401.588788 60 -1
1701043401.589750 60 -1
1701043401.593509 60 -1
1701043401.593509 60 -1
1701043401.593509 60 -1
1701043401.593509 60 -1
1701043401.593509 60 -1
1701043401.593509 357 -1
1701043401.593509 357 -1
1701043401.593509 115 -1
1701043401.593509 85 -1
1701043401.593509 940 -1
1701043401.593509 2974 -1
1701043401.593509 2974 -1
1701043401.594483 54 1
1701043401.594601 2974 -1
1701043401.594601 2974 -1
1701043401.594634 54 1
1701043401.595864 2974 -1
1701043401.595890 54 1
1701043401.596531 85 1
1701043401.599617 2974 -1
1701043401.599679 54 1
1701043401.600584 2974 -1
1701043401.600673 54 1
1701043401.600745 2974 -1
1701043401.600770 54 1
1701043401.605344 2974 -1
1701043401.605534 54 1
1701043401.605624 2974 -1
1701043401.605624 2974 -1
1701043401.605699 54 1
1701043401.607827 2974 -1
1701043401.608018 54 1
1701043401.609049 2974 -1
1701043401.609091 54 1
1701043401.611014 2974 -1
1701043401.611063 54 1
1701043401.614484 2974 -1
1701043401.614484 2974 -1
1701043401.614568 54 1
1701043401.615380 2974 -1
1701043401.615420 54 1
1701043401.616180 198 1
1701043401.617321 2974 -1
1701043401.617365 54 1
1701043401.620560 2974 -1
1701043401.620631 54 1
1701043401.623620 2974 -1
1701043401.623620 1514 -1
1701043401.626853 54 1
1701043401.693492 2974 -1
1701043401.693782 54 1
1701043401.694068 2974 -1
1701043401.694167 54 1
1701043401.695787 2974 -1
1701043401.695834 54 1
1701043401.697522 2974 -1
1701043401.697575 54 1
1701043401.698998 1514 -1
1701043401.699054 54 1
1701043401.700013 1514 -1
1701043401.700057 54 1
1701043401.700121 1514 -1
1701043401.700299 54 1
1701043401.701696 1514 -1
1701043401.701696 1514 -1
1701043401.701746 54 1
1701043401.703416 1514 -1
1701043401.703416 1514 -1
1701043401.703823 54 1
1701043401.704949 2974 -1
1701043401.705000 54 1
1701043401.706601 2974 -1
1701043401.706649 54 1
1701043401.708204 2974 -1
1701043401.708246 54 1
1701043401.709853 2974 -1
1701043401.709898 54 1
1701043401.711461 2974 -1
1701043401.711507 54 1
1701043401.712963 2974 -1
1701043401.713013 54 1
1701043401.714589 2974 -1
1701043401.714621 54 1
1701043401.716441 2974 -1
1701043401.716488 54 1
1701043401.718035 2974 -1
1701043401.718073 54 1
1701043401.719762 60 -1
1701043401.719762 2974 -1
1701043401.719974 54 1
1701043401.721289 2974 -1
1701043401.721333 54 1
1701043401.722853 2974 -1
1701043401.722890 54 1
1701043401.724985 2974 -1
1701043401.725017 54 1
1701043401.728396 2974 -1
1701043401.728454 54 1
1701043401.728954 2974 -1
1701043401.728991 54 1
1701043401.729921 2974 -1
1701043401.729967 54 1
1701043401.731365 2974 -1
1701043401.731398 54 1
1701043401.732882 2974 -1
1701043401.732963 54 1
1701043401.734567 2974 -1
1701043401.734602 54 1
1701043401.735976 2974 -1
1701043401.736015 54 1
1701043401.737617 2974 -1
1701043401.737650 54 1
1701043401.739387 2974 -1
1701043401.739418 54 1
1701043401.740945 1514 -1
1701043401.740945 1514 -1
1701043401.741159 54 1
1701043401.742542 2974 -1
1701043401.742606 54 1
1701043401.744198 2974 -1
1701043401.744234 54 1
1701043401.745834 2974 -1
1701043401.745862 54 1
1701043401.747467 2974 -1
1701043401.747498 54 1
1701043401.749105 2974 -1
1701043401.749155 54 1
1701043401.750771 2974 -1
1701043401.750822 54 1
1701043401.752429 2974 -1
1701043401.752965 54 1
1701043401.754176 2974 -1
1701043401.754226 54 1
1701043401.755867 2974 -1
1701043401.756080 54 1
1701043401.757541 2974 -1
1701043401.757592 54 1
1701043401.760409 2974 -1
1701043401.760472 54 1
1701043401.760735 2974 -1
1701043401.760769 54 1
1701043401.763892 2974 -1
1701043401.763981 54 1
1701043401.764647 2974 -1
1701043401.764687 54 1
1701043401.766041 2974 -1
1701043401.766351 54 1
1701043401.792565 2974 -1
1701043401.792684 54 1
1701043401.793524 2974 -1
1701043401.793557 54 1
1701043401.795594 2974 -1
1701043401.795657 54 1
1701043401.798754 2974 -1
1701043401.798754 2974 -1
1701043401.798849 54 1
1701043401.799935 2974 -1
1701043401.799973 54 1
1701043401.801484 1514 -1
1701043401.801536 1514 -1
1701043401.801558 54 1
1701043401.803207 2974 -1
1701043401.803243 54 1
1701043401.804826 2974 -1
1701043401.804863 54 1
1701043401.806457 2974 -1
1701043401.806496 54 1
1701043401.808068 2974 -1
1701043401.808105 54 1
1701043401.809754 2974 -1
1701043401.809792 54 1
1701043401.811385 2974 -1
1701043401.811432 54 1
1701043401.813002 2974 -1
1701043401.813039 54 1
1701043401.814657 2974 -1
1701043401.814696 54 1
1701043401.816402 2974 -1
1701043401.816450 54 1
1701043401.818055 2974 -1
1701043401.818091 54 1
1701043401.819790 2974 -1
1701043401.819831 54 1
1701043401.821532 2974 -1
1701043401.821569 54 1
1701043401.822862 1514 -1
1701043401.822862 1514 -1
1701043401.822898 54 1
1701043401.824531 2974 -1
1701043401.824570 54 1
1701043401.826498 2974 -1
1701043401.826531 54 1
1701043401.827803 2974 -1
1701043401.827839 54 1
1701043401.829463 2974 -1
1701043401.829491 54 1
1701043401.831086 2974 -1
1701043401.831122 54 1
1701043401.832724 1514 -1
1701043401.832724 1514 -1
1701043401.832762 54 1
1701043401.834375 2974 -1
1701043401.834403 54 1
1701043401.836000 2974 -1
1701043401.836036 54 1
1701043401.837424 1514 -1
1701043401.837424 1514 -1
1701043401.837483 54 1
1701043401.838898 2974 -1
1701043401.838929 54 1
1701043401.840359 2974 -1
1701043401.840460 54 1
1701043401.841802 2974 -1
1701043401.841847 54 1
1701043401.843179 2974 -1
1701043401.843223 54 1
1701043401.844610 2974 -1
1701043401.844646 54 1
1701043401.845969 2974 -1
1701043401.846018 54 1
1701043401.847374 2974 -1
1701043401.847405 54 1
1701043401.848545 2974 -1
1701043401.848576 54 1
1701043401.849754 2974 -1
1701043401.849785 54 1
1701043401.851115 2974 -1
1701043401.851327 54 1
1701043401.852329 2974 -1
1701043401.852386 54 1
1701043401.853742 2974 -1
1701043401.853789 54 1
1701043401.854885 2974 -1
1701043401.854923 54 1
1701043401.856160 674 -1
1701043401.863650 66 -1
1701043401.863711 66 -1
1701043401.871098 66 -1
1701043401.878821 66 -1
1701043401.903431 54 1
1701043402.914269 239 1
1701043402.972511 160 1
1701043402.972639 162 1
1701043402.973217 160 1
1701043402.973336 159 1
1701043402.973446 161 1
1701043402.973568 161 1
1701043403.016466 969 -1
1701043403.016466 1791 -1
1701043403.016663 54 1
1701043403.073943 60 -1
1701043403.073943 60 -1
1701043403.073943 60 -1
1701043403.073943 60 -1
1701043403.073943 60 -1
1701043403.073943 60 -1
1701043403.077795 854 -1
1701043403.077942 265 -1
1701043403.077966 54 1
1701043403.082939 853 -1
1701043403.082939 268 -1
1701043403.082939 853 -1
1701043403.082939 265 -1
1701043403.082939 853 -1
1701043403.084018 54 1
1701043403.084160 264 -1
1701043403.084160 852 -1
1701043403.084160 266 -1
1701043403.084203 54 1
1701043403.090725 883 -1
1701043403.090725 266 -1
1701043403.090825 54 1
1701043403.747433 54 1
1701043403.747603 54 1
1701043403.748193 54 1
1701043403.847756 78 -1
1701043403.847756 60 -1
1701043403.847950 54 1
1701043403.848025 78 -1
1701043403.848025 60 -1
1701043403.848094 54 1
1701043403.848393 78 -1
1701043403.848393 60 -1
1701043403.848439 54 1
1701043403.911930 66 -1
1701043403.912671 66 -1
1701043403.914720 66 -1
1701043403.916927 66 -1
1701043406.243993 66 1
1701043406.342848 66 -1
1701043406.342996 54 1
1701043406.343843 933 1
1701043406.442826 60 -1
1701043406.443114 318 -1
1701043406.443934 134 1
1701043406.444231 146 1
1701043406.444514 506 1
1701043406.543040 60 -1
1701043406.543040 357 -1
1701043406.543040 60 -1
1701043406.543040 115 -1
1701043406.543040 85 -1
1701043406.543118 54 1
1701043406.543555 60 -1
1701043406.543749 85 1
1701043406.544348 938 -1
1701043406.544384 54 1
1701043406.544454 2974 -1
1701043406.544482 54 1
1701043406.545977 2974 -1
1701043406.546017 54 1
1701043406.547529 2974 -1
1701043406.547554 54 1
1701043406.549032 1514 -1
1701043406.549032 1514 -1
1701043406.549081 54 1
1701043406.550517 2974 -1
1701043406.550552 54 1
1701043406.552029 2974 -1
1701043406.552051 54 1
1701043406.553829 2974 -1
1701043406.553875 54 1
1701043406.555111 2974 -1
1701043406.555157 54 1
1701043406.556715 2974 -1
1701043406.556782 54 1
1701043406.558384 2974 -1
1701043406.558461 54 1
1701043406.559696 2974 -1
1701043406.559736 54 1
1701043406.561157 2974 -1
1701043406.561464 54 1
1701043406.572011 2974 -1
1701043406.572011 2974 -1
1701043406.572011 2974 -1
1701043406.572011 2974 -1
1701043406.572011 2974 -1
1701043406.572011 2974 -1
1701043406.572157 54 1
1701043406.572663 1514 -1
1701043406.572663 1514 -1
1701043406.572695 54 1
1701043406.582530 2974 -1
1701043406.582530 2974 -1
1701043406.582611 54 1
1701043406.642060 2974 -1
1701043406.642166 54 1
1701043406.642698 2974 -1
1701043406.642734 54 1
1701043406.644197 2974 -1
1701043406.644239 54 1
1701043406.645775 60 -1
1701043406.645775 2974 -1
1701043406.645817 54 1
1701043406.648018 2974 -1
1701043406.648074 54 1
1701043406.648826 2344 -1
1701043406.648854 54 1
1701043407.943683 66 -1
1701043407.943698 66 -1
1701043407.944657 66 -1
1701043407.949853 66 -1
1701043408.049680 66 1
1701043408.151417 66 -1
1701043408.151874 54 1
1701043408.156009 933 1
1701043408.264813 60 -1
1701043408.264813 318 -1
1701043408.265570 134 1
1701043408.265903 146 1
1701043408.266165 381 1
1701043408.366797 60 -1
1701043408.366797 60 -1
1701043408.366797 60 -1
1701043408.366797 357 -1
1701043408.367933 115 -1
1701043408.367933 85 -1
1701043408.367933 937 -1
1701043408.367978 54 1
1701043408.368340 2974 -1
1701043408.368632 85 1
1701043408.370825 54 1
1701043408.370895 802 -1
1701043408.412418 54 1
1701043408.481919 60 -1
1701043408.481919 60 -1
1701043408.868538 170 1
1701043408.974201 60 -1
1701043408.974201 997 -1
1701043408.974201 1514 -1
1701043408.974201 1281 -1
1701043408.974327 54 1
1701043409.663819 164 1
1701043409.762831 60 -1
1701043409.767021 936 -1
1701043409.767021 2974 -1
1701043409.767021 2974 -1
1701043409.767152 54 1
1701043409.780228 1563 -1
1701043409.780321 54 1
1701043410.752906 66 1
1701043410.851619 66 -1
1701043410.851796 54 1
1701043410.852697 870 1
1701043410.951531 60 -1
1701043410.951676 318 -1
1701043410.952397 134 1
1701043410.952870 146 1
1701043410.953682 575 1
1701043410.953877 221 1
1701043410.954094 223 1
1701043410.954522 224 1
1701043411.051719 60 -1
1701043411.051719 341 -1
1701043411.051719 60 -1
1701043411.051719 115 -1
1701043411.051719 85 -1
1701043411.051833 54 1
1701043411.052197 85 1
1701043411.053679 60 -1
1701043411.053679 60 -1
1701043411.053679 60 -1
1701043411.053679 60 -1
1701043411.057728 1173 -1
1701043411.057728 481 -1
1701043411.057847 54 1
1701043411.057925 1169 -1
1701043411.058566 1514 -1
1701043411.058566 1514 -1
1701043411.058604 54 1
1701043411.060047 2974 -1
1701043411.060105 54 1
1701043411.061594 2974 -1
1701043411.061667 54 1
1701043411.063442 2974 -1
1701043411.063482 54 1
1701043411.065134 2974 -1
1701043411.065175 54 1
1701043411.066361 2974 -1
1701043411.066415 54 1
1701043411.068010 1514 -1
1701043411.068010 1514 -1
1701043411.068052 54 1
1701043411.069490 2974 -1
1701043411.069551 54 1
1701043411.070855 2974 -1
1701043411.070915 54 1
1701043411.072366 2974 -1
1701043411.072413 54 1
1701043411.075160 2974 -1
1701043411.075450 54 1
1701043411.075775 1514 -1
1701043411.075775 1514 -1
1701043411.075834 54 1
1701043411.076746 2974 -1
1701043411.076792 54 1
1701043411.078434 2974 -1
1701043411.078484 54 1
1701043411.080143 2974 -1
1701043411.080190 54 1
1701043411.081654 2974 -1
1701043411.081692 54 1
1701043411.082883 2974 -1
1701043411.082936 54 1
1701043411.084637 2974 -1
1701043411.084683 54 1
1701043411.085969 2974 -1
1701043411.086005 54 1
1701043411.090870 997 -1
1701043411.090921 54 1
1701043411.150954 60 -1
1701043411.564394 1220 -1
1701043411.564394 157 -1
1701043411.564394 437 -1
1701043411.564553 54 1
1701043411.859547 2974 -1
1701043411.859547 1742 -1
1701043411.859547 2974 -1
1701043411.859653 54 1
1701043411.861775 2974 -1
1701043411.861829 54 1
1701043411.862629 2974 -1
1701043411.862654 54 1
1701043411.864320 1493 -1
1701043411.913747 54 1
1701043413.775150 54 1
1701043413.777258 54 1
1701043413.777428 54 1
1701043413.876453 78 -1
1701043413.876453 60 -1
1701043413.876540 54 1
1701043413.890587 78 -1
1701043413.890587 60 -1
1701043413.890683 54 1
1701043413.891374 78 -1
1701043413.891374 60 -1
1701043413.891421 54 1
1701043414.500518 66 1
1701043414.610722 66 -1
1701043414.610893 54 1
1701043414.612017 870 1
1701043414.722060 60 -1
1701043414.722492 318 -1
1701043414.723174 134 1
1701043414.723665 146 1
1701043414.724202 589 1
1701043414.724305 221 1
1701043414.724377 222 1
1701043414.724488 219 1
1701043414.724553 219 1
1701043414.833141 60 -1
1701043414.833452 341 -1
1701043414.833702 60 -1
1701043414.833702 115 -1
1701043414.833702 85 -1
1701043414.833761 54 1
1701043414.833931 85 1
1701043414.834521 60 -1
1701043414.834521 60 -1
1701043414.834521 60 -1
1701043414.834629 60 -1
1701043414.834629 60 -1
1701043414.838758 1174 -1
1701043414.838815 54 1
1701043414.839066 485 -1
1701043414.839089 54 1
1701043414.839370 2974 -1
1701043414.839397 54 1
1701043414.841119 2974 -1
1701043414.841162 54 1
1701043414.843337 1514 -1
1701043414.843337 1514 -1
1701043414.843402 54 1
1701043414.844425 2974 -1
1701043414.844462 54 1
1701043414.846101 2974 -1
1701043414.846142 54 1
1701043414.847851 2974 -1
1701043414.847901 54 1
1701043414.849677 2974 -1
1701043414.849711 54 1
1701043414.851191 2974 -1
1701043414.851317 54 1
1701043414.852934 2974 -1
1701043414.852987 54 1
1701043414.858936 2974 -1
1701043414.858936 2974 -1
1701043414.858936 2974 -1
1701043414.859050 54 1
1701043414.860416 2974 -1
1701043414.860461 54 1
1701043414.861755 2974 -1
1701043414.861803 54 1
1701043414.867321 2974 -1
1701043414.867321 2974 -1
1701043414.867321 2974 -1
1701043414.867443 54 1
1701043414.868439 2974 -1
1701043414.868491 54 1
1701043414.870385 2974 -1
1701043414.870433 54 1
1701043414.871904 2974 -1
1701043414.871997 54 1
1701043414.874204 1514 -1
1701043414.874285 54 1
1701043414.943871 2974 -1
1701043414.943957 54 1
1701043414.944707 2974 -1
1701043414.944759 54 1
1701043414.946581 2974 -1
1701043414.946646 54 1
1701043414.948870 2974 -1
1701043414.948923 54 1
1701043414.949740 2974 -1
1701043414.949789 54 1
1701043414.951564 1514 -1
1701043414.952574 2974 -1
1701043414.952629 54 1
1701043414.954201 2974 -1
1701043414.954265 54 1
1701043414.955810 2974 -1
1701043414.955872 54 1
1701043414.957620 1514 -1
1701043414.957620 990 -1
1701043414.957692 54 1
1701043416.073794 66 -1
1701043416.077304 66 -1
1701043416.078390 66 -1
1701043416.078396 66 -1
1701043416.606227 221 1
1701043416.606364 219 1
1701043416.606481 221 1
1701043416.609048 220 1
1701043416.609538 219 1
1701043416.716345 60 -1
1701043416.716447 60 -1
1701043416.716506 60 -1
1701043416.719076 60 -1
1701043416.719537 60 -1
1701043416.722228 1175 -1
1701043416.722511 1624 -1
1701043416.722543 54 1
1701043416.723347 2974 -1
1701043416.723383 54 1
1701043416.724845 2974 -1
1701043416.724901 54 1
1701043416.726342 2974 -1
1701043416.726386 54 1
1701043416.727875 2974 -1
1701043416.727933 54 1
1701043416.729270 2974 -1
1701043416.729301 54 1
1701043416.730783 2974 -1
1701043416.730828 54 1
1701043416.733368 2974 -1
1701043416.733433 54 1
1701043416.733903 2974 -1
1701043416.733938 54 1
1701043416.735200 2974 -1
1701043416.735231 54 1
1701043416.736802 2974 -1
1701043416.736866 54 1
1701043416.738326 2974 -1
1701043416.738358 54 1
1701043416.739678 2974 -1
1701043416.739707 54 1
1701043416.741171 2974 -1
1701043416.741222 54 1
1701043416.742671 2974 -1
1701043416.742709 54 1
1701043416.744157 2974 -1
1701043416.744206 54 1
1701043416.745887 2974 -1
1701043416.745944 54 1
1701043416.747220 2974 -1
1701043416.747364 54 1
1701043416.748712 2974 -1
1701043416.748757 54 1
1701043416.750093 2974 -1
1701043416.750146 54 1
1701043416.751952 2974 -1
1701043416.751992 54 1
1701043416.757640 2974 -1
1701043416.757640 2974 -1
1701043416.757640 2974 -1
1701043416.757741 54 1
1701043416.770010 2974 -1
1701043416.770010 2974 -1
1701043416.770010 2974 -1
1701043416.770010 2974 -1
1701043416.770010 2974 -1
1701043416.770010 2974 -1
1701043416.770010 2974 -1
1701043416.770010 2974 -1
1701043416.770010 2974 -1
1701043416.770199 54 1
1701043416.774976 2974 -1
1701043416.774976 2974 -1
1701043416.774976 2974 -1
1701043416.775120 54 1
1701043416.785414 2974 -1
1701043416.785414 2974 -1
1701043416.785414 2974 -1
1701043416.785414 2974 -1
1701043416.785414 2974 -1
1701043416.785414 2974 -1
1701043416.785414 2974 -1
1701043416.785557 54 1
1701043416.796772 996 -1
1701043416.843041 54 1
1701043418.203421 222 1
1701043418.204603 221 1
1701043418.204686 222 1
1701043418.204756 221 1
1701043418.204832 220 1
1701043418.315034 60 -1
1701043418.319606 1193 -1
1701043418.319714 452 -1
1701043418.319754 54 1
1701043418.319931 2974 -1
1701043418.319959 54 1
1701043418.321752 2095 -1
1701043418.321791 54 1
1701043418.322828 2974 -1
1701043418.322852 54 1
1701043418.323680 2974 -1
1701043418.323719 54 1
1701043418.325092 2974 -1
1701043418.325137 54 1
1701043418.326713 2974 -1
1701043418.326759 54 1
1701043418.327878 2974 -1
1701043418.327920 54 1
1701043418.329656 2974 -1
1701043418.329712 54 1
1701043418.330995 2974 -1
1701043418.331044 54 1
1701043418.332218 2974 -1
1701043418.332435 54 1
1701043418.333531 2974 -1
1701043418.333576 54 1
1701043418.334959 2974 -1
1701043418.334998 54 1
1701043418.336557 2974 -1
1701043418.336608 54 1
1701043418.338926 2974 -1
1701043418.338984 54 1
1701043418.339594 2974 -1
1701043418.339631 54 1
1701043418.340904 2974 -1
1701043418.340944 54 1
1701043418.341968 2974 -1
1701043418.342009 54 1
1701043418.343426 2974 -1
1701043418.343466 54 1
1701043418.344758 2974 -1
1701043418.344792 54 1
1701043418.346729 2974 -1
1701043418.346769 54 1
1701043418.347701 2974 -1
1701043418.347748 54 1
1701043418.348989 2974 -1
1701043418.349034 54 1
1701043418.350669 2974 -1
1701043418.350741 54 1
1701043418.351876 2974 -1
1701043418.351921 54 1
1701043418.353285 2974 -1
1701043418.353343 54 1
1701043418.376800 2974 -1
1701043418.376800 1276 -1
1701043418.376800 2974 -1
1701043418.376800 2974 -1
1701043418.376800 2974 -1
1701043418.376800 2974 -1
1701043418.376800 2421 -1
1701043418.376980 54 1
1701043419.804056 221 1
1701043419.804171 221 1
1701043419.804289 221 1
1701043419.807236 219 1
1701043419.807575 227 1
1701043419.914182 60 -1
1701043419.917585 60 -1
1701043419.919830 1173 -1
1701043419.919947 487 -1
1701043419.919980 54 1
1701043419.921236 2974 -1
1701043419.921286 54 1
1701043419.921871 2880 -1
1701043419.921920 54 1
1701043419.922141 89 1
1701043419.923135 2974 -1
1701043419.923169 54 1
1701043419.924572 2974 -1
1701043419.924615 54 1
1701043419.926128 1514 -1
1701043419.926128 1514 -1
1701043419.926170 54 1
1701043419.928243 2974 -1
1701043419.928296 54 1
1701043419.930668 2974 -1
1701043419.930719 54 1
1701043419.931594 2974 -1
1701043419.931634 54 1
1701043419.932687 2974 -1
1701043419.932719 54 1
1701043419.933477 2974 -1
1701043419.933514 54 1
1701043419.934684 2974 -1
1701043419.934739 54 1
1701043419.936511 2974 -1
1701043419.936560 54 1
1701043419.937150 72 -1
1701043419.989606 54 1
1701043420.073966 60 -1
1701043420.096981 1216 -1
1701043420.097298 302 -1
1701043420.097298 868 -1
1701043420.097343 54 1
1701043420.099472 1514 -1
1701043420.099472 1514 -1
1701043420.099521 54 1
1701043420.100420 2974 -1
1701043420.100469 54 1
1701043420.101628 2263 -1
1701043420.101669 54 1
1701043420.102881 1514 -1
1701043420.102881 1514 -1
1701043420.102950 54 1
1701043420.104014 2974 -1
1701043420.104053 54 1
1701043420.105653 341 -1
1701043420.105707 54 1
1701043421.894514 220 1
1701043421.895476 231 1
1701043421.897205 221 1
1701043421.897337 222 1
1701043421.897421 227 1
1701043422.009679 60 -1
1701043422.009679 60 -1
1701043422.009679 60 -1
1701043422.009679 60 -1
1701043422.009679 60 -1
1701043422.015388 1174 -1
1701043422.015388 483 -1
1701043422.015388 2974 -1
1701043422.015388 2974 -1
1701043422.015388 2974 -1
1701043422.015388 2974 -1
1701043422.015526 54 1
1701043422.016723 2974 -1
1701043422.016770 54 1
1701043422.018461 2974 -1
1701043422.018498 54 1
1701043422.019510 2974 -1
1701043422.019542 54 1
1701043422.021174 2974 -1
1701043422.021217 54 1
1701043422.022653 1514 -1
1701043422.022653 1514 -1
1701043422.022693 54 1
1701043422.023631 2974 -1
1701043422.023663 54 1
1701043422.025025 2974 -1
1701043422.025074 54 1
1701043422.026793 2974 -1
1701043422.026836 54 1
1701043422.027712 2974 -1
1701043422.027770 54 1
1701043422.029084 2974 -1
1701043422.029143 54 1
1701043422.030520 2974 -1
1701043422.030584 54 1
1701043422.031890 2974 -1
1701043422.031929 54 1
1701043422.036024 2974 -1
1701043422.036024 596 -1
1701043422.036110 54 1
1701043423.506022 224 1
1701043423.506800 224 1
1701043423.508230 220 1
1701043423.508724 219 1
1701043423.509600 220 1
1701043423.616016 60 -1
1701043423.616687 60 -1
1701043423.618714 60 -1
1701043423.618714 60 -1
1701043423.624261 60 -1
1701043423.624261 1196 -1
1701043423.624261 445 -1
1701043423.624261 2974 -1
1701043423.624406 54 1
1701043423.625198 2974 -1
1701043423.625248 54 1
1701043423.626585 2974 -1
1701043423.626646 54 1
1701043423.628044 2974 -1
1701043423.628086 54 1
1701043423.631044 2974 -1
1701043423.631044 2974 -1
1701043423.631169 54 1
1701043423.632480 2974 -1
1701043423.632541 54 1
1701043423.637280 2974 -1
1701043423.637280 2974 -1
1701043423.637280 2974 -1
1701043423.637499 54 1
1701043423.637878 2974 -1
1701043423.637908 54 1
1701043423.639526 2974 -1
1701043423.639599 54 1
1701043423.640742 2974 -1
1701043423.640774 54 1
1701043423.642115 2974 -1
1701043423.642177 54 1
1701043423.644624 2974 -1
1701043423.644679 54 1
1701043423.644796 2974 -1
1701043423.644821 54 1
1701043423.646682 2974 -1
1701043423.646721 54 1
1701043423.647815 2974 -1
1701043423.647859 54 1
1701043423.649040 2974 -1
1701043423.649090 54 1
1701043423.650722 2974 -1
1701043423.650778 54 1
1701043423.652043 2974 -1
1701043423.652090 54 1
1701043423.654107 2974 -1
1701043423.654170 54 1
1701043423.658702 2974 -1
1701043423.658702 2974 -1
1701043423.658702 2974 -1
1701043423.658816 54 1
1701043423.659336 1514 -1
1701043423.659336 1454 -1
1701043423.659380 54 1
1701043423.660567 1168 -1
1701043423.701333 54 1
1701043424.085048 1216 -1
1701043424.085048 312 -1
1701043424.085185 54 1
1701043424.085254 858 -1
1701043424.125232 54 1
1701043424.384465 2974 -1
1701043424.384465 1688 -1
1701043424.384465 2974 -1
1701043424.384465 1514 -1
1701043424.384465 1514 -1
1701043424.384465 2974 -1
1701043424.384465 1493 -1
1701043424.384609 54 1
1701043425.109279 222 1
1701043425.120424 220 1
1701043425.120626 221 1
1701043425.120747 219 1
1701043425.120870 221 1
1701043425.221138 60 -1
1701043425.225748 1173 -1
1701043425.226253 485 -1
1701043425.226253 2974 -1
1701043425.226477 54 1
1701043425.227608 2974 -1
1701043425.227649 54 1
1701043425.228203 89 1
1701043425.229034 2974 -1
1701043425.229074 54 1
1701043425.230426 963 -1
1701043425.230921 60 -1
1701043425.231527 60 -1
1701043425.233350 1175 -1
1701043425.233407 54 1
1701043425.233619 486 -1
1701043425.233773 1514 -1
1701043425.233798 54 1
1701043425.233824 1514 -1
1701043425.233845 54 1
1701043425.235463 1514 -1
1701043425.235463 1514 -1
1701043425.235528 54 1
1701043425.236624 2974 -1
1701043425.236674 54 1
1701043425.238034 1318 -1
1701043425.238072 54 1
1701043425.238632 2974 -1
1701043425.238676 54 1
1701043425.240025 2974 -1
1701043425.240068 54 1
1701043425.241543 2974 -1
1701043425.241595 54 1
1701043425.242872 2974 -1
1701043425.242915 54 1
1701043425.244720 2974 -1
1701043425.244757 54 1
1701043425.245696 1514 -1
1701043425.245696 1514 -1
1701043425.245735 54 1
1701043425.247078 2974 -1
1701043425.247119 54 1
1701043425.248532 2974 -1
1701043425.248565 54 1
1701043425.249944 2974 -1
1701043425.250009 54 1
1701043425.251461 2974 -1
1701043425.251500 54 1
1701043425.252818 2974 -1
1701043425.252883 54 1
1701043425.254183 2974 -1
1701043425.254237 54 1
1701043425.257687 2974 -1
1701043425.257687 2974 -1
1701043425.257823 54 1
1701043425.258650 2974 -1
1701043425.258702 54 1
1701043425.259791 1377 -1
1701043425.312558 54 1
1701043425.384509 60 -1
1701043429.450123 224 1
1701043429.451847 219 1
1701043429.452436 219 1
1701043429.454130 221 1
1701043429.455687 220 1
1701043429.560318 60 -1
1701043429.561869 60 -1
1701043429.562688 60 -1
1701043429.565174 1175 -1
1701043429.565174 477 -1
1701043429.565174 60 -1
1701043429.565295 54 1
1701043429.565758 60 -1
1701043429.567090 2974 -1
1701043429.567143 54 1
1701043429.567922 2974 -1
1701043429.567959 54 1
1701043429.568950 2974 -1
1701043429.569009 54 1
1701043429.572649 2974 -1
1701043429.572649 1514 -1
1701043429.572649 1514 -1
1701043429.572784 54 1
1701043429.573587 2974 -1
1701043429.573635 54 1
1701043429.574843 2974 -1
1701043429.574885 54 1
1701043429.576306 2974 -1
1701043429.576615 54 1
1701043429.578568 2974 -1
1701043429.578632 54 1
1701043429.579032 1514 -1
1701043429.579032 1514 -1
1701043429.579067 54 1
1701043429.580401 2974 -1
1701043429.580611 54 1
1701043429.582249 2974 -1
1701043429.582289 54 1
1701043429.590100 2974 -1
1701043429.590100 2974 -1
1701043429.590100 2974 -1
1701043429.590100 2974 -1
1701043429.590100 2974 -1
1701043429.590233 54 1
1701043429.592884 2974 -1
1701043429.592884 2974 -1
1701043429.592884 2974 -1
1701043429.592945 54 1
1701043429.594298 1958 -1
1701043429.595408 54 1
1701043431.019938 226 1
1701043431.025096 219 1
1701043431.025203 219 1
1701043431.033168 219 1
1701043431.033303 223 1
1701043431.129960 60 -1
1701043431.134246 1199 -1
1701043431.134485 446 -1
1701043431.134529 54 1
1701043431.134725 2974 -1
1701043431.134752 54 1
1701043431.136136 2974 -1
1701043431.136167 54 1
1701043431.136918 89 1
1701043431.137625 2974 -1
1701043431.137669 54 1
1701043431.139045 60 -1
1701043431.139045 1514 -1
1701043431.139045 1514 -1
1701043431.139108 54 1
1701043431.140517 2815 -1
1701043431.140582 54 1
1701043431.141670 1195 -1
1701043431.142185 2974 -1
1701043431.142214 54 1
1701043431.143761 2974 -1
1701043431.143791 54 1
1701043431.145038 2974 -1
1701043431.145084 54 1
1701043431.146851 2974 -1
1701043431.146911 54 1
1701043431.148052 1514 -1
1701043431.148052 1514 -1
1701043431.148114 54 1
1701043431.150180 2974 -1
1701043431.150231 54 1
1701043431.151100 2974 -1
1701043431.151143 54 1
1701043431.152058 2974 -1
1701043431.152099 54 1
1701043431.153812 2974 -1
1701043431.153855 54 1
1701043431.154959 2974 -1
1701043431.155018 54 1
1701043431.156368 2974 -1
1701043431.156427 54 1
1701043431.159015 2974 -1
1701043431.159090 54 1
1701043431.171124 2974 -1
1701043431.171124 2019 -1
1701043431.171236 54 1
1701043431.287533 60 -1
1701043432.455782 66 -1
1701043432.464015 66 -1
1701043432.465818 66 -1
1701043432.465955 66 -1
1701043432.645861 219 1
1701043432.646032 219 1
1701043432.648695 228 1
1701043432.648830 226 1
1701043432.649947 219 1
1701043432.755997 60 -1
1701043432.755997 60 -1
1701043432.760572 60 -1
1701043432.760572 60 -1
1701043432.760572 60 -1
1701043432.763060 1177 -1
1701043432.767866 482 -1
1701043432.767866 2974 -1
1701043432.767866 2974 -1
1701043432.767866 2974 -1
1701043432.767866 1514 -1
1701043432.767866 1514 -1
1701043432.768016 54 1
1701043432.768922 2974 -1
1701043432.768985 54 1
1701043432.769902 2974 -1
1701043432.769957 54 1
1701043432.771212 2974 -1
1701043432.771245 54 1
1701043432.774039 2974 -1
1701043432.774346 54 1
1701043432.783166 2974 -1
1701043432.783166 2974 -1
1701043432.783166 2974 -1
1701043432.783166 2974 -1
1701043432.783166 2974 -1
1701043432.783166 2974 -1
1701043432.783166 2974 -1
1701043432.783336 54 1
1701043432.788719 2974 -1
1701043432.788719 2974 -1
1701043432.788719 2974 -1
1701043432.788719 2974 -1
1701043432.788848 54 1
1701043432.789908 2974 -1
1701043432.789943 54 1
1701043432.790890 2974 -1
1701043432.790959 54 1
1701043432.792396 1514 -1
1701043432.792396 1514 -1
1701043432.792446 54 1
1701043432.793886 2025 -1
1701043432.793923 54 1
1701043433.346855 1219 -1
1701043433.347013 303 -1
1701043433.347048 54 1
1701043433.347098 865 -1
1701043433.394359 54 1
1701043433.445196 2974 -1
1701043433.445321 54 1
1701043433.445839 1980 -1
1701043433.445880 54 1
1701043433.446708 2974 -1
1701043433.446742 54 1
1701043433.448280 2974 -1
1701043433.448328 54 1
1701043433.449527 341 -1
1701043433.507327 54 1
1701043433.814453 54 1
1701043433.925838 78 -1
1701043433.925838 60 -1
1701043433.925931 54 1
1701043434.247589 66 1
1701043434.346292 66 -1
1701043434.346608 54 1
1701043434.347337 966 1
1701043434.445961 60 -1
1701043434.446333 318 -1
1701043434.447092 134 1
1701043434.447474 146 1
1701043434.448035 576 1
1701043434.448127 222 1
1701043434.448195 227 1
1701043434.448294 222 1
1701043434.448631 219 1
1701043434.545717 60 -1
1701043434.545819 341 -1
1701043434.546326 60 -1
1701043434.546326 115 -1
1701043434.546326 85 -1
1701043434.546402 54 1
1701043434.546497 60 -1
1701043434.546560 60 -1
1701043434.546573 85 1
1701043434.546674 60 -1
1701043434.546841 60 -1
1701043434.547890 60 -1
1701043434.550975 1172 -1
1701043434.551019 54 1
1701043434.551282 488 -1
1701043434.551301 54 1
1701043434.551759 2974 -1
1701043434.551808 54 1
1701043434.553205 1514 -1
1701043434.553205 1514 -1
1701043434.553265 54 1
1701043434.561049 2974 -1
1701043434.561049 2974 -1
1701043434.561049 2974 -1
1701043434.561049 2974 -1
1701043434.561186 54 1
1701043434.569621 2974 -1
1701043434.569621 2974 -1
1701043434.569621 1514 -1
1701043434.569621 1514 -1
1701043434.569621 2974 -1
1701043434.569621 2974 -1
1701043434.569746 54 1
1701043434.572279 2974 -1
1701043434.572279 2974 -1
1701043434.572279 1503 -1
1701043434.572408 54 1
1701043434.645675 60 -1
1701043436.468731 229 1
1701043436.468865 218 1
1701043436.477356 222 1
1701043436.492772 220 1
1701043436.492900 221 1
1701043436.580768 60 -1
1701043436.580768 60 -1
1701043436.580768 1169 -1
1701043436.580768 487 -1
1701043436.580768 2974 -1
1701043436.580905 54 1
1701043436.583101 2974 -1
1701043436.583101 2974 -1
1701043436.583180 54 1
1701043436.585176 2974 -1
1701043436.585248 54 1
1701043436.586199 2974 -1
1701043436.586257 54 1
1701043436.587380 2974 -1
1701043436.587432 54 1
1701043436.602164 2974 -1
1701043436.602164 2974 -1
1701043436.602164 2974 -1
1701043436.602164 2974 -1
1701043436.602164 2974 -1
1701043436.602164 2974 -1
1701043436.602164 2974 -1
1701043436.602164 2974 -1
1701043436.602164 2974 -1
1701043436.602384 54 1
1701043436.602730 2974 -1
1701043436.602761 54 1
1701043436.604780 1514 -1
1701043436.604780 1514 -1
1701043436.604829 54 1
1701043436.606344 2974 -1
1701043436.606402 54 1
1701043436.607120 2974 -1
1701043436.607162 54 1
1701043436.610082 2974 -1
1701043436.610146 54 1
1701043436.610190 2974 -1
1701043436.610218 54 1
1701043436.611618 2974 -1
1701043436.611667 54 1
1701043436.613897 2974 -1
1701043436.613954 54 1
1701043436.614648 2974 -1
1701043436.614686 54 1
1701043436.616153 2974 -1
1701043436.616211 54 1
1701043436.618078 1514 -1
1701043436.618078 1514 -1
1701043436.618125 54 1
1701043436.619263 2974 -1
1701043436.619309 54 1
1701043436.621701 2974 -1
1701043436.621915 54 1
1701043436.622570 2974 -1
1701043436.622598 54 1
1701043436.626187 797 -1
1701043436.667177 54 1
1701043438.128975 219 1
1701043438.129596 223 1
1701043438.130173 220 1
1701043438.130362 221 1
1701043438.132235 222 1
1701043438.228772 60 -1
1701043438.230270 60 -1
1701043438.234220 1196 -1
1701043438.234688 446 -1
1701043438.234725 54 1
1701043438.235077 2974 -1
1701043438.235107 54 1
1701043438.236328 2974 -1
1701043438.236690 54 1
1701043438.237925 2974 -1
1701043438.237977 54 1
1701043438.239909 2974 -1
1701043438.240091 54 1
1701043438.241070 1514 -1
1701043438.241327 1514 -1
1701043438.241379 54 1
1701043438.242361 1514 -1
1701043438.242361 1514 -1
1701043438.242537 54 1
1701043438.245045 2974 -1
1701043438.245104 54 1
1701043438.245268 2974 -1
1701043438.245296 54 1
1701043438.246804 2974 -1
1701043438.246845 54 1
1701043438.248294 2974 -1
1701043438.248352 54 1
1701043438.249879 2974 -1
1701043438.249941 54 1
1701043438.252047 2974 -1
1701043438.252121 54 1
1701043438.252855 2974 -1
1701043438.252898 54 1
1701043438.265723 2974 -1
1701043438.265723 2974 -1
1701043438.265723 1514 -1
1701043438.265723 1514 -1
1701043438.265723 2974 -1
1701043438.265723 2974 -1
1701043438.265723 2974 -1
1701043438.265723 901 -1
1701043438.265896 54 1
1701043438.393072 1244 -1
1701043438.393644 109 -1
1701043438.393644 446 -1
1701043438.393685 54 1
1701043438.406566 2974 -1
1701043438.406838 54 1
1701043438.407141 2322 -1
1701043438.407174 54 1
1701043438.408146 2974 -1
1701043438.408183 54 1
1701043438.409791 2974 -1
1701043438.409832 54 1
1701043438.411374 2389 -1
1701043438.411423 54 1
1701043439.730525 219 1
1701043439.732538 220 1
1701043439.732737 220 1
1701043439.732827 222 1
1701043439.732908 221 1
1701043439.831798 60 -1
1701043439.832006 60 -1
1701043439.836018 1172 -1
1701043439.836317 484 -1
1701043439.836355 54 1
1701043439.836862 2974 -1
1701043439.836885 54 1
1701043439.837938 2974 -1
1701043439.837974 54 1
1701043439.838236 89 1
1701043439.839605 2974 -1
1701043439.839663 54 1
1701043439.840982 2974 -1
1701043439.841014 54 1
1701043439.842685 2974 -1
1701043439.842736 54 1
1701043439.844192 2974 -1
1701043439.844242 54 1
1701043439.845993 2974 -1
1701043439.846056 54 1
1701043439.847232 2974 -1
1701043439.847277 54 1
1701043439.848896 2974 -1
1701043439.848959 54 1
1701043439.850165 2974 -1
1701043439.850220 54 1
1701043439.852760 2974 -1
1701043439.852834 54 1
1701043439.853174 1514 -1
1701043439.853174 1514 -1
1701043439.853238 54 1
1701043439.854754 2974 -1
1701043439.854822 54 1
1701043439.857257 2974 -1
1701043439.857326 54 1
1701043439.858232 2974 -1
1701043439.858282 54 1
1701043439.860014 2974 -1
1701043439.860068 54 1
1701043439.860817 2974 -1
1701043439.860951 54 1
1701043439.862743 2974 -1
1701043439.862811 54 1
1701043439.882308 2445 -1
1701043439.882407 54 1
1701043439.979052 60 -1
1701043440.863414 1218 -1
1701043440.863414 296 -1
1701043440.863414 878 -1
1701043440.863586 54 1
1701043441.013730 2974 -1
1701043441.013833 54 1
1701043441.014572 2974 -1
1701043441.014631 54 1
1701043441.016338 1357 -1
1701043441.016680 2109 -1
1701043441.016723 54 1
1701043443.822907 54 1
1701043443.921760 78 -1
1701043443.921760 60 -1
1701043443.921895 54 1
1701043444.260700 66 1
1701043444.368638 66 -1
1701043444.368813 54 1
1701043444.370650 966 1
1701043444.480736 60 -1
1701043444.481650 318 -1
1701043444.485328 134 1
1701043444.485735 146 1
1701043444.486226 576 1
1701043444.486338 223 1
1701043444.486430 220 1
1701043444.486539 219 1
1701043444.486611 218 1
1701043444.585462 60 -1
1701043444.585462 341 -1
1701043444.593672 60 -1
1701043444.593672 60 -1
1701043444.593672 60 -1
1701043444.593672 60 -1
1701043444.593672 60 -1
1701043444.593672 115 -1
1701043444.593672 85 -1
1701043444.593672 454 -1
1701043444.593672 1196 -1
1701043444.593672 2974 -1
1701043444.593672 2974 -1
1701043444.594111 66 1
1701043444.594195 54 1
1701043444.594265 54 1
1701043444.594334 2974 -1
1701043444.594363 54 1
1701043444.595489 2974 -1
1701043444.595608 54 1
1701043444.595762 85 1
1701043444.597354 2974 -1
1701043444.597407 54 1
1701043444.598904 2974 -1
1701043444.598962 54 1
1701043444.600662 2974 -1
1701043444.600699 54 1
1701043444.602817 2974 -1
1701043444.603106 54 1
1701043444.604330 2974 -1
1701043444.604378 54 1
1701043444.606037 2974 -1
1701043444.606100 54 1
1701043444.608076 2974 -1
1701043444.608156 54 1
1701043444.609765 2974 -1
1701043444.610204 54 1
1701043444.611340 2974 -1
1701043444.611375 54 1
1701043444.613206 2974 -1
1701043444.613249 54 1
1701043444.614956 2974 -1
1701043444.614990 54 1
1701043444.616859 2974 -1
1701043444.616907 54 1
1701043444.618508 2974 -1
1701043444.618661 54 1
1701043444.624044 2974 -1
1701043444.624044 2974 -1
1701043444.624044 2974 -1
1701043444.624165 54 1
1701043444.626191 1514 -1
1701043444.626253 54 1
1701043444.692996 2827 -1
1701043444.693286 54 1
1701043444.694609 60 -1
1701043445.051876 1214 -1
1701043445.052211 305 -1
1701043445.052246 54 1
1701043445.052296 863 -1
1701043445.099990 54 1
1701043445.337683 2974 -1
1701043445.337770 54 1
1701043445.338958 1610 -1
1701043445.339001 54 1
1701043445.339329 2974 -1
1701043445.339365 54 1
1701043445.340936 2974 -1
1701043445.340982 54 1
1701043445.342309 2974 -1
1701043445.342352 54 1
1701043445.344126 2974 -1
1701043445.344179 54 1
1701043445.345997 621 -1
1701043445.387520 54 1
1701043445.929077 223 1
1701043445.930715 222 1
1701043445.932044 220 1
1701043445.932124 219 1
1701043445.932205 222 1
1701043446.028060 60 -1
1701043446.031768 60 -1
1701043446.031768 60 -1
1701043446.031854 60 -1
1701043446.031854 60 -1
1701043446.033046 1196 -1
1701043446.033476 449 -1
1701043446.033513 54 1
1701043446.034698 2974 -1
1701043446.034745 54 1
1701043446.035702 2974 -1
1701043446.035751 54 1
1701043446.037125 2974 -1
1701043446.037162 54 1
1701043446.038789 2974 -1
1701043446.038835 54 1
1701043446.040913 2974 -1
1701043446.041162 54 1
1701043446.042239 2974 -1
1701043446.042279 54 1
1701043446.043706 2974 -1
1701043446.043739 54 1
1701043446.045414 2974 -1
1701043446.045686 54 1
1701043446.047724 2974 -1
1701043446.047771 54 1
1701043446.048823 2974 -1
1701043446.048863 54 1
1701043446.050343 2974 -1
1701043446.050390 54 1
1701043446.052041 2974 -1
1701043446.052088 54 1
1701043446.053805 2974 -1
1701043446.053863 54 1
1701043446.055213 2974 -1
1701043446.055287 54 1
1701043446.057061 2974 -1
1701043446.057116 54 1
1701043446.059077 2974 -1
1701043446.059134 54 1
1701043446.060843 2974 -1
1701043446.060937 54 1
1701043446.061811 2974 -1
1701043446.061862 54 1
1701043446.064670 2974 -1
1701043446.064729 54 1
1701043446.065093 2974 -1
1701043446.065127 54 1
1701043446.066776 2974 -1
1701043446.066825 54 1
1701043446.068284 2974 -1
1701043446.068345 54 1
1701043446.070048 2974 -1
1701043446.070091 54 1
1701043446.075952 2974 -1
1701043446.076059 54 1
1701043446.076145 2974 -1
1701043446.076145 2974 -1
1701043446.076184 54 1
1701043446.076931 2974 -1
1701043446.076958 54 1
1701043446.078172 2974 -1
1701043446.078211 54 1
1701043446.079777 2974 -1
1701043446.079828 54 1
1701043446.084875 2974 -1
1701043446.084875 2974 -1
1701043446.084972 54 1
1701043446.087782 1510 -1
1701043446.128078 54 1
1701043447.598831 221 1
1701043447.600575 221 1
1701043447.601143 220 1
1701043447.601519 221 1
1701043447.603143 219 1
1701043447.699855 60 -1
1701043447.700789 60 -1
1701043447.702078 1196 -1
1701043447.702864 452 -1
1701043447.702914 54 1
1701043447.703867 2974 -1
1701043447.703912 54 1
1701043447.704240 2974 -1
1701043447.704290 54 1
1701043447.707139 1553 -1
1701043447.707191 54 1
1701043447.708004 1603 -1
1701043447.708036 54 1
1701043447.708209 2974 -1
1701043447.708229 54 1
1701043447.709342 2974 -1
1701043447.709380 54 1
1701043447.710883 2974 -1
1701043447.710951 54 1
1701043447.712636 2974 -1
1701043447.712698 54 1
1701043447.714291 2974 -1
1701043447.714367 54 1
1701043447.716052 2974 -1
1701043447.716122 54 1
1701043447.717783 2974 -1
1701043447.717843 54 1
1701043447.719397 2572 -1
1701043447.719452 54 1
1701043448.164882 1222 -1
1701043448.164882 142 -1
1701043448.164882 447 -1
1701043448.164997 54 1
1701043448.167150 1214 -1
1701043448.167215 54 1
1701043448.167388 310 -1
1701043448.167388 862 -1
1701043448.167420 54 1
1701043448.311124 2974 -1
1701043448.311638 54 1
1701043448.311905 1514 -1
1701043448.311905 1514 -1
1701043448.311931 54 1
1701043448.312982 1941 -1
1701043448.313026 54 1
1701043448.314047 2109 -1
1701043448.314093 54 1
1701043448.456966 2974 -1
1701043448.457067 54 1
1701043448.457685 1514 -1
1701043448.457788 1514 -1
1701043448.457832 54 1
1701043448.459147 1630 -1
1701043448.459192 54 1
1701043448.460162 2974 -1
1701043448.460231 54 1
1701043448.461788 2974 -1
1701043448.461877 54 1
1701043448.469913 2389 -1
1701043448.470083 54 1
1701043449.834425 218 1
1701043449.834952 221 1
1701043449.835385 221 1
1701043449.835847 221 1
1701043449.836275 219 1
1701043449.934646 60 -1
1701043449.936100 60 -1
1701043449.938952 1196 -1
1701043449.939203 450 -1
1701043449.939239 54 1
1701043449.939438 1514 -1
1701043449.939438 1514 -1
1701043449.939474 54 1
1701043449.941379 2974 -1
1701043449.941419 54 1
1701043449.942672 2974 -1
1701043449.942725 54 1
1701043449.944456 2974 -1
1701043449.944818 54 1
1701043449.945957 2974 -1
1701043449.946000 54 1
1701043449.947721 2974 -1
1701043449.947766 54 1
1701043449.949112 2974 -1
1701043449.949163 54 1
1701043449.950819 1514 -1
1701043449.950819 1514 -1
1701043449.950852 54 1
1701043449.952468 2974 -1
1701043449.952519 54 1
1701043449.954352 1514 -1
1701043449.954352 1514 -1
1701043449.954789 54 1
1701043449.954807 89 1
1701043449.956168 2974 -1
1701043449.956213 54 1
1701043449.960160 2974 -1
1701043449.960160 2974 -1
1701043449.960244 54 1
1701043449.960943 2974 -1
1701043449.960975 54 1
1701043449.962993 2974 -1
1701043449.963040 54 1
1701043449.963905 2974 -1
1701043449.963941 54 1
1701043449.973239 2974 -1
1701043449.973239 2974 -1
1701043449.973239 2422 -1
1701043449.973312 54 1
1701043450.096729 60 -1
1701043451.452981 222 1
1701043451.456133 218 1
1701043451.457786 226 1
1701043451.458712 222 1
1701043451.458894 219 1
1701043451.551800 60 -1
1701043451.555283 60 -1
1701043451.557973 1172 -1
1701043451.557973 485 -1
1701043451.558064 54 1
1701043451.558154 1514 -1
1701043451.558154 1514 -1
1701043451.558417 54 1
1701043451.559909 2974 -1
1701043451.559973 54 1
1701043451.561510 2974 -1
1701043451.561756 54 1
1701043451.563131 2974 -1
1701043451.563185 54 1
1701043451.568733 60 -1
1701043451.568733 60 -1
1701043451.568733 60 -1
1701043451.568733 2974 -1
1701043451.568733 2974 -1
1701043451.568733 2974 -1
1701043451.568875 54 1
1701043451.570284 2974 -1
1701043451.570320 54 1
1701043451.571489 2974 -1
1701043451.571777 54 1
1701043451.572916 2974 -1
1701043451.572962 54 1
1701043451.575293 2974 -1
1701043451.575347 54 1
1701043451.576166 2974 -1
1701043451.576198 54 1
1701043451.577825 2974 -1
1701043451.577925 54 1
1701043451.579790 2974 -1
1701043451.579856 54 1
1701043451.582116 2974 -1
1701043451.582164 54 1
1701043451.583024 2974 -1
1701043451.583057 54 1
1701043451.584299 428 -1
1701043451.632170 54 1
1701043451.769725 1244 -1
1701043451.769725 107 -1
1701043451.769725 452 -1
1701043451.769843 54 1
1701043451.784743 2974 -1
1701043451.784743 1343 -1
1701043451.784743 1514 -1
1701043451.784743 649 -1
1701043451.784882 54 1
1701043452.269499 1213 -1
1701043452.269499 293 -1
1701043452.269499 875 -1
1701043452.269741 54 1
1701043452.572201 2974 -1
1701043452.572424 54 1
1701043452.573073 1514 -1
1701043452.573073 1514 -1
1701043452.573116 54 1
1701043452.574568 1297 -1
1701043452.575484 2974 -1
1701043452.575529 54 1
1701043452.576957 2974 -1
1701043452.576997 54 1
1701043452.578786 2974 -1
1701043452.578828 54 1
1701043452.580127 1493 -1
1701043452.580165 54 1
1701043453.107737 222 1
1701043453.109004 222 1
1701043453.109117 219 1
1701043453.109243 220 1
1701043453.109334 221 1
1701043453.207063 60 -1
1701043453.207918 60 -1
1701043453.207918 60 -1
1701043453.208104 60 -1
1701043453.208104 60 -1
1701043453.212054 1201 -1
1701043453.212162 441 -1
1701043453.212194 54 1
1701043453.212435 1514 -1
1701043453.212435 1514 -1
1701043453.212463 54 1
1701043453.214206 2974 -1
1701043453.214269 54 1
1701043453.215856 2974 -1
1701043453.215902 54 1
1701043453.217337 2974 -1
1701043453.217379 54 1
1701043453.219223 2974 -1
1701043453.219264 54 1
1701043453.220943 2974 -1
1701043453.220985 54 1
1701043453.222273 2974 -1
1701043453.222323 54 1
1701043453.223932 2974 -1
1701043453.223960 54 1
1701043453.225648 2974 -1
1701043453.225698 54 1
1701043453.227202 2974 -1
1701043453.227247 54 1
1701043453.228919 2974 -1
1701043453.228980 54 1
1701043453.230458 2974 -1
1701043453.230506 54 1
1701043453.232465 2974 -1
1701043453.232503 54 1
1701043453.233816 2974 -1
1701043453.233857 54 1
1701043453.235392 2974 -1
1701043453.235440 54 1
1701043453.237050 2974 -1
1701043453.237097 54 1
1701043453.238839 2974 -1
1701043453.238882 54 1
1701043453.240459 2974 -1
1701043453.240500 54 1
1701043453.242193 2974 -1
1701043453.242239 54 1
1701043453.243610 2974 -1
1701043453.243659 54 1
1701043453.245339 2974 -1
1701043453.245386 54 1
1701043453.246998 2974 -1
1701043453.247147 54 1
1701043453.248852 2974 -1
1701043453.248900 54 1
1701043453.250676 1514 -1
1701043453.250676 1514 -1
1701043453.250732 54 1
1701043453.251917 2974 -1
1701043453.251969 54 1
1701043453.254100 2974 -1
1701043453.254157 54 1
1701043453.255069 2974 -1
1701043453.255103 54 1
1701043453.257424 2974 -1
1701043453.257485 54 1
1701043453.259230 2974 -1
1701043453.259304 54 1
1701043453.261297 1514 -1
1701043453.261297 1514 -1
1701043453.261355 54 1
1701043453.264030 1514 -1
1701043453.264030 1514 -1
1701043453.264030 1514 -1
1701043453.264030 1514 -1
1701043453.264111 54 1
1701043453.264957 2974 -1
1701043453.264986 54 1
1701043453.266844 499 -1
1701043453.311428 54 1
1701043453.839100 54 1
1701043453.943572 78 -1
1701043453.943572 60 -1
1701043453.943698 54 1
1701043454.788954 66 1
1701043454.893320 66 -1
1701043454.893470 54 1
1701043454.894652 966 1
1701043454.998892 60 -1
1701043454.999197 318 -1
1701043455.000406 134 1
1701043455.000981 146 1
1701043455.001628 582 1
1701043455.001765 222 1
1701043455.001872 222 1
1701043455.001986 220 1
1701043455.002076 218 1
1701043455.104716 60 -1
1701043455.104802 341 -1
1701043455.105130 60 -1
1701043455.105130 115 -1
1701043455.105130 85 -1
1701043455.105176 54 1
1701043455.105740 85 1
1701043455.105825 60 -1
1701043455.106041 60 -1
1701043455.106221 60 -1
1701043455.106221 60 -1
1701043455.106221 60 -1
1701043455.111262 1143 -1
1701043455.111262 523 -1
1701043455.111366 54 1
1701043455.111426 1173 -1
1701043455.111876 1514 -1
1701043455.111908 54 1
1701043455.111950 1514 -1
1701043455.111976 54 1
1701043455.113328 2974 -1
1701043455.113385 54 1
1701043455.114946 2974 -1
1701043455.114997 54 1
1701043455.116705 2974 -1
1701043455.116776 54 1
1701043455.118167 2974 -1
1701043455.118220 54 1
1701043455.119903 2974 -1
1701043455.119958 54 1
1701043455.121518 2974 -1
1701043455.121581 54 1
1701043455.123071 2974 -1
1701043455.123136 54 1
1701043455.131968 2974 -1
1701043455.131968 2974 -1
1701043455.131968 2974 -1
1701043455.131968 2974 -1
1701043455.131968 1514 -1
1701043455.131968 1514 -1
1701043455.132138 54 1
1701043455.132794 2974 -1
1701043455.132821 54 1
1701043455.134246 2974 -1
1701043455.134289 54 1
1701043455.135928 2860 -1
1701043455.135971 54 1
1701043455.211457 60 -1
1701043455.258006 1221 -1
1701043455.258006 128 -1
1701043455.258006 454 -1
1701043455.258125 54 1
1701043455.309994 2974 -1
1701043455.310072 54 1
1701043455.310498 2974 -1
1701043455.310659 54 1
1701043455.312111 2083 -1
1701043455.312165 54 1
1701043455.313163 2109 -1
1701043455.313201 54 1
1701043460.195941 222 1
1701043460.200621 220 1
1701043460.204312 223 1
1701043460.205665 220 1
1701043460.205768 220 1
1701043460.300255 60 -1
1701043460.305167 1198 -1
1701043460.305439 449 -1
1701043460.305479 54 1
1701043460.305794 1514 -1
1701043460.305794 1514 -1
1701043460.305828 54 1
1701043460.307089 89 1
1701043460.307222 2974 -1
1701043460.307267 54 1
1701043460.309321 2974 -1
1701043460.309378 54 1
1701043460.310435 67 -1
1701043460.310435 60 -1
1701043460.313942 1196 -1
1701043460.314030 54 1
1701043460.314909 447 -1
1701043460.314909 2974 -1
1701043460.314974 54 1
1701043460.315507 2974 -1
1701043460.315572 54 1
1701043460.317169 2974 -1
1701043460.317205 54 1
1701043460.318739 2974 -1
1701043460.318790 54 1
1701043460.320386 2974 -1
1701043460.320429 54 1
1701043460.322000 2974 -1
1701043460.322052 54 1
1701043460.323583 2974 -1
1701043460.323814 54 1
1701043460.325731 2974 -1
1701043460.325774 54 1
1701043460.326752 2974 -1
1701043460.326786 54 1
1701043460.328369 2974 -1
1701043460.328421 54 1
1701043460.329970 2974 -1
1701043460.330014 54 1
1701043460.331802 2974 -1
1701043460.331849 54 1
1701043460.333210 2974 -1
1701043460.333270 54 1
1701043460.334823 2974 -1
1701043460.334861 54 1
1701043460.336475 2974 -1
1701043460.336524 54 1
1701043460.338024 1798 -1
1701043460.338087 54 1
1701043460.452410 60 -1
1701043461.858671 220 1
1701043461.861078 227 1
1701043461.861174 229 1
1701043461.861245 222 1
1701043461.861935 220 1
1701043461.963061 60 -1
1701043461.965970 60 -1
1701043461.965970 60 -1
1701043461.965970 60 -1
1701043461.970400 1192 -1
1701043461.971004 456 -1
1701043461.971004 2974 -1
1701043461.971046 54 1
1701043461.980720 2956 -1
1701043461.980720 1514 -1
1701043461.980720 1514 -1
1701043461.980720 2974 -1
1701043461.980720 2974 -1
1701043461.980720 2974 -1
1701043461.980720 2974 -1
1701043461.980966 54 1
1701043461.981947 2974 -1
1701043461.981983 54 1
1701043461.983566 2974 -1
1701043461.983757 54 1
1701043461.985878 2974 -1
1701043461.985962 54 1
1701043461.987682 60 -1
1701043461.987682 1514 -1
1701043461.987682 1514 -1
1701043461.987743 54 1
1701043461.988424 2974 -1
1701043461.988462 54 1
1701043461.989930 2974 -1
1701043461.989979 54 1
1701043461.993259 2974 -1
1701043461.993259 2974 -1
1701043461.993367 54 1
1701043461.994914 2974 -1
1701043461.994971 54 1
1701043461.996853 2974 -1
1701043461.996927 54 1
1701043462.004612 2222 -1
1701043462.004748 54 1
1701043462.444296 1210 -1
1701043462.444521 309 -1
1701043462.444780 54 1
1701043462.444837 862 -1
1701043462.495560 54 1
1701043462.589215 2974 -1
1701043462.589314 54 1
1701043462.589714 2974 -1
1701043462.589748 54 1
1701043462.591545 1217 -1
1701043462.592247 2109 -1
1701043462.592305 54 1
1701043463.509267 221 1
1701043463.517223 219 1
1701043463.517337 223 1
1701043463.517472 220 1
1701043463.517570 220 1
1701043463.613572 60 -1
1701043463.618911 1196 -1
1701043463.619043 452 -1
1701043463.619081 54 1
1701043463.619419 2974 -1
1701043463.619452 54 1
1701043463.620988 2974 -1
1701043463.621031 54 1
1701043463.622485 2744 -1
1701043463.622525 54 1
1701043463.623961 60 -1
1701043463.623961 60 -1
1701043463.623961 60 -1
1701043463.623961 60 -1
1701043463.626561 1172 -1
1701043463.626854 485 -1
1701043463.626883 54 1
1701043463.627226 1195 -1
1701043463.627889 2974 -1
1701043463.627931 54 1
1701043463.629364 2974 -1
1701043463.629401 54 1
1701043463.630942 2974 -1
1701043463.630991 54 1
1701043463.632530 2974 -1
1701043463.632569 54 1
1701043463.634160 2974 -1
1701043463.634205 54 1
1701043463.636090 2974 -1
1701043463.636144 54 1
1701043463.637399 1514 -1
1701043463.637399 1514 -1
1701043463.637445 54 1
1701043463.638946 1514 -1
1701043463.638946 1514 -1
1701043463.638994 54 1
1701043463.640739 2974 -1
1701043463.641141 54 1
1701043463.642239 2974 -1
1701043463.642300 54 1
1701043463.643843 2974 -1
1701043463.643886 54 1
1701043463.645364 2974 -1
1701043463.645418 54 1
1701043463.646973 2974 -1
1701043463.647011 54 1
1701043463.648572 674 -1
1701043463.648624 54 1
1701043463.791397 1245 -1
1701043463.791397 107 -1
1701043463.791397 449 -1
1701043463.791533 54 1
1701043463.806261 2974 -1
1701043463.806355 54 1
1701043463.806945 1601 -1
1701043463.806991 54 1
1701043463.807869 2974 -1
1701043463.807917 54 1
1701043463.809271 2974 -1
1701043463.809309 54 1
1701043463.810914 2389 -1
1701043463.810979 54 1
1701043463.864997 54 1
1701043463.971456 78 -1
1701043463.971456 60 -1
1701043463.971569 54 1
1701043465.696096 66 1
1701043465.796395 66 -1
1701043465.796555 54 1
1701043465.799868 870 1
1701043465.898843 60 -1
1701043465.899154 318 -1
1701043465.900058 134 1
1701043465.900401 146 1
1701043465.901042 575 1
1701043465.901135 222 1
1701043465.901211 224 1
1701043465.901270 224 1
1701043465.901324 220 1
1701043465.999521 60 -1
1701043465.999521 341 -1
1701043465.999521 60 -1
1701043465.999521 115 -1
1701043465.999521 85 -1
1701043466.000104 54 1
1701043466.000241 60 -1
1701043466.000241 60 -1
1701043466.000241 60 -1
1701043466.000241 60 -1
1701043466.000241 60 -1
1701043466.000296 85 1
1701043466.004743 1194 -1
1701043466.004826 54 1
1701043466.004901 448 -1
1701043466.004924 54 1
1701043466.005161 1194 -1
1701043466.005179 54 1
1701043466.005876 1514 -1
1701043466.005876 1514 -1
1701043466.005907 54 1
1701043466.007382 2974 -1
1701043466.007423 54 1
1701043466.008988 2974 -1
1701043466.009024 54 1
1701043466.010835 2974 -1
1701043466.010871 54 1
1701043466.011911 2974 -1
1701043466.011940 54 1
1701043466.013649 1514 -1
1701043466.013649 1514 -1
1701043466.013704 54 1
1701043466.015078 2974 -1
1701043466.015127 54 1
1701043466.017043 2974 -1
1701043466.017077 54 1
1701043466.022155 2974 -1
1701043466.022155 2974 -1
1701043466.023006 54 1
1701043466.023182 2974 -1
1701043466.023182 2974 -1
1701043466.023231 54 1
1701043466.024499 2974 -1
1701043466.024533 54 1
1701043466.025934 2974 -1
1701043466.025978 54 1
1701043466.027494 2974 -1
1701043466.027537 54 1
1701043466.029339 2974 -1
1701043466.029390 54 1
1701043466.030623 2974 -1
1701043466.030665 54 1
1701043466.032372 2974 -1
1701043466.032477 54 1
1701043466.034056 2974 -1
1701043466.034096 54 1
1701043466.035319 2974 -1
1701043466.035351 54 1
1701043466.098892 2974 -1
1701043466.098993 54 1
1701043466.099987 2974 -1
1701043466.100017 54 1
1701043466.101303 2974 -1
1701043466.101332 54 1
1701043466.102825 60 -1
1701043466.103529 1514 -1
1701043466.103577 1514 -1
1701043466.103595 54 1
1701043466.104480 2974 -1
1701043466.104514 54 1
1701043466.106025 514 -1
1701043466.157695 54 1
1701043467.326168 223 1
1701043467.329311 222 1
1701043467.330530 221 1
1701043467.330867 220 1
1701043467.330963 221 1
1701043467.425106 60 -1
1701043467.428237 60 -1
1701043467.429201 60 -1
1701043467.429562 60 -1
1701043467.429594 60 -1
1701043467.430941 1169 -1
1701043467.431057 491 -1
1701043467.431089 54 1
1701043467.432276 2974 -1
1701043467.432314 54 1
1701043467.432917 2974 -1
1701043467.432961 54 1
1701043467.434316 2974 -1
1701043467.434354 54 1
1701043467.435732 2974 -1
1701043467.435774 54 1
1701043467.437025 2974 -1
1701043467.437057 54 1
1701043467.438421 2974 -1
1701043467.438472 54 1
1701043467.439844 2974 -1
1701043467.439894 54 1
1701043467.441308 2974 -1
1701043467.441339 54 1
1701043467.442495 2974 -1
1701043467.442529 54 1
1701043467.444266 2974 -1
1701043467.444309 54 1
1701043467.445452 2974 -1
1701043467.445488 54 1
1701043467.446578 2974 -1
1701043467.446737 54 1
1701043467.447953 2974 -1
1701043467.447990 54 1
1701043467.450195 2974 -1
1701043467.450244 54 1
1701043467.450770 2974 -1
1701043467.450800 54 1
1701043467.452181 2974 -1
1701043467.452220 54 1
1701043467.453519 2055 -1
1701043467.453573 54 1
1701043467.956028 1212 -1
1701043467.964994 304 -1
1701043467.964994 870 -1
1701043467.965171 54 1
1701043468.096059 2974 -1
1701043468.096147 54 1
1701043468.096213 1543 -1
1701043468.096239 54 1
1701043468.953312 228 1
1701043468.954092 218 1
1701043468.960302 221 1
1701043468.960440 225 1
1701043468.960657 220 1
1701043469.053128 60 -1
1701043469.058161 1195 -1
1701043469.058161 457 -1
1701043469.058161 1514 -1
1701043469.058161 1514 -1
1701043469.058308 54 1
1701043469.077484 2974 -1
1701043469.077484 2974 -1
1701043469.077484 60 -1
1701043469.077484 564 -1
1701043469.077484 1237 -1
1701043469.077484 440 -1
1701043469.077484 2974 -1
1701043469.077484 2974 -1
1701043469.077484 2974 -1
1701043469.077484 2904 -1
1701043469.077484 2974 -1
1701043469.077484 2974 -1
1701043469.077484 2974 -1
1701043469.077484 2974 -1
1701043469.077484 2974 -1
1701043469.077484 2974 -1
1701043469.077484 2974 -1
1701043469.077872 54 1
1701043469.092500 2974 -1
1701043469.092500 2974 -1
1701043469.092500 1677 -1
1701043469.093095 54 1
1701043469.836912 1243 -1
1701043469.837115 104 -1
1701043469.837115 454 -1
1701043469.837146 54 1
1701043469.988846 2974 -1
1701043469.988938 54 1
1701043469.989981 2974 -1
1701043469.990026 54 1
1701043469.990858 1716 -1
1701043469.990858 2109 -1
1701043469.990916 54 1
1701043471.690816 219 1
1701043471.691237 221 1
1701043471.691329 219 1
1701043471.691442 223 1
1701043471.692796 222 1
1701043471.791131 60 -1
1701043471.794862 1198 -1
1701043471.794862 449 -1
1701043471.794959 54 1
1701043471.795176 2974 -1
1701043471.795203 54 1
1701043471.796886 2974 -1
1701043471.797065 54 1
1701043471.798283 2974 -1
1701043471.798320 54 1
1701043471.799088 1514 -1
1701043471.799088 1514 -1
1701043471.799162 66 1
1701043471.799208 54 1
1701043471.800357 2974 -1
1701043471.800388 54 1
1701043471.801812 2974 -1
1701043471.801849 54 1
1701043471.803057 2974 -1
1701043471.803085 54 1
1701043471.804451 2974 -1
1701043471.804479 54 1
1701043471.805947 2974 -1
1701043471.805987 54 1
1701043471.807291 89 1
1701043471.810551 2974 -1
1701043471.810551 1514 -1
1701043471.810551 1514 -1
1701043471.810551 2974 -1
1701043471.810689 54 1
1701043471.811321 2974 -1
1701043471.811355 54 1
1701043471.812782 1514 -1
1701043471.812782 1514 -1
1701043471.812823 54 1
1701043471.814080 2974 -1
1701043471.814113 54 1
1701043471.815594 2974 -1
1701043471.815633 54 1
1701043471.816905 2974 -1
1701043471.816936 54 1
1701043471.818123 2974 -1
1701043471.818157 54 1
1701043471.820484 2974 -1
1701043471.820550 54 1
1701043471.821432 2974 -1
1701043471.821481 54 1
1701043471.822187 2974 -1
1701043471.822215 54 1
1701043471.824391 2974 -1
1701043471.824463 54 1
1701043471.825002 2974 -1
1701043471.825030 54 1
1701043471.826338 2974 -1
1701043471.826380 54 1
1701043471.828071 2744 -1
1701043471.828121 54 1
1701043471.950102 60 -1
1701043473.883201 54 1
1701043473.983452 60 -1
1701043473.983452 78 -1
1701043473.983527 54 1
1701043473.983597 54 1
1701043476.162276 66 1
1701043476.261130 66 -1
1701043476.261314 54 1
1701043476.262282 902 1
1701043476.361295 60 -1
1701043476.361904 318 -1
1701043476.362992 134 1
1701043476.363407 146 1
1701043476.364085 574 1
1701043476.364197 222 1
1701043476.364295 221 1
1701043476.364391 220 1
1701043476.364502 219 1
1701043476.463805 60 -1
1701043476.463805 341 -1
1701043476.463805 60 -1
1701043476.463805 115 -1
1701043476.463805 85 -1
1701043476.463805 60 -1
1701043476.463805 60 -1
1701043476.463805 60 -1
1701043476.463805 60 -1
1701043476.463805 60 -1
1701043476.463968 54 1
1701043476.464573 85 1
1701043476.467469 1195 -1
1701043476.467469 453 -1
1701043476.467561 54 1
1701043476.467931 2974 -1
1701043476.467966 54 1
1701043476.469129 2974 -1
1701043476.469187 54 1
1701043476.470658 2974 -1
1701043476.470942 54 1
1701043476.472194 2974 -1
1701043476.472232 54 1
1701043476.474072 2974 -1
1701043476.474213 54 1
1701043476.475220 2974 -1
1701043476.475272 54 1
1701043476.476953 2974 -1
1701043476.477008 54 1
1701043476.478977 2974 -1
1701043476.479049 54 1
1701043476.479993 2974 -1
1701043476.480044 54 1
1701043476.481625 2974 -1
1701043476.481699 54 1
1701043476.483757 2974 -1
1701043476.483826 54 1
1701043476.484450 2974 -1
1701043476.484481 54 1
1701043476.487079 2974 -1
1701043476.487110 54 1
1701043476.487874 2974 -1
1701043476.487904 54 1
1701043476.488920 2974 -1
1701043476.488956 54 1
1701043476.490430 2974 -1
1701043476.490474 54 1
1701043476.491967 2974 -1
1701043476.492027 54 1
1701043476.493465 2974 -1
1701043476.493507 54 1
1701043476.499427 2974 -1
1701043476.499427 2974 -1
1701043476.499427 1514 -1
1701043476.499532 54 1
1701043476.563609 2974 -1
1701043476.563609 2974 -1
1701043476.563741 54 1
1701043476.565059 2974 -1
1701043476.565101 54 1
1701043476.566527 60 -1
1701043476.566527 2974 -1
1701043476.566596 54 1
1701043476.568151 1514 -1
1701043476.568151 1514 -1
1701043476.568202 54 1
1701043476.569539 2974 -1
1701043476.569578 54 1
1701043476.572641 1194 -1
1701043476.613229 54 1
1701043477.806317 219 1
1701043477.808383 221 1
1701043477.810388 224 1
1701043477.810464 222 1
1701043477.810547 219 1
1701043477.915073 1163 -1
1701043477.915073 493 -1
1701043477.915073 2974 -1
1701043477.915073 2974 -1
1701043477.915073 2974 -1
1701043477.915073 1061 -1
1701043477.915073 60 -1
1701043477.915073 1205 -1
1701043477.915073 445 -1
1701043477.915073 2974 -1
1701043477.915267 54 1
1701043477.916270 1514 -1
1701043477.916270 1514 -1
1701043477.916298 54 1
1701043477.917557 2974 -1
1701043477.917609 54 1
1701043477.918930 2974 -1
1701043477.918967 54 1
1701043477.920239 2974 -1
1701043477.920284 54 1
1701043477.921588 2974 -1
1701043477.921632 54 1
1701043477.922982 2974 -1
1701043477.923048 54 1
1701043477.924340 2974 -1
1701043477.924377 54 1
1701043477.925726 2974 -1
1701043477.925765 54 1
1701043477.927122 2974 -1
1701043477.927165 54 1
1701043477.928952 2974 -1
1701043477.929006 54 1
1701043477.929959 2974 -1
1701043477.929992 54 1
1701043477.931338 2974 -1
1701043477.931399 54 1
1701043477.932620 2974 -1
1701043477.932648 54 1
1701043477.934150 2974 -1
1701043477.934177 54 1
1701043477.935380 1003 -1
1701043477.935407 54 1
1701043479.461420 230 1
1701043479.461578 220 1
1701043479.461665 222 1
1701043479.461796 220 1
1701043479.461883 223 1
1701043479.567315 60 -1
1701043479.567315 1170 -1
1701043479.567315 488 -1
1701043479.567315 2974 -1
1701043479.567315 2974 -1
1701043479.567315 2974 -1
1701043479.567467 54 1
1701043479.569264 1514 -1
1701043479.569264 1514 -1
1701043479.569321 54 1
1701043479.570686 1514 -1
1701043479.570686 1514 -1
1701043479.570751 54 1
1701043479.583643 2974 -1
1701043479.583643 1514 -1
1701043479.583643 1514 -1
1701043479.583643 2974 -1
1701043479.583643 2974 -1
1701043479.583643 2974 -1
1701043479.583643 2974 -1
1701043479.583643 2974 -1
1701043479.583643 2974 -1
1701043479.583643 2974 -1
1701043479.583643 2974 -1
1701043479.584074 54 1
1701043479.585002 2974 -1
1701043479.585032 54 1
1701043479.599315 2974 -1
1701043479.599315 2974 -1
1701043479.599315 2974 -1
1701043479.599315 2974 -1
1701043479.599315 2644 -1
1701043479.599454 54 1
1701043481.636309 219 1
1701043481.641173 220 1
1701043481.641621 221 1
1701043481.641755 220 1
1701043481.642035 220 1
1701043481.739938 60 -1
1701043481.741184 60 -1
1701043481.742348 1194 -1
1701043481.742585 455 -1
1701043481.742618 54 1
1701043481.743013 2974 -1
1701043481.743036 54 1
1701043481.744129 89 1
1701043481.744203 2974 -1
1701043481.744274 54 1
1701043481.745612 2974 -1
1701043481.745656 54 1
1701043481.746976 2974 -1
1701043481.747018 54 1
1701043481.748339 2974 -1
1701043481.748420 54 1
1701043481.749783 2974 -1
1701043481.749822 54 1
1701043481.751106 2974 -1
1701043481.751158 54 1
1701043481.752535 2974 -1
1701043481.752570 54 1
1701043481.754430 2974 -1
1701043481.754497 54 1
1701043481.763370 2974 -1
1701043481.763370 2974 -1
1701043481.763370 1514 -1
1701043481.763370 1514 -1
1701043481.763370 1514 -1
1701043481.763370 1514 -1
1701043481.763370 2974 -1
1701043481.763370 2974 -1
1701043481.763549 54 1
1701043481.769686 2974 -1
1701043481.769686 2974 -1
1701043481.769686 2974 -1
1701043481.769686 2974 -1
1701043481.769686 2974 -1
1701043481.769826 54 1
1701043481.779949 87 -1
1701043481.832686 54 1
1701043481.886482 60 -1
1701043483.319922 220 1
1701043483.320050 221 1
1701043483.320136 221 1
1701043483.320212 220 1
1701043483.320410 219 1
1701043483.419584 60 -1
1701043483.419584 60 -1
1701043483.419584 60 -1
1701043483.419584 60 -1
1701043483.419584 60 -1
1701043483.422479 1192 -1
1701043483.426183 1170 -1
1701043483.426183 2974 -1
1701043483.426183 2974 -1
1701043483.426183 1514 -1
1701043483.426183 1514 -1
1701043483.426364 66 1
1701043483.426441 54 1
1701043483.427254 2974 -1
1701043483.427287 54 1
1701043483.428684 2974 -1
1701043483.428955 54 1
1701043483.435026 1514 -1
1701043483.435026 1514 -1
1701043483.435026 2974 -1
1701043483.435026 2974 -1
1701043483.435026 2974 -1
1701043483.435159 54 1
1701043483.435701 2974 -1
1701043483.435764 54 1
1701043483.436915 2974 -1
1701043483.436963 54 1
1701043483.438285 2974 -1
1701043483.438329 54 1
1701043483.441161 2974 -1
1701043483.441161 2974 -1
1701043483.441234 54 1
1701043483.442388 1514 -1
1701043483.442388 1514 -1
1701043483.442427 54 1
1701043483.443964 2974 -1
1701043483.444009 54 1
1701043483.445160 2974 -1
1701043483.445218 54 1
1701043483.446579 699 -1
1701043483.487399 54 1
1701043483.898137 54 1
1701043483.997475 78 -1
1701043483.997475 60 -1
1701043483.997614 54 1
1701043484.983739 66 1
1701043485.084480 66 -1
1701043485.084665 54 1
1701043485.085801 870 1
1701043485.187070 60 -1
1701043485.187070 318 -1
1701043485.187992 134 1
1701043485.188443 146 1
1701043485.189105 582 1
1701043485.189189 220 1
1701043485.189324 221 1
1701043485.189414 220 1
1701043485.189509 221 1
1701043485.289509 60 -1
1701043485.289509 60 -1
1701043485.289509 60 -1
1701043485.289509 60 -1
1701043485.289509 60 -1
1701043485.289509 60 -1
1701043485.289509 60 -1
1701043485.289509 341 -1
1701043485.291319 115 -1
1701043485.291319 85 -1
1701043485.291397 54 1
1701043485.291685 85 1
1701043485.291985 1206 -1
1701043485.292027 54 1
1701043485.292700 447 -1
1701043485.292700 1222 -1
1701043485.292869 54 1
1701043485.293101 2974 -1
1701043485.293146 54 1
1701043485.294704 2974 -1
1701043485.294764 54 1
1701043485.296180 2974 -1
1701043485.296253 54 1
1701043485.298201 2974 -1
1701043485.298286 54 1
1701043485.299727 2974 -1
1701043485.299891 54 1
1701043485.301099 2974 -1
1701043485.301142 54 1
1701043485.302574 2974 -1
1701043485.302627 54 1
1701043485.304073 2974 -1
1701043485.304115 54 1
1701043485.305670 2974 -1
1701043485.305732 54 1
1701043485.308942 2974 -1
1701043485.308942 2974 -1
1701043485.309036 54 1
1701043485.312198 2974 -1
1701043485.312263 54 1
1701043485.312349 2974 -1
1701043485.312375 54 1
1701043485.314260 2974 -1
1701043485.314298 54 1
1701043485.315491 2974 -1
1701043485.315540 54 1
1701043485.323063 1555 -1
1701043485.323156 54 1
1701043485.394916 60 -1
1701043487.156010 219 1
1701043487.167133 219 1
1701043487.167298 220 1
1701043487.167398 219 1
1701043487.167584 221 1
1701043487.265199 60 -1
1701043487.275165 1206 -1
1701043487.275165 447 -1
1701043487.275165 2974 -1
1701043487.275165 2974 -1
1701043487.275165 2119 -1
1701043487.275165 60 -1
1701043487.275165 60 -1
1701043487.275165 60 -1
1701043487.275165 60 -1
1701043487.275342 54 1
1701043487.278718 1206 -1
1701043487.278718 449 -1
1701043487.278718 2974 -1
1701043487.278822 54 1
1701043487.279067 1514 -1
1701043487.279067 1514 -1
1701043487.279104 54 1
1701043487.281084 2974 -1
1701043487.281134 54 1
1701043487.282283 2974 -1
1701043487.282334 54 1
1701043487.284629 2974 -1
1701043487.284701 54 1
1701043487.285553 2974 -1
1701043487.285658 54 1
1701043487.287804 2974 -1
1701043487.287923 54 1
1701043487.288385 2974 -1
1701043487.288423 54 1
1701043487.290002 2974 -1
1701043487.290073 54 1
1701043487.292174 2974 -1
1701043487.292236 54 1
1701043487.293263 2974 -1
1701043487.293304 54 1
1701043487.294627 2974 -1
1701043487.294682 54 1
1701043487.296396 2974 -1
1701043487.296456 54 1
1701043487.297857 2974 -1
1701043487.297973 54 1
1701043487.299256 2974 -1
1701043487.299312 54 1
1701043487.301482 2974 -1
1701043487.301570 54 1
1701043487.302515 2974 -1
1701043487.302564 54 1
1701043487.305046 2974 -1
1701043487.305164 54 1
1701043487.305521 2974 -1
1701043487.305568 54 1
1701043487.307395 2974 -1
1701043487.307466 54 1
1701043487.308638 2974 -1
1701043487.308713 54 1
1701043487.310278 1626 -1
1701043487.310353 54 1
1701043493.290865 54 1
