1701046215.818612 66 1
1701046215.918463 66 -1
1701046215.918575 54 1
1701046215.940958 599 1
1701046215.942842 66 1
1701046216.040787 60 -1
1701046216.042244 2974 -1
1701046216.042291 54 1
1701046216.042584 956 -1
1701046216.049491 66 -1
1701046216.049617 54 1
1701046216.050024 134 1
1701046216.053811 663 1
1701046216.055982 146 1
1701046216.056125 54 1
1701046216.065685 574 1
1701046216.065801 219 1
1701046216.150780 60 -1
1701046216.151356 341 -1
1701046216.151356 341 -1
1701046216.151408 54 1
1701046216.152471 219 1
1701046216.152559 220 1
1701046216.152637 219 1
1701046216.152738 219 1
1701046216.152848 220 1
1701046216.152997 227 1
1701046216.161108 226 1
1701046216.161247 220 1
1701046216.161322 219 1
1701046216.161403 225 1
1701046216.161532 221 1
1701046216.161636 219 1
1701046216.163430 219 1
1701046216.163566 220 1
1701046216.164826 60 -1
1701046216.164826 2974 -1
1701046216.164826 957 -1
1701046216.164912 54 1
1701046216.169321 60 -1
1701046216.169321 115 -1
1701046216.169321 85 -1
1701046216.169321 60 -1
1701046216.169321 1176 -1
1701046216.169321 473 -1
1701046216.169467 54 1
1701046216.170473 85 1
1701046216.172705 60 -1
1701046216.179492 2974 -1
1701046216.179492 1514 -1
1701046216.179492 1514 -1
1701046216.179492 2974 -1
1701046216.179492 2708 -1
1701046216.179645 54 1
1701046216.180167 60 -1
1701046216.182416 1202 -1
1701046216.182944 439 -1
1701046216.182944 2974 -1
1701046216.183003 54 1
1701046216.184726 2974 -1
1701046216.184769 54 1
1701046216.188460 2974 -1
1701046216.188528 54 1
1701046216.205103 2679 -1
1701046216.205190 54 1
1701046216.218281 66 1
1701046216.218730 66 1
1701046216.254897 60 -1
1701046216.254897 60 -1
1701046216.257943 1145 -1
1701046216.258502 529 -1
1701046216.258530 54 1
1701046216.258880 2974 -1
1701046216.258905 54 1
1701046216.260516 2974 -1
1701046216.260550 54 1
1701046216.262275 2974 -1
1701046216.262311 54 1
1701046216.266787 2974 -1
1701046216.266787 2974 -1
1701046216.266880 54 1
1701046216.271837 2974 -1
1701046216.271837 60 -1
1701046216.271837 60 -1
1701046216.271837 2974 -1
1701046216.271837 2974 -1
1701046216.272022 54 1
1701046216.276731 2974 -1
1701046216.276731 2974 -1
1701046216.276731 2974 -1
1701046216.276849 54 1
1701046216.281208 2974 -1
1701046216.281208 2974 -1
1701046216.281333 54 1
1701046216.283814 1514 -1
1701046216.283814 1514 -1
1701046216.283848 54 1
1701046216.284121 2974 -1
1701046216.284157 54 1
1701046216.288817 2974 -1
1701046216.288817 2974 -1
1701046216.288893 54 1
1701046216.289536 2974 -1
1701046216.289580 54 1
1701046216.291360 2974 -1
1701046216.291396 54 1
1701046216.292725 2974 -1
1701046216.292758 54 1
1701046216.295032 2974 -1
1701046216.295066 54 1
1701046216.296504 2974 -1
1701046216.296571 54 1
1701046216.298082 2974 -1
1701046216.298116 54 1
1701046216.300039 2974 -1
1701046216.300107 54 1
1701046216.301830 2974 -1
1701046216.301872 54 1
1701046216.303785 2974 -1
1701046216.303821 54 1
1701046216.305728 2974 -1
1701046216.305769 54 1
1701046216.307658 2974 -1
1701046216.307696 54 1
1701046216.309461 2974 -1
1701046216.309529 54 1
1701046216.310816 2974 -1
1701046216.310849 54 1
1701046216.312507 2974 -1
1701046216.312589 54 1
1701046216.314292 2974 -1
1701046216.314335 54 1
1701046216.316084 2974 -1
1701046216.316126 54 1
1701046216.317192 66 -1
1701046216.317288 54 1
1701046216.317911 2974 -1
1701046216.317955 54 1
1701046216.319034 66 -1
1701046216.319131 54 1
1701046216.337279 54 1
1701046216.342986 614 1
1701046216.343519 582 1
1701046216.349052 66 1
1701046216.349699 66 1
1701046216.350358 66 1
1701046216.350984 66 1
1701046216.375148 2974 -1
1701046216.375148 2974 -1
1701046216.375148 2974 -1
1701046216.375148 2974 -1
1701046216.375148 2974 -1
1701046216.375148 1514 -1
1701046216.375148 1514 -1
1701046216.375148 2974 -1
1701046216.375148 2974 -1
1701046216.375148 2974 -1
1701046216.375148 2974 -1
1701046216.375361 54 1
1701046216.378854 2974 -1
1701046216.378854 2974 -1
1701046216.378949 54 1
1701046216.379057 2974 -1
1701046216.379085 54 1
1701046216.401590 2803 -1
1701046216.401590 2974 -1
1701046216.401590 2974 -1
1701046216.401590 2974 -1
1701046216.401590 2974 -1
1701046216.401590 2974 -1
1701046216.401590 2974 -1
1701046216.401590 2974 -1
1701046216.401590 2974 -1
1701046216.401590 2974 -1
1701046216.401590 2974 -1
1701046216.401590 2974 -1
1701046216.401590 2974 -1
1701046216.401836 54 1
1701046216.402752 1514 -1
1701046216.402802 1514 -1
1701046216.402824 54 1
1701046216.404138 2974 -1
1701046216.404173 54 1
1701046216.408137 2974 -1
1701046216.408137 2974 -1
1701046216.408235 54 1
1701046216.408583 2974 -1
1701046216.408612 54 1
1701046216.410140 2974 -1
1701046216.410191 54 1
1701046216.411491 2974 -1
1701046216.411522 54 1
1701046216.412748 2974 -1
1701046216.412785 54 1
1701046216.412883 54 1
1701046216.422110 2974 -1
1701046216.422110 2974 -1
1701046216.422110 1514 -1
1701046216.422110 1514 -1
1701046216.422110 2974 -1
1701046216.422110 2974 -1
1701046216.422110 2974 -1
1701046216.422282 54 1
1701046216.422385 2974 -1
1701046216.422411 54 1
1701046216.429591 1177 -1
1701046216.442037 60 -1
1701046216.442563 2974 -1
1701046216.442617 54 1
1701046216.442683 1230 -1
1701046216.443818 60 -1
1701046216.444318 2974 -1
1701046216.444385 54 1
1701046216.444459 1230 -1
1701046216.444469 1514 -1
1701046216.444492 54 1
1701046216.446398 1514 -1
1701046216.446431 54 1
1701046216.458261 66 -1
1701046216.458392 54 1
1701046216.463914 66 -1
1701046216.464064 54 1
1701046216.470461 54 1
1701046216.473081 54 1
1701046216.487331 646 1
1701046216.487859 678 1
1701046216.488542 66 -1
1701046216.488542 66 -1
1701046216.488680 54 1
1701046216.488722 54 1
1701046216.507392 614 1
1701046216.508025 678 1
1701046216.541596 226 -1
1701046216.544835 226 -1
1701046216.572421 134 1
1701046216.573102 134 1
1701046216.579405 54 1
1701046216.587846 146 1
1701046216.596796 60 -1
1701046216.596796 2974 -1
1701046216.596796 1230 -1
1701046216.596901 54 1
1701046216.598682 1514 -1
1701046216.598725 54 1
1701046216.602819 60 -1
1701046216.602819 2974 -1
1701046216.602819 1230 -1
1701046216.602819 1514 -1
1701046216.602931 54 1
1701046216.609053 472 1
1701046216.609299 170 1
1701046216.611072 66 1
1701046216.619419 60 -1
1701046216.619910 2974 -1
1701046216.619989 54 1
1701046216.620057 1230 -1
1701046216.622419 1514 -1
1701046216.622419 60 -1
1701046216.622479 54 1
1701046216.623928 2974 -1
1701046216.623928 1230 -1
1701046216.623991 54 1
1701046216.627404 1514 -1
1701046216.627458 54 1
1701046216.680192 60 -1
1701046216.680192 357 -1
1701046216.680192 357 -1
1701046216.680292 54 1
1701046216.691616 93 -1
1701046216.691616 78 -1
1701046216.691616 60 -1
1701046216.708570 226 -1
1701046216.709595 60 -1
1701046216.712511 60 -1
1701046216.712511 357 -1
1701046216.712511 357 -1
1701046216.712511 115 -1
1701046216.712511 85 -1
1701046216.712511 60 -1
1701046216.712511 60 -1
1701046216.712511 938 -1
1701046216.712626 54 1
1701046216.712712 238 -1
1701046216.712712 970 -1
1701046216.712750 54 1
1701046216.713375 2974 -1
1701046216.713409 54 1
1701046216.715104 226 -1
1701046216.715218 2974 -1
1701046216.715248 54 1
1701046216.717083 2974 -1
1701046216.717122 54 1
1701046216.717761 66 -1
1701046216.717881 54 1
1701046216.719068 2974 -1
1701046216.719113 54 1
1701046216.725373 2974 -1
1701046216.725447 54 1
1701046216.727424 978 -1
1701046216.727460 54 1
1701046216.733042 226 -1
1701046216.739991 226 -1
1701046216.747814 134 1
1701046216.751033 134 1
1701046216.751919 631 1
1701046216.755588 134 1
1701046216.760995 134 1
1701046216.763272 85 1
1701046216.763758 54 1
1701046216.764069 54 1
1701046216.764462 54 1
1701046216.764688 146 1
1701046216.765591 513 1
1701046216.765679 168 1
1701046216.765759 170 1
1701046216.765860 171 1
1701046216.765965 176 1
1701046216.856282 60 -1
1701046216.856282 357 -1
1701046216.856282 357 -1
1701046216.856396 54 1
1701046216.865416 60 -1
1701046216.865416 2974 -1
1701046216.865416 957 -1
1701046216.865535 54 1
1701046216.869136 60 -1
1701046216.869136 60 -1
1701046216.869136 357 -1
1701046216.869136 357 -1
1701046216.869277 54 1
1701046216.875830 134 1
1701046216.876428 146 1
1701046216.876764 547 1
1701046216.877490 60 -1
1701046216.877490 60 -1
1701046216.877490 60 -1
1701046216.877490 60 -1
1701046216.877490 60 -1
1701046216.877490 60 -1
1701046216.877490 115 -1
1701046216.877490 85 -1
1701046216.877490 941 -1
1701046216.877490 2974 -1
1701046216.877653 54 1
1701046216.879529 85 1
1701046216.887819 60 -1
1701046216.887819 357 -1
1701046216.887819 357 -1
1701046216.887819 60 -1
1701046216.887819 357 -1
1701046216.887819 357 -1
1701046216.887819 93 -1
1701046216.887819 78 -1
1701046216.887819 60 -1
1701046216.887819 93 -1
1701046216.887819 78 -1
1701046216.887819 60 -1
1701046216.888124 54 1
1701046216.888284 54 1
1701046216.888332 93 -1
1701046216.888332 78 -1
1701046216.888332 60 -1
1701046216.888346 2974 -1
1701046216.888346 2974 -1
1701046216.888346 2974 -1
1701046216.888346 2974 -1
1701046216.888346 2974 -1
1701046216.888346 2974 -1
1701046216.888438 54 1
1701046216.891479 2974 -1
1701046216.891561 54 1
1701046216.899418 2974 -1
1701046216.899418 2974 -1
1701046216.899418 1514 -1
1701046216.899418 1514 -1
1701046216.899418 2974 -1
1701046216.899552 54 1
1701046216.905734 2974 -1
1701046216.905734 2974 -1
1701046216.905734 2974 -1
1701046216.905840 54 1
1701046216.906722 2974 -1
1701046216.906761 54 1
1701046216.908482 2974 -1
1701046216.908539 54 1
1701046216.912314 2974 -1
1701046216.912383 54 1
1701046216.912589 2974 -1
1701046216.912628 54 1
1701046216.914345 2974 -1
1701046216.914392 54 1
1701046216.916961 1514 -1
1701046216.917017 54 1
1701046216.972138 2974 -1
1701046216.972138 2974 -1
1701046216.981501 54 1
1701046216.991464 60 -1
1701046216.991464 60 -1
1701046216.991464 60 -1
1701046216.991464 341 -1
1701046216.991464 341 -1
1701046216.991585 54 1
1701046216.993528 115 -1
1701046216.993528 85 -1
1701046216.993574 54 1
1701046216.993855 85 1
1701046216.995827 1045 -1
1701046216.995827 765 -1
1701046216.995894 54 1
1701046216.996838 2974 -1
1701046216.996882 54 1
1701046216.998030 2974 -1
1701046216.998084 54 1
1701046217.000146 536 -1
1701046217.002058 2974 -1
1701046217.002058 2974 -1
1701046217.002058 1514 -1
1701046217.002058 2974 -1
1701046217.002165 54 1
1701046217.008357 2974 -1
1701046217.008357 2974 -1
1701046217.008357 2974 -1
1701046217.008357 2974 -1
1701046217.008472 54 1
1701046217.011430 1514 -1
1701046217.011430 1514 -1
1701046217.011504 54 1
1701046217.012401 2974 -1
1701046217.012437 54 1
1701046217.014338 2974 -1
1701046217.014390 54 1
1701046217.016443 2974 -1
1701046217.016522 54 1
1701046217.018529 2974 -1
1701046217.018604 54 1
1701046217.020520 2974 -1
1701046217.020579 54 1
1701046217.023376 2974 -1
1701046217.023455 54 1
1701046217.024482 2974 -1
1701046217.024529 54 1
1701046217.026375 2974 -1
1701046217.026405 54 1
1701046217.028377 2974 -1
1701046217.028430 54 1
1701046217.030458 2974 -1
1701046217.030505 54 1
1701046217.032486 2974 -1
1701046217.032527 54 1
1701046217.034567 2974 -1
1701046217.034614 54 1
1701046217.036459 2974 -1
1701046217.036503 54 1
1701046217.038629 2974 -1
1701046217.038667 54 1
1701046217.041613 2974 -1
1701046217.041685 54 1
1701046217.042561 2974 -1
1701046217.042604 54 1
1701046217.044448 54 1
1701046217.044603 2974 -1
1701046217.044642 54 1
1701046217.046615 2974 -1
1701046217.046655 54 1
1701046217.048624 2974 -1
1701046217.048664 54 1
1701046217.050698 2974 -1
1701046217.050740 54 1
1701046217.052732 2974 -1
1701046217.052770 54 1
1701046217.056447 2974 -1
1701046217.056534 54 1
1701046217.089569 2974 -1
1701046217.089569 2974 -1
1701046217.089569 2974 -1
1701046217.089569 2974 -1
1701046217.089569 2974 -1
1701046217.089569 2974 -1
1701046217.089569 2974 -1
1701046217.089569 2974 -1
1701046217.089569 2974 -1
1701046217.089569 2974 -1
1701046217.089569 2974 -1
1701046217.089569 2974 -1
1701046217.089799 54 1
1701046217.096604 2974 -1
1701046217.096695 54 1
1701046217.097485 2974 -1
1701046217.097512 54 1
1701046217.099469 2974 -1
1701046217.099509 54 1
1701046217.100090 60 -1
1701046217.101362 2974 -1
1701046217.101414 54 1
1701046217.116471 2974 -1
1701046217.116546 54 1
1701046217.116992 2974 -1
1701046217.117021 54 1
1701046217.118807 2974 -1
1701046217.118856 54 1
1701046217.120504 2974 -1
1701046217.120534 54 1
1701046217.122207 2974 -1
1701046217.122252 54 1
1701046217.124050 2974 -1
1701046217.124099 54 1
1701046217.124443 198 1
1701046217.125850 2974 -1
1701046217.125893 54 1
1701046217.127495 2974 -1
1701046217.127535 54 1
1701046217.129151 2974 -1
1701046217.129203 54 1
1701046217.130888 2974 -1
1701046217.130950 54 1
1701046217.132587 2974 -1
1701046217.132619 54 1
1701046217.134331 2974 -1
1701046217.134361 54 1
1701046217.135957 2974 -1
1701046217.136001 54 1
1701046217.138126 2974 -1
1701046217.138173 54 1
1701046217.139397 2974 -1
1701046217.139437 54 1
1701046217.141097 2974 -1
1701046217.141125 54 1
1701046217.142807 2974 -1
1701046217.142851 54 1
1701046217.144439 2974 -1
1701046217.144489 54 1
1701046217.146320 1514 -1
1701046217.146320 1514 -1
1701046217.146353 54 1
1701046217.148271 2974 -1
1701046217.148326 54 1
1701046217.149555 2974 -1
1701046217.149598 54 1
1701046217.151613 2974 -1
1701046217.151654 54 1
1701046217.153030 2974 -1
1701046217.153073 54 1
1701046217.154797 2974 -1
1701046217.154846 54 1
1701046217.157004 2974 -1
1701046217.157070 54 1
1701046217.158166 2974 -1
1701046217.158469 54 1
1701046217.159707 2974 -1
1701046217.159764 54 1
1701046217.161941 2974 -1
1701046217.162011 54 1
1701046217.162836 2974 -1
1701046217.162906 54 1
1701046217.164408 2974 -1
1701046217.164454 54 1
1701046217.165872 2974 -1
1701046217.165921 54 1
1701046217.177605 1152 -1
1701046217.233057 60 -1
1701046217.233974 1002 -1
1701046217.234021 54 1
1701046217.234156 2974 -1
1701046217.234203 54 1
1701046217.235005 2974 -1
1701046217.235034 54 1
1701046217.236467 2974 -1
1701046217.236514 54 1
1701046217.236816 2974 -1
1701046217.236859 54 1
1701046217.237805 2974 -1
1701046217.237849 54 1
1701046217.238702 2974 -1
1701046217.238740 54 1
1701046217.248336 2974 -1
1701046217.248336 1585 -1
1701046217.248423 54 1
1701046218.662009 239 1
1701046218.742676 160 1
1701046218.742869 162 1
1701046218.742941 160 1
1701046218.744026 159 1
1701046218.744118 161 1
1701046218.744184 161 1
1701046218.771069 1000 -1
1701046218.771178 1791 -1
1701046218.771222 54 1
1701046218.841610 60 -1
1701046218.841716 60 -1
1701046218.841854 60 -1
1701046218.843029 722 -1
1701046218.843029 265 -1
1701046218.843109 54 1
1701046218.843179 60 -1
1701046218.843906 723 -1
1701046218.844041 266 -1
1701046218.844066 54 1
1701046218.844549 724 -1
1701046218.845025 268 -1
1701046218.845050 54 1
1701046218.845165 722 -1
1701046218.845607 1143 -1
1701046218.845635 54 1
1701046218.845922 723 -1
1701046218.846604 266 -1
1701046218.846629 54 1
1701046218.998601 165 1
1701046219.099481 937 -1
1701046219.099481 2974 -1
1701046219.099601 54 1
1701046219.101509 802 -1
1701046219.101576 54 1
1701046219.313615 169 1
1701046219.424195 965 -1
1701046219.424307 2741 -1
1701046219.424345 54 1
1701046221.762778 165 1
1701046221.874598 939 -1
1701046221.874598 1514 -1
1701046221.874598 1514 -1
1701046221.874598 2974 -1
1701046221.874598 2974 -1
1701046221.874598 2974 -1
1701046221.874758 54 1
1701046221.884555 2974 -1
1701046221.884555 2974 -1
1701046221.884555 2974 -1
1701046221.884555 2974 -1
1701046221.884555 2974 -1
1701046221.884555 2974 -1
1701046221.884555 2974 -1
1701046221.884555 2974 -1
1701046221.884555 2974 -1
1701046221.884555 2974 -1
1701046221.884555 2974 -1
1701046221.884555 2974 -1
1701046221.884792 54 1
1701046221.885051 2974 -1
1701046221.885085 54 1
1701046221.886168 2974 -1
1701046221.886208 54 1
1701046221.895645 2974 -1
1701046221.895645 2974 -1
1701046221.895645 2974 -1
1701046221.895645 2974 -1
1701046221.895645 1514 -1
1701046221.895645 1514 -1
1701046221.895645 2974 -1
1701046221.895645 2974 -1
1701046221.895645 2974 -1
1701046221.895645 2344 -1
1701046221.895819 54 1
1701046221.921029 89 1
1701046222.070032 60 -1
1701046223.510629 54 1
1701046223.511167 54 1
1701046223.512484 54 1
1701046223.513599 54 1
1701046223.619793 78 -1
1701046223.619793 60 -1
1701046223.619793 78 -1
1701046223.619793 60 -1
1701046223.619917 54 1
1701046223.620024 54 1
1701046223.622759 78 -1
1701046223.622759 60 -1
1701046223.623422 54 1
1701046223.629491 78 -1
1701046223.629491 60 -1
1701046223.629568 54 1
1701046224.566140 66 1
1701046224.680631 66 -1
1701046224.680736 54 1
1701046224.681577 997 1
1701046224.795363 60 -1
1701046224.806443 318 -1
1701046224.807176 134 1
1701046224.807490 146 1
1701046224.807739 505 1
1701046224.919358 60 -1
1701046224.919358 60 -1
1701046224.919358 60 -1
1701046224.919358 357 -1
1701046224.919849 115 -1
1701046224.919849 85 -1
1701046224.919849 937 -1
1701046224.919884 54 1
1701046224.920501 2974 -1
1701046224.920536 54 1
1701046224.920976 85 1
1701046224.922229 2974 -1
1701046224.922287 54 1
1701046224.924124 1563 -1
1701046224.924154 54 1
1701046225.029121 60 -1
1701046226.216752 66 1
1701046226.316902 66 -1
1701046226.317071 54 1
1701046226.317817 966 1
1701046226.417942 60 -1
1701046226.418389 318 -1
1701046226.419057 134 1
1701046226.419572 146 1
1701046226.419995 575 1
1701046226.420070 224 1
1701046226.420136 221 1
1701046226.420199 223 1
1701046226.519040 60 -1
1701046226.519121 341 -1
1701046226.519580 60 -1
1701046226.519580 115 -1
1701046226.519580 85 -1
1701046226.519628 54 1
1701046226.519877 85 1
1701046226.519951 60 -1
1701046226.519951 60 -1
1701046226.519993 60 -1
1701046226.520531 60 -1
1701046226.523513 1177 -1
1701046226.523578 54 1
1701046226.523863 478 -1
1701046226.523885 54 1
1701046226.524018 2974 -1
1701046226.524040 54 1
1701046226.525589 2974 -1
1701046226.525630 54 1
1701046226.527139 2974 -1
1701046226.527180 54 1
1701046226.528635 2974 -1
1701046226.528667 54 1
1701046226.530209 2974 -1
1701046226.530265 54 1
1701046226.531740 1514 -1
1701046226.531740 1514 -1
1701046226.531793 54 1
1701046226.533223 2974 -1
1701046226.533440 54 1
1701046226.534878 2974 -1
1701046226.534924 54 1
1701046226.539067 2974 -1
1701046226.539067 2974 -1
1701046226.539168 54 1
1701046226.539479 1514 -1
1701046226.539547 66 1
1701046226.539713 1514 -1
1701046226.539762 54 1
1701046226.540900 2974 -1
1701046226.540926 54 1
1701046226.542499 2974 -1
1701046226.542534 54 1
1701046226.544038 2974 -1
1701046226.544069 54 1
1701046226.545742 2974 -1
1701046226.545777 54 1
1701046226.547081 2974 -1
1701046226.547135 54 1
1701046226.548615 2974 -1
1701046226.548662 54 1
1701046226.550169 2974 -1
1701046226.550199 54 1
1701046226.551671 2974 -1
1701046226.551724 54 1
1701046226.553191 2974 -1
1701046226.553236 54 1
1701046226.554758 1514 -1
1701046226.554804 54 1
1701046226.619650 2974 -1
1701046226.619758 54 1
1701046226.620335 2974 -1
1701046226.620457 54 1
1701046226.621920 2974 -1
1701046226.621957 54 1
1701046226.623662 60 -1
1701046226.623704 2974 -1
1701046226.623735 54 1
1701046226.624980 2412 -1
1701046226.625022 54 1
1701046229.326916 234 1
1701046229.329065 222 1
1701046229.329162 221 1
1701046229.329256 219 1
1701046229.329457 219 1
1701046229.427079 60 -1
1701046229.429025 60 -1
1701046229.429068 60 -1
1701046229.429229 60 -1
1701046229.429558 60 -1
1701046229.432614 1174 -1
1701046229.432758 475 -1
1701046229.432784 54 1
1701046229.433643 2974 -1
1701046229.433685 54 1
1701046229.434664 2974 -1
1701046229.434699 54 1
1701046229.435866 2974 -1
1701046229.435919 54 1
1701046229.437157 2974 -1
1701046229.437202 54 1
1701046229.438573 2974 -1
1701046229.438603 54 1
1701046229.439926 2974 -1
1701046229.439957 54 1
1701046229.441579 2974 -1
1701046229.441629 54 1
1701046229.442682 2974 -1
1701046229.442710 54 1
1701046229.444243 2974 -1
1701046229.444295 54 1
1701046229.445515 2974 -1
1701046229.445569 54 1
1701046229.446962 2974 -1
1701046229.447033 54 1
1701046229.448313 2974 -1
1701046229.448358 54 1
1701046229.449717 2974 -1
1701046229.449756 54 1
1701046229.451016 1514 -1
1701046229.451016 1514 -1
1701046229.451080 54 1
1701046229.453021 2974 -1
1701046229.453083 54 1
1701046229.465396 2974 -1
1701046229.465396 2974 -1
1701046229.465396 2974 -1
1701046229.465396 2974 -1
1701046229.465396 2974 -1
1701046229.465396 2974 -1
1701046229.465396 2974 -1
1701046229.465396 2974 -1
1701046229.465396 2974 -1
1701046229.465565 54 1
1701046229.471174 2974 -1
1701046229.471174 2974 -1
1701046229.471174 2974 -1
1701046229.471174 2974 -1
1701046229.471437 54 1
1701046229.474166 2974 -1
1701046229.474166 2479 -1
1701046229.474287 54 1
1701046231.491093 221 1
1701046231.492191 219 1
1701046231.492266 221 1
1701046231.519375 220 1
1701046231.520158 219 1
1701046231.593555 60 -1
1701046231.595674 1180 -1
1701046231.595835 472 -1
1701046231.595870 54 1
1701046231.596268 1199 -1
1701046231.596624 2974 -1
1701046231.596656 54 1
1701046231.597949 89 1
1701046231.600857 2974 -1
1701046231.600857 2974 -1
1701046231.600857 2974 -1
1701046231.600942 54 1
1701046231.602065 2974 -1
1701046231.602099 54 1
1701046231.603728 2974 -1
1701046231.603789 54 1
1701046231.604919 2974 -1
1701046231.604951 54 1
1701046231.606528 2974 -1
1701046231.606579 54 1
1701046231.607811 2974 -1
1701046231.607858 54 1
1701046231.608989 2974 -1
1701046231.609043 54 1
1701046231.614447 1514 -1
1701046231.614447 1514 -1
1701046231.614447 2974 -1
1701046231.614447 2974 -1
1701046231.614557 54 1
1701046231.616821 2974 -1
1701046231.616821 2974 -1
1701046231.616907 54 1
1701046231.617349 2974 -1
1701046231.617396 54 1
1701046231.618848 2974 -1
1701046231.618899 54 1
1701046231.620184 2974 -1
1701046231.620249 54 1
1701046231.622767 2974 -1
1701046231.622832 54 1
1701046231.622878 2974 -1
1701046231.622917 54 1
1701046231.624559 2974 -1
1701046231.624611 54 1
1701046231.625620 2974 -1
1701046231.625662 54 1
1701046231.627026 2974 -1
1701046231.627069 54 1
1701046231.628562 2974 -1
1701046231.628615 54 1
1701046231.629799 2974 -1
1701046231.629843 54 1
1701046231.631273 2974 -1
1701046231.631335 54 1
1701046231.634488 2974 -1
1701046231.634488 2974 -1
1701046231.634559 54 1
1701046231.635332 2974 -1
1701046231.635361 54 1
1701046231.636858 2974 -1
1701046231.636909 54 1
1701046231.638117 2974 -1
1701046231.638168 54 1
1701046231.639640 2974 -1
1701046231.639691 54 1
1701046231.641016 2974 -1
1701046231.641056 54 1
1701046231.642311 2974 -1
1701046231.642353 54 1
1701046231.644084 2974 -1
1701046231.644129 54 1
1701046231.645064 2974 -1
1701046231.645089 54 1
1701046231.646449 2974 -1
1701046231.646482 54 1
1701046231.647861 2974 -1
1701046231.647902 54 1
1701046231.649237 2974 -1
1701046231.649262 54 1
1701046231.650699 2974 -1
1701046231.650745 54 1
1701046231.652079 2974 -1
1701046231.652128 54 1
1701046231.653655 2974 -1
1701046231.653705 54 1
1701046231.657562 1022 -1
1701046231.704498 54 1
1701046231.744021 60 -1
1701046233.068233 222 1
1701046233.070614 221 1
1701046233.070724 222 1
1701046233.070792 221 1
1701046233.070962 220 1
1701046233.168596 60 -1
1701046233.172441 1197 -1
1701046233.172574 54 1
1701046233.177610 444 -1
1701046233.177610 2974 -1
1701046233.177610 2103 -1
1701046233.177610 60 -1
1701046233.177610 60 -1
1701046233.177610 60 -1
1701046233.177610 60 -1
1701046233.177610 1178 -1
1701046233.177610 476 -1
1701046233.177610 1206 -1
1701046233.177832 54 1
1701046233.178093 440 -1
1701046233.178093 1177 -1
1701046233.178122 54 1
1701046233.178320 2974 -1
1701046233.178367 54 1
1701046233.190877 2974 -1
1701046233.190877 2974 -1
1701046233.190877 2974 -1
1701046233.190877 2974 -1
1701046233.190877 2974 -1
1701046233.190877 2974 -1
1701046233.190877 2974 -1
1701046233.190877 2974 -1
1701046233.190877 2974 -1
1701046233.191032 54 1
1701046233.191482 2974 -1
1701046233.191508 54 1
1701046233.192612 2974 -1
1701046233.192657 54 1
1701046233.194465 2974 -1
1701046233.194519 54 1
1701046233.194999 2974 -1
1701046233.195058 54 1
1701046233.202656 2974 -1
1701046233.202656 2974 -1
1701046233.202656 2974 -1
1701046233.202656 2974 -1
1701046233.202656 2974 -1
1701046233.202793 54 1
1701046233.202863 2974 -1
1701046233.202896 54 1
1701046233.203751 2974 -1
1701046233.203781 54 1
1701046233.205703 2974 -1
1701046233.205741 54 1
1701046233.206603 2974 -1
1701046233.206642 54 1
1701046233.207702 2974 -1
1701046233.207743 54 1
1701046233.208845 2974 -1
1701046233.208890 54 1
1701046233.210085 2974 -1
1701046233.210115 54 1
1701046233.211417 2974 -1
1701046233.211463 54 1
1701046233.212692 2370 -1
1701046233.212735 54 1
1701046233.513537 54 1
1701046233.514197 54 1
1701046233.621512 78 -1
1701046233.621512 60 -1
1701046233.621606 54 1
1701046233.622531 78 -1
1701046233.622531 60 -1
1701046233.622579 54 1
1701046234.642045 66 1
1701046234.750934 66 -1
1701046234.751099 54 1
1701046234.752162 966 1
1701046234.862576 60 -1
1701046234.862576 318 -1
1701046234.863864 134 1
1701046234.864282 146 1
1701046234.864932 576 1
1701046234.865020 219 1
1701046234.865103 221 1
1701046234.865181 227 1
1701046234.865254 221 1
1701046234.977006 60 -1
1701046234.977006 60 -1
1701046234.977006 60 -1
1701046234.977006 60 -1
1701046234.977006 60 -1
1701046234.977006 60 -1
1701046234.977006 60 -1
1701046234.977006 341 -1
1701046234.979222 115 -1
1701046234.979222 85 -1
1701046234.979222 1179 -1
1701046234.979222 1201 -1
1701046234.979309 54 1
1701046234.979511 2974 -1
1701046234.979545 54 1
1701046234.980472 85 1
1701046234.983387 2974 -1
1701046234.983387 2974 -1
1701046234.983489 54 1
1701046234.984917 2974 -1
1701046234.984967 54 1
1701046234.986485 2974 -1
1701046234.986544 54 1
1701046234.988344 2974 -1
1701046234.988390 54 1
1701046234.989669 2974 -1
1701046234.989706 54 1
1701046234.991097 2974 -1
1701046234.991153 54 1
1701046234.993824 1514 -1
1701046234.993824 1514 -1
1701046234.993915 54 1
1701046234.994689 2974 -1
1701046234.994722 54 1
1701046234.996102 2974 -1
1701046234.996170 54 1
1701046234.997807 2974 -1
1701046234.997858 54 1
1701046235.006275 1514 -1
1701046235.006275 1514 -1
1701046235.006275 2974 -1
1701046235.006275 2974 -1
1701046235.006275 2974 -1
1701046235.006651 54 1
1701046235.006719 1514 -1
1701046235.006719 1514 -1
1701046235.006767 54 1
1701046235.010188 980 -1
1701046235.068900 54 1
1701046235.092185 60 -1
1701046236.780080 220 1
1701046236.780192 231 1
1701046236.780638 221 1
1701046236.780719 222 1
1701046236.780904 227 1
1701046236.890632 60 -1
1701046236.890632 60 -1
1701046236.890632 60 -1
1701046236.890632 60 -1
1701046236.890632 60 -1
1701046236.896104 1178 -1
1701046236.896232 475 -1
1701046236.896232 1202 -1
1701046236.896273 54 1
1701046236.898710 2974 -1
1701046236.898710 2974 -1
1701046236.898797 54 1
1701046236.900569 2974 -1
1701046236.900617 54 1
1701046236.905874 2974 -1
1701046236.905874 2974 -1
1701046236.905874 2974 -1
1701046236.906000 54 1
1701046236.911651 2974 -1
1701046236.911651 2974 -1
1701046236.911651 2974 -1
1701046236.911761 54 1
1701046236.912023 1514 -1
1701046236.912023 1514 -1
1701046236.912048 54 1
1701046236.913515 2974 -1
1701046236.913565 54 1
1701046236.915237 2974 -1
1701046236.915277 54 1
1701046236.917585 2974 -1
1701046236.917640 54 1
1701046236.919515 2974 -1
1701046236.919576 54 1
1701046236.920785 2974 -1
1701046236.920832 54 1
1701046236.921920 2974 -1
1701046236.921950 54 1
1701046236.923623 2397 -1
1701046236.923662 54 1
1701046238.375485 224 1
1701046238.391015 224 1
1701046238.391145 220 1
1701046238.391452 219 1
1701046238.392152 220 1
1701046238.485808 60 -1
1701046238.488300 1199 -1
1701046238.488945 437 -1
1701046238.488945 2974 -1
1701046238.488991 54 1
1701046238.491961 2974 -1
1701046238.492040 54 1
1701046238.492182 2974 -1
1701046238.492223 54 1
1701046238.493961 1514 -1
1701046238.493961 1514 -1
1701046238.494006 54 1
1701046238.495723 2974 -1
1701046238.495772 54 1
1701046238.497287 2974 -1
1701046238.497332 54 1
1701046238.499019 2974 -1
1701046238.499078 54 1
1701046238.500660 2974 -1
1701046238.500711 54 1
1701046238.502271 1571 -1
1701046238.502319 54 1
1701046238.503105 60 -1
1701046238.505893 1177 -1
1701046238.506254 474 -1
1701046238.506285 54 1
1701046238.506403 1173 -1
1701046238.507062 2037 -1
1701046238.507092 54 1
1701046238.508497 1514 -1
1701046238.508497 1514 -1
1701046238.508544 54 1
1701046238.509912 2974 -1
1701046238.509959 54 1
1701046238.511643 2974 -1
1701046238.511690 54 1
1701046238.513288 2974 -1
1701046238.513329 54 1
1701046238.515095 2974 -1
1701046238.515144 54 1
1701046238.516642 2974 -1
1701046238.516696 54 1
1701046238.518841 2974 -1
1701046238.518909 54 1
1701046238.520132 2974 -1
1701046238.520173 54 1
1701046238.521715 2974 -1
1701046238.521752 54 1
1701046238.523368 2974 -1
1701046238.523416 54 1
1701046238.525082 2974 -1
1701046238.525119 54 1
1701046238.526733 2974 -1
1701046238.526783 54 1
1701046238.528565 2974 -1
1701046238.528605 54 1
1701046238.530169 2974 -1
1701046238.530217 54 1
1701046238.531902 2974 -1
1701046238.531933 54 1
1701046238.533816 2974 -1
1701046238.533891 54 1
1701046238.535164 2974 -1
1701046238.535209 54 1
1701046238.536796 2974 -1
1701046238.536833 54 1
1701046238.538705 2974 -1
1701046238.538744 54 1
1701046238.540263 2974 -1
1701046238.540313 54 1
1701046238.541838 2974 -1
1701046238.541887 54 1
1701046238.543716 2974 -1
1701046238.543770 54 1
1701046238.545151 156 -1
1701046238.545190 54 1
1701046239.988952 222 1
1701046239.992098 220 1
1701046239.995013 221 1
1701046239.995142 219 1
1701046239.995241 221 1
1701046240.102983 60 -1
1701046240.104196 60 -1
1701046240.105894 1179 -1
1701046240.106043 471 -1
1701046240.106079 54 1
1701046240.106509 2974 -1
1701046240.106542 54 1
1701046240.107987 2974 -1
1701046240.108023 54 1
1701046240.108847 89 1
1701046240.110147 2974 -1
1701046240.110203 54 1
1701046240.111315 2974 -1
1701046240.111375 54 1
1701046240.112975 2974 -1
1701046240.113040 54 1
1701046240.114726 2974 -1
1701046240.114779 54 1
1701046240.116270 2974 -1
1701046240.116315 54 1
1701046240.117981 2974 -1
1701046240.118034 54 1
1701046240.119656 2974 -1
1701046240.119729 54 1
1701046240.121281 2974 -1
1701046240.121384 54 1
1701046240.122912 2974 -1
1701046240.122980 54 1
1701046240.124570 2974 -1
1701046240.124609 54 1
1701046240.126230 2974 -1
1701046240.126275 54 1
1701046240.127874 2974 -1
1701046240.127918 54 1
1701046240.129534 2974 -1
1701046240.129588 54 1
1701046240.131574 2974 -1
1701046240.131622 54 1
1701046240.132848 2974 -1
1701046240.132887 54 1
1701046240.134590 2974 -1
1701046240.134644 54 1
1701046240.136160 2974 -1
1701046240.136211 54 1
1701046240.137812 2974 -1
1701046240.137875 54 1
1701046240.139480 2974 -1
1701046240.139516 54 1
1701046240.141127 2974 -1
1701046240.141177 54 1
1701046240.142774 2209 -1
1701046240.142812 54 1
1701046240.258010 60 -1
1701046243.524858 54 1
1701046243.634068 78 -1
1701046243.634068 60 -1
1701046243.634147 54 1
1701046244.025568 66 1
1701046244.128530 66 -1
1701046244.128693 54 1
1701046244.129285 966 1
1701046244.232288 60 -1
1701046244.232645 318 -1
1701046244.233320 134 1
1701046244.233769 146 1
1701046244.234277 579 1
1701046244.234398 219 1
1701046244.234608 221 1
1701046244.234686 219 1
1701046244.234776 220 1
1701046244.336262 60 -1
1701046244.336337 341 -1
1701046244.336651 60 -1
1701046244.337371 60 -1
1701046244.337371 60 -1
1701046244.337716 60 -1
1701046244.337716 60 -1
1701046244.337756 60 -1
1701046244.340159 115 -1
1701046244.340236 54 1
1701046244.340314 85 -1
1701046244.341242 85 1
1701046244.342350 1180 -1
1701046244.342609 54 1
1701046244.342645 469 -1
1701046244.342679 54 1
1701046244.342930 1200 -1
1701046244.342962 54 1
1701046244.343891 442 -1
1701046244.343891 2974 -1
1701046244.343938 54 1
1701046244.345537 2974 -1
1701046244.345579 54 1
1701046244.346930 2974 -1
1701046244.347002 54 1
1701046244.348578 2974 -1
1701046244.348624 54 1
1701046244.350030 2974 -1
1701046244.350072 54 1
1701046244.351691 2974 -1
1701046244.351739 54 1
1701046244.353361 2974 -1
1701046244.353437 54 1
1701046244.369137 2974 -1
1701046244.369137 2974 -1
1701046244.369137 2974 -1
1701046244.369137 2974 -1
1701046244.369137 2974 -1
1701046244.369137 2974 -1
1701046244.369137 2974 -1
1701046244.369137 2974 -1
1701046244.369137 2974 -1
1701046244.369137 2974 -1
1701046244.369414 54 1
1701046244.370940 2974 -1
1701046244.371003 54 1
1701046244.372881 2974 -1
1701046244.385930 54 1
1701046244.386031 1514 -1
1701046244.386066 54 1
1701046244.443670 1905 -1
1701046244.443770 54 1
1701046244.444094 60 -1
1701046245.654021 226 1
1701046245.658174 219 1
1701046245.658285 219 1
1701046245.658832 219 1
1701046245.658934 223 1
1701046245.763794 60 -1
1701046245.763794 60 -1
1701046245.763794 60 -1
1701046245.763794 60 -1
1701046245.763794 60 -1
1701046245.765787 1203 -1
1701046245.766089 442 -1
1701046245.766118 54 1
1701046245.766239 1200 -1
1701046245.767618 2974 -1
1701046245.767671 54 1
1701046245.778667 2974 -1
1701046245.778667 2974 -1
1701046245.778667 2974 -1
1701046245.778667 1514 -1
1701046245.778667 1514 -1
1701046245.778667 2974 -1
1701046245.778667 2974 -1
1701046245.778667 2974 -1
1701046245.778870 54 1
1701046245.780105 2974 -1
1701046245.780155 54 1
1701046245.781162 2974 -1
1701046245.781200 54 1
1701046245.784881 2974 -1
1701046245.784881 2974 -1
1701046245.784983 54 1
1701046245.785856 2974 -1
1701046245.785890 54 1
1701046245.787610 2974 -1
1701046245.787685 54 1
1701046245.789154 2974 -1
1701046245.789202 54 1
1701046245.790661 2974 -1
1701046245.790724 54 1
1701046245.792618 2974 -1
1701046245.792706 54 1
1701046245.800634 2974 -1
1701046245.800634 1881 -1
1701046245.800731 54 1
1701046247.288529 219 1
1701046247.289075 219 1
1701046247.289577 228 1
1701046247.302685 226 1
1701046247.303262 219 1
1701046247.396614 60 -1
1701046247.397198 1179 -1
1701046247.397198 477 -1
1701046247.397284 54 1
1701046247.397754 2974 -1
1701046247.397786 54 1
1701046247.399119 2974 -1
1701046247.399162 54 1
1701046247.402090 1514 -1
1701046247.402090 1514 -1
1701046247.402136 54 1
1701046247.402164 2974 -1
1701046247.402182 54 1
1701046247.410139 2974 -1
1701046247.410139 2974 -1
1701046247.410139 2974 -1
1701046247.410139 2974 -1
1701046247.410278 54 1
1701046247.411041 2974 -1
1701046247.411082 54 1
1701046247.412207 2974 -1
1701046247.412248 54 1
1701046247.414019 2974 -1
1701046247.414086 54 1
1701046247.415166 2974 -1
1701046247.415202 54 1
1701046247.416776 2974 -1
1701046247.416886 54 1
1701046247.417934 2974 -1
1701046247.417979 54 1
1701046247.419683 2974 -1
1701046247.419734 54 1
1701046247.421640 2974 -1
1701046247.421708 54 1
1701046247.422796 2974 -1
1701046247.422849 54 1
1701046247.427281 2974 -1
1701046247.427281 2974 -1
1701046247.427382 54 1
1701046247.427588 2974 -1
1701046247.427657 54 1
1701046247.429121 2974 -1
1701046247.429180 54 1
1701046247.431320 2974 -1
1701046247.431383 54 1
1701046247.432289 2974 -1
1701046247.432333 54 1
1701046247.433704 2974 -1
1701046247.433740 54 1
1701046247.435380 2974 -1
1701046247.435440 54 1
1701046247.436975 2974 -1
1701046247.437030 54 1
1701046247.438427 2974 -1
1701046247.438463 54 1
1701046247.439992 537 -1
1701046247.493149 54 1
1701046248.887890 221 1
1701046248.890503 222 1
1701046248.891444 222 1
1701046248.892295 219 1
1701046248.893682 227 1
1701046248.996410 60 -1
1701046248.999396 1178 -1
1701046249.010773 478 -1
1701046249.010773 1198 -1
1701046249.010773 2974 -1
1701046249.010773 2974 -1
1701046249.010773 2974 -1
1701046249.010773 2974 -1
1701046249.010773 2974 -1
1701046249.010773 2974 -1
1701046249.010773 2974 -1
1701046249.010981 54 1
1701046249.011724 1514 -1
1701046249.011724 1514 -1
1701046249.011756 54 1
1701046249.013136 2974 -1
1701046249.013161 54 1
1701046249.021764 2974 -1
1701046249.021764 2974 -1
1701046249.021764 2974 -1
1701046249.021764 2974 -1
1701046249.021764 391 -1
1701046249.021906 54 1
1701046251.101573 229 1
1701046251.108241 218 1
1701046251.108394 222 1
1701046251.108523 220 1
1701046251.112746 221 1
1701046251.207870 1173 -1
1701046251.208005 482 -1
1701046251.208029 54 1
1701046251.208270 2974 -1
1701046251.208312 54 1
1701046251.209741 89 1
1701046251.210119 2974 -1
1701046251.210178 54 1
1701046251.211425 2974 -1
1701046251.211691 54 1
1701046251.213693 101 -1
1701046251.213693 60 -1
1701046251.215767 1176 -1
1701046251.215816 54 1
1701046251.216094 481 -1
1701046251.216116 54 1
1701046251.216225 2974 -1
1701046251.216255 54 1
1701046251.217772 2974 -1
1701046251.217819 54 1
1701046251.219331 2974 -1
1701046251.219458 54 1
1701046251.220887 2974 -1
1701046251.220968 54 1
1701046251.222766 2974 -1
1701046251.222832 54 1
1701046251.224093 2974 -1
1701046251.224144 54 1
1701046251.225897 2974 -1
1701046251.225966 54 1
1701046251.228664 2974 -1
1701046251.228745 54 1
1701046251.229295 2974 -1
1701046251.229327 54 1
1701046251.230380 1514 -1
1701046251.230380 1514 -1
1701046251.230578 54 1
1701046251.232034 2974 -1
1701046251.232089 54 1
1701046251.233855 2974 -1
1701046251.233913 54 1
1701046251.235080 2974 -1
1701046251.235144 54 1
1701046251.241467 2974 -1
1701046251.241467 2974 -1
1701046251.241467 2974 -1
1701046251.241467 2974 -1
1701046251.241690 54 1
1701046251.242923 2974 -1
1701046251.242967 54 1
1701046251.244653 1514 -1
1701046251.244653 1514 -1
1701046251.244696 54 1
1701046251.246096 2974 -1
1701046251.246129 54 1
1701046251.247714 2974 -1
1701046251.247762 54 1
1701046251.249359 2974 -1
1701046251.249404 54 1
1701046251.250847 2974 -1
1701046251.250888 54 1
1701046251.252607 2974 -1
1701046251.252676 54 1
1701046251.254037 2974 -1
1701046251.254090 54 1
1701046251.256104 2136 -1
1701046251.256206 54 1
1701046251.353953 60 -1
1701046252.771689 219 1
1701046252.792968 223 1
1701046252.793122 220 1
1701046252.793233 221 1
1701046252.793336 222 1
1701046252.879352 60 -1
1701046252.882642 1200 -1
1701046252.882758 443 -1
1701046252.882802 54 1
1701046252.883600 2974 -1
1701046252.883658 54 1
1701046252.885786 2974 -1
1701046252.885860 54 1
1701046252.886230 2974 -1
1701046252.886278 54 1
1701046252.887704 2974 -1
1701046252.887762 54 1
1701046252.889272 2974 -1
1701046252.889353 54 1
1701046252.891069 374 -1
1701046252.896039 60 -1
1701046252.896039 60 -1
1701046252.897321 60 -1
1701046252.899356 1199 -1
1701046252.899539 54 1
1701046252.899614 447 -1
1701046252.899831 2974 -1
1701046252.899858 54 1
1701046252.901479 2974 -1
1701046252.901588 54 1
1701046252.903181 1514 -1
1701046252.903181 1514 -1
1701046252.903263 54 1
1701046252.904938 2974 -1
1701046252.905002 54 1
1701046252.906245 1514 -1
1701046252.906245 1514 -1
1701046252.906308 54 1
1701046252.907721 2974 -1
1701046252.907761 54 1
1701046252.909276 2974 -1
1701046252.909310 54 1
1701046252.910863 2974 -1
1701046252.910913 54 1
1701046252.912482 2974 -1
1701046252.912529 54 1
1701046252.914003 2974 -1
1701046252.914057 54 1
1701046252.915732 1514 -1
1701046252.915732 1514 -1
1701046252.915802 54 1
1701046252.917177 2974 -1
1701046252.917227 54 1
1701046252.918729 2974 -1
1701046252.918794 54 1
1701046252.920721 2974 -1
1701046252.920811 54 1
1701046252.921938 2974 -1
1701046252.921991 54 1
1701046252.923462 2974 -1
1701046252.923634 54 1
1701046252.925096 2974 -1
1701046252.925147 54 1
1701046252.927079 2974 -1
1701046252.927134 54 1
1701046252.928185 2274 -1
1701046252.928233 54 1
1701046253.543620 54 1
1701046253.646812 78 -1
1701046253.646812 60 -1
1701046253.646936 54 1
1701046254.398541 66 1
1701046254.509635 66 -1
1701046254.509793 54 1
1701046254.510448 902 1
1701046254.619418 60 -1
1701046254.619694 318 -1
1701046254.620430 134 1
1701046254.620847 146 1
1701046254.621426 574 1
1701046254.621657 222 1
1701046254.621821 220 1
1701046254.621910 221 1
1701046254.621991 220 1
1701046254.729317 60 -1
1701046254.729741 60 -1
1701046254.730208 60 -1
1701046254.730362 341 -1
1701046254.730966 60 -1
1701046254.730966 60 -1
1701046254.730966 60 -1
1701046254.730966 60 -1
1701046254.732307 115 -1
1701046254.732307 85 -1
1701046254.732373 54 1
1701046254.732785 85 1
1701046254.736902 1177 -1
1701046254.736902 478 -1
1701046254.736989 54 1
1701046254.737118 1202 -1
1701046254.737912 2974 -1
1701046254.737971 54 1
1701046254.739803 2974 -1
1701046254.739869 54 1
1701046254.741775 2974 -1
1701046254.741851 54 1
1701046254.743090 1514 -1
1701046254.743090 1514 -1
1701046254.743150 54 1
1701046254.744683 2974 -1
1701046254.744716 54 1
1701046254.746199 2974 -1
1701046254.746255 54 1
1701046254.747809 2974 -1
1701046254.747865 54 1
1701046254.749474 2974 -1
1701046254.749526 54 1
1701046254.751138 2974 -1
1701046254.751202 54 1
1701046254.752943 2974 -1
1701046254.753015 54 1
1701046254.754643 2974 -1
1701046254.754698 54 1
1701046254.756200 2974 -1
1701046254.756259 54 1
1701046254.761727 2974 -1
1701046254.761727 2974 -1
1701046254.761727 2974 -1
1701046254.761851 54 1
1701046254.762949 2974 -1
1701046254.762988 54 1
1701046254.765034 2974 -1
1701046254.765143 54 1
1701046254.766223 2974 -1
1701046254.766683 54 1
1701046254.768156 2974 -1
1701046254.768230 54 1
1701046254.769915 2974 -1
1701046254.769974 54 1
1701046254.841925 2974 -1
1701046254.842058 54 1
1701046254.842108 2974 -1
1701046254.842127 54 1
1701046254.843847 958 -1
1701046254.844148 60 -1
1701046254.892016 54 1
1701046259.141902 221 1
1701046259.142452 223 1
1701046259.143016 220 1
1701046259.143090 219 1
1701046259.143907 218 1
1701046259.250717 60 -1
1701046259.251291 60 -1
1701046259.251811 60 -1
1701046259.251878 60 -1
1701046259.252822 60 -1
1701046259.254880 1176 -1
1701046259.255342 483 -1
1701046259.255406 54 1
1701046259.255471 2974 -1
1701046259.255517 54 1
1701046259.257041 2974 -1
1701046259.257129 54 1
1701046259.258776 2974 -1
1701046259.258833 54 1
1701046259.261726 2974 -1
1701046259.261813 54 1
1701046259.262092 2974 -1
1701046259.262145 54 1
1701046259.263737 2974 -1
1701046259.263787 54 1
1701046259.265202 2974 -1
1701046259.265244 54 1
1701046259.266809 2974 -1
1701046259.266855 54 1
1701046259.268485 1514 -1
1701046259.268485 1514 -1
1701046259.268734 54 1
1701046259.270098 1514 -1
1701046259.270098 1514 -1
1701046259.270162 54 1
1701046259.271857 2974 -1
1701046259.271916 54 1
1701046259.276728 2974 -1
1701046259.276728 2974 -1
1701046259.276834 54 1
1701046259.276903 2974 -1
1701046259.276936 54 1
1701046259.278353 2974 -1
1701046259.278403 54 1
1701046259.279902 2974 -1
1701046259.279943 54 1
1701046259.281786 2974 -1
1701046259.281845 54 1
1701046259.283248 2974 -1
1701046259.283305 54 1
1701046259.284815 2974 -1
1701046259.284861 54 1
1701046259.286452 2974 -1
1701046259.286502 54 1
1701046259.288103 1514 -1
1701046259.288103 1514 -1
1701046259.288148 54 1
1701046259.289936 2974 -1
1701046259.289974 54 1
1701046259.291332 2974 -1
1701046259.291381 54 1
1701046259.292972 2974 -1
1701046259.293014 54 1
1701046259.294766 2974 -1
1701046259.294803 54 1
1701046259.296216 640 -1
1701046259.296723 2974 -1
1701046259.296760 54 1
1701046259.298217 2974 -1
1701046259.298262 54 1
1701046259.300090 2157 -1
1701046259.300130 54 1
1701046260.773111 223 1
1701046260.785216 222 1
1701046260.785339 220 1
1701046260.785465 219 1
1701046260.785597 222 1
1701046260.886247 1201 -1
1701046260.886340 439 -1
1701046260.886360 54 1
1701046260.887405 2974 -1
1701046260.887467 54 1
1701046260.888293 89 1
1701046260.888771 2974 -1
1701046260.888835 54 1
1701046260.889957 2974 -1
1701046260.890012 54 1
1701046260.891481 2974 -1
1701046260.891619 54 1
1701046260.893161 2974 -1
1701046260.893226 54 1
1701046260.894950 2974 -1
1701046260.895005 54 1
1701046260.896389 595 -1
1701046260.898347 1180 -1
1701046260.898387 54 1
1701046260.898793 475 -1
1701046260.898900 2974 -1
1701046260.898930 54 1
1701046260.900721 2974 -1
1701046260.900782 54 1
1701046260.902330 2974 -1
1701046260.902387 54 1
1701046260.911685 2974 -1
1701046260.911685 2974 -1
1701046260.911685 2974 -1
1701046260.911685 2974 -1
1701046260.911685 2974 -1
1701046260.911869 54 1
1701046260.914215 2974 -1
1701046260.914215 2974 -1
1701046260.914268 54 1
1701046260.915273 2974 -1
1701046260.915301 54 1
1701046260.916896 2974 -1
1701046260.916945 54 1
1701046260.918602 2974 -1
1701046260.918655 54 1
1701046260.920217 2974 -1
1701046260.920287 54 1
1701046260.921923 2974 -1
1701046260.921958 54 1
1701046260.923427 2974 -1
1701046260.923465 54 1
1701046260.925124 2974 -1
1701046260.925210 54 1
1701046260.926750 2974 -1
1701046260.926801 54 1
1701046260.928495 2974 -1
1701046260.928566 54 1
1701046260.929982 2974 -1
1701046260.930062 54 1
1701046260.931697 2974 -1
1701046260.931758 54 1
1701046260.933543 2974 -1
1701046260.933590 54 1
1701046260.935860 2974 -1
1701046260.935979 54 1
1701046260.936592 2974 -1
1701046260.936641 54 1
1701046260.938120 2373 -1
1701046260.938158 54 1
1701046261.037918 60 -1
1701046262.383303 221 1
1701046262.383451 221 1
1701046262.383578 220 1
1701046262.383635 221 1
1701046262.383781 219 1
1701046262.492278 60 -1
1701046262.492853 60 -1
1701046262.492853 60 -1
1701046262.492853 60 -1
1701046262.492853 60 -1
1701046262.495958 1200 -1
1701046262.496224 444 -1
1701046262.496264 54 1
1701046262.496499 2974 -1
1701046262.496666 54 1
1701046262.498253 2974 -1
1701046262.498317 54 1
1701046262.499740 1561 -1
1701046262.499774 54 1
1701046262.501271 2974 -1
1701046262.501309 54 1
1701046262.502560 2974 -1
1701046262.502601 54 1
1701046262.503864 2974 -1
1701046262.503917 54 1
1701046262.505692 2974 -1
1701046262.505722 54 1
1701046262.507178 2974 -1
1701046262.507218 54 1
1701046262.508831 1514 -1
1701046262.508831 1514 -1
1701046262.508882 54 1
1701046262.510386 2974 -1
1701046262.510419 54 1
1701046262.512143 2974 -1
1701046262.512192 54 1
1701046262.513690 2974 -1
1701046262.513737 54 1
1701046262.515300 2974 -1
1701046262.515336 54 1
1701046262.516957 2974 -1
1701046262.517000 54 1
1701046262.518909 2974 -1
1701046262.518972 54 1
1701046262.520186 2974 -1
1701046262.520219 54 1
1701046262.521986 2974 -1
1701046262.522045 54 1
1701046262.523464 2974 -1
1701046262.523497 54 1
1701046262.525122 2974 -1
1701046262.525160 54 1
1701046262.526813 2974 -1
1701046262.526862 54 1
1701046262.528390 2974 -1
1701046262.528445 54 1
1701046262.530049 1054 -1
1701046262.580121 54 1
1701046263.569122 54 1
1701046263.678284 78 -1
1701046263.678284 60 -1
1701046263.678444 54 1
1701046264.567502 66 1
1701046264.671101 66 -1
1701046264.671306 54 1
1701046264.672513 934 1
1701046264.778416 60 -1
1701046264.778416 318 -1
1701046264.779509 134 1
1701046264.780132 146 1
1701046264.780793 573 1
1701046264.780886 221 1
1701046264.780991 221 1
1701046264.781080 221 1
1701046264.781183 219 1
1701046264.884824 60 -1
1701046264.884824 60 -1
1701046264.884824 60 -1
1701046264.884824 60 -1
1701046264.884824 60 -1
1701046264.884824 60 -1
1701046264.884824 341 -1
1701046264.884824 60 -1
1701046264.886042 115 -1
1701046264.886042 85 -1
1701046264.886116 54 1
1701046264.886502 85 1
1701046264.888465 1203 -1
1701046264.888670 54 1
1701046264.889350 440 -1
1701046264.889350 1201 -1
1701046264.889424 54 1
1701046264.889875 2974 -1
1701046264.889908 54 1
1701046264.891139 2974 -1
1701046264.891196 54 1
1701046264.894522 2974 -1
1701046264.894522 2974 -1
1701046264.894791 54 1
1701046264.896178 2974 -1
1701046264.896233 54 1
1701046264.897630 2974 -1
1701046264.897697 54 1
1701046264.899343 2974 -1
1701046264.899405 54 1
1701046264.901383 2974 -1
1701046264.901438 54 1
1701046264.904151 2974 -1
1701046264.904151 2974 -1
1701046264.904235 54 1
1701046264.909740 2974 -1
1701046264.909740 2974 -1
1701046264.909740 2974 -1
1701046264.909839 54 1
1701046264.913784 2974 -1
1701046264.913784 2974 -1
1701046264.913784 2974 -1
1701046264.913890 54 1
1701046264.915202 2974 -1
1701046264.915264 54 1
1701046264.916798 2974 -1
1701046264.916846 54 1
1701046264.918855 1302 -1
1701046264.918917 54 1
1701046264.990340 60 -1
1701046266.209184 222 1
1701046266.213302 218 1
1701046266.213420 226 1
1701046266.213523 222 1
1701046266.217981 219 1
1701046266.312501 60 -1
1701046266.315790 1177 -1
1701046266.315854 54 1
1701046266.315985 471 -1
1701046266.316012 54 1
1701046266.316381 2974 -1
1701046266.316403 54 1
1701046266.318068 2974 -1
1701046266.318116 54 1
1701046266.319439 2974 -1
1701046266.319482 54 1
1701046266.321098 60 -1
1701046266.321098 60 -1
1701046266.321098 60 -1
1701046266.321098 2974 -1
1701046266.321176 54 1
1701046266.322612 2974 -1
1701046266.322641 54 1
1701046266.324262 2974 -1
1701046266.324314 54 1
1701046266.325813 2974 -1
1701046266.325849 54 1
1701046266.327952 2974 -1
1701046266.327992 54 1
1701046266.329146 2974 -1
1701046266.329175 54 1
1701046266.330756 2974 -1
1701046266.330820 54 1
1701046266.332359 2974 -1
1701046266.332389 54 1
1701046266.334079 2974 -1
1701046266.334123 54 1
1701046266.335441 2974 -1
1701046266.335471 54 1
1701046266.337044 2974 -1
1701046266.337084 54 1
1701046266.338741 2974 -1
1701046266.338784 54 1
1701046266.340223 2974 -1
1701046266.340267 54 1
1701046266.341831 2974 -1
1701046266.341867 54 1
1701046266.343436 2974 -1
1701046266.343490 54 1
1701046266.345033 2974 -1
1701046266.345066 54 1
1701046266.347231 2974 -1
1701046266.347280 54 1
1701046266.348245 1514 -1
1701046266.348245 1514 -1
1701046266.348282 54 1
1701046266.349871 2974 -1
1701046266.349913 54 1
1701046266.351464 2974 -1
1701046266.351522 54 1
1701046266.353064 2974 -1
1701046266.353110 54 1
1701046266.354745 2974 -1
1701046266.354787 54 1
1701046266.364869 1426 -1
1701046266.413294 54 1
1701046267.848844 222 1
1701046267.849372 222 1
1701046267.849891 219 1
1701046267.849994 220 1
1701046267.850103 221 1
1701046267.953965 60 -1
1701046267.955961 1200 -1
1701046267.959571 438 -1
1701046267.959571 2974 -1
1701046267.959571 2974 -1
1701046267.959666 54 1
1701046267.966064 2974 -1
1701046267.966064 2974 -1
1701046267.966064 2974 -1
1701046267.966064 2974 -1
1701046267.966064 2974 -1
1701046267.966233 54 1
1701046267.969579 2974 -1
1701046267.969579 1514 -1
1701046267.969579 1514 -1
1701046267.969666 54 1
1701046267.970963 2974 -1
1701046267.970997 54 1
1701046267.978896 2974 -1
1701046267.978896 2974 -1
1701046267.978896 2974 -1
1701046267.978896 2974 -1
1701046267.978896 2974 -1
1701046267.979031 54 1
1701046267.980316 2974 -1
1701046267.980360 54 1
1701046267.981987 2974 -1
1701046267.982049 54 1
1701046267.983544 2974 -1
1701046267.983734 54 1
1701046267.985183 2974 -1
1701046267.985224 54 1
1701046267.986971 2974 -1
1701046267.987020 54 1
1701046267.988301 2974 -1
1701046267.988334 54 1
1701046267.997668 2974 -1
1701046267.997668 2974 -1
1701046267.997668 2974 -1
1701046267.997668 2974 -1
1701046267.997668 2974 -1
1701046267.997798 54 1
1701046267.998145 2974 -1
1701046267.998176 54 1
1701046268.006948 2974 -1
1701046268.006948 1514 -1
1701046268.006948 1514 -1
1701046268.006948 1514 -1
1701046268.006948 1514 -1
1701046268.006948 2974 -1
1701046268.006948 2974 -1
1701046268.007092 54 1
1701046268.007736 2974 -1
1701046268.007771 54 1
1701046268.009269 525 -1
1701046268.074229 54 1
1701046269.461430 227 1
1701046269.463255 222 1
1701046269.463341 222 1
1701046269.463544 220 1
1701046269.463624 218 1
1701046269.570855 1146 -1
1701046269.570967 54 1
1701046269.571045 519 -1
1701046269.571065 54 1
1701046269.571258 2974 -1
1701046269.571291 54 1
1701046269.572934 2974 -1
1701046269.572995 54 1
1701046269.574704 2974 -1
1701046269.574762 54 1
1701046269.576373 2974 -1
1701046269.576421 54 1
1701046269.577710 2974 -1
1701046269.577785 54 1
1701046269.579204 2435 -1
1701046269.579253 54 1
1701046269.581026 2974 -1
1701046269.581095 54 1
1701046269.586875 2974 -1
1701046269.586875 2974 -1
1701046269.586875 2974 -1
1701046269.586875 2974 -1
1701046269.587027 54 1
1701046269.594793 2974 -1
1701046269.594793 2974 -1
1701046269.594793 2974 -1
1701046269.594793 2974 -1
1701046269.594910 54 1
1701046269.595321 2974 -1
1701046269.595350 54 1
1701046269.596524 2974 -1
1701046269.596561 54 1
1701046269.598037 2974 -1
1701046269.598087 54 1
1701046269.600003 2974 -1
1701046269.600055 54 1
1701046269.601315 2974 -1
1701046269.601366 54 1
1701046269.602838 1392 -1
1701046269.666773 54 1
1701046273.583591 54 1
1701046273.693072 78 -1
1701046273.693072 60 -1
1701046273.693166 54 1
1701046274.902259 66 1
1701046275.001841 66 -1
1701046275.002008 54 1
1701046275.003023 870 1
1701046275.101420 60 -1
1701046275.101916 318 -1
1701046275.102991 134 1
1701046275.103391 146 1
1701046275.104041 577 1
1701046275.104149 220 1
1701046275.104251 220 1
1701046275.104342 223 1
1701046275.104450 220 1
1701046275.201457 60 -1
1701046275.201557 341 -1
1701046275.201863 60 -1
1701046275.201863 115 -1
1701046275.201863 85 -1
1701046275.201915 54 1
1701046275.202361 60 -1
1701046275.202413 60 -1
1701046275.202462 85 1
1701046275.202579 60 -1
1701046275.203199 60 -1
1701046275.203199 60 -1
1701046275.206966 1199 -1
1701046275.207032 54 1
1701046275.207211 446 -1
1701046275.207230 54 1
1701046275.207738 2974 -1
1701046275.207760 54 1
1701046275.208991 2974 -1
1701046275.209023 54 1
1701046275.210510 2974 -1
1701046275.210549 54 1
1701046275.212083 2974 -1
1701046275.212134 54 1
1701046275.213579 1514 -1
1701046275.213579 1514 -1
1701046275.213646 54 1
1701046275.215124 2974 -1
1701046275.215159 54 1
1701046275.216598 2974 -1
1701046275.216641 54 1
1701046275.218297 2974 -1
1701046275.218341 54 1
1701046275.220044 2974 -1
1701046275.220092 54 1
1701046275.221248 2974 -1
1701046275.221299 54 1
1701046275.222903 2974 -1
1701046275.222955 54 1
1701046275.224314 2974 -1
1701046275.224416 54 1
1701046275.226030 2974 -1
1701046275.226097 54 1
1701046275.227537 2974 -1
1701046275.227584 54 1
1701046275.229024 2974 -1
1701046275.229067 54 1
1701046275.230455 2974 -1
1701046275.230494 54 1
1701046275.236696 2974 -1
1701046275.236696 2974 -1
1701046275.236696 2974 -1
1701046275.236696 448 -1
1701046275.236862 54 1
1701046275.300881 60 -1
1701046276.536977 220 1
1701046276.537074 227 1
1701046276.537292 229 1
1701046276.538075 222 1
1701046276.538211 220 1
1701046276.635397 60 -1
1701046276.635397 60 -1
1701046276.635532 60 -1
1701046276.636322 60 -1
1701046276.636388 60 -1
1701046276.638605 1175 -1
1701046276.638846 478 -1
1701046276.638879 54 1
1701046276.639042 2974 -1
1701046276.639083 54 1
1701046276.640560 2974 -1
1701046276.640597 54 1
1701046276.642080 1514 -1
1701046276.642151 1514 -1
1701046276.642174 54 1
1701046276.643761 1514 -1
1701046276.643761 1514 -1
1701046276.643805 54 1
1701046276.645136 1514 -1
1701046276.645136 1514 -1
1701046276.645160 54 1
1701046276.646855 2974 -1
1701046276.646897 54 1
1701046276.648206 2974 -1
1701046276.648249 54 1
1701046276.649828 2974 -1
1701046276.649866 54 1
1701046276.651305 2974 -1
1701046276.651341 54 1
1701046276.652974 2974 -1
1701046276.653017 54 1
1701046276.654870 2974 -1
1701046276.654946 54 1
1701046276.656152 2974 -1
1701046276.656204 54 1
1701046276.657467 2974 -1
1701046276.657514 54 1
1701046276.659011 2974 -1
1701046276.659080 54 1
1701046276.660607 2974 -1
1701046276.660656 54 1
1701046276.662018 2974 -1
1701046276.662050 54 1
1701046276.663572 2974 -1
1701046276.663604 54 1
1701046276.665085 2974 -1
1701046276.665143 54 1
1701046276.675124 2974 -1
1701046276.675124 2974 -1
1701046276.675124 2974 -1
1701046276.675124 1719 -1
1701046276.675273 54 1
1701046278.209104 221 1
1701046278.210095 219 1
1701046278.210160 223 1
1701046278.210548 220 1
1701046278.211819 220 1
1701046278.309326 60 -1
1701046278.313596 1201 -1
1701046278.313775 441 -1
1701046278.313806 54 1
1701046278.316934 1199 -1
1701046278.316934 1997 -1
1701046278.316934 2974 -1
1701046278.317010 54 1
1701046278.318019 2974 -1
1701046278.318065 54 1
1701046278.319042 2974 -1
1701046278.319081 54 1
1701046278.320348 2974 -1
1701046278.320393 54 1
1701046278.321951 2974 -1
1701046278.321995 54 1
1701046278.323262 2974 -1
1701046278.323297 54 1
1701046278.324914 2974 -1
1701046278.324945 54 1
1701046278.326336 1514 -1
1701046278.326336 1514 -1
1701046278.326377 54 1
1701046278.327965 2974 -1
1701046278.328003 54 1
1701046278.329413 2974 -1
1701046278.329457 54 1
1701046278.330955 2974 -1
1701046278.330990 54 1
1701046278.332871 2974 -1
1701046278.332917 54 1
1701046278.334034 2974 -1
1701046278.334068 54 1
1701046278.335559 2974 -1
1701046278.335589 54 1
1701046278.337055 2974 -1
1701046278.337086 54 1
1701046278.338615 2974 -1
1701046278.338675 54 1
1701046278.340143 2974 -1
1701046278.340180 54 1
1701046278.341669 2974 -1
1701046278.341714 54 1
1701046278.343211 1514 -1
1701046278.343211 1514 -1
1701046278.343249 54 1
1701046278.344843 1514 -1
1701046278.344888 54 1
1701046278.344947 1514 -1
1701046278.346216 2566 -1
1701046278.346254 54 1
1701046280.425288 220 1
1701046280.426443 222 1
1701046280.427166 220 1
1701046280.428134 224 1
1701046280.428232 224 1
1701046280.525261 60 -1
1701046280.528500 1199 -1
1701046280.528806 438 -1
1701046280.528838 54 1
1701046280.530442 89 1
1701046280.530562 2974 -1
1701046280.530592 54 1
1701046280.531209 2974 -1
1701046280.531250 54 1
1701046280.532982 2974 -1
1701046280.533017 54 1
1701046280.534491 2974 -1
1701046280.534525 54 1
1701046280.535825 2974 -1
1701046280.535865 54 1
1701046280.537407 60 -1
1701046280.537407 2974 -1
1701046280.537444 54 1
1701046280.538937 2974 -1
1701046280.538973 54 1
1701046280.540474 2974 -1
1701046280.540519 54 1
1701046280.542010 2974 -1
1701046280.542067 54 1
1701046280.543732 2974 -1
1701046280.543775 54 1
1701046280.545238 2974 -1
1701046280.545306 54 1
1701046280.546550 2974 -1
1701046280.546594 54 1
1701046280.548099 2974 -1
1701046280.548138 54 1
1701046280.549656 2974 -1
1701046280.549846 54 1
1701046280.551112 2974 -1
1701046280.551151 54 1
1701046280.552863 2974 -1
1701046280.552899 54 1
1701046280.554326 2974 -1
1701046280.554375 54 1
1701046280.555962 2974 -1
1701046280.555996 54 1
1701046280.557402 2974 -1
1701046280.557450 54 1
1701046280.559062 2974 -1
1701046280.559098 54 1
1701046280.560350 2974 -1
1701046280.560379 54 1
1701046280.561856 2974 -1
1701046280.561900 54 1
1701046280.563382 2974 -1
1701046280.563418 54 1
1701046280.565016 2974 -1
1701046280.565074 54 1
1701046280.566700 2974 -1
1701046280.566744 54 1
1701046280.578633 1685 -1
1701046280.578731 54 1
1701046280.669131 60 -1
1701046282.104867 223 1
1701046282.108645 222 1
1701046282.108884 221 1
1701046282.109587 220 1
1701046282.112249 221 1
1701046282.203372 60 -1
1701046282.207078 1175 -1
1701046282.207078 479 -1
1701046282.207174 54 1
1701046282.207246 2974 -1
1701046282.207281 54 1
1701046282.209282 2974 -1
1701046282.209337 54 1
1701046282.210235 2974 -1
1701046282.210271 54 1
1701046282.213485 410 -1
1701046282.213485 60 -1
1701046282.213485 60 -1
1701046282.213485 60 -1
1701046282.213485 60 -1
1701046282.214332 1178 -1
1701046282.214372 54 1
1701046282.214590 473 -1
1701046282.215039 2974 -1
1701046282.215072 54 1
1701046282.216497 2974 -1
1701046282.216535 54 1
1701046282.218088 1514 -1
1701046282.218088 1514 -1
1701046282.218133 54 1
1701046282.219481 2974 -1
1701046282.219514 54 1
1701046282.221014 2974 -1
1701046282.221059 54 1
1701046282.222479 2974 -1
1701046282.222527 54 1
1701046282.224032 2974 -1
1701046282.224070 54 1
1701046282.225572 2974 -1
1701046282.225615 54 1
1701046282.227219 2974 -1
1701046282.227275 54 1
1701046282.228800 2974 -1
1701046282.228842 54 1
1701046282.230250 2974 -1
1701046282.230282 54 1
1701046282.231870 2974 -1
1701046282.231908 54 1
1701046282.235259 2974 -1
1701046282.235259 2974 -1
1701046282.235328 54 1
1701046282.236285 2974 -1
1701046282.236316 54 1
1701046282.237840 904 -1
1701046282.237886 54 1
1701046283.606425 54 1
1701046283.705267 78 -1
1701046283.705267 60 -1
1701046283.705337 54 1
1701046283.742636 66 1
1701046283.846288 66 -1
1701046283.846492 54 1
1701046283.847123 870 1
1701046283.951282 60 -1
1701046283.951282 318 -1
1701046283.952514 134 1
1701046283.952980 146 1
1701046283.953583 583 1
1701046283.953708 218 1
1701046283.953935 221 1
1701046283.954033 225 1
1701046283.954120 220 1
1701046284.056354 60 -1
1701046284.056455 60 -1
1701046284.057336 60 -1
1701046284.058289 60 -1
1701046284.058289 60 -1
1701046284.058289 60 -1
1701046284.058289 60 -1
1701046284.065272 341 -1
1701046284.067318 115 -1
1701046284.067318 85 -1
1701046284.067318 1205 -1
1701046284.067391 54 1
1701046284.068211 85 1
1701046284.071299 440 -1
1701046284.071299 1200 -1
1701046284.071299 2974 -1
1701046284.071299 2974 -1
1701046284.071401 54 1
1701046284.072778 2974 -1
1701046284.072829 54 1
1701046284.074323 2974 -1
1701046284.074376 54 1
1701046284.079497 2974 -1
1701046284.079497 2974 -1
1701046284.079604 54 1
1701046284.086940 2974 -1
1701046284.086940 2974 -1
1701046284.086940 2974 -1
1701046284.086940 2974 -1
1701046284.086940 2974 -1
1701046284.086940 2974 -1
1701046284.087128 54 1
1701046284.091570 2974 -1
1701046284.091570 2974 -1
1701046284.091570 2974 -1
1701046284.091668 54 1
1701046284.093938 1514 -1
1701046284.093938 1514 -1
1701046284.094020 54 1
1701046284.094127 2974 -1
1701046284.094164 54 1
1701046284.098769 2974 -1
1701046284.098769 2974 -1
1701046284.098874 54 1
1701046284.099015 2974 -1
1701046284.099045 54 1
1701046284.174888 1776 -1
1701046284.174992 54 1
1701046284.175582 60 -1
1701046286.551869 219 1
1701046286.552528 221 1
1701046286.593512 219 1
1701046286.593642 223 1
1701046286.593735 222 1
1701046286.664965 60 -1
1701046286.664965 60 -1
1701046286.664965 1200 -1
1701046286.664965 444 -1
1701046286.664965 2974 -1
1701046286.664965 2974 -1
1701046286.664965 2974 -1
1701046286.664965 2974 -1
1701046286.665119 54 1
1701046286.669233 2974 -1
1701046286.669233 2974 -1
1701046286.669233 2974 -1
1701046286.669333 54 1
1701046286.678918 2974 -1
1701046286.678918 2974 -1
1701046286.678918 2974 -1
1701046286.678918 378 -1
1701046286.679030 54 1
1701046286.701013 60 -1
1701046286.703995 1176 -1
1701046286.704057 54 1
1701046286.704172 473 -1
1701046286.704463 1202 -1
1701046286.704486 54 1
1701046286.705017 2974 -1
1701046286.705039 54 1
1701046286.706600 2974 -1
1701046286.706647 54 1
1701046286.708245 2974 -1
1701046286.708291 54 1
1701046286.709808 1514 -1
1701046286.709808 1514 -1
1701046286.709845 54 1
1701046286.711445 2974 -1
1701046286.711487 54 1
1701046286.713256 2974 -1
1701046286.713303 54 1
1701046286.714543 2974 -1
1701046286.714584 54 1
1701046286.716279 2974 -1
1701046286.716357 54 1
1701046286.717929 2974 -1
1701046286.717985 54 1
1701046286.719329 2974 -1
1701046286.719369 54 1
1701046286.721160 2974 -1
1701046286.721198 54 1
1701046286.722507 2974 -1
1701046286.722535 54 1
1701046286.724068 2974 -1
1701046286.724106 54 1
1701046286.725674 2639 -1
1701046286.725735 54 1
1701046291.160020 219 1
1701046291.160493 219 1
1701046291.163457 222 1
1701046291.169896 221 1
1701046291.170004 220 1
1701046291.267598 1197 -1
1701046291.267598 448 -1
1701046291.267598 2974 -1
1701046291.267716 54 1
1701046291.271442 2974 -1
1701046291.271442 1514 -1
1701046291.271442 1514 -1
1701046291.271557 54 1
1701046291.273768 60 -1
1701046291.273768 2974 -1
1701046291.273836 54 1
1701046291.273909 2974 -1
1701046291.273948 54 1
1701046291.278385 2974 -1
1701046291.278385 60 -1
1701046291.278385 2974 -1
1701046291.278490 54 1
1701046291.278576 2974 -1
1701046291.278598 54 1
1701046291.279339 89 1
1701046291.280234 2974 -1
1701046291.280278 54 1
1701046291.282076 2974 -1
1701046291.282140 54 1
1701046291.283242 2974 -1
1701046291.283292 54 1
1701046291.285709 2974 -1
1701046291.285802 54 1
1701046291.286426 2974 -1
1701046291.286457 54 1
1701046291.288014 2974 -1
1701046291.288069 54 1
1701046291.289664 2974 -1
1701046291.289708 54 1
1701046291.291979 1514 -1
1701046291.291979 1514 -1
1701046291.292049 54 1
1701046291.292899 2974 -1
1701046291.292925 54 1
1701046291.295322 2974 -1
1701046291.295381 54 1
1701046291.296075 2974 -1
1701046291.296114 54 1
1701046291.297552 2974 -1
1701046291.297609 54 1
1701046291.299314 2974 -1
1701046291.299346 54 1
1701046291.300885 2974 -1
1701046291.300945 54 1
1701046291.302291 2974 -1
1701046291.302364 54 1
1701046291.304009 2974 -1
1701046291.304050 54 1
1701046291.305543 2974 -1
1701046291.305581 54 1
1701046291.307183 2974 -1
1701046291.307231 54 1
1701046291.308662 2575 -1
1701046291.308714 54 1
1701046291.424165 60 -1
1701046292.859874 219 1
1701046292.861564 221 1
1701046292.862049 224 1
1701046292.877585 222 1
1701046292.882394 219 1
1701046292.967155 60 -1
1701046292.967155 60 -1
1701046292.967155 60 -1
1701046292.974960 1166 -1
1701046292.974960 491 -1
1701046292.974960 1175 -1
1701046292.974960 2974 -1
1701046292.974960 1514 -1
1701046292.974960 1514 -1
1701046292.974960 2974 -1
1701046292.975084 54 1
1701046292.978832 2974 -1
1701046292.978832 2974 -1
1701046292.978947 54 1
1701046292.986603 2974 -1
1701046292.986603 2974 -1
1701046292.986603 2974 -1
1701046292.986603 2974 -1
1701046292.986603 2974 -1
1701046292.986712 54 1
1701046292.988149 1740 -1
1701046292.988204 54 1
1701046293.006429 60 -1
1701046293.006429 1178 -1
1701046293.006429 472 -1
1701046293.006429 2974 -1
1701046293.006429 2974 -1
1701046293.006429 2974 -1
1701046293.006429 2974 -1
1701046293.006429 2974 -1
1701046293.006429 1514 -1
1701046293.006429 1514 -1
1701046293.006429 2974 -1
1701046293.006635 54 1
1701046293.009221 2010 -1
1701046293.009305 54 1
1701046293.613106 54 1
1701046293.716784 78 -1
1701046293.716784 60 -1
1701046293.716876 54 1
1701046294.492831 66 1
1701046294.601189 66 -1
1701046294.601396 54 1
1701046294.602320 934 1
1701046294.710269 60 -1
1701046294.710769 318 -1
1701046294.711552 134 1
1701046294.711974 146 1
1701046294.712683 585 1
1701046294.712818 222 1
1701046294.712949 220 1
1701046294.713054 223 1
1701046294.713132 220 1
1701046294.819609 60 -1
1701046294.819725 341 -1
1701046294.820112 60 -1
1701046294.820112 115 -1
1701046294.820112 85 -1
1701046294.820147 54 1
1701046294.820502 85 1
1701046294.820710 60 -1
1701046294.821105 60 -1
1701046294.821159 60 -1
1701046294.821264 60 -1
1701046294.821264 60 -1
1701046294.824320 1175 -1
1701046294.824361 54 1
1701046294.824692 479 -1
1701046294.824711 54 1
1701046294.825155 2974 -1
1701046294.825178 54 1
1701046294.826577 2974 -1
1701046294.826629 54 1
1701046294.828261 2974 -1
1701046294.828323 54 1
1701046294.829875 2974 -1
1701046294.829930 54 1
1701046294.831553 2974 -1
1701046294.831602 54 1
1701046294.833204 2974 -1
1701046294.833258 54 1
1701046294.834900 2974 -1
1701046294.834932 54 1
1701046294.836574 2974 -1
1701046294.836627 54 1
1701046294.838205 2974 -1
1701046294.838244 54 1
1701046294.839959 2974 -1
1701046294.840049 54 1
1701046294.842304 2974 -1
1701046294.842372 54 1
1701046294.843269 1514 -1
1701046294.843269 1514 -1
1701046294.843328 54 1
1701046294.845131 2974 -1
1701046294.845196 54 1
1701046294.846517 2974 -1
1701046294.846559 54 1
1701046294.848230 2974 -1
1701046294.848271 54 1
1701046294.849926 2974 -1
1701046294.849977 54 1
1701046294.851498 2974 -1
1701046294.851538 54 1
1701046294.853458 2974 -1
1701046294.853519 54 1
1701046294.855549 2974 -1
1701046294.855625 54 1
1701046294.856504 2974 -1
1701046294.856532 54 1
1701046294.858269 1514 -1
1701046294.858320 54 1
1701046294.928180 1142 -1
1701046294.928466 60 -1
1701046294.970968 54 1
1701046296.720206 219 1
1701046296.720338 220 1
1701046296.724164 221 1
1701046296.724273 220 1
1701046296.724466 220 1
1701046296.828346 60 -1
1701046296.828346 60 -1
1701046296.831342 1199 -1
1701046296.831423 54 1
1701046296.831601 443 -1
1701046296.831625 54 1
1701046296.832210 2974 -1
1701046296.832240 54 1
1701046296.833535 2974 -1
1701046296.833581 54 1
1701046296.835194 2974 -1
1701046296.835227 54 1
1701046296.837088 60 -1
1701046296.837088 1514 -1
1701046296.837088 1514 -1
1701046296.837154 54 1
1701046296.838505 2974 -1
1701046296.838546 54 1
1701046296.840313 2974 -1
1701046296.840367 54 1
1701046296.841995 2974 -1
1701046296.842049 54 1
1701046296.843537 2974 -1
1701046296.843585 54 1
1701046296.845208 2974 -1
1701046296.845261 54 1
1701046296.847028 2974 -1
1701046296.847097 54 1
1701046296.848503 2974 -1
1701046296.848551 54 1
1701046296.850447 2974 -1
1701046296.850487 54 1
1701046296.851957 2974 -1
1701046296.851991 54 1
1701046296.853583 2974 -1
1701046296.853626 54 1
1701046296.855292 2974 -1
1701046296.855336 54 1
1701046296.858222 2974 -1
1701046296.858289 54 1
1701046296.859649 2974 -1
1701046296.859695 54 1
1701046296.860335 2974 -1
1701046296.860366 54 1
1701046296.861905 2974 -1
1701046296.861951 54 1
1701046296.863569 2974 -1
1701046296.863619 54 1
1701046296.865336 89 -1
1701046296.906433 54 1
1701046298.362999 220 1
1701046298.363136 221 1
1701046298.363555 221 1
1701046298.363667 220 1
1701046298.363811 219 1
1701046298.481478 60 -1
1701046298.481478 60 -1
1701046298.481478 1176 -1
1701046298.481478 475 -1
1701046298.481478 1199 -1
1701046298.481478 2974 -1
1701046298.481478 2974 -1
1701046298.481478 2974 -1
1701046298.481651 54 1
1701046298.486689 1514 -1
1701046298.486689 1514 -1
1701046298.486689 2974 -1
1701046298.486689 2974 -1
1701046298.487003 54 1
1701046298.490718 2974 -1
1701046298.490718 2974 -1
1701046298.490718 2974 -1
1701046298.490825 54 1
1701046298.491868 2974 -1
1701046298.491904 54 1
1701046298.493400 2974 -1
1701046298.493449 54 1
1701046298.495202 2974 -1
1701046298.495274 54 1
1701046298.496693 2974 -1
1701046298.496732 54 1
1701046298.498719 2974 -1
1701046298.498774 54 1
1701046298.501427 2974 -1
1701046298.501509 54 1
1701046298.505065 2974 -1
1701046298.505065 2974 -1
1701046298.505167 54 1
1701046298.505241 196 -1
1701046298.505256 54 1
1701046300.019525 227 1
1701046300.022610 221 1
1701046300.024498 220 1
1701046300.025337 221 1
1701046300.025469 220 1
1701046300.130693 60 -1
1701046300.132339 1177 -1
1701046300.132596 474 -1
1701046300.132630 54 1
1701046300.132997 2974 -1
1701046300.133029 54 1
1701046300.134585 2974 -1
1701046300.134624 54 1
1701046300.134725 89 1
1701046300.136220 2974 -1
1701046300.136274 54 1
1701046300.138308 60 -1
1701046300.138308 2974 -1
1701046300.138431 54 1
1701046300.139552 2974 -1
1701046300.139595 54 1
1701046300.141192 2974 -1
1701046300.141231 54 1
1701046300.142933 2974 -1
1701046300.142975 54 1
1701046300.144513 2974 -1
1701046300.144548 54 1
1701046300.146233 2974 -1
1701046300.146293 54 1
1701046300.147972 2974 -1
1701046300.148045 54 1
1701046300.149580 2974 -1
1701046300.149637 54 1
1701046300.151204 2974 -1
1701046300.151252 54 1
1701046300.153298 2974 -1
1701046300.153398 54 1
1701046300.176780 2974 -1
1701046300.176780 2974 -1
1701046300.176780 2527 -1
1701046300.176964 54 1
1701046300.284582 60 -1
1701046302.226639 219 1
1701046302.226763 219 1
1701046302.227518 220 1
1701046302.228080 219 1
1701046302.228270 221 1
1701046302.334663 60 -1
1701046302.334768 60 -1
1701046302.335383 60 -1
1701046302.336077 60 -1
1701046302.336268 60 -1
1701046302.339188 1179 -1
1701046302.339481 474 -1
1701046302.339513 54 1
1701046302.339719 1178 -1
1701046302.340436 1602 -1
1701046302.340491 54 1
1701046302.341358 2974 -1
1701046302.341411 54 1
1701046302.343128 2974 -1
1701046302.343188 54 1
1701046302.344657 2974 -1
1701046302.344716 54 1
1701046302.346313 2974 -1
1701046302.346364 54 1
1701046302.348040 2974 -1
1701046302.348080 54 1
1701046302.349694 2974 -1
1701046302.349719 54 1
1701046302.351274 2974 -1
1701046302.351316 54 1
1701046302.353154 2974 -1
1701046302.353211 54 1
1701046302.354598 2974 -1
1701046302.354642 54 1
1701046302.356463 2974 -1
1701046302.356538 54 1
1701046302.362329 2974 -1
1701046302.362329 2974 -1
1701046302.362329 2974 -1
1701046302.362422 54 1
1701046302.363183 2974 -1
1701046302.363210 54 1
1701046302.365449 2974 -1
1701046302.365504 54 1
1701046302.366226 2974 -1
1701046302.366265 54 1
1701046302.368498 2974 -1
1701046302.368553 54 1
1701046302.376339 2974 -1
1701046302.376339 2974 -1
1701046302.376339 2974 -1
1701046302.376339 2974 -1
1701046302.376339 2974 -1
1701046302.376494 54 1
1701046302.378240 2974 -1
1701046302.378296 54 1
1701046302.380611 2466 -1
1701046302.380661 54 1
1701046303.630256 54 1
1701046303.738584 78 -1
1701046303.738584 60 -1
1701046303.738690 54 1
