1701049020.171688 66 1
1701049020.191556 66 -1
1701049020.191690 54 1
1701049020.202068 663 1
1701049020.203424 60 -1
1701049020.205303 2974 -1
1701049020.205380 54 1
1701049020.205458 958 -1
1701049020.237200 66 1
1701049020.238334 66 -1
1701049020.238432 54 1
1701049020.238994 663 1
1701049020.240352 60 -1
1701049020.241860 2974 -1
1701049020.241911 54 1
1701049020.241974 957 -1
1701049020.248077 134 1
1701049020.248733 134 1
1701049020.249220 60 -1
1701049020.249620 341 -1
1701049020.249620 341 -1
1701049020.249656 54 1
1701049020.250075 60 -1
1701049020.250075 341 -1
1701049020.250075 341 -1
1701049020.250108 54 1
1701049020.253252 54 1
1701049020.254442 93 -1
1701049020.254476 54 1
1701049020.254541 78 -1
1701049020.254541 60 -1
1701049020.275248 146 1
1701049020.276919 577 1
1701049020.277019 218 1
1701049020.279206 60 -1
1701049020.279206 115 -1
1701049020.279206 85 -1
1701049020.279262 54 1
1701049020.279819 85 1
1701049020.297609 60 -1
1701049020.297609 60 -1
1701049020.297609 1193 -1
1701049020.297609 448 -1
1701049020.297609 11430 -1
1701049020.298218 54 1
1701049020.302018 1174 -1
1701049020.302128 479 -1
1701049020.302150 54 1
1701049020.303895 4434 -1
1701049020.303949 54 1
1701049020.304236 7082 -1
1701049020.304274 54 1
1701049020.356427 219 1
1701049020.374375 1192 -1
1701049020.374375 451 -1
1701049020.374375 1514 -1
1701049020.374889 54 1
1701049020.374996 7354 -1
1701049020.375036 54 1
1701049020.375541 1340 -1
1701049020.419041 54 1
1701049020.607627 220 1
1701049020.620779 478 -1
1701049020.620779 1178 -1
1701049020.620889 66 1
1701049020.620968 54 1
1701049020.624440 7354 -1
1701049020.624497 54 1
1701049020.624894 4434 -1
1701049020.624939 54 1
1701049020.625257 4780 -1
1701049020.625313 54 1
1701049020.625649 1949 -1
1701049020.625677 54 1
1701049020.821279 220 1
1701049020.821381 221 1
1701049020.821504 223 1
1701049020.821610 230 1
1701049020.821720 221 1
1701049020.821829 220 1
1701049020.821940 219 1
1701049020.822051 220 1
1701049020.822142 220 1
1701049020.822239 221 1
1701049020.822313 221 1
1701049020.822406 219 1
1701049020.822703 60 -1
1701049020.823127 60 -1
1701049020.823527 60 -1
1701049020.833646 1178 -1
1701049020.833646 473 -1
1701049020.833646 1176 -1
1701049020.833646 469 -1
1701049020.833721 54 1
1701049020.836549 1198 -1
1701049020.836549 439 -1
1701049020.836549 1175 -1
1701049020.836610 54 1
1701049020.836679 467 -1
1701049020.836679 4434 -1
1701049020.836718 54 1
1701049020.837719 3664 -1
1701049020.837719 7354 -1
1701049020.837782 54 1
1701049020.837904 3725 -1
1701049020.837931 54 1
1701049020.841344 1177 -1
1701049020.841344 474 -1
1701049020.841344 11166 -1
1701049020.841442 54 1
1701049020.841855 7354 -1
1701049020.841896 54 1
1701049020.845238 7354 -1
1701049020.845238 1860 -1
1701049020.845238 7354 -1
1701049020.845238 7354 -1
1701049020.845238 5762 -1
1701049020.845238 1514 -1
1701049020.845238 3226 -1
1701049020.845372 54 1
1701049020.845457 1514 -1
1701049020.845457 7354 -1
1701049020.845527 54 1
1701049020.845990 7354 -1
1701049020.846041 54 1
1701049020.846271 54 1
1701049020.846605 400 -1
1701049020.846605 2974 -1
1701049020.846635 54 1
1701049020.846856 1514 -1
1701049020.846980 1514 -1
1701049020.847004 54 1
1701049020.854129 1514 -1
1701049020.854129 7354 -1
1701049020.854129 7354 -1
1701049020.854129 5478 -1
1701049020.854129 2950 -1
1701049020.854129 1177 -1
1701049020.854129 466 -1
1701049020.854129 1180 -1
1701049020.854129 470 -1
1701049020.854129 1176 -1
1701049020.854129 477 -1
1701049020.854129 1177 -1
1701049020.854129 10274 -1
1701049020.854129 3817 -1
1701049020.854129 474 -1
1701049020.854129 7354 -1
1701049020.854129 4003 -1
1701049020.854129 1514 -1
1701049020.854129 7354 -1
1701049020.854531 54 1
1701049020.854691 7700 -1
1701049020.854691 7540 -1
1701049020.854833 54 1
1701049020.855900 2974 -1
1701049020.855900 6088 -1
1701049020.855979 54 1
1701049020.856052 54 1
1701049021.048151 66 1
1701049021.049242 66 -1
1701049021.049319 54 1
1701049021.049653 663 1
1701049021.050850 60 -1
1701049021.062106 2974 -1
1701049021.062204 54 1
1701049021.062268 955 -1
1701049021.067387 134 1
1701049021.067815 146 1
1701049021.068089 543 1
1701049021.072754 60 -1
1701049021.072754 341 -1
1701049021.072754 341 -1
1701049021.072863 54 1
1701049021.080849 60 -1
1701049021.080849 60 -1
1701049021.080849 115 -1
1701049021.080849 85 -1
1701049021.080928 54 1
1701049021.081294 85 1
1701049021.082411 60 -1
1701049021.086399 1189 -1
1701049021.086477 7087 -1
1701049021.086524 54 1
1701049023.374346 54 1
1701049023.374923 54 1
1701049023.380339 78 -1
1701049023.380339 60 -1
1701049023.380382 54 1
1701049023.388193 78 -1
1701049023.388193 60 -1
1701049023.388248 54 1
1701049028.960591 66 1
1701049028.965850 66 -1
1701049028.966025 54 1
1701049028.967251 966 1
1701049028.973425 60 -1
1701049028.974458 318 -1
1701049028.975243 134 1
1701049028.975931 146 1
1701049028.976499 576 1
1701049028.976568 60 -1
1701049028.976597 224 1
1701049028.976718 219 1
1701049028.976803 220 1
1701049028.976968 60 -1
1701049028.984910 60 -1
1701049028.984910 60 -1
1701049028.984910 60 -1
1701049028.984910 60 -1
1701049028.984910 341 -1
1701049028.984910 115 -1
1701049028.984910 85 -1
1701049028.985024 54 1
1701049028.985417 85 1
1701049028.987759 1177 -1
1701049028.987759 470 -1
1701049028.987759 7354 -1
1701049028.987759 2974 -1
1701049028.987902 54 1
1701049028.988163 6240 -1
1701049028.988163 4434 -1
1701049028.988163 1183 -1
1701049028.988234 54 1
1701049028.988402 1191 -1
1701049028.988652 452 -1
1701049028.988673 54 1
1701049028.990280 7354 -1
1701049028.990341 54 1
1701049028.990876 7587 -1
1701049028.990917 54 1
1701049029.001617 1176 -1
1701049029.001617 470 -1
1701049029.001909 54 1
1701049029.005826 4434 -1
1701049029.005928 54 1
1701049029.006238 7354 -1
1701049029.006291 54 1
1701049029.009857 2974 -1
1701049029.009857 1860 -1
1701049029.009857 1133 -1
1701049029.009857 1174 -1
1701049029.009857 483 -1
1701049029.009857 7354 -1
1701049029.009857 7354 -1
1701049029.009857 521 -1
1701049029.010236 54 1
1701049032.230230 226 1
1701049032.230343 222 1
1701049032.230436 220 1
1701049032.230511 220 1
1701049032.230737 221 1
1701049032.231443 60 -1
1701049032.231490 60 -1
1701049032.231531 60 -1
1701049032.231847 60 -1
1701049032.232295 60 -1
1701049032.244448 1175 -1
1701049032.244448 470 -1
1701049032.244553 54 1
1701049032.245354 7354 -1
1701049032.245411 54 1
1701049032.245865 7354 -1
1701049032.245925 54 1
1701049032.246434 1860 -1
1701049032.246485 54 1
1701049032.246614 85 -1
1701049032.246614 7354 -1
1701049032.246651 54 1
1701049032.247253 377 -1
1701049032.247253 1593 -1
1701049032.247291 54 1
1701049032.247425 4434 -1
1701049032.247465 54 1
1701049032.248017 7354 -1
1701049032.248047 54 1
1701049032.248341 1514 -1
1701049032.248368 54 1
1701049032.248441 3320 -1
1701049032.248469 54 1
1701049032.248819 85 -1
1701049032.248819 1394 -1
1701049032.248861 54 1
1701049032.252560 1174 -1
1701049032.252638 54 1
1701049032.252987 480 -1
1701049032.252987 6759 -1
1701049032.253035 54 1
1701049032.253193 1179 -1
1701049032.253232 470 -1
1701049032.253251 54 1
1701049032.257653 7354 -1
1701049032.257752 54 1
1701049032.267854 7354 -1
1701049032.267854 1860 -1
1701049032.267854 85 -1
1701049032.267854 6780 -1
1701049032.267854 1194 -1
1701049032.267854 445 -1
1701049032.267854 1514 -1
1701049032.267854 5894 -1
1701049032.267854 1992 -1
1701049032.268026 54 1
1701049033.398457 54 1
1701049033.402419 78 -1
1701049033.402419 60 -1
1701049033.402456 54 1
1701049034.346619 66 1
1701049034.348898 66 -1
1701049034.349033 54 1
1701049034.351204 966 1
1701049034.352388 60 -1
1701049034.353593 318 -1
1701049034.355163 134 1
1701049034.355769 146 1
1701049034.356652 576 1
1701049034.356806 222 1
1701049034.356919 222 1
1701049034.357048 220 1
1701049034.357262 222 1
1701049034.359848 60 -1
1701049034.359848 60 -1
1701049034.359848 60 -1
1701049034.359848 60 -1
1701049034.359848 60 -1
1701049034.359848 60 -1
1701049034.359848 60 -1
1701049034.359848 341 -1
1701049034.363144 115 -1
1701049034.363144 85 -1
1701049034.363425 54 1
1701049034.363991 85 1
1701049034.365172 60 -1
1701049034.365842 1174 -1
1701049034.365842 470 -1
1701049034.365842 1180 -1
1701049034.365842 467 -1
1701049034.365924 54 1
1701049034.366026 7354 -1
1701049034.366074 54 1
1701049034.366332 5195 -1
1701049034.366391 54 1
1701049034.367042 1174 -1
1701049034.367042 478 -1
1701049034.367042 1182 -1
1701049034.367042 466 -1
1701049034.367083 54 1
1701049034.367922 7354 -1
1701049034.367982 54 1
1701049034.368313 5894 -1
1701049034.368360 54 1
1701049034.368448 3320 -1
1701049034.368480 54 1
1701049034.368918 10274 -1
1701049034.368963 54 1
1701049034.369849 7354 -1
1701049034.369913 54 1
1701049034.370207 7354 -1
1701049034.370245 54 1
1701049034.381534 853 -1
1701049034.381534 85 -1
1701049034.381534 4434 -1
1701049034.381534 7354 -1
1701049034.381534 4190 -1
1701049034.381534 2974 -1
1701049034.381534 7354 -1
1701049034.381534 6240 -1
1701049034.381534 4470 -1
1701049034.381534 90 -1
1701049034.382081 66 1
1701049034.401178 1176 -1
1701049034.401178 478 -1
1701049034.401178 7354 -1
1701049034.401178 7354 -1
1701049034.401348 54 1
1701049034.402040 1860 -1
1701049034.402040 7354 -1
1701049034.402040 1514 -1
1701049034.402119 54 1
1701049034.402171 2270 -1
1701049034.402267 54 1
1701049035.922487 221 1
1701049035.922610 221 1
1701049035.923452 219 1
1701049035.923536 221 1
1701049035.923765 221 1
1701049035.923963 60 -1
1701049035.923963 60 -1
1701049035.924436 60 -1
1701049035.924569 60 -1
1701049035.925066 60 -1
1701049035.934428 1177 -1
1701049035.934677 473 -1
1701049035.934677 1177 -1
1701049035.934677 472 -1
1701049035.934918 54 1
1701049035.937581 7354 -1
1701049035.937647 54 1
1701049035.938164 4434 -1
1701049035.938214 54 1
1701049035.938517 4780 -1
1701049035.938546 54 1
1701049035.938815 3688 -1
1701049035.938835 54 1
1701049035.939161 7354 -1
1701049035.939222 54 1
1701049035.939658 7219 -1
1701049035.939801 54 1
1701049035.940254 1200 -1
1701049035.940277 54 1
1701049035.940418 444 -1
1701049035.940418 1514 -1
1701049035.940439 54 1
1701049035.940511 7354 -1
1701049035.940878 54 1
1701049035.941115 2974 -1
1701049035.941140 54 1
1701049035.941404 4780 -1
1701049035.941432 54 1
1701049035.941850 7036 -1
1701049035.941889 54 1
1701049035.943574 1172 -1
1701049035.943574 481 -1
1701049035.943629 54 1
1701049035.945569 7354 -1
1701049035.945634 54 1
1701049035.946016 9160 -1
1701049035.946083 54 1
1701049035.946958 4946 -1
1701049035.947010 54 1
1701049035.972237 1174 -1
1701049035.972237 482 -1
1701049035.972350 54 1
1701049035.979243 4985 -1
1701049035.979359 54 1
1701049037.501939 221 1
1701049037.502418 220 1
1701049037.505099 221 1
1701049037.512206 220 1
1701049037.512341 227 1
1701049037.515908 60 -1
1701049037.527555 1176 -1
1701049037.527555 475 -1
1701049037.527555 1171 -1
1701049037.527555 482 -1
1701049037.527555 5812 -1
1701049037.527659 54 1
1701049037.528105 1168 -1
1701049037.528105 485 -1
1701049037.528138 54 1
1701049037.530635 2974 -1
1701049037.530635 5894 -1
1701049037.531021 54 1
1701049037.531077 4434 -1
1701049037.531118 54 1
1701049037.531291 1662 -1
1701049037.531325 54 1
1701049037.531425 2974 -1
1701049037.531449 54 1
1701049037.531683 3830 -1
1701049037.531886 54 1
1701049037.537019 1178 -1
1701049037.537019 471 -1
1701049037.537220 54 1
1701049037.538548 7354 -1
1701049037.538621 54 1
1701049037.539022 5028 -1
1701049037.539064 54 1
1701049037.569796 1178 -1
1701049037.569796 472 -1
1701049037.569905 54 1
1701049037.582639 5639 -1
1701049037.582639 1259 -1
1701049037.582763 66 1
1701049039.640542 221 1
1701049039.641953 231 1
1701049039.642819 219 1
1701049039.644625 222 1
1701049039.644888 60 -1
1701049039.646342 228 1
1701049039.648676 60 -1
1701049039.653086 1193 -1
1701049039.653173 1541 -1
1701049039.653173 515 -1
1701049039.653255 54 1
1701049039.653601 7354 -1
1701049039.653646 54 1
1701049039.654230 1817 -1
1701049039.654230 7339 -1
1701049039.654331 54 1
1701049039.655375 89 1
1701049039.657522 1177 -1
1701049039.657522 470 -1
1701049039.657745 54 1
1701049039.658582 13194 -1
1701049039.658979 54 1
1701049039.659044 1007 -1
1701049039.659088 54 1
1701049039.663458 1192 -1
1701049039.663458 451 -1
1701049039.663458 7354 -1
1701049039.663581 54 1
1701049039.668390 330 -1
1701049039.668470 54 1
1701049039.669012 330 -1
1701049039.669037 66 1
1701049039.680127 1197 -1
1701049039.680127 448 -1
1701049039.680221 54 1
1701049039.683551 2974 -1
1701049039.683551 3202 -1
1701049039.683687 54 1
1701049041.222814 220 1
1701049041.223673 226 1
1701049041.225604 219 1
1701049041.225712 221 1
1701049041.226278 220 1
1701049041.230583 60 -1
1701049041.234532 1228 -1
1701049041.234532 404 -1
1701049041.234532 1179 -1
1701049041.234532 470 -1
1701049041.234630 54 1
1701049041.238192 1514 -1
1701049041.238192 7354 -1
1701049041.238192 7700 -1
1701049041.238192 85 -1
1701049041.238192 7354 -1
1701049041.238192 1227 -1
1701049041.238192 7354 -1
1701049041.238409 54 1
1701049041.238631 1514 -1
1701049041.238692 2974 -1
1701049041.238718 54 1
1701049041.239006 4780 -1
1701049041.239049 54 1
1701049041.239351 85 -1
1701049041.239351 7354 -1
1701049041.239391 54 1
1701049041.239985 616 -1
1701049041.240018 54 1
1701049041.240055 1595 -1
1701049041.240080 54 1
1701049041.240344 5894 -1
1701049041.240372 54 1
1701049041.240672 4434 -1
1701049041.240710 54 1
1701049041.241882 3385 -1
1701049041.241929 54 1
1701049041.252056 1174 -1
1701049041.252056 477 -1
1701049041.252189 54 1
1701049041.253548 7354 -1
1701049041.253590 54 1
1701049041.254401 7354 -1
1701049041.254472 54 1
1701049041.254568 784 -1
1701049041.254723 1174 -1
1701049041.254723 483 -1
1701049041.255133 54 1
1701049041.257006 7354 -1
1701049041.257063 54 1
1701049041.257168 2360 -1
1701049041.257207 54 1
1701049042.793420 220 1
1701049042.796364 220 1
1701049042.796480 221 1
1701049042.796573 219 1
1701049042.796828 220 1
1701049042.798075 60 -1
1701049042.806935 1203 -1
1701049042.806935 434 -1
1701049042.806935 1179 -1
1701049042.806935 466 -1
1701049042.806935 7354 -1
1701049042.806935 2731 -1
1701049042.806935 7354 -1
1701049042.807114 54 1
1701049042.807223 2830 -1
1701049042.807251 54 1
1701049042.807453 1600 -1
1701049042.807479 54 1
1701049042.809023 4434 -1
1701049042.809023 2974 -1
1701049042.809086 54 1
1701049042.809237 7354 -1
1701049042.809269 54 1
1701049042.815172 1037 -1
1701049042.815172 1195 -1
1701049042.815172 446 -1
1701049042.815172 7354 -1
1701049042.815172 7354 -1
1701049042.815172 373 -1
1701049042.815172 1201 -1
1701049042.815172 439 -1
1701049042.815172 4434 -1
1701049042.815172 5389 -1
1701049042.815378 54 1
1701049043.398911 54 1
1701049043.404369 78 -1
1701049043.404369 60 -1
1701049043.404449 54 1
1701049046.545876 66 1
1701049046.547124 66 -1
1701049046.547233 54 1
1701049046.547762 934 1
1701049046.548888 60 -1
1701049046.549851 318 -1
1701049046.550364 134 1
1701049046.551375 60 -1
1701049046.551566 341 -1
1701049046.552252 146 1
1701049046.552718 574 1
1701049046.552820 219 1
1701049046.552878 219 1
1701049046.552958 219 1
1701049046.553024 222 1
1701049046.553259 60 -1
1701049046.553303 115 -1
1701049046.553303 85 -1
1701049046.553339 54 1
1701049046.553516 85 1
1701049046.553937 60 -1
1701049046.553971 60 -1
1701049046.554046 60 -1
1701049046.554046 60 -1
1701049046.554046 60 -1
1701049046.554491 60 -1
1701049046.565147 1175 -1
1701049046.565147 470 -1
1701049046.565147 7354 -1
1701049046.565147 6691 -1
1701049046.565147 1201 -1
1701049046.565147 436 -1
1701049046.565147 1179 -1
1701049046.565147 471 -1
1701049046.565147 11936 -1
1701049046.565147 7354 -1
1701049046.565147 2570 -1
1701049046.565147 1176 -1
1701049046.565147 474 -1
1701049046.565147 7354 -1
1701049046.565507 54 1
1701049046.565622 519 -1
1701049046.565645 54 1
1701049046.566366 1203 -1
1701049046.566366 438 -1
1701049046.566414 54 1
1701049046.566578 2974 -1
1701049046.566608 54 1
1701049046.566936 1514 -1
1701049046.566936 6408 -1
1701049046.567010 54 1
1701049048.146140 230 1
1701049048.146978 221 1
1701049048.147091 220 1
1701049048.148103 219 1
1701049048.149915 221 1
1701049048.152162 60 -1
1701049048.160225 1175 -1
1701049048.160225 479 -1
1701049048.160320 54 1
1701049048.160523 7354 -1
1701049048.160567 54 1
1701049048.160934 5252 -1
1701049048.160971 54 1
1701049048.172130 1177 -1
1701049048.172130 471 -1
1701049048.172130 1178 -1
1701049048.172130 480 -1
1701049048.172130 1183 -1
1701049048.172130 468 -1
1701049048.172130 7114 -1
1701049048.172130 6524 -1
1701049048.172354 54 1
1701049048.173259 7354 -1
1701049048.173300 54 1
1701049048.174488 2974 -1
1701049048.174488 4253 -1
1701049048.174541 54 1
1701049048.181185 1198 -1
1701049048.181185 449 -1
1701049048.181281 54 1
1701049048.186040 7354 -1
1701049048.186164 54 1
1701049048.186495 1591 -1
1701049048.186542 54 1
1701049049.743821 220 1
1701049049.748216 220 1
1701049049.749047 236 1
1701049049.749672 228 1
1701049049.750477 220 1
1701049049.751363 60 -1
1701049049.789138 1179 -1
1701049049.789138 470 -1
1701049049.789138 1198 -1
1701049049.789138 438 -1
1701049049.789138 7354 -1
1701049049.789138 4843 -1
1701049049.789138 1514 -1
1701049049.789138 7354 -1
1701049049.789138 7700 -1
1701049049.789138 4184 -1
1701049049.789138 1177 -1
1701049049.789138 1183 -1
1701049049.789138 469 -1
1701049049.789138 476 -1
1701049049.789138 7354 -1
1701049049.789138 4310 -1
1701049049.789138 2974 -1
1701049049.789138 7364 -1
1701049049.789138 1200 -1
1701049049.789138 436 -1
1701049049.789138 1514 -1
1701049049.789138 7354 -1
1701049049.789138 7354 -1
1701049049.789138 400 -1
1701049049.789138 1514 -1
1701049049.789138 1009 -1
1701049049.789138 1009 -1
1701049049.789728 66 1
1701049049.790734 54 1
1701049051.341235 220 1
1701049051.342525 222 1
1701049051.342621 219 1
1701049051.342722 219 1
1701049051.342888 230 1
1701049051.348720 60 -1
1701049051.375712 1178 -1
1701049051.375712 473 -1
1701049051.375712 1177 -1
1701049051.375712 476 -1
1701049051.375712 2974 -1
1701049051.375712 3729 -1
1701049051.375712 5548 -1
1701049051.375712 1181 -1
1701049051.375712 472 -1
1701049051.375712 1179 -1
1701049051.375712 473 -1
1701049051.376090 54 1
1701049051.376382 7354 -1
1701049051.376435 54 1
1701049051.379025 3737 -1
1701049051.379025 972 -1
1701049051.379093 54 1
1701049051.414080 1175 -1
1701049051.414080 479 -1
1701049051.414181 54 1
1701049051.414301 1514 -1
1701049051.414301 1514 -1
1701049051.414344 54 1
1701049051.414412 6394 -1
1701049051.414448 54 1
1701049053.414314 54 1
1701049053.417673 78 -1
1701049053.417673 60 -1
1701049053.417765 54 1
1701049053.528530 66 1
1701049053.529762 66 -1
1701049053.529913 54 1
1701049053.531994 934 1
1701049053.534016 60 -1
1701049053.534016 318 -1
1701049053.535617 134 1
1701049053.535900 146 1
1701049053.536459 585 1
1701049053.536607 60 -1
1701049053.536695 218 1
1701049053.536780 221 1
1701049053.536867 341 -1
1701049053.536867 60 -1
1701049053.537009 219 1
1701049053.537072 220 1
1701049053.537170 115 -1
1701049053.537170 85 -1
1701049053.537291 54 1
1701049053.537497 60 -1
1701049053.537499 85 1
1701049053.537681 60 -1
1701049053.537824 60 -1
1701049053.537988 60 -1
1701049053.538195 60 -1
1701049053.538463 60 -1
1701049053.545731 1199 -1
1701049053.545731 1178 -1
1701049053.545731 853 -1
1701049053.545844 54 1
1701049053.545934 2974 -1
1701049053.545966 54 1
1701049053.546038 4434 -1
1701049053.546074 54 1
1701049053.546278 3767 -1
1701049053.546301 54 1
1701049053.546600 10274 -1
1701049053.546630 54 1
1701049053.547435 3895 -1
1701049053.547468 54 1
1701049053.547758 1200 -1
1701049053.547792 54 1
1701049053.547881 438 -1
1701049053.548030 15794 -1
1701049053.548072 54 1
1701049053.549209 1178 -1
1701049053.549383 470 -1
1701049053.549383 2974 -1
1701049053.549417 54 1
1701049053.549584 7354 -1
1701049053.549620 54 1
1701049053.550243 6240 -1
1701049053.550276 54 1
1701049053.550986 85 -1
1701049053.550986 5894 -1
1701049053.551029 54 1
1701049053.551186 7504 -1
1701049053.551212 54 1
1701049053.565224 1171 -1
1701049053.565224 482 -1
1701049053.565224 8861 -1
1701049053.565387 54 1
1701049053.574678 101 -1
1701049053.574718 66 1
1701049055.140214 219 1
1701049055.140922 219 1
1701049055.140991 225 1
1701049055.141256 60 -1
1701049055.142220 60 -1
1701049055.142220 60 -1
1701049055.142962 219 1
1701049055.143487 225 1
1701049055.144052 60 -1
1701049055.144496 60 -1
1701049055.149910 1202 -1
1701049055.149910 435 -1
1701049055.149910 1201 -1
1701049055.150029 54 1
1701049055.150164 7354 -1
1701049055.150230 54 1
1701049055.150532 7682 -1
1701049055.150591 54 1
1701049055.151197 435 -1
1701049055.151197 7354 -1
1701049055.151240 54 1
1701049055.152081 6121 -1
1701049055.152111 54 1
1701049055.152303 1178 -1
1701049055.152320 54 1
1701049055.152487 472 -1
1701049055.152487 7354 -1
1701049055.152538 54 1
1701049055.153091 7354 -1
1701049055.153115 54 1
1701049055.153637 883 -1
1701049055.153655 54 1
1701049055.153699 1176 -1
1701049055.153790 468 -1
1701049055.153813 54 1
1701049055.154003 1514 -1
1701049055.154003 1514 -1
1701049055.154034 54 1
1701049055.154091 1514 -1
1701049055.154192 2974 -1
1701049055.154221 54 1
1701049055.154448 3412 -1
1701049055.154475 54 1
1701049055.171162 1173 -1
1701049055.171162 475 -1
1701049055.171257 54 1
1701049055.172059 4434 -1
1701049055.172102 54 1
1701049055.172160 6385 -1
1701049055.172209 54 1
1701049056.762319 219 1
1701049056.762476 220 1
1701049056.762566 222 1
1701049056.762704 223 1
1701049056.763385 220 1
1701049056.769447 60 -1
1701049056.776444 1198 -1
1701049056.776444 440 -1
1701049056.776444 1199 -1
1701049056.776444 435 -1
1701049056.776610 54 1
1701049056.776749 5894 -1
1701049056.776797 54 1
1701049056.777067 3668 -1
1701049056.777098 54 1
1701049056.777381 2974 -1
1701049056.777424 54 1
1701049056.779216 5894 -1
1701049056.779216 7354 -1
1701049056.779216 400 -1
1701049056.779216 77 -1
1701049056.779216 1201 -1
1701049056.779216 439 -1
1701049056.779216 1175 -1
1701049056.779216 470 -1
1701049056.779216 7354 -1
1701049056.779460 54 1
1701049056.779638 2571 -1
1701049056.779666 54 1
1701049056.779822 4434 -1
1701049056.779878 54 1
1701049056.788118 7333 -1
1701049056.788118 1201 -1
1701049056.788118 434 -1
1701049056.788118 12969 -1
1701049056.788306 54 1
1701049061.000214 222 1
1701049061.005393 222 1
1701049061.006278 223 1
1701049061.006690 220 1
1701049061.006751 219 1
1701049061.026445 60 -1
1701049061.035393 1179 -1
1701049061.035393 470 -1
1701049061.035393 1171 -1
1701049061.035513 54 1
1701049061.035571 7354 -1
1701049061.035600 54 1
1701049061.036077 7354 -1
1701049061.036110 54 1
1701049061.036624 1016 -1
1701049061.036648 54 1
1701049061.036730 1593 -1
1701049061.036745 54 1
1701049061.037398 89 1
1701049061.042241 1176 -1
1701049061.042241 476 -1
1701049061.042241 7354 -1
1701049061.042344 54 1
1701049061.042674 7354 -1
1701049061.042718 54 1
1701049061.043262 1860 -1
1701049061.043287 54 1
1701049061.043392 999 -1
1701049061.043470 1514 -1
1701049061.043482 54 1
1701049061.043590 7354 -1
1701049061.043626 54 1
1701049061.044212 4151 -1
1701049061.044253 54 1
1701049061.046291 7354 -1
1701049061.046330 54 1
1701049061.046750 7354 -1
1701049061.046788 54 1
1701049061.047357 1860 -1
1701049061.047391 54 1
1701049061.047550 1854 -1
1701049061.047582 54 1
1701049061.047663 1179 -1
1701049061.047756 467 -1
1701049061.047773 54 1
1701049061.050154 11814 -1
1701049061.050220 54 1
1701049062.639492 220 1
1701049062.639608 221 1
1701049062.641072 220 1
1701049062.641167 221 1
1701049062.641252 219 1
1701049062.644179 60 -1
1701049062.650291 1200 -1
1701049062.650291 435 -1
1701049062.650291 1180 -1
1701049062.650291 469 -1
1701049062.650384 54 1
1701049062.651879 7354 -1
1701049062.651955 54 1
1701049062.652374 7354 -1
1701049062.652458 54 1
1701049062.653238 1860 -1
1701049062.653238 85 -1
1701049062.653238 3522 -1
1701049062.653288 54 1
1701049062.653372 7354 -1
1701049062.653395 54 1
1701049062.654168 5463 -1
1701049062.654196 54 1
1701049062.654469 1177 -1
1701049062.654497 54 1
1701049062.654567 467 -1
1701049062.654636 7354 -1
1701049062.654672 54 1
1701049062.663854 7354 -1
1701049062.663854 1860 -1
1701049062.663854 4434 -1
1701049062.663854 6927 -1
1701049062.663854 1173 -1
1701049062.663854 482 -1
1701049062.663854 7573 -1
1701049062.664035 54 1
1701049062.672953 1201 -1
1701049062.672953 442 -1
1701049062.672953 7354 -1
1701049062.672953 2974 -1
1701049062.672953 6240 -1
1701049062.672953 85 -1
1701049062.672953 1675 -1
1701049062.673131 54 1
1701049062.686961 215 -1
1701049062.687027 66 1
1701049063.429035 54 1
1701049063.430784 78 -1
1701049063.430824 54 1
1701049063.430872 60 -1
1701049064.252004 66 1
1701049064.253434 66 -1
1701049064.253566 54 1
1701049064.255345 870 1
1701049064.257179 60 -1
1701049064.258071 318 -1
1701049064.272587 134 1
1701049064.273001 146 1
1701049064.273598 575 1
1701049064.273724 222 1
1701049064.273838 221 1
1701049064.273965 220 1
1701049064.274104 219 1
1701049064.279162 60 -1
1701049064.279162 60 -1
1701049064.279162 60 -1
1701049064.279162 60 -1
1701049064.279162 60 -1
1701049064.279162 60 -1
1701049064.279162 60 -1
1701049064.279162 341 -1
1701049064.279375 115 -1
1701049064.279375 85 -1
1701049064.279411 54 1
1701049064.279620 85 1
1701049064.289593 60 -1
1701049064.289593 1177 -1
1701049064.289593 472 -1
1701049064.289593 1173 -1
1701049064.289593 477 -1
1701049064.289593 7373 -1
1701049064.289593 1177 -1
1701049064.289593 5894 -1
1701049064.289593 3247 -1
1701049064.289593 471 -1
1701049064.289593 7354 -1
1701049064.289593 5159 -1
1701049064.289593 1149 -1
1701049064.289593 512 -1
1701049064.289593 1178 -1
1701049064.289593 468 -1
1701049064.289593 5894 -1
1701049064.289593 3957 -1
1701049064.289593 7354 -1
1701049064.289593 8933 -1
1701049064.289994 54 1
1701049066.414639 221 1
1701049066.415177 223 1
1701049066.415881 218 1
1701049066.415979 222 1
1701049066.416444 220 1
1701049066.416514 60 -1
1701049066.416514 60 -1
1701049066.417153 60 -1
1701049066.417221 60 -1
1701049066.417872 60 -1
1701049066.425873 1198 -1
1701049066.425873 441 -1
1701049066.425959 54 1
1701049066.426076 1198 -1
1701049066.426076 438 -1
1701049066.426096 54 1
1701049066.426175 1178 -1
1701049066.426175 473 -1
1701049066.426198 54 1
1701049066.427613 1176 -1
1701049066.427753 470 -1
1701049066.427772 54 1
1701049066.427827 6569 -1
1701049066.427872 54 1
1701049066.428150 7320 -1
1701049066.428189 54 1
1701049066.428731 7354 -1
1701049066.428757 54 1
1701049066.429339 999 -1
1701049066.429358 54 1
1701049066.429883 7354 -1
1701049066.429931 54 1
1701049066.430303 4434 -1
1701049066.430340 54 1
1701049066.430650 4064 -1
1701049066.430680 54 1
1701049066.431180 1174 -1
1701049066.431180 479 -1
1701049066.431211 54 1
1701049066.431835 7354 -1
1701049066.431874 54 1
1701049066.432272 3785 -1
1701049066.432296 54 1
1701049068.104773 222 1
1701049068.104908 221 1
1701049068.105046 228 1
1701049068.105161 221 1
1701049068.107065 223 1
1701049068.108228 60 -1
1701049068.123914 1173 -1
1701049068.123914 470 -1
1701049068.123914 1176 -1
1701049068.123914 470 -1
1701049068.124083 54 1
1701049068.124597 2974 -1
1701049068.124633 54 1
1701049068.124741 7354 -1
1701049068.124788 54 1
1701049068.125293 6240 -1
1701049068.125350 54 1
1701049068.125836 85 -1
1701049068.125836 1534 -1
1701049068.125870 54 1
1701049068.126060 4434 -1
1701049068.126098 54 1
1701049068.126289 7354 -1
1701049068.126327 54 1
1701049068.126914 4780 -1
1701049068.127094 54 1
1701049068.127283 4819 -1
1701049068.127319 54 1
1701049068.127752 1597 -1
1701049068.127801 54 1
1701049068.129988 2974 -1
1701049068.130041 54 1
1701049068.130221 4347 -1
1701049068.130263 54 1
1701049068.131763 1175 -1
1701049068.131909 477 -1
1701049068.131909 1197 -1
1701049068.131909 452 -1
1701049068.131963 54 1
1701049068.133284 14654 -1
1701049068.133375 54 1
1701049068.134312 1103 -1
1701049068.137157 6309 -1
1701049068.137248 54 1
1701049069.710369 223 1
1701049069.715676 219 1
1701049069.716830 60 -1
1701049069.719688 220 1
1701049069.719794 220 1
1701049069.719909 221 1
1701049069.720856 60 -1
1701049069.728543 1182 -1
1701049069.728543 467 -1
1701049069.728627 54 1
1701049069.728686 1179 -1
1701049069.728686 471 -1
1701049069.728707 54 1
1701049069.730427 89 1
1701049069.733358 7354 -1
1701049069.733441 54 1
1701049069.733692 7354 -1
1701049069.733728 54 1
1701049069.734308 1860 -1
1701049069.734338 54 1
1701049069.734444 4375 -1
1701049069.734473 54 1
1701049069.734798 7354 -1
1701049069.734829 54 1
1701049069.735421 7354 -1
1701049069.735460 54 1
1701049069.736069 1860 -1
1701049069.736104 54 1
1701049069.736202 5153 -1
1701049069.736243 54 1
1701049069.736614 7354 -1
1701049069.736655 54 1
1701049069.737195 1514 -1
1701049069.737325 7354 -1
1701049069.737348 54 1
1701049069.737954 400 -1
1701049069.737954 1768 -1
1701049069.738003 54 1
1701049069.738080 7354 -1
1701049069.738112 54 1
1701049069.738747 7354 -1
1701049069.738787 54 1
1701049069.739346 1860 -1
1701049069.739378 54 1
1701049069.739484 5852 -1
1701049069.739515 54 1
1701049069.742654 1179 -1
1701049069.742654 467 -1
1701049069.742722 54 1
1701049069.743615 7354 -1
1701049069.743659 54 1
1701049069.744280 3901 -1
1701049069.744322 54 1
1701049071.334123 227 1
1701049071.335807 220 1
1701049071.336366 222 1
1701049071.336968 220 1
1701049071.339885 60 -1
1701049071.341271 219 1
1701049071.351310 1174 -1
1701049071.351310 480 -1
1701049071.351412 54 1
1701049071.352983 7354 -1
1701049071.353045 54 1
1701049071.353638 2664 -1
1701049071.353638 1173 -1
1701049071.353701 54 1
1701049071.353759 476 -1
1701049071.355704 7231 -1
1701049071.355761 54 1
1701049071.358887 1179 -1
1701049071.358887 467 -1
1701049071.358983 54 1
1701049071.359494 1175 -1
1701049071.359494 16460 -1
1701049071.359600 54 1
1701049071.360576 681 -1
1701049071.360623 54 1
1701049071.360665 1592 -1
1701049071.360684 54 1
1701049071.360732 4434 -1
1701049071.360762 54 1
1701049071.372233 2974 -1
1701049071.372233 5305 -1
1701049071.372233 6856 -1
1701049071.372233 1016 -1
1701049071.372407 66 1
1701049073.445078 54 1
1701049073.446339 78 -1
1701049073.446411 54 1
1701049073.446471 60 -1
1701049075.976309 66 1
1701049075.984717 66 -1
1701049075.984894 54 1
1701049075.985834 870 1
1701049075.996451 60 -1
1701049075.996451 318 -1
1701049075.997279 134 1
1701049075.997674 146 1
1701049075.998329 575 1
1701049075.998439 219 1
1701049075.998551 219 1
1701049075.998700 221 1
1701049075.998805 221 1
1701049076.000532 60 -1
1701049076.000532 60 -1
1701049076.000532 60 -1
1701049076.000532 60 -1
1701049076.000532 60 -1
1701049076.000532 341 -1
1701049076.000532 60 -1
1701049076.000532 60 -1
1701049076.002376 115 -1
1701049076.002376 85 -1
1701049076.002465 54 1
1701049076.003012 85 1
1701049076.004442 60 -1
1701049076.007392 1173 -1
1701049076.007392 470 -1
1701049076.007497 54 1
1701049076.007578 7354 -1
1701049076.007625 54 1
1701049076.007940 1114 -1
1701049076.007940 1177 -1
1701049076.008141 54 1
1701049076.008207 470 -1
1701049076.008233 54 1
1701049076.008450 1514 -1
1701049076.008450 7346 -1
1701049076.008487 54 1
1701049076.009289 1176 -1
1701049076.009289 472 -1
1701049076.009289 5951 -1
1701049076.009351 54 1
1701049076.031528 1255 -1
1701049076.031528 364 -1
1701049076.031639 54 1
1701049076.038279 7354 -1
1701049076.038388 54 1
1701049076.038504 2953 -1
1701049076.038532 54 1
1701049076.048621 1176 -1
1701049076.048621 468 -1
1701049076.048715 54 1
1701049076.050270 2974 -1
1701049076.050317 54 1
1701049076.050419 7354 -1
1701049076.050540 54 1
1701049076.051412 2974 -1
1701049076.051412 3320 -1
1701049076.051453 54 1
1701049076.051496 169 -1
1701049076.099303 54 1
1701049077.629220 220 1
1701049077.630577 60 -1
1701049077.631417 229 1
1701049077.631953 229 1
1701049077.632037 220 1
1701049077.632104 220 1
1701049077.632447 60 -1
1701049077.633190 60 -1
1701049077.633253 60 -1
1701049077.633253 60 -1
1701049077.640013 1176 -1
1701049077.640329 475 -1
1701049077.640329 1173 -1
1701049077.640329 471 -1
1701049077.640386 54 1
1701049077.640450 7354 -1
1701049077.640496 54 1
1701049077.640822 2392 -1
1701049077.640847 54 1
1701049077.642445 5894 -1
1701049077.642445 4434 -1
1701049077.642445 1923 -1
1701049077.642503 54 1
1701049077.646635 1176 -1
1701049077.646635 469 -1
1701049077.646698 54 1
1701049077.651418 1173 -1
1701049077.651418 478 -1
1701049077.651418 7354 -1
1701049077.651703 54 1
1701049077.651927 5827 -1
1701049077.651989 54 1
1701049077.657362 7354 -1
1701049077.657456 54 1
1701049077.657630 7354 -1
1701049077.657696 54 1
1701049077.658189 1860 -1
1701049077.658237 54 1
1701049077.658408 1383 -1
1701049077.658432 54 1
1701049077.677533 1179 -1
1701049077.677533 471 -1
1701049077.677823 54 1
1701049077.689359 4312 -1
1701049077.689470 54 1
1701049079.281732 220 1
1701049079.281872 219 1
1701049079.281989 221 1
1701049079.284308 219 1
1701049079.284411 221 1
1701049079.285631 60 -1
1701049079.291492 1175 -1
1701049079.291492 474 -1
1701049079.291611 54 1
1701049079.291781 5894 -1
1701049079.291827 54 1
1701049079.292678 1514 -1
1701049079.292678 1262 -1
1701049079.292678 1179 -1
1701049079.292678 470 -1
1701049079.292678 7354 -1
1701049079.292760 54 1
1701049079.293793 348 -1
1701049079.293823 54 1
1701049079.293924 1177 -1
1701049079.293924 469 -1
1701049079.293924 5894 -1
1701049079.293973 54 1
1701049079.294470 4434 -1
1701049079.294470 6240 -1
1701049079.294526 54 1
1701049079.295117 3146 -1
1701049079.295150 54 1
1701049079.295267 1180 -1
1701049079.295299 54 1
1701049079.295372 468 -1
1701049079.295457 4434 -1
1701049079.295496 54 1
1701049079.295697 4434 -1
1701049079.295891 54 1
1701049079.296571 3908 -1
1701049079.296609 54 1
1701049079.315592 1177 -1
1701049079.315592 471 -1
1701049079.315683 54 1
1701049079.317217 7354 -1
1701049079.317290 54 1
1701049079.317550 2303 -1
1701049079.317589 54 1
1701049081.449785 221 1
1701049081.454384 225 1
1701049081.455102 223 1
1701049081.455533 222 1
1701049081.455923 218 1
1701049081.460650 60 -1
1701049081.460745 60 -1
1701049081.461477 1179 -1
1701049081.461477 469 -1
1701049081.461530 54 1
1701049081.462383 7354 -1
1701049081.462436 54 1
1701049081.462751 8814 -1
1701049081.462795 54 1
1701049081.464883 400 -1
1701049081.464883 85 -1
1701049081.464883 3591 -1
1701049081.464883 1178 -1
1701049081.464883 467 -1
1701049081.464883 15206 -1
1701049081.465034 54 1
1701049081.465283 1178 -1
1701049081.465305 54 1
1701049081.465363 468 -1
1701049081.465399 5894 -1
1701049081.465450 54 1
1701049081.465881 5996 -1
1701049081.465926 54 1
1701049081.467615 1170 -1
1701049081.467615 483 -1
1701049081.467615 1180 -1
1701049081.467615 467 -1
1701049081.467615 4208 -1
1701049081.467690 54 1
1701049081.469378 1514 -1
1701049081.469414 54 1
1701049081.469475 7354 -1
1701049081.469508 54 1
1701049081.471343 7700 -1
1701049081.471343 977 -1
1701049081.471409 54 1
1701049081.474220 89 1
1701049081.477867 977 -1
1701049081.477936 66 1
1701049081.519477 60 -1
1701049083.078221 220 1
1701049083.079280 219 1
1701049083.079501 221 1
1701049083.080948 219 1
1701049083.088422 219 1
1701049083.092420 60 -1
1701049083.092420 60 -1
1701049083.092420 60 -1
1701049083.092420 60 -1
1701049083.093491 60 -1
1701049083.103998 1197 -1
1701049083.103998 441 -1
1701049083.103998 1044 -1
1701049083.103998 7354 -1
1701049083.104240 54 1
1701049083.104522 6518 -1
1701049083.104578 54 1
1701049083.105270 7354 -1
1701049083.105316 54 1
1701049083.105528 1908 -1
1701049083.105748 54 1
1701049083.105803 1582 -1
1701049083.105832 54 1
1701049083.107310 7354 -1
1701049083.107353 54 1
1701049083.107786 4063 -1
1701049083.107807 54 1
1701049083.108229 1176 -1
1701049083.108876 476 -1
1701049083.108915 54 1
1701049083.113635 2974 -1
1701049083.113635 2156 -1
1701049083.113732 54 1
1701049083.137636 1178 -1
1701049083.137636 467 -1
1701049083.137894 54 1
1701049083.150108 1514 -1
1701049083.150353 7354 -1
1701049083.150434 54 1
1701049083.150587 1606 -1
1701049083.150610 54 1
1701049083.458409 54 1
1701049083.468748 78 -1
1701049083.468748 60 -1
1701049083.468855 54 1
1701049084.789522 66 1
1701049084.795317 66 -1
1701049084.795564 54 1
1701049084.796419 934 1
1701049084.797775 60 -1
1701049084.798546 318 -1
1701049084.799231 134 1
1701049084.799632 146 1
1701049084.800387 584 1
1701049084.800481 220 1
1701049084.800553 222 1
1701049084.800648 221 1
1701049084.800742 222 1
1701049084.800784 60 -1
1701049084.800784 341 -1
1701049084.800784 60 -1
1701049084.800925 115 -1
1701049084.800925 85 -1
1701049084.800953 54 1
1701049084.801780 85 1
1701049084.802022 60 -1
1701049084.802022 60 -1
1701049084.802022 60 -1
1701049084.802022 60 -1
1701049084.802022 60 -1
1701049084.802828 60 -1
1701049084.811456 1177 -1
1701049084.811456 475 -1
1701049084.811456 1175 -1
1701049084.811456 472 -1
1701049084.811456 1200 -1
1701049084.811456 440 -1
1701049084.811622 54 1
1701049084.816402 1174 -1
1701049084.816402 480 -1
1701049084.816507 54 1
1701049084.816594 7354 -1
1701049084.816674 54 1
1701049084.816940 7354 -1
1701049084.816968 54 1
1701049084.817536 427 -1
1701049084.817566 1514 -1
1701049084.817579 54 1
1701049084.817683 4434 -1
1701049084.817706 54 1
1701049084.818066 3469 -1
1701049084.818097 54 1
1701049084.818328 2974 -1
1701049084.818352 54 1
1701049084.818572 6693 -1
1701049084.818615 54 1
1701049084.821666 7354 -1
1701049084.821730 54 1
1701049084.822305 4324 -1
1701049084.822334 54 1
1701049084.823596 1176 -1
1701049084.823596 474 -1
1701049084.823640 54 1
1701049084.824695 7354 -1
1701049084.824753 54 1
1701049084.825113 2606 -1
1701049084.825150 54 1
1701049087.657055 219 1
1701049087.658529 219 1
1701049087.660635 60 -1
1701049087.660803 220 1
1701049087.661273 222 1
1701049087.661378 223 1
1701049087.661751 60 -1
1701049087.661993 60 -1
1701049087.662855 60 -1
1701049087.662855 60 -1
1701049087.669395 1197 -1
1701049087.669395 436 -1
1701049087.669508 54 1
1701049087.670492 7354 -1
1701049087.670564 54 1
1701049087.670705 4396 -1
1701049087.670768 54 1
1701049087.672586 1196 -1
1701049087.672586 442 -1
1701049087.672643 54 1
1701049087.674829 6925 -1
1701049087.674905 54 1
1701049087.677387 1179 -1
1701049087.677387 469 -1
1701049087.677387 14709 -1
1701049087.677558 54 1
1701049087.677621 1175 -1
1701049087.677621 470 -1
1701049087.677654 54 1
1701049087.681726 1177 -1
1701049087.681726 470 -1
1701049087.681726 11734 -1
1701049087.681843 54 1
1701049087.682043 4780 -1
1701049087.682109 54 1
1701049087.682176 723 -1
1701049087.682233 8814 -1
1701049087.682276 54 1
1701049087.683454 5894 -1
1701049087.683454 1808 -1
1701049087.683508 54 1
1701049092.248175 220 1
1701049092.248273 220 1
1701049092.249618 60 -1
1701049092.249625 221 1
1701049092.250214 220 1
1701049092.251671 223 1
1701049092.257463 60 -1
1701049092.278208 1200 -1
1701049092.278208 436 -1
1701049092.278208 8814 -1
1701049092.278208 2974 -1
1701049092.278208 3560 -1
1701049092.278208 1204 -1
1701049092.278208 1581 -1
1701049092.278208 438 -1
1701049092.278208 2974 -1
1701049092.278208 2974 -1
1701049092.278208 7354 -1
1701049092.278208 2220 -1
1701049092.278208 4434 -1
1701049092.278208 4434 -1
1701049092.278208 2974 -1
1701049092.278208 4120 -1
1701049092.278208 1602 -1
1701049092.278208 1204 -1
1701049092.278208 435 -1
1701049092.278208 7539 -1
1701049092.278208 5894 -1
1701049092.278725 54 1
1701049092.279003 10620 -1
1701049092.279003 870 -1
1701049092.279064 66 1
1701049092.283179 89 1
1701049092.286626 1514 -1
1701049092.286724 54 1
1701049092.328525 60 -1
1701049093.470522 54 1
1701049093.477333 78 -1
1701049093.477333 60 -1
1701049093.477425 54 1
1701049093.911001 66 1
1701049093.912491 66 -1
1701049093.912604 54 1
1701049093.913264 870 1
1701049093.914357 60 -1
1701049093.915355 318 -1
1701049093.916002 134 1
1701049093.916399 146 1
1701049093.917031 577 1
1701049093.917129 60 -1
1701049093.917142 222 1
1701049093.917228 222 1
1701049093.917310 221 1
1701049093.917390 220 1
1701049093.917482 341 -1
1701049093.917547 60 -1
1701049093.919255 85 -1
1701049093.919255 115 -1
1701049093.919255 60 -1
1701049093.919255 60 -1
1701049093.919255 60 -1
1701049093.919255 60 -1
1701049093.919255 60 -1
1701049093.919319 66 1
1701049093.919374 54 1
1701049093.919674 85 1
1701049093.920816 60 -1
1701049093.926062 1172 -1
1701049093.926062 481 -1
1701049093.926315 54 1
1701049093.926361 9833 -1
1701049093.926420 54 1
1701049093.927328 1171 -1
1701049093.927328 478 -1
1701049093.927370 54 1
1701049093.927764 5894 -1
1701049093.927792 54 1
1701049093.928440 4109 -1
1701049093.928470 54 1
1701049093.931376 1178 -1
1701049093.931376 472 -1
1701049093.931376 7354 -1
1701049093.931502 54 1
1701049093.931604 2877 -1
1701049093.931641 54 1
1701049093.934531 1175 -1
1701049093.934531 475 -1
1701049093.934531 7354 -1
1701049093.934531 1766 -1
1701049093.934654 54 1
1701049093.966491 1175 -1
1701049093.966491 477 -1
1701049093.966591 54 1
1701049093.969346 7354 -1
1701049093.969741 54 1
1701049093.969811 3706 -1
1701049093.969838 54 1
1701049095.514853 227 1
1701049095.515254 220 1
1701049095.515360 219 1
1701049095.515765 223 1
1701049095.517139 222 1
1701049095.517509 60 -1
1701049095.517509 60 -1
1701049095.517509 60 -1
1701049095.518599 60 -1
1701049095.518599 60 -1
1701049095.530528 1201 -1
1701049095.530528 437 -1
1701049095.530620 54 1
1701049095.535319 5894 -1
1701049095.535403 54 1
1701049095.535583 5926 -1
1701049095.535625 54 1
1701049095.542504 1198 -1
1701049095.542504 451 -1
1701049095.542504 1171 -1
1701049095.542504 483 -1
1701049095.542591 54 1
1701049095.549444 8310 -1
1701049095.549565 54 1
1701049095.549908 4434 -1
1701049095.549950 54 1
1701049095.550251 4227 -1
1701049095.550288 54 1
1701049095.562809 1177 -1
1701049095.562809 467 -1
1701049095.562905 54 1
1701049095.566542 7354 -1
1701049095.566542 2974 -1
1701049095.566637 54 1
1701049095.566711 6240 -1
1701049095.566766 54 1
1701049095.567155 1998 -1
1701049095.567213 54 1
1701049095.577371 483 -1
1701049095.577371 1170 -1
1701049095.577462 66 1
1701049095.577602 54 1
1701049095.583408 8028 -1
1701049095.583687 54 1
1701049097.726330 222 1
1701049097.726454 220 1
1701049097.727902 219 1
1701049097.728274 60 -1
1701049097.728546 223 1
1701049097.729958 222 1
1701049097.733851 60 -1
1701049097.739933 1198 -1
1701049097.739933 440 -1
1701049097.739933 1252 -1
1701049097.739933 4434 -1
1701049097.740080 54 1
1701049097.740364 4861 -1
1701049097.740364 367 -1
1701049097.740364 1178 -1
1701049097.740439 54 1
1701049097.740704 468 -1
1701049097.741431 6458 -1
1701049097.741643 54 1
1701049097.741834 7354 -1
1701049097.741863 54 1
1701049097.742711 4129 -1
1701049097.742748 54 1
1701049097.742791 1177 -1
1701049097.742848 471 -1
1701049097.742867 54 1
1701049097.743312 7354 -1
1701049097.743348 54 1
1701049097.743776 6022 -1
1701049097.743827 54 1
1701049097.759729 1195 -1
1701049097.759729 447 -1
1701049097.759846 54 1
1701049097.761350 12220 -1
1701049097.761414 54 1
1701049099.352769 220 1
1701049099.352879 222 1
1701049099.353596 220 1
1701049099.354023 60 -1
1701049099.355182 221 1
1701049099.355697 220 1
1701049099.356953 60 -1
1701049099.362062 1180 -1
1701049099.362062 475 -1
1701049099.362062 1200 -1
1701049099.362062 439 -1
1701049099.362319 54 1
1701049099.362898 6475 -1
1701049099.363069 54 1
1701049099.363122 6719 -1
1701049099.363341 54 1
1701049099.363727 1197 -1
1701049099.363727 440 -1
1701049099.363758 54 1
1701049099.363801 6625 -1
1701049099.363844 54 1
1701049099.365366 89 1
1701049099.365747 1178 -1
1701049099.365747 469 -1
1701049099.365788 54 1
1701049099.367031 7354 -1
1701049099.367104 54 1
1701049099.367530 2488 -1
1701049099.367560 54 1
1701049099.378115 1178 -1
1701049099.378115 470 -1
1701049099.378314 54 1
1701049099.381135 15482 -1
1701049099.381275 54 1
1701049100.959017 228 1
1701049100.962401 220 1
1701049100.962691 221 1
1701049100.962778 220 1
1701049100.963065 221 1
1701049100.964153 60 -1
1701049100.967244 60 -1
1701049100.969672 1179 -1
1701049100.969672 477 -1
1701049100.969940 54 1
1701049100.970442 7354 -1
1701049100.970497 54 1
1701049100.970703 5219 -1
1701049100.970760 54 1
1701049100.971744 1199 -1
1701049100.971744 451 -1
1701049100.971798 54 1
1701049100.971884 4958 -1
1701049100.971928 54 1
1701049100.985245 1174 -1
1701049100.985245 470 -1
1701049100.985245 1178 -1
1701049100.985245 474 -1
1701049100.985245 7354 -1
1701049100.985245 3088 -1
1701049100.985245 6969 -1
1701049100.985245 1129 -1
1701049100.985245 1176 -1
1701049100.985245 478 -1
1701049100.985419 66 1
1701049100.985481 54 1
1701049100.986480 2974 -1
1701049100.986480 2778 -1
1701049100.986549 54 1
1701049103.124482 222 1
1701049103.125205 220 1
1701049103.125767 220 1
1701049103.131448 60 -1
1701049103.134963 219 1
1701049103.135325 222 1
1701049103.137942 60 -1
1701049103.146842 1199 -1
1701049103.146842 444 -1
1701049103.146842 1179 -1
1701049103.146842 465 -1
1701049103.146928 54 1
1701049103.149719 7354 -1
1701049103.149800 54 1
1701049103.149984 662 -1
1701049103.150029 54 1
1701049103.150093 7354 -1
1701049103.150143 54 1
1701049103.153739 2703 -1
1701049103.153739 1231 -1
1701049103.153739 397 -1
1701049103.153739 1181 -1
1701049103.153739 470 -1
1701049103.153739 7354 -1
1701049103.153739 7354 -1
1701049103.153864 54 1
1701049103.154117 1860 -1
1701049103.154138 54 1
1701049103.154389 85 -1
1701049103.154389 8393 -1
1701049103.154428 54 1
1701049103.156659 15062 -1
1701049103.156747 54 1
1701049103.164396 1199 -1
1701049103.164396 448 -1
1701049103.164491 54 1
1701049103.164837 4434 -1
1701049103.164886 54 1
1701049103.165078 1514 -1
1701049103.165147 2789 -1
1701049103.165175 54 1
1701049103.487968 54 1
1701049103.505375 78 -1
1701049103.505375 60 -1
1701049103.505471 54 1
1701049108.738339 66 1
1701049108.739642 66 -1
1701049108.739763 54 1
1701049108.740824 934 1
1701049108.742823 60 -1
1701049108.742823 318 -1
1701049108.743875 134 1
1701049108.744489 146 1
1701049108.744915 60 -1
1701049108.745512 573 1
1701049108.745555 341 -1
1701049108.745698 60 -1
1701049108.745792 85 -1
1701049108.745792 115 -1
1701049108.745822 66 1
1701049108.745860 54 1
1701049108.745947 223 1
1701049108.746053 222 1
1701049108.746557 227 1
1701049108.746621 60 -1
1701049108.746741 221 1
1701049108.746932 85 1
1701049108.746996 60 -1
1701049108.747158 60 -1
1701049108.747695 60 -1
1701049108.747805 60 -1
1701049108.748012 60 -1
1701049108.755008 1176 -1
1701049108.755008 483 -1
1701049108.755081 54 1
1701049108.755356 7354 -1
1701049108.755404 54 1
1701049108.756164 1918 -1
1701049108.756203 54 1
1701049108.759163 1174 -1
1701049108.759163 481 -1
1701049108.759163 7354 -1
1701049108.759163 3258 -1
1701049108.759163 1173 -1
1701049108.759163 491 -1
1701049108.759412 54 1
1701049108.760246 7354 -1
1701049108.760286 54 1
1701049108.760979 485 -1
1701049108.762881 1196 -1
1701049108.762881 452 -1
1701049108.762929 54 1
1701049108.763899 4434 -1
1701049108.763945 54 1
1701049108.764125 1822 -1
1701049108.764155 54 1
1701049108.774708 1176 -1
1701049108.774708 474 -1
1701049108.774788 54 1
1701049108.782892 7354 -1
1701049108.782892 9160 -1
1701049108.782892 1391 -1
1701049108.783195 54 1
1701049109.282953 54 1
