1701058080.614410 66 1
1701058080.643893 66 -1
1701058080.644010 54 1
1701058080.658359 572 1
1701058080.690229 60 -1
1701058080.700300 2778 -1
1701058080.700397 54 1
1701058080.710795 134 1
1701058080.715646 146 1
1701058080.728179 580 1
1701058080.740233 60 -1
1701058080.742287 341 -1
1701058080.742287 341 -1
1701058080.742332 54 1
1701058080.747590 60 -1
1701058080.747590 115 -1
1701058080.747590 85 -1
1701058080.747691 54 1
1701058080.748146 85 1
1701058080.757484 60 -1
1701058080.774032 958 -1
1701058080.774032 4434 -1
1701058080.774032 3480 -1
1701058080.774208 54 1
1701058080.795415 66 1
1701058080.796734 66 -1
1701058080.796811 54 1
1701058080.800506 663 1
1701058080.801817 60 -1
1701058080.814369 2974 -1
1701058080.814465 54 1
1701058080.814544 956 -1
1701058080.818123 60 -1
1701058080.820277 134 1
1701058080.821393 60 -1
1701058080.822195 146 1
1701058080.822496 575 1
1701058080.822542 341 -1
1701058080.822834 341 -1
1701058080.822873 54 1
1701058080.823768 60 -1
1701058080.824197 60 -1
1701058080.826548 115 -1
1701058080.826548 85 -1
1701058080.826602 54 1
1701058080.827485 85 1
1701058080.828496 60 -1
1701058080.846337 1172 -1
1701058080.846440 477 -1
1701058080.846466 54 1
1701058080.849621 7354 -1
1701058080.849689 54 1
1701058080.850067 642 -1
1701058080.850096 54 1
1701058080.916024 231 1
1701058080.916529 234 1
1701058080.916791 230 1
1701058080.916902 229 1
1701058080.917157 231 1
1701058080.917777 234 1
1701058080.917927 234 1
1701058080.918110 232 1
1701058080.918214 232 1
1701058080.946756 60 -1
1701058080.947687 60 -1
1701058080.980074 60 -1
1701058080.994579 1012 -1
1701058080.994579 3038 -1
1701058080.994579 4434 -1
1701058080.994579 2974 -1
1701058080.994579 1514 -1
1701058080.994692 54 1
1701058080.995182 4434 -1
1701058080.995206 54 1
1701058081.001624 3542 -1
1701058081.001624 1066 -1
1701058081.001624 4434 -1
1701058081.001624 4434 -1
1701058081.001624 207 -1
1701058081.001624 1010 -1
1701058081.001624 4434 -1
1701058081.001624 3590 -1
1701058081.001624 4434 -1
1701058081.001783 54 1
1701058081.002471 390 -1
1701058081.003903 1194 -1
1701058081.003939 54 1
1701058081.004139 539 -1
1701058081.008536 4434 -1
1701058081.008574 54 1
1701058081.008756 4434 -1
1701058081.008779 54 1
1701058081.010381 1430 -1
1701058081.010410 54 1
1701058081.016262 1164 -1
1701058081.016262 581 -1
1701058081.016262 4434 -1
1701058081.016262 4369 -1
1701058081.016355 54 1
1701058081.244382 208 1
1701058081.282789 60 -1
1701058081.282789 984 -1
1701058081.282789 2619 -1
1701058081.283013 54 1
1701058088.227816 54 1
1701058088.230275 54 1
1701058088.231290 60 -1
1701058088.231290 78 -1
1701058088.231323 54 1
1701058088.231364 54 1
1701058088.259810 78 -1
1701058088.259810 60 -1
1701058088.259854 54 1
1701058091.819862 66 1
1701058091.848814 66 -1
1701058091.848947 54 1
1701058091.849454 902 1
1701058091.878394 60 -1
1701058091.879340 318 -1
1701058091.880087 134 1
1701058091.880413 146 1
1701058091.881054 585 1
1701058091.909281 60 -1
1701058091.909362 60 -1
1701058091.909629 341 -1
1701058091.909900 60 -1
1701058091.911561 115 -1
1701058091.911561 85 -1
1701058091.911625 54 1
1701058091.911797 85 1
1701058091.913946 956 -1
1701058091.914006 54 1
1701058091.914224 4434 -1
1701058091.914272 54 1
1701058091.914297 60 -1
1701058091.940497 60 -1
1701058091.955818 54 1
1701058095.496334 229 1
1701058095.496529 230 1
1701058095.496884 230 1
1701058095.497002 232 1
1701058095.525099 60 -1
1701058095.525380 60 -1
1701058095.525578 60 -1
1701058095.525652 60 -1
1701058095.530405 947 -1
1701058095.530405 5894 -1
1701058095.530491 54 1
1701058095.531054 928 -1
1701058095.531095 54 1
1701058095.535261 1012 -1
1701058095.535416 5894 -1
1701058095.535493 54 1
1701058095.536407 2559 -1
1701058095.536456 54 1
1701058095.536663 927 -1
1701058095.536683 54 1
1701058095.536777 5722 -1
1701058095.536804 54 1
1701058095.554563 1041 -1
1701058095.554563 1514 -1
1701058095.554604 54 1
1701058095.554647 4434 -1
1701058095.554695 54 1
1701058095.555490 3076 -1
1701058095.555525 54 1
1701058097.066977 232 1
1701058097.067108 230 1
1701058097.068128 230 1
1701058097.068348 231 1
1701058097.096515 60 -1
1701058097.096515 60 -1
1701058097.097392 60 -1
1701058097.097392 60 -1
1701058097.102964 961 -1
1701058097.103056 5894 -1
1701058097.103168 54 1
1701058097.103640 4981 -1
1701058097.103671 54 1
1701058097.104830 89 1
1701058097.104849 946 -1
1701058097.105153 1514 -1
1701058097.105153 4434 -1
1701058097.105214 54 1
1701058097.105957 1173 -1
1701058097.105994 54 1
1701058097.107249 1064 -1
1701058097.107249 5894 -1
1701058097.107316 54 1
1701058097.107944 2433 -1
1701058097.107966 54 1
1701058097.108106 959 -1
1701058097.108132 54 1
1701058097.108356 5894 -1
1701058097.108389 54 1
1701058097.109356 5894 -1
1701058097.109399 54 1
1701058097.110223 1514 -1
1701058097.110223 4434 -1
1701058097.110271 54 1
1701058097.110934 634 -1
1701058097.159557 54 1
1701058097.173745 60 -1
1701058098.233435 54 1
1701058098.263381 78 -1
1701058098.263381 60 -1
1701058098.263419 54 1
1701058099.198834 66 1
1701058099.231432 66 -1
1701058099.231524 54 1
1701058099.232242 902 1
1701058099.261819 60 -1
1701058099.262844 318 -1
1701058099.263708 134 1
1701058099.264086 146 1
1701058099.264685 586 1
1701058099.264797 232 1
1701058099.293903 60 -1
1701058099.294263 60 -1
1701058099.294263 341 -1
1701058099.294331 60 -1
1701058099.294331 60 -1
1701058099.298835 115 -1
1701058099.298835 85 -1
1701058099.298835 959 -1
1701058099.298835 5894 -1
1701058099.298957 54 1
1701058099.299601 1406 -1
1701058099.300664 85 1
1701058099.301578 958 -1
1701058099.301636 54 1
1701058099.307438 5894 -1
1701058099.307438 177 -1
1701058099.307522 54 1
1701058099.338510 60 -1
1701058100.784666 225 1
1701058100.784816 225 1
1701058100.785247 252 1
1701058100.817930 60 -1
1701058100.817930 60 -1
1701058100.817930 60 -1
1701058100.834936 1007 -1
1701058100.834936 5894 -1
1701058100.834936 2037 -1
1701058100.835043 54 1
1701058100.841512 971 -1
1701058100.841512 4434 -1
1701058100.841512 1514 -1
1701058100.841512 5894 -1
1701058100.841512 5894 -1
1701058100.841512 5894 -1
1701058100.841512 1514 -1
1701058100.841512 1514 -1
1701058100.841512 2974 -1
1701058100.841512 5894 -1
1701058100.841688 54 1
1701058100.841916 5894 -1
1701058100.841976 54 1
1701058100.842932 5894 -1
1701058100.843009 54 1
1701058100.844093 5894 -1
1701058100.844376 54 1
1701058100.844691 5894 -1
1701058100.844719 54 1
1701058100.845794 5894 -1
1701058100.845841 54 1
1701058100.846579 5894 -1
1701058100.846615 54 1
1701058100.847473 5894 -1
1701058100.847495 54 1
1701058100.848615 1514 -1
1701058100.864905 5894 -1
1701058100.865012 54 1
1701058100.865594 4434 -1
1701058100.865629 54 1
1701058100.876077 5894 -1
1701058100.876077 4434 -1
1701058100.876077 1514 -1
1701058100.876077 5894 -1
1701058100.876077 2974 -1
1701058100.876077 2974 -1
1701058100.876077 5894 -1
1701058100.876077 2974 -1
1701058100.876077 2974 -1
1701058100.876077 5894 -1
1701058100.876257 54 1
1701058100.889515 5894 -1
1701058100.889515 2985 -1
1701058100.889602 54 1
1701058102.363279 225 1
1701058102.363926 225 1
1701058102.364656 225 1
1701058102.396615 60 -1
1701058102.402091 956 -1
1701058102.402091 6907 -1
1701058102.402348 54 1
1701058102.406142 926 -1
1701058102.406142 1514 -1
1701058102.406142 5894 -1
1701058102.406142 869 -1
1701058102.406237 54 1
1701058102.414652 1034 -1
1701058102.414908 54 1
1701058102.415105 4434 -1
1701058102.415105 2874 -1
1701058102.415186 54 1
1701058103.953804 221 1
1701058103.957204 226 1
1701058103.958556 223 1
1701058103.959757 223 1
1701058103.988586 970 -1
1701058103.988586 7354 -1
1701058103.988586 3871 -1
1701058103.988728 54 1
1701058103.994414 60 -1
1701058103.994414 1014 -1
1701058103.994414 2844 -1
1701058103.994414 948 -1
1701058103.994414 7354 -1
1701058103.994414 1967 -1
1701058103.994548 54 1
1701058103.997500 929 -1
1701058103.997500 7354 -1
1701058103.997590 54 1
1701058103.998674 7354 -1
1701058103.998722 54 1
1701058103.999565 7354 -1
1701058103.999611 54 1
1701058104.000697 879 -1
1701058104.041267 54 1
1701058106.400185 224 1
1701058106.401164 250 1
1701058106.401872 224 1
1701058106.405096 251 1
1701058106.438041 60 -1
1701058106.439776 1014 -1
1701058106.439891 3055 -1
1701058106.439934 54 1
1701058106.441363 89 1
1701058106.441695 968 -1
1701058106.441788 7354 -1
1701058106.441814 54 1
1701058106.442714 7354 -1
1701058106.442750 54 1
1701058106.443723 7354 -1
1701058106.443772 54 1
1701058106.444613 2974 -1
1701058106.444695 54 1
1701058106.444731 4434 -1
1701058106.444759 54 1
1701058106.445508 7354 -1
1701058106.445543 54 1
1701058106.446508 7354 -1
1701058106.446559 54 1
1701058106.447475 4434 -1
1701058106.447520 54 1
1701058106.447679 2974 -1
1701058106.447707 54 1
1701058106.448310 7354 -1
1701058106.448340 54 1
1701058106.449262 7354 -1
1701058106.449302 54 1
1701058106.450129 7354 -1
1701058106.450365 54 1
1701058106.451019 4434 -1
1701058106.451045 54 1
1701058106.451878 2974 -1
1701058106.451903 54 1
1701058106.451979 7354 -1
1701058106.452008 54 1
1701058106.452922 5894 -1
1701058106.452947 54 1
1701058106.453611 1514 -1
1701058106.453636 54 1
1701058106.453716 5894 -1
1701058106.453740 54 1
1701058106.454588 7354 -1
1701058106.454625 54 1
1701058106.455519 7354 -1
1701058106.455557 54 1
1701058106.456454 7354 -1
1701058106.456481 54 1
1701058106.457414 7354 -1
1701058106.457454 54 1
1701058106.458816 7354 -1
1701058106.458851 54 1
1701058106.459459 7354 -1
1701058106.459485 54 1
1701058106.461118 7354 -1
1701058106.461118 1281 -1
1701058106.461176 54 1
1701058106.461388 7354 -1
1701058106.461415 54 1
1701058106.462275 7354 -1
1701058106.462328 54 1
1701058106.463117 7354 -1
1701058106.463174 54 1
1701058106.464134 4434 -1
1701058106.464195 54 1
1701058106.467168 2974 -1
1701058106.467168 7354 -1
1701058106.467168 7354 -1
1701058106.467168 7354 -1
1701058106.467306 54 1
1701058106.470008 7354 -1
1701058106.470008 5894 -1
1701058106.470008 1273 -1
1701058106.470008 85 -1
1701058106.470008 7354 -1
1701058106.470130 54 1
1701058106.470940 7354 -1
1701058106.470969 54 1
1701058106.471656 7354 -1
1701058106.471690 54 1
1701058106.473361 5243 -1
1701058106.473441 54 1
1701058106.511322 60 -1
1701058108.250243 54 1
1701058108.281338 78 -1
1701058108.281338 60 -1
1701058108.281436 54 1
1701058110.029399 66 1
1701058110.056469 66 -1
1701058110.056606 54 1
1701058110.057426 902 1
1701058110.084670 60 -1
1701058110.085029 318 -1
1701058110.087549 134 1
1701058110.087941 146 1
1701058110.088538 576 1
1701058110.088629 223 1
1701058110.088717 252 1
1701058110.088810 221 1
1701058110.088895 250 1
1701058110.114472 60 -1
1701058110.114564 341 -1
1701058110.114652 60 -1
1701058110.114717 115 -1
1701058110.114717 85 -1
1701058110.114753 54 1
1701058110.115073 85 1
1701058110.115261 60 -1
1701058110.115492 60 -1
1701058110.115492 60 -1
1701058110.115606 60 -1
1701058110.115606 60 -1
1701058110.118978 979 -1
1701058110.119055 54 1
1701058110.119122 5894 -1
1701058110.119190 54 1
1701058110.120077 3948 -1
1701058110.120121 54 1
1701058110.120651 4002 -1
1701058110.120699 54 1
1701058110.121107 5894 -1
1701058110.121154 54 1
1701058110.122114 5894 -1
1701058110.122387 54 1
1701058110.122830 5894 -1
1701058110.122868 54 1
1701058110.123671 5894 -1
1701058110.123715 54 1
1701058110.124501 5894 -1
1701058110.124536 54 1
1701058110.125559 5894 -1
1701058110.125622 54 1
1701058110.126538 5894 -1
1701058110.126584 54 1
1701058110.127321 5894 -1
1701058110.127370 54 1
1701058110.141629 5894 -1
1701058110.141742 54 1
1701058110.141941 60 -1
1701058110.146087 5894 -1
1701058110.146217 54 1
1701058110.146357 5894 -1
1701058110.146413 54 1
1701058110.147123 5894 -1
1701058110.147170 54 1
1701058110.147976 5894 -1
1701058110.148021 54 1
1701058110.149996 5894 -1
1701058110.149996 5894 -1
1701058110.150127 54 1
1701058110.150534 5894 -1
1701058110.150570 54 1
1701058110.151430 5894 -1
1701058110.151486 54 1
1701058110.152449 5894 -1
1701058110.152503 54 1
1701058110.153103 5894 -1
1701058110.153142 54 1
1701058110.154009 5894 -1
1701058110.154059 54 1
1701058110.155016 1514 -1
1701058110.155016 4434 -1
1701058110.155062 54 1
1701058110.156517 1514 -1
1701058110.156517 4434 -1
1701058110.156583 54 1
1701058110.157367 5894 -1
1701058110.157412 54 1
1701058110.158289 2974 -1
1701058110.158332 54 1
1701058110.158374 2974 -1
1701058110.158403 54 1
1701058110.159072 5894 -1
1701058110.159127 54 1
1701058110.161495 5894 -1
1701058110.161495 1514 -1
1701058110.161495 4434 -1
1701058110.161495 5894 -1
1701058110.161633 54 1
1701058110.172708 1514 -1
1701058110.172708 4434 -1
1701058110.172708 5894 -1
1701058110.172708 5894 -1
1701058110.172708 5894 -1
1701058110.172708 5894 -1
1701058110.172935 54 1
1701058110.173058 7354 -1
1701058110.173151 54 1
1701058110.177964 4434 -1
1701058110.177964 2974 -1
1701058110.177964 7354 -1
1701058110.177964 6998 -1
1701058110.178137 54 1
1701058111.638152 223 1
1701058111.640949 222 1
1701058111.641077 222 1
1701058111.643424 222 1
1701058111.643552 222 1
1701058111.670736 60 -1
1701058111.670736 60 -1
1701058111.670736 60 -1
1701058111.670736 959 -1
1701058111.670736 7602 -1
1701058111.670736 60 -1
1701058111.670906 54 1
1701058111.681566 961 -1
1701058111.681566 4219 -1
1701058111.681566 959 -1
1701058111.681566 4434 -1
1701058111.681566 3004 -1
1701058111.681566 958 -1
1701058111.681566 7354 -1
1701058111.681566 232 -1
1701058111.681566 987 -1
1701058111.681566 6127 -1
1701058111.681787 54 1
1701058113.776326 220 1
1701058113.777724 250 1
1701058113.777803 223 1
1701058113.824923 60 -1
1701058113.837062 976 -1
1701058113.837062 7354 -1
1701058113.837145 54 1
1701058113.837498 940 -1
1701058113.837614 968 -1
1701058113.837635 54 1
1701058113.838002 7354 -1
1701058113.838036 54 1
1701058113.838372 5894 -1
1701058113.838405 54 1
1701058113.838745 7354 -1
1701058113.838777 54 1
1701058113.839549 5894 -1
1701058113.839596 54 1
1701058113.839842 13194 -1
1701058113.839894 54 1
1701058113.840937 7354 -1
1701058113.840993 54 1
1701058113.841536 5894 -1
1701058113.841574 54 1
1701058113.842066 1514 -1
1701058113.842132 7354 -1
1701058113.842163 54 1
1701058113.842751 4434 -1
1701058113.842794 54 1
1701058113.843111 7354 -1
1701058113.843148 54 1
1701058113.843724 5894 -1
1701058113.843769 54 1
1701058113.844197 7354 -1
1701058113.844244 54 1
1701058113.844799 5894 -1
1701058113.844829 54 1
1701058113.845298 7354 -1
1701058113.845336 54 1
1701058113.845895 4050 -1
1701058113.845934 54 1
1701058113.846423 928 -1
1701058113.846423 6824 -1
1701058113.846458 54 1
1701058115.358497 224 1
1701058115.361697 253 1
1701058115.408187 60 -1
1701058115.421530 970 -1
1701058115.421530 7354 -1
1701058115.421645 54 1
1701058115.421872 5894 -1
1701058115.421913 54 1
1701058115.422688 3320 -1
1701058115.422688 85 -1
1701058115.422688 13194 -1
1701058115.422788 54 1
1701058115.423770 7354 -1
1701058115.423813 54 1
1701058115.424437 5894 -1
1701058115.424489 54 1
1701058115.424860 7354 -1
1701058115.424918 54 1
1701058115.425461 5894 -1
1701058115.425492 54 1
1701058115.425957 7354 -1
1701058115.426001 54 1
1701058115.426573 5894 -1
1701058115.426614 54 1
1701058115.427022 1514 -1
1701058115.427063 89 1
1701058115.427172 7354 -1
1701058115.427209 54 1
1701058115.427749 4434 -1
1701058115.427785 54 1
1701058115.428111 7354 -1
1701058115.428174 54 1
1701058115.428726 5894 -1
1701058115.428754 54 1
1701058115.429410 6590 -1
1701058115.429461 54 1
1701058115.436675 1014 -1
1701058115.436774 4729 -1
1701058115.436826 54 1
1701058115.494768 60 -1
1701058116.973473 224 1
1701058116.973655 222 1
1701058116.973775 223 1
1701058116.974568 224 1
1701058117.001579 60 -1
1701058117.001733 60 -1
1701058117.001733 60 -1
1701058117.001733 60 -1
1701058117.003957 959 -1
1701058117.003957 5017 -1
1701058117.004038 54 1
1701058117.007073 1039 -1
1701058117.007131 54 1
1701058117.007220 5578 -1
1701058117.007290 54 1
1701058117.007861 1029 -1
1701058117.007933 5894 -1
1701058117.007975 54 1
1701058117.008588 60 -1
1701058117.008622 54 1
1701058117.012327 1131 -1
1701058117.012327 658 -1
1701058117.012408 54 1
1701058117.014667 7354 -1
1701058117.014667 4262 -1
1701058117.014765 54 1
1701058118.272860 54 1
1701058118.307769 78 -1
1701058118.307769 60 -1
1701058118.307868 54 1
1701058119.445256 66 1
1701058119.493539 66 -1
1701058119.493710 54 1
1701058119.494643 902 1
1701058119.522070 60 -1
1701058119.522880 318 -1
1701058119.523963 134 1
1701058119.524318 146 1
1701058119.524808 578 1
1701058119.524908 224 1
1701058119.524988 225 1
1701058119.525055 224 1
1701058119.551472 60 -1
1701058119.551603 60 -1
1701058119.552065 341 -1
1701058119.552065 60 -1
1701058119.552189 60 -1
1701058119.552189 60 -1
1701058119.552358 60 -1
1701058119.555902 115 -1
1701058119.555902 85 -1
1701058119.555960 54 1
1701058119.556402 85 1
1701058119.559127 1019 -1
1701058119.559182 54 1
1701058119.559232 2453 -1
1701058119.559284 54 1
1701058119.559813 2974 -1
1701058119.559844 54 1
1701058119.560705 2974 -1
1701058119.560759 54 1
1701058119.561233 2974 -1
1701058119.561436 54 1
1701058119.568982 2974 -1
1701058119.568982 2974 -1
1701058119.568982 2974 -1
1701058119.568982 2974 -1
1701058119.568982 2974 -1
1701058119.568982 2974 -1
1701058119.568982 2008 -1
1701058119.569163 54 1
1701058119.585505 60 -1
1701058123.263565 224 1
1701058123.268657 249 1
1701058123.269422 222 1
1701058123.270765 222 1
1701058123.293500 60 -1
1701058123.294803 959 -1
1701058123.294803 2974 -1
1701058123.294890 54 1
1701058123.295075 2974 -1
1701058123.295114 54 1
1701058123.295757 2605 -1
1701058123.295783 54 1
1701058123.298471 970 -1
1701058123.298535 54 1
1701058123.298590 2974 -1
1701058123.298628 54 1
1701058123.299168 1514 -1
1701058123.299168 1514 -1
1701058123.299192 54 1
1701058123.299862 2974 -1
1701058123.299883 54 1
1701058123.300588 2974 -1
1701058123.300622 54 1
1701058123.301320 2974 -1
1701058123.301352 54 1
1701058123.301998 2974 -1
1701058123.302038 54 1
1701058123.302841 1514 -1
1701058123.302841 1514 -1
1701058123.302877 54 1
1701058123.303593 2974 -1
1701058123.303635 54 1
1701058123.304116 2974 -1
1701058123.304163 54 1
1701058123.304848 2974 -1
1701058123.304890 54 1
1701058123.305686 2974 -1
1701058123.305724 54 1
1701058123.306614 2974 -1
1701058123.306657 54 1
1701058123.307021 2974 -1
1701058123.307046 54 1
1701058123.307676 2974 -1
1701058123.307708 54 1
1701058123.308508 2974 -1
1701058123.308539 54 1
1701058123.309085 2974 -1
1701058123.309115 54 1
1701058123.309833 2974 -1
1701058123.309870 54 1
1701058123.312130 2974 -1
1701058123.312130 2974 -1
1701058123.312130 2974 -1
1701058123.312193 54 1
1701058123.312767 2974 -1
1701058123.312794 54 1
1701058123.313476 1514 -1
1701058123.313476 1514 -1
1701058123.313523 54 1
1701058123.314026 2974 -1
1701058123.314054 54 1
1701058123.314824 2974 -1
1701058123.314858 54 1
1701058123.315691 2974 -1
1701058123.315722 54 1
1701058123.316144 2974 -1
1701058123.316169 54 1
1701058123.316878 2974 -1
1701058123.316914 54 1
1701058123.317585 2974 -1
1701058123.317612 54 1
1701058123.318318 2974 -1
1701058123.318346 54 1
1701058123.319024 2974 -1
1701058123.319069 54 1
1701058123.319721 2974 -1
1701058123.319759 54 1
1701058123.320595 2974 -1
1701058123.320617 54 1
1701058123.322322 2974 -1
1701058123.322368 54 1
1701058123.322586 2974 -1
1701058123.322607 54 1
1701058123.323438 2974 -1
1701058123.323471 54 1
1701058123.324134 1514 -1
1701058123.324235 1514 -1
1701058123.324253 54 1
1701058123.324748 2974 -1
1701058123.324779 54 1
1701058123.325770 2974 -1
1701058123.325800 54 1
1701058123.326114 2974 -1
1701058123.326151 54 1
1701058123.327126 2974 -1
1701058123.327157 54 1
1701058123.327538 2974 -1
1701058123.327565 54 1
1701058123.328306 2974 -1
1701058123.328338 54 1
1701058123.328957 2974 -1
1701058123.328978 54 1
1701058123.329789 2974 -1
1701058123.329816 54 1
1701058123.330406 1514 -1
1701058123.330406 1514 -1
1701058123.330442 54 1
1701058123.331124 1514 -1
1701058123.331124 1514 -1
1701058123.331151 54 1
1701058123.331805 2974 -1
1701058123.331841 54 1
1701058123.332546 2974 -1
1701058123.332583 54 1
1701058123.333204 617 -1
1701058123.385745 54 1
1701058124.889165 221 1
1701058124.890229 221 1
1701058124.890444 249 1
1701058124.897716 224 1
1701058124.918487 60 -1
1701058124.920496 964 -1
1701058124.920496 7354 -1
1701058124.920584 54 1
1701058124.920870 2974 -1
1701058124.920965 54 1
1701058124.921251 6240 -1
1701058124.921303 54 1
1701058124.922642 7354 -1
1701058124.922642 2974 -1
1701058124.922732 54 1
1701058124.922789 7354 -1
1701058124.922831 54 1
1701058124.923046 2974 -1
1701058124.923076 54 1
1701058124.923717 7354 -1
1701058124.923755 54 1
1701058124.923986 2974 -1
1701058124.924012 54 1
1701058124.924664 3410 -1
1701058124.924710 54 1
1701058124.925359 89 1
1701058124.928237 955 -1
1701058124.928237 1514 -1
1701058124.928314 54 1
1701058124.928609 3559 -1
1701058124.928645 54 1
1701058124.961154 961 -1
1701058124.961154 2154 -1
1701058124.961265 54 1
1701058126.540668 224 1
1701058126.543531 222 1
1701058126.544057 251 1
1701058126.545705 249 1
1701058126.580609 958 -1
1701058126.580609 2208 -1
1701058126.580609 60 -1
1701058126.580609 969 -1
1701058126.580609 5894 -1
1701058126.580609 4434 -1
1701058126.580609 6240 -1
1701058126.580609 85 -1
1701058126.580609 7354 -1
1701058126.580609 2974 -1
1701058126.580609 10274 -1
1701058126.580609 7354 -1
1701058126.580609 2974 -1
1701058126.580609 7354 -1
1701058126.580609 2974 -1
1701058126.580609 7354 -1
1701058126.580609 2974 -1
1701058126.580937 54 1
1701058126.581172 7354 -1
1701058126.581227 54 1
1701058126.581273 2974 -1
1701058126.581281 54 1
1701058126.581314 54 1
1701058126.594285 7354 -1
1701058126.594285 2974 -1
1701058126.594285 7354 -1
1701058126.594285 2974 -1
1701058126.594285 7354 -1
1701058126.594285 2974 -1
1701058126.594285 2974 -1
1701058126.594285 4434 -1
1701058126.594285 5894 -1
1701058126.594285 7354 -1
1701058126.594285 2974 -1
1701058126.594285 7354 -1
1701058126.594285 2974 -1
1701058126.594285 7354 -1
1701058126.594285 2974 -1
1701058126.594285 7354 -1
1701058126.594285 2974 -1
1701058126.594285 7354 -1
1701058126.594285 2974 -1
1701058126.594285 1514 -1
1701058126.594285 1514 -1
1701058126.594285 7354 -1
1701058126.594285 2974 -1
1701058126.594285 7354 -1
1701058126.594285 2974 -1
1701058126.594285 2974 -1
1701058126.594285 7354 -1
1701058126.594285 7354 -1
1701058126.594285 2974 -1
1701058126.594285 7354 -1
1701058126.595211 54 1
1701058126.595372 2974 -1
1701058126.595372 6069 -1
1701058126.595434 54 1
1701058126.595671 54 1
1701058126.611736 1097 -1
1701058126.611736 705 -1
1701058126.611824 54 1
1701058126.612004 3052 -1
1701058126.612042 54 1
1701058128.284145 54 1
1701058128.312719 78 -1
1701058128.312719 60 -1
1701058128.312818 54 1
1701058128.691964 66 1
1701058128.717204 66 -1
1701058128.717460 54 1
1701058128.721371 902 1
1701058128.746532 60 -1
1701058128.747051 318 -1
1701058128.747936 134 1
1701058128.748502 146 1
1701058128.748938 580 1
1701058128.772757 60 -1
1701058128.773076 60 -1
1701058128.775475 60 -1
1701058128.775475 341 -1
1701058128.790534 115 -1
1701058128.790534 85 -1
1701058128.790534 1014 -1
1701058128.790534 5894 -1
1701058128.790534 5894 -1
1701058128.790534 1514 -1
1701058128.790534 4434 -1
1701058128.790534 1416 -1
1701058128.790703 54 1
1701058128.792615 85 1
1701058128.818167 60 -1
1701058130.344001 250 1
1701058130.344173 222 1
1701058130.344292 250 1
1701058130.346708 226 1
1701058130.347060 223 1
1701058130.368745 60 -1
1701058130.368899 60 -1
1701058130.368899 60 -1
1701058130.371669 60 -1
1701058130.371775 60 -1
1701058130.376298 966 -1
1701058130.376433 5894 -1
1701058130.376493 54 1
1701058130.377480 5894 -1
1701058130.377541 54 1
1701058130.378194 5894 -1
1701058130.378272 54 1
1701058130.379177 5894 -1
1701058130.379236 54 1
1701058130.383694 5894 -1
1701058130.383694 5894 -1
1701058130.383694 5894 -1
1701058130.383694 1514 -1
1701058130.383694 4434 -1
1701058130.383694 5894 -1
1701058130.383918 54 1
1701058130.384234 5894 -1
1701058130.384270 54 1
1701058130.385052 5894 -1
1701058130.385107 54 1
1701058130.385960 5894 -1
1701058130.386010 54 1
1701058130.391373 5894 -1
1701058130.391373 5894 -1
1701058130.391373 5894 -1
1701058130.391373 2974 -1
1701058130.391505 54 1
1701058130.401211 5894 -1
1701058130.401309 54 1
1701058130.401589 5894 -1
1701058130.401632 54 1
1701058130.402547 5894 -1
1701058130.402577 54 1
1701058130.403554 5894 -1
1701058130.403593 54 1
1701058130.404186 5894 -1
1701058130.404225 54 1
1701058130.405120 5894 -1
1701058130.405145 54 1
1701058130.405995 5894 -1
1701058130.406040 54 1
1701058130.406880 5894 -1
1701058130.406912 54 1
1701058130.408761 5894 -1
1701058130.408822 54 1
1701058130.409101 1514 -1
1701058130.409122 54 1
1701058130.409191 4434 -1
1701058130.409221 54 1
1701058130.409893 2915 -1
1701058130.409921 54 1
1701058130.410477 5894 -1
1701058130.410523 54 1
1701058130.411294 5894 -1
1701058130.411349 54 1
1701058130.412121 5894 -1
1701058130.412153 54 1
1701058130.413021 4434 -1
1701058130.413075 54 1
1701058130.413203 1514 -1
1701058130.413938 5894 -1
1701058130.413989 54 1
1701058130.415541 5894 -1
1701058130.415602 54 1
1701058130.415696 5894 -1
1701058130.415729 54 1
1701058130.416722 5894 -1
1701058130.416772 54 1
1701058130.421185 5894 -1
1701058130.421185 1514 -1
1701058130.421185 4434 -1
1701058130.421185 5894 -1
1701058130.421185 1514 -1
1701058130.421185 4434 -1
1701058130.421185 1514 -1
1701058130.421185 4434 -1
1701058130.421415 54 1
1701058130.425825 5894 -1
1701058130.425825 4853 -1
1701058130.425825 5894 -1
1701058130.425825 5894 -1
1701058130.425825 5894 -1
1701058130.425960 54 1
1701058130.426001 2117 -1
1701058130.426020 54 1
1701058131.973201 221 1
1701058131.973348 251 1
1701058131.973441 222 1
1701058131.973566 224 1
1701058131.998024 60 -1
1701058131.998124 60 -1
1701058131.998124 60 -1
1701058131.998479 60 -1
1701058132.027398 986 -1
1701058132.027398 1514 -1
1701058132.027501 54 1
1701058132.027683 7354 -1
1701058132.027746 54 1
1701058132.027988 2974 -1
1701058132.028009 54 1
1701058132.028648 294 -1
1701058132.028648 968 -1
1701058132.028648 1514 -1
1701058132.028648 2974 -1
1701058132.028694 54 1
1701058132.028916 4434 -1
1701058132.028953 54 1
1701058132.029239 2974 -1
1701058132.029277 54 1
1701058132.029586 7354 -1
1701058132.029624 54 1
1701058132.030190 4434 -1
1701058132.030227 54 1
1701058132.030521 2974 -1
1701058132.030554 54 1
1701058132.030668 7354 -1
1701058132.030719 54 1
1701058132.031278 1514 -1
1701058132.031554 7354 -1
1701058132.031592 54 1
1701058132.032097 4434 -1
1701058132.032130 54 1
1701058132.032504 7354 -1
1701058132.032552 54 1
1701058132.033131 4434 -1
1701058132.033169 54 1
1701058132.034304 7354 -1
1701058132.034490 54 1
1701058132.034663 4434 -1
1701058132.034694 54 1
1701058132.034988 2974 -1
1701058132.035013 54 1
1701058132.035215 5894 -1
1701058132.035247 54 1
1701058132.035815 2974 -1
1701058132.035864 54 1
1701058132.036018 7354 -1
1701058132.036074 54 1
1701058132.036656 4434 -1
1701058132.036716 54 1
1701058132.036933 5894 -1
1701058132.036964 54 1
1701058132.037607 7354 -1
1701058132.037652 54 1
1701058132.038154 4434 -1
1701058132.038187 54 1
1701058132.038724 7354 -1
1701058132.038765 54 1
1701058132.039011 4434 -1
1701058132.039051 54 1
1701058132.039612 2974 -1
1701058132.039637 54 1
1701058132.039717 1514 -1
1701058132.039717 7354 -1
1701058132.039760 54 1
1701058132.040302 356 -1
1701058132.040321 54 1
1701058134.532200 222 1
1701058134.533437 221 1
1701058134.558952 60 -1
1701058134.571101 978 -1
1701058134.571101 4723 -1
1701058134.571101 959 -1
1701058134.571101 4065 -1
1701058134.571245 54 1
1701058134.573331 89 1
1701058134.638390 60 -1
1701058138.138052 225 1
1701058138.138145 250 1
1701058138.139442 221 1
1701058138.162932 60 -1
1701058138.162932 60 -1
1701058138.163981 60 -1
1701058138.167913 965 -1
1701058138.167913 7354 -1
1701058138.168061 54 1
1701058138.168546 4434 -1
1701058138.168584 54 1
1701058138.168658 4780 -1
1701058138.168699 54 1
1701058138.169052 7354 -1
1701058138.169091 54 1
1701058138.169669 4434 -1
1701058138.169705 54 1
1701058138.170045 7354 -1
1701058138.170085 54 1
1701058138.170607 4434 -1
1701058138.170646 54 1
1701058138.171070 7354 -1
1701058138.171115 54 1
1701058138.171578 4434 -1
1701058138.171620 54 1
1701058138.172010 11734 -1
1701058138.172069 54 1
1701058138.173051 7354 -1
1701058138.173111 54 1
1701058138.181231 4434 -1
1701058138.181231 7354 -1
1701058138.181231 187 -1
1701058138.181231 961 -1
1701058138.181231 7354 -1
1701058138.181231 1976 -1
1701058138.181667 54 1
1701058138.298184 54 1
1701058138.323323 78 -1
1701058138.323323 60 -1
1701058138.323588 54 1
1701058139.777972 66 1
1701058139.805217 66 -1
1701058139.805361 54 1
1701058139.806646 870 1
1701058139.833824 60 -1
1701058139.835159 318 -1
1701058139.835867 134 1
1701058139.836279 146 1
1701058139.836813 578 1
1701058139.836954 221 1
1701058139.837078 222 1
1701058139.863034 60 -1
1701058139.863034 60 -1
1701058139.864642 60 -1
1701058139.864642 60 -1
1701058139.864642 60 -1
1701058139.866053 341 -1
1701058139.875146 115 -1
1701058139.875146 85 -1
1701058139.875146 1000 -1
1701058139.875252 54 1
1701058139.875324 5427 -1
1701058139.875366 54 1
1701058139.876067 5894 -1
1701058139.876124 54 1
1701058139.876146 85 1
1701058139.877132 4663 -1
1701058139.877163 54 1
1701058139.878738 960 -1
1701058139.881029 5894 -1
1701058139.881029 5894 -1
1701058139.881029 2758 -1
1701058139.881147 54 1
1701058139.905126 60 -1
1701058141.940571 225 1
1701058141.942563 222 1
1701058141.942672 250 1
1701058141.942929 249 1
1701058141.943031 252 1
1701058141.967392 60 -1
1701058141.969394 60 -1
1701058141.969394 60 -1
1701058141.969849 60 -1
1701058141.969849 60 -1
1701058141.977780 960 -1
1701058141.977780 4873 -1
1701058141.977899 54 1
1701058141.978848 1719 -1
1701058141.978848 5894 -1
1701058141.978904 54 1
1701058141.979673 5894 -1
1701058141.979706 54 1
1701058141.982762 2974 -1
1701058141.982762 2974 -1
1701058141.982762 5894 -1
1701058141.982762 5894 -1
1701058141.982867 54 1
1701058141.983281 5894 -1
1701058141.983310 54 1
1701058141.984276 5894 -1
1701058141.984308 54 1
1701058141.993230 5894 -1
1701058141.993230 5894 -1
1701058141.993230 5894 -1
1701058141.993230 5894 -1
1701058141.993230 5894 -1
1701058141.993230 5894 -1
1701058141.993230 4434 -1
1701058141.993230 1514 -1
1701058141.993230 5894 -1
1701058141.993230 5894 -1
1701058141.993230 2974 -1
1701058141.993621 54 1
1701058142.005128 5894 -1
1701058142.005242 54 1
1701058142.005693 5894 -1
1701058142.005739 54 1
1701058142.006189 2974 -1
1701058142.006217 54 1
1701058142.006261 2974 -1
1701058142.006301 54 1
1701058142.007192 5894 -1
1701058142.007243 54 1
1701058142.008035 4434 -1
1701058142.008082 54 1
1701058142.008177 1514 -1
1701058142.008818 5894 -1
1701058142.008866 54 1
1701058142.009636 5894 -1
1701058142.009680 54 1
1701058142.010604 5894 -1
1701058142.010659 54 1
1701058142.014678 1514 -1
1701058142.014678 1514 -1
1701058142.014678 5894 -1
1701058142.014678 5894 -1
1701058142.014678 1514 -1
1701058142.014678 4434 -1
1701058142.014855 66 1
1701058142.014935 54 1
1701058142.014972 54 1
1701058142.015732 5894 -1
1701058142.015732 5894 -1
1701058142.015813 54 1
1701058142.024179 5894 -1
1701058142.024292 54 1
1701058142.024955 5894 -1
1701058142.024986 54 1
1701058142.025725 5894 -1
1701058142.025781 54 1
1701058142.026269 5894 -1
1701058142.026321 54 1
1701058142.027250 4434 -1
1701058142.027250 1514 -1
1701058142.027304 66 1
1701058142.027384 54 1
1701058142.029225 3575 -1
1701058142.029225 5894 -1
1701058142.029289 54 1
1701058142.029385 5894 -1
1701058142.029428 54 1
1701058142.030376 5894 -1
1701058142.030419 54 1
1701058142.031133 5894 -1
1701058142.031171 54 1
1701058142.031983 5894 -1
1701058142.032016 54 1
1701058142.032862 5894 -1
1701058142.032901 54 1
1701058142.033799 5894 -1
1701058142.033844 54 1
1701058142.034590 5894 -1
1701058142.034623 54 1
1701058142.036703 7354 -1
1701058142.036703 2974 -1
1701058142.036703 7354 -1
1701058142.036757 54 1
1701058142.036955 7354 -1
1701058142.036986 54 1
1701058142.037435 2974 -1
1701058142.037472 54 1
1701058142.038386 7354 -1
1701058142.038616 54 1
1701058142.038833 2974 -1
1701058142.038867 54 1
1701058142.039168 2974 -1
1701058142.039196 54 1
1701058142.039311 1514 -1
1701058142.039451 5894 -1
1701058142.039476 54 1
1701058142.039939 7354 -1
1701058142.039985 54 1
1701058142.040527 2974 -1
1701058142.040555 54 1
1701058142.040777 7354 -1
1701058142.040822 54 1
1701058142.041582 2974 -1
1701058142.041618 54 1
1701058142.041658 7354 -1
1701058142.041702 54 1
1701058142.042214 2974 -1
1701058142.042242 54 1
1701058142.042603 2974 -1
1701058142.042622 54 1
1701058142.042705 5787 -1
1701058142.042722 54 1
1701058143.549207 222 1
1701058143.552063 251 1
1701058143.553032 223 1
1701058143.587837 60 -1
1701058143.587837 960 -1
1701058143.587837 7354 -1
1701058143.587837 4079 -1
1701058143.587837 60 -1
1701058143.587978 54 1
1701058143.590250 956 -1
1701058143.590250 9363 -1
1701058143.590250 967 -1
1701058143.590250 7354 -1
1701058143.590250 7354 -1
1701058143.590385 54 1
1701058143.598606 1514 -1
1701058143.598606 400 -1
1701058143.598606 16114 -1
1701058143.598606 16114 -1
1701058143.598606 16114 -1
1701058143.598606 16114 -1
1701058143.598606 16114 -1
1701058143.598933 54 1
1701058143.599672 16114 -1
1701058143.599766 54 1
1701058143.600565 54 1
1701058143.601362 16114 -1
1701058143.601445 54 1
1701058143.602351 16114 -1
1701058143.602415 54 1
1701058143.603838 1547 -1
1701058143.603889 54 1
1701058145.161468 248 1
1701058145.169888 223 1
1701058145.169994 253 1
1701058145.200464 60 -1
1701058145.201803 965 -1
1701058145.201803 7354 -1
1701058145.201894 54 1
1701058145.205157 4434 -1
1701058145.205157 4434 -1
1701058145.205157 400 -1
1701058145.205157 7354 -1
1701058145.205157 7354 -1
1701058145.205157 1514 -1
1701058145.205157 7354 -1
1701058145.205320 54 1
1701058145.209804 7354 -1
1701058145.209804 1514 -1
1701058145.209804 7354 -1
1701058145.209804 8814 -1
1701058145.209804 7354 -1
1701058145.209804 7354 -1
1701058145.209804 1514 -1
1701058145.209917 54 1
1701058145.212165 89 1
1701058145.214176 6070 -1
1701058145.214176 1017 -1
1701058145.214176 7354 -1
1701058145.214176 124 -1
1701058145.214240 54 1
1701058145.218611 963 -1
1701058145.218611 7354 -1
1701058145.218611 7354 -1
1701058145.218611 1514 -1
1701058145.218611 400 -1
1701058145.218611 85 -1
1701058145.218611 1514 -1
1701058145.218611 7354 -1
1701058145.218611 7354 -1
1701058145.218611 7354 -1
1701058145.218794 54 1
1701058145.220074 1514 -1
1701058145.220101 54 1
1701058145.221899 7354 -1
1701058145.221899 7354 -1
1701058145.221899 7354 -1
1701058145.221899 1514 -1
1701058145.221899 7354 -1
1701058145.221899 7354 -1
1701058145.222016 54 1
1701058145.224964 1514 -1
1701058145.224964 1514 -1
1701058145.224964 7354 -1
1701058145.224964 116 -1
1701058145.225074 54 1
1701058145.297859 60 -1
1701058147.476186 250 1
1701058147.476429 250 1
1701058147.503075 60 -1
1701058147.503417 60 -1
1701058147.509105 986 -1
1701058147.509197 7354 -1
1701058147.509239 54 1
1701058147.509872 2974 -1
1701058147.509872 5894 -1
1701058147.509930 54 1
1701058147.516010 400 -1
1701058147.516010 85 -1
1701058147.516010 10274 -1
1701058147.516010 5894 -1
1701058147.516010 7354 -1
1701058147.516010 7354 -1
1701058147.516010 1514 -1
1701058147.516010 7354 -1
1701058147.516010 7354 -1
1701058147.516010 1514 -1
1701058147.516010 7354 -1
1701058147.516010 8814 -1
1701058147.516010 7354 -1
1701058147.516249 54 1
1701058147.516435 7354 -1
1701058147.516486 54 1
1701058147.516918 1514 -1
1701058147.517039 7354 -1
1701058147.517067 54 1
1701058147.517771 7354 -1
1701058147.517811 54 1
1701058147.518254 1514 -1
1701058147.518291 54 1
1701058147.518418 7354 -1
1701058147.518466 54 1
1701058147.519015 7354 -1
1701058147.519049 54 1
1701058147.519658 1514 -1
1701058147.519715 7354 -1
1701058147.519737 54 1
1701058147.520371 7354 -1
1701058147.520429 54 1
1701058147.521010 1514 -1
1701058147.521053 54 1
1701058147.521087 4434 -1
1701058147.521117 54 1
1701058147.521493 7354 -1
1701058147.521540 54 1
1701058147.522142 4434 -1
1701058147.522179 54 1
1701058147.522386 7354 -1
1701058147.522439 54 1
1701058147.523045 7354 -1
1701058147.523104 54 1
1701058147.523867 1514 -1
1701058147.523867 2974 -1
1701058147.523892 54 1
1701058147.523982 7354 -1
1701058147.524008 54 1
1701058147.524655 5894 -1
1701058147.524698 54 1
1701058147.525120 7354 -1
1701058147.525158 54 1
1701058147.525718 7354 -1
1701058147.525762 54 1
1701058147.526286 1514 -1
1701058147.526328 54 1
1701058147.526401 7354 -1
1701058147.526432 54 1
1701058147.527021 7354 -1
1701058147.527061 54 1
1701058147.527620 1514 -1
1701058147.527838 7354 -1
1701058147.527883 54 1
1701058147.528348 2974 -1
1701058147.528380 54 1
1701058147.528590 5894 -1
1701058147.528625 54 1
1701058147.529079 7354 -1
1701058147.529124 54 1
1701058147.529686 7354 -1
1701058147.529725 54 1
1701058147.530282 1514 -1
1701058147.530713 4441 -1
1701058147.530738 54 1
1701058147.537004 1310 -1
1701058147.537076 54 1
1701058148.302223 54 1
1701058148.343749 78 -1
1701058148.343749 60 -1
1701058148.343856 54 1
1701058152.753078 66 1
1701058152.790181 66 -1
1701058152.790360 54 1
1701058152.793452 870 1
1701058152.824766 60 -1
1701058152.825469 318 -1
1701058152.826666 134 1
1701058152.827094 146 1
1701058152.827965 577 1
1701058152.828067 223 1
1701058152.828145 223 1
1701058152.828227 221 1
1701058152.828286 225 1
1701058152.857932 60 -1
1701058152.858357 60 -1
1701058152.858717 341 -1
1701058152.859451 60 -1
1701058152.859451 60 -1
1701058152.859451 60 -1
1701058152.859451 60 -1
1701058152.859747 60 -1
1701058152.861326 115 -1
1701058152.861379 54 1
1701058152.861443 85 -1
1701058152.861850 85 1
1701058152.865879 1036 -1
1701058152.865879 3643 -1
1701058152.865979 54 1
1701058152.879309 1013 -1
1701058152.879309 1365 -1
1701058152.879412 54 1
1701058152.881436 1140 -1
1701058152.881436 616 -1
1701058152.881526 54 1
1701058152.882446 4434 -1
1701058152.882662 54 1
1701058152.883136 4434 -1
1701058152.883170 54 1
1701058152.883856 685 -1
1701058152.902286 1014 -1
1701058152.902372 54 1
1701058152.902438 4434 -1
1701058152.902545 54 1
1701058152.903177 3268 -1
1701058152.903211 54 1
1701058153.028346 1129 -1
1701058153.028446 627 -1
1701058153.028480 54 1
1701058153.046048 4434 -1
1701058153.046129 54 1
1701058153.046179 3452 -1
1701058153.046215 54 1
1701058154.402802 224 1
1701058154.404321 256 1
1701058154.404641 220 1
1701058154.442090 60 -1
1701058154.445871 4434 -1
1701058154.445871 931 -1
1701058154.446019 66 1
1701058154.446138 54 1
1701058154.446938 4434 -1
1701058154.446990 54 1
1701058154.447809 4434 -1
1701058154.447851 54 1
1701058154.448481 4434 -1
1701058154.448661 54 1
1701058154.451976 4434 -1
1701058154.451976 4434 -1
1701058154.451976 4434 -1
1701058154.452086 54 1
1701058154.452150 4434 -1
1701058154.452170 54 1
1701058154.453298 4434 -1
1701058154.453329 54 1
1701058154.453902 4434 -1
1701058154.453942 54 1
1701058154.454891 4434 -1
1701058154.454940 54 1
1701058154.456005 4434 -1
1701058154.456052 54 1
1701058154.459444 4434 -1
1701058154.459444 2974 -1
1701058154.459444 1514 -1
1701058154.459444 4434 -1
1701058154.459444 4434 -1
1701058154.459598 54 1
1701058154.460186 4434 -1
1701058154.460213 54 1
1701058154.461188 976 -1
1701058154.477642 931 -1
1701058154.477701 66 1
1701058156.076954 222 1
1701058156.082919 224 1
1701058156.083879 249 1
1701058156.118431 60 -1
1701058156.131270 1011 -1
1701058156.131383 4434 -1
1701058156.131423 54 1
1701058156.132414 4434 -1
1701058156.132464 54 1
1701058156.133209 4434 -1
1701058156.133250 54 1
1701058156.134128 4434 -1
1701058156.134174 54 1
1701058156.135023 4434 -1
1701058156.135066 54 1
1701058156.135989 4434 -1
1701058156.136029 54 1
1701058156.136775 4434 -1
1701058156.136824 54 1
1701058156.141827 2974 -1
1701058156.141827 1514 -1
1701058156.141827 1514 -1
1701058156.141827 2974 -1
1701058156.141827 4434 -1
1701058156.141827 1514 -1
1701058156.141827 2974 -1
1701058156.141827 4434 -1
1701058156.141947 54 1
1701058156.142173 4434 -1
1701058156.142218 54 1
1701058156.146565 4434 -1
1701058156.146565 2974 -1
1701058156.146565 1514 -1
1701058156.146565 1701 -1
1701058156.146672 54 1
1701058156.147960 1109 -1
1701058156.148019 658 -1
1701058156.148044 54 1
1701058156.166296 3747 -1
1701058156.166405 54 1
1701058158.323171 54 1
1701058158.335998 66 1
1701058158.355455 78 -1
1701058158.355455 60 -1
1701058158.355699 54 1
1701058158.363281 66 -1
1701058158.363407 54 1
1701058158.364823 902 1
1701058158.392434 60 -1
1701058158.393012 318 -1
1701058158.393717 134 1
1701058158.394101 146 1
1701058158.394594 577 1
1701058158.394692 224 1
1701058158.394784 224 1
1701058158.394878 249 1
1701058158.421505 60 -1
1701058158.421505 60 -1
1701058158.421505 341 -1
1701058158.426040 115 -1
1701058158.426040 85 -1
1701058158.426040 60 -1
1701058158.426040 60 -1
1701058158.426040 60 -1
1701058158.426040 60 -1
1701058158.426154 54 1
1701058158.426639 85 1
1701058158.429962 1081 -1
1701058158.429962 692 -1
1701058158.429962 1064 -1
1701058158.430041 54 1
1701058158.430101 5628 -1
1701058158.430142 54 1
1701058158.430883 5894 -1
1701058158.430920 54 1
1701058158.431683 5894 -1
1701058158.431724 54 1
1701058158.432786 5894 -1
1701058158.432818 54 1
1701058158.433397 5894 -1
1701058158.433435 54 1
1701058158.434387 5894 -1
1701058158.434412 54 1
1701058158.435201 5894 -1
1701058158.435238 54 1
1701058158.436063 4434 -1
1701058158.436124 54 1
1701058158.436280 1514 -1
1701058158.436308 54 1
1701058158.436919 5894 -1
1701058158.436961 54 1
1701058158.437807 5894 -1
1701058158.437850 54 1
1701058158.453783 1514 -1
1701058158.453783 4434 -1
1701058158.453783 60 -1
1701058158.453891 54 1
1701058158.457281 5894 -1
1701058158.457352 54 1
1701058158.457849 5894 -1
1701058158.457892 54 1
1701058158.458718 2974 -1
1701058158.458718 2974 -1
1701058158.458772 54 1
1701058158.459464 2974 -1
1701058158.459505 54 1
1701058158.459696 2974 -1
1701058158.459736 54 1
1701058158.470353 5894 -1
1701058158.470353 2974 -1
1701058158.470353 2974 -1
1701058158.470353 2779 -1
1701058158.470507 54 1
1701058160.542983 224 1
1701058160.545327 222 1
1701058160.545414 221 1
1701058160.545479 224 1
1701058160.589236 60 -1
1701058160.589236 1011 -1
1701058160.589236 4354 -1
1701058160.589236 959 -1
1701058160.589236 6054 -1
1701058160.589350 54 1
1701058160.599093 958 -1
1701058160.599168 7354 -1
1701058160.599203 54 1
1701058160.600079 5095 -1
1701058160.600111 54 1
1701058160.600790 1083 -1
1701058160.600790 693 -1
1701058160.600819 54 1
1701058160.606162 4434 -1
1701058160.606162 2063 -1
1701058160.606265 54 1
1701058165.166426 225 1
1701058165.166948 253 1
1701058165.168531 223 1
1701058165.198104 60 -1
1701058165.208359 1085 -1
1701058165.208359 690 -1
1701058165.208359 4520 -1
1701058165.208452 54 1
1701058165.210748 967 -1
1701058165.210748 5894 -1
1701058165.210748 1514 -1
1701058165.210748 7354 -1
1701058165.210847 54 1
1701058165.211271 7354 -1
1701058165.211302 54 1
1701058165.212204 7354 -1
1701058165.212259 54 1
1701058165.213102 7354 -1
1701058165.213128 54 1
1701058165.214062 7354 -1
1701058165.214105 54 1
1701058165.216913 7354 -1
1701058165.216913 2974 -1
1701058165.216913 4434 -1
1701058165.217012 54 1
1701058165.217066 7354 -1
1701058165.217160 54 1
1701058165.217810 7354 -1
1701058165.217851 54 1
1701058165.223019 7354 -1
1701058165.223019 2974 -1
1701058165.223019 4434 -1
1701058165.223019 5894 -1
1701058165.223019 7354 -1
1701058165.223019 7354 -1
1701058165.223175 54 1
1701058165.223250 2974 -1
1701058165.223275 54 1
1701058165.223519 4434 -1
1701058165.223546 54 1
1701058165.224205 1530 -1
1701058165.224241 54 1
1701058165.226639 89 1
1701058165.298558 60 -1
1701058167.472169 224 1
1701058167.473962 223 1
1701058167.475028 222 1
1701058167.475114 249 1
1701058167.511967 60 -1
1701058167.511967 60 -1
1701058167.511967 60 -1
1701058167.511967 60 -1
1701058167.519750 1138 -1
1701058167.519846 615 -1
1701058167.519846 1082 -1
1701058167.519886 54 1
1701058167.519936 686 -1
1701058167.519954 54 1
1701058167.519984 3648 -1
1701058167.520031 54 1
1701058167.520379 7354 -1
1701058167.520408 54 1
1701058167.521230 7354 -1
1701058167.521272 54 1
1701058167.522139 6355 -1
1701058167.522184 54 1
1701058167.529259 1088 -1
1701058167.529259 690 -1
1701058167.529341 54 1
1701058167.529510 4772 -1
1701058167.529534 54 1
1701058167.533374 1094 -1
1701058167.533465 676 -1
1701058167.533492 54 1
1701058167.534126 7354 -1
1701058167.534166 54 1
1701058167.534555 2974 -1
1701058167.534586 54 1
1701058167.534880 4434 -1
1701058167.534901 54 1
1701058167.535373 7354 -1
1701058167.535411 54 1
1701058167.536294 7354 -1
1701058167.536380 54 1
1701058167.537082 7354 -1
1701058167.537126 54 1
1701058167.538047 7354 -1
1701058167.538092 54 1
1701058167.539086 7354 -1
1701058167.539144 54 1
1701058167.539889 7354 -1
1701058167.539932 54 1
1701058167.540618 7354 -1
1701058167.540662 54 1
1701058167.541441 7354 -1
1701058167.541500 54 1
1701058167.542469 7354 -1
1701058167.542536 54 1
1701058167.543374 7354 -1
1701058167.543418 54 1
1701058167.544261 5894 -1
1701058167.544318 54 1
1701058167.544804 7354 -1
1701058167.544838 54 1
1701058167.546349 7354 -1
1701058167.546387 54 1
1701058167.546500 7354 -1
1701058167.546543 54 1
1701058167.547415 7354 -1
1701058167.547447 54 1
1701058167.548409 7354 -1
1701058167.548439 54 1
1701058167.549140 1514 -1
1701058167.549186 54 1
1701058167.549224 4434 -1
1701058167.549249 54 1
1701058167.549446 1514 -1
1701058167.549478 54 1
1701058167.550035 7354 -1
1701058167.550075 54 1
1701058167.550907 4434 -1
1701058167.550952 54 1
1701058167.551090 2974 -1
1701058167.551127 54 1
1701058167.551794 7354 -1
1701058167.551833 54 1
1701058167.552748 7354 -1
1701058167.552777 54 1
1701058167.553517 7354 -1
1701058167.553568 54 1
1701058167.554431 7354 -1
1701058167.554469 54 1
1701058167.555285 4434 -1
1701058167.555328 54 1
1701058167.555505 2974 -1
1701058167.555531 54 1
1701058167.556197 7354 -1
1701058167.556235 54 1
1701058167.556952 2974 -1
1701058167.556983 54 1
1701058167.557076 4434 -1
1701058167.557101 54 1
1701058167.557890 4434 -1
1701058167.557926 54 1
1701058167.558186 2974 -1
1701058167.558221 54 1
1701058167.558784 5894 -1
1701058167.558822 54 1
1701058167.559434 1514 -1
1701058167.559506 5894 -1
1701058167.559532 54 1
1701058167.560381 7354 -1
1701058167.560416 54 1
1701058167.561305 1514 -1
1701058167.566912 5894 -1
1701058167.566912 7354 -1
1701058167.566912 3254 -1
1701058167.567042 54 1
1701058168.332877 54 1
1701058168.363154 78 -1
1701058168.363154 60 -1
1701058168.363249 54 1
