1701059165.220755 66 1
1701059165.252942 66 -1
1701059165.253035 54 1
1701059165.253834 572 1
1701059165.262704 66 1
1701059165.263871 66 -1
1701059165.263942 54 1
1701059165.265026 599 1
1701059165.266145 60 -1
1701059165.268803 2974 -1
1701059165.268850 54 1
1701059165.268907 956 -1
1701059165.278407 134 1
1701059165.280057 60 -1
1701059165.282281 341 -1
1701059165.282281 341 -1
1701059165.282320 54 1
1701059165.284797 60 -1
1701059165.289791 2779 -1
1701059165.289867 54 1
1701059165.304211 146 1
1701059165.305350 60 -1
1701059165.305460 115 -1
1701059165.305460 85 -1
1701059165.305504 54 1
1701059165.306486 575 1
1701059165.307468 60 -1
1701059165.312252 134 1
1701059165.312453 85 1
1701059165.314300 60 -1
1701059165.316783 146 1
1701059165.317084 1170 -1
1701059165.317084 479 -1
1701059165.317084 7940 -1
1701059165.317176 54 1
1701059165.317334 580 1
1701059165.324911 230 1
1701059165.341571 60 -1
1701059165.346172 60 -1
1701059165.346571 60 -1
1701059165.354246 60 -1
1701059165.383533 341 -1
1701059165.383533 341 -1
1701059165.383533 115 -1
1701059165.383533 85 -1
1701059165.383622 54 1
1701059165.384906 85 1
1701059165.400001 1085 -1
1701059165.400001 689 -1
1701059165.400061 54 1
1701059165.411498 5894 -1
1701059165.411629 54 1
1701059165.412010 1416 -1
1701059165.412077 5894 -1
1701059165.412118 54 1
1701059165.413089 5692 -1
1701059165.413127 54 1
1701059165.428403 60 -1
1701059165.480035 237 1
1701059165.480141 231 1
1701059165.480426 231 1
1701059165.480526 230 1
1701059165.498434 229 1
1701059165.498656 231 1
1701059165.498821 230 1
1701059165.498938 232 1
1701059165.499038 232 1
1701059165.514980 60 -1
1701059165.515609 60 -1
1701059165.519763 979 -1
1701059165.519839 5894 -1
1701059165.519889 54 1
1701059165.520324 4238 -1
1701059165.520362 54 1
1701059165.520927 5894 -1
1701059165.520969 54 1
1701059165.521821 4420 -1
1701059165.521862 54 1
1701059165.528588 60 -1
1701059165.529467 1191 -1
1701059165.529500 54 1
1701059165.529786 540 -1
1701059165.535294 4434 -1
1701059165.535360 54 1
1701059165.535727 1514 -1
1701059165.535765 1150 -1
1701059165.535792 54 1
1701059165.538883 1009 -1
1701059165.538962 3815 -1
1701059165.538983 54 1
1701059165.540544 985 -1
1701059165.540595 5894 -1
1701059165.540634 54 1
1701059165.541379 5894 -1
1701059165.541409 54 1
1701059165.542079 5894 -1
1701059165.542120 54 1
1701059165.543147 5894 -1
1701059165.543187 54 1
1701059165.544005 5894 -1
1701059165.544052 54 1
1701059165.545921 5894 -1
1701059165.545980 54 1
1701059165.546757 5894 -1
1701059165.546878 54 1
1701059165.547165 5894 -1
1701059165.547196 54 1
1701059165.547926 5894 -1
1701059165.547961 54 1
1701059165.549963 5894 -1
1701059165.550017 54 1
1701059165.550321 1279 -1
1701059165.550345 54 1
1701059165.554437 5894 -1
1701059165.554497 54 1
1701059165.554913 1514 -1
1701059165.555136 2890 -1
1701059165.555158 54 1
1701059165.855253 208 1
1701059165.886540 984 -1
1701059165.886540 2619 -1
1701059165.887745 54 1
1701059172.846992 54 1
1701059172.847168 54 1
1701059172.850548 78 -1
1701059172.850548 60 -1
1701059172.850668 54 1
1701059172.885345 78 -1
1701059172.885345 60 -1
1701059172.885427 54 1
1701059177.348935 66 1
1701059177.375799 66 -1
1701059177.375998 54 1
1701059177.377348 902 1
1701059177.402563 60 -1
1701059177.403857 318 -1
1701059177.404666 134 1
1701059177.405195 146 1
1701059177.405866 585 1
1701059177.405957 232 1
1701059177.406037 234 1
1701059177.430411 60 -1
1701059177.430411 60 -1
1701059177.432295 341 -1
1701059177.437032 60 -1
1701059177.437032 60 -1
1701059177.437032 60 -1
1701059177.442539 115 -1
1701059177.442632 54 1
1701059177.442706 85 -1
1701059177.442946 85 1
1701059177.448707 979 -1
1701059177.448823 54 1
1701059177.448885 5864 -1
1701059177.448914 54 1
1701059177.450242 1052 -1
1701059177.450280 54 1
1701059177.450317 729 -1
1701059177.450332 54 1
1701059177.450565 3630 -1
1701059177.450598 54 1
1701059177.476114 957 -1
1701059177.476114 4434 -1
1701059177.476231 54 1
1701059177.476296 60 -1
1701059177.519435 54 1
1701059180.506464 229 1
1701059180.507115 230 1
1701059180.508208 235 1
1701059180.508793 230 1
1701059180.533515 60 -1
1701059180.536649 959 -1
1701059180.536890 5894 -1
1701059180.536957 54 1
1701059180.537500 2804 -1
1701059180.537539 54 1
1701059180.538257 5894 -1
1701059180.538291 54 1
1701059180.538688 755 -1
1701059180.538715 54 1
1701059180.542045 1165 -1
1701059180.542045 578 -1
1701059180.542116 54 1
1701059180.542551 5894 -1
1701059180.542600 54 1
1701059180.542976 2583 -1
1701059180.543004 54 1
1701059180.560218 1074 -1
1701059180.560218 702 -1
1701059180.560315 54 1
1701059180.560378 1514 -1
1701059180.560378 4434 -1
1701059180.560419 54 1
1701059180.561084 311 -1
1701059180.604831 54 1
1701059182.083637 232 1
1701059182.091441 230 1
1701059182.092330 230 1
1701059182.092397 231 1
1701059182.092456 232 1
1701059182.121929 60 -1
1701059182.127563 1088 -1
1701059182.127563 687 -1
1701059182.127664 54 1
1701059182.129540 5894 -1
1701059182.129613 54 1
1701059182.129986 4379 -1
1701059182.130014 54 1
1701059182.130453 5894 -1
1701059182.130496 54 1
1701059182.134314 2065 -1
1701059182.134314 5894 -1
1701059182.134314 1977 -1
1701059182.134429 54 1
1701059182.136045 1064 -1
1701059182.136045 5894 -1
1701059182.136129 54 1
1701059182.136841 2433 -1
1701059182.136870 54 1
1701059182.142513 960 -1
1701059182.142598 5894 -1
1701059182.142636 54 1
1701059182.143096 5894 -1
1701059182.143128 54 1
1701059182.143947 5894 -1
1701059182.143999 54 1
1701059182.144879 634 -1
1701059182.144910 54 1
1701059182.853817 54 1
1701059182.888283 78 -1
1701059182.888283 60 -1
1701059182.888476 54 1
1701059184.223926 66 1
1701059184.251136 66 -1
1701059184.251286 54 1
1701059184.252163 870 1
1701059184.279414 60 -1
1701059184.280544 318 -1
1701059184.281566 134 1
1701059184.281967 146 1
1701059184.282537 586 1
1701059184.282640 232 1
1701059184.282750 231 1
1701059184.282821 235 1
1701059184.282889 232 1
1701059184.308738 60 -1
1701059184.308844 341 -1
1701059184.308958 60 -1
1701059184.309331 115 -1
1701059184.309331 85 -1
1701059184.309385 54 1
1701059184.309487 60 -1
1701059184.309515 85 1
1701059184.310099 60 -1
1701059184.310099 60 -1
1701059184.310099 60 -1
1701059184.310099 60 -1
1701059184.315033 958 -1
1701059184.315033 5894 -1
1701059184.315155 54 1
1701059184.315583 2549 -1
1701059184.315627 54 1
1701059184.315977 5894 -1
1701059184.316028 54 1
1701059184.316930 5894 -1
1701059184.316989 54 1
1701059184.317669 5894 -1
1701059184.317727 54 1
1701059184.318482 3048 -1
1701059184.318530 54 1
1701059184.319751 959 -1
1701059184.319895 2974 -1
1701059184.319920 54 1
1701059184.320001 2974 -1
1701059184.320024 54 1
1701059184.320682 1406 -1
1701059184.320724 54 1
1701059184.324233 1084 -1
1701059184.324303 54 1
1701059184.324357 688 -1
1701059184.324386 54 1
1701059184.326060 2974 -1
1701059184.326088 54 1
1701059184.326339 2494 -1
1701059184.326360 54 1
1701059184.336511 60 -1
1701059184.338982 973 -1
1701059184.338982 5894 -1
1701059184.339072 54 1
1701059184.339876 1022 -1
1701059184.339916 54 1
1701059185.831053 225 1
1701059185.831512 252 1
1701059185.857992 60 -1
1701059185.858442 60 -1
1701059185.864384 970 -1
1701059185.864493 5894 -1
1701059185.864570 54 1
1701059185.865299 5894 -1
1701059185.865335 54 1
1701059185.866171 5894 -1
1701059185.866212 54 1
1701059185.867177 5894 -1
1701059185.867208 54 1
1701059185.876315 4434 -1
1701059185.876315 1514 -1
1701059185.876315 5894 -1
1701059185.876315 2974 -1
1701059185.876315 2974 -1
1701059185.876315 5894 -1
1701059185.876315 5894 -1
1701059185.876315 5894 -1
1701059185.876315 5894 -1
1701059185.876315 5894 -1
1701059185.876315 5894 -1
1701059185.876315 5894 -1
1701059185.876605 54 1
1701059185.876888 5894 -1
1701059185.876934 54 1
1701059185.877348 5894 -1
1701059185.877374 54 1
1701059185.877679 54 1
1701059185.878282 5894 -1
1701059185.878322 54 1
1701059185.879088 5894 -1
1701059185.879124 54 1
1701059185.879950 5894 -1
1701059185.879987 54 1
1701059185.881745 5894 -1
1701059185.881819 54 1
1701059185.882501 5894 -1
1701059185.882501 4410 -1
1701059185.882549 54 1
1701059185.892313 5894 -1
1701059185.892313 4312 -1
1701059185.892443 54 1
1701059187.405671 225 1
1701059187.408167 225 1
1701059187.408324 225 1
1701059187.408453 222 1
1701059187.440427 60 -1
1701059187.443362 1033 -1
1701059187.443486 7254 -1
1701059187.443554 54 1
1701059187.443908 1044 -1
1701059187.444118 7354 -1
1701059187.444137 54 1
1701059187.444574 569 -1
1701059187.446729 926 -1
1701059187.446775 54 1
1701059187.446815 7354 -1
1701059187.446854 54 1
1701059187.447263 869 -1
1701059187.447289 54 1
1701059187.455326 957 -1
1701059187.455612 6907 -1
1701059187.455661 54 1
1701059189.009510 221 1
1701059189.009638 226 1
1701059189.009735 223 1
1701059189.010067 223 1
1701059189.039821 60 -1
1701059189.042955 970 -1
1701059189.042955 7354 -1
1701059189.043108 54 1
1701059189.043353 3871 -1
1701059189.043400 54 1
1701059189.043693 929 -1
1701059189.043735 54 1
1701059189.043878 7354 -1
1701059189.043908 54 1
1701059189.044337 4434 -1
1701059189.044384 54 1
1701059189.044873 7354 -1
1701059189.044921 54 1
1701059189.045300 3799 -1
1701059189.045346 54 1
1701059189.049351 948 -1
1701059189.049446 7354 -1
1701059189.049496 54 1
1701059189.049895 1967 -1
1701059189.049932 54 1
1701059189.057468 983 -1
1701059189.057468 2844 -1
1701059189.057580 54 1
1701059191.465162 224 1
1701059191.477155 224 1
1701059191.477224 251 1
1701059191.504475 1015 -1
1701059191.504573 3055 -1
1701059191.504607 54 1
1701059191.507868 89 1
1701059191.511087 60 -1
1701059191.517985 1012 -1
1701059191.517985 7354 -1
1701059191.517985 4434 -1
1701059191.517985 3970 -1
1701059191.518252 54 1
1701059191.518354 965 -1
1701059191.518354 7354 -1
1701059191.518388 54 1
1701059191.519097 4434 -1
1701059191.519153 54 1
1701059191.519517 7354 -1
1701059191.519575 54 1
1701059191.520064 4434 -1
1701059191.520114 54 1
1701059191.520211 7354 -1
1701059191.520257 54 1
1701059191.521003 2237 -1
1701059191.521003 11734 -1
1701059191.521112 54 1
1701059191.522352 1514 -1
1701059191.522352 7354 -1
1701059191.522420 54 1
1701059191.523092 2974 -1
1701059191.523092 7354 -1
1701059191.523169 54 1
1701059191.525105 4434 -1
1701059191.525105 7354 -1
1701059191.525105 4434 -1
1701059191.525105 2974 -1
1701059191.525217 54 1
1701059191.525349 8814 -1
1701059191.525384 54 1
1701059191.526010 7354 -1
1701059191.526040 54 1
1701059191.526460 4434 -1
1701059191.526490 54 1
1701059191.526914 7354 -1
1701059191.526943 54 1
1701059191.527420 4434 -1
1701059191.527453 54 1
1701059191.527790 5894 -1
1701059191.527818 54 1
1701059191.528342 5322 -1
1701059191.528376 54 1
1701059191.575312 60 -1
1701059192.906133 54 1
1701059192.933505 60 -1
1701059192.933505 78 -1
1701059192.933585 54 1
1701059192.933658 54 1
1701059195.172287 66 1
1701059195.201052 66 -1
1701059195.201205 54 1
1701059195.201984 966 1
1701059195.230486 60 -1
1701059195.231459 318 -1
1701059195.232072 134 1
1701059195.232404 146 1
1701059195.232792 576 1
1701059195.232857 223 1
1701059195.232918 250 1
1701059195.233002 252 1
1701059195.260674 60 -1
1701059195.261163 60 -1
1701059195.261208 60 -1
1701059195.261323 60 -1
1701059195.261323 60 -1
1701059195.261421 60 -1
1701059195.268165 341 -1
1701059195.274315 115 -1
1701059195.274315 85 -1
1701059195.274422 54 1
1701059195.274756 85 1
1701059195.278329 1164 -1
1701059195.278329 581 -1
1701059195.278329 957 -1
1701059195.278329 3099 -1
1701059195.278454 54 1
1701059195.278625 1714 -1
1701059195.278655 54 1
1701059195.280369 4624 -1
1701059195.280428 54 1
1701059195.281546 5894 -1
1701059195.281546 5894 -1
1701059195.281611 54 1
1701059195.284036 5894 -1
1701059195.284036 5894 -1
1701059195.284108 54 1
1701059195.284172 5894 -1
1701059195.284216 54 1
1701059195.285238 5894 -1
1701059195.285291 54 1
1701059195.286262 5894 -1
1701059195.286298 54 1
1701059195.303185 5894 -1
1701059195.303297 54 1
1701059195.303637 5894 -1
1701059195.303668 54 1
1701059195.304226 60 -1
1701059195.307035 5894 -1
1701059195.307098 54 1
1701059195.307484 5894 -1
1701059195.307525 54 1
1701059195.308373 5894 -1
1701059195.308405 54 1
1701059195.309235 5894 -1
1701059195.309275 54 1
1701059195.310259 5894 -1
1701059195.310322 54 1
1701059195.311083 5894 -1
1701059195.311118 54 1
1701059195.312232 5894 -1
1701059195.312281 54 1
1701059195.313023 1514 -1
1701059195.313023 4434 -1
1701059195.313089 54 1
1701059195.314231 5894 -1
1701059195.314280 54 1
1701059195.314671 5894 -1
1701059195.314730 54 1
1701059195.316002 5894 -1
1701059195.316080 54 1
1701059195.316546 5894 -1
1701059195.316591 54 1
1701059195.317429 5894 -1
1701059195.317479 54 1
1701059195.318937 1514 -1
1701059195.318937 4434 -1
1701059195.319013 54 1
1701059195.319208 5894 -1
1701059195.319256 54 1
1701059195.320217 5894 -1
1701059195.320257 54 1
1701059195.321311 5894 -1
1701059195.321373 54 1
1701059195.322047 5894 -1
1701059195.322086 54 1
1701059195.323047 5894 -1
1701059195.323102 54 1
1701059195.323813 5894 -1
1701059195.323877 54 1
1701059195.332161 5894 -1
1701059195.332262 54 1
1701059195.332572 1514 -1
1701059195.332572 1514 -1
1701059195.332603 54 1
1701059195.332636 2974 -1
1701059195.332662 54 1
1701059195.333515 5894 -1
1701059195.333619 54 1
1701059195.334259 5894 -1
1701059195.334300 54 1
1701059195.335638 5894 -1
1701059195.335710 54 1
1701059195.336019 5894 -1
1701059195.336073 54 1
1701059195.337334 5894 -1
1701059195.337408 54 1
1701059195.337661 3666 -1
1701059195.337693 54 1
1701059196.762379 223 1
1701059196.765398 222 1
1701059196.766452 222 1
1701059196.792382 60 -1
1701059196.793369 959 -1
1701059196.793369 7602 -1
1701059196.793481 54 1
1701059196.795996 60 -1
1701059196.805050 961 -1
1701059196.805163 54 1
1701059196.805248 4219 -1
1701059196.805298 54 1
1701059196.806607 928 -1
1701059196.806607 7354 -1
1701059196.806607 84 -1
1701059196.806715 54 1
1701059198.889262 220 1
1701059198.890572 226 1
1701059198.893175 223 1
1701059198.893316 223 1
1701059198.920202 60 -1
1701059198.923544 976 -1
1701059198.923639 7354 -1
1701059198.923675 54 1
1701059198.924067 940 -1
1701059198.925575 958 -1
1701059198.925598 54 1
1701059198.925698 7354 -1
1701059198.925725 54 1
1701059198.926129 5894 -1
1701059198.926149 54 1
1701059198.926601 670 -1
1701059198.926617 54 1
1701059198.927128 927 -1
1701059198.927128 6824 -1
1701059198.927172 54 1
1701059198.933629 982 -1
1701059198.933629 7354 -1
1701059198.933713 54 1
1701059198.934085 5894 -1
1701059198.934116 54 1
1701059198.934635 7354 -1
1701059198.934674 54 1
1701059198.935174 2620 -1
1701059198.935211 54 1
1701059200.510326 222 1
1701059200.510432 222 1
1701059200.511337 253 1
1701059200.511444 221 1
1701059200.540128 60 -1
1701059200.569022 1097 -1
1701059200.569022 675 -1
1701059200.569155 54 1
1701059200.571458 89 1
1701059200.571469 7354 -1
1701059200.571574 54 1
1701059200.571762 5894 -1
1701059200.571966 54 1
1701059200.572434 1514 -1
1701059200.572434 7354 -1
1701059200.572495 54 1
1701059200.574046 4434 -1
1701059200.574046 6617 -1
1701059200.574143 54 1
1701059200.574205 7354 -1
1701059200.574233 54 1
1701059200.574438 5894 -1
1701059200.574465 54 1
1701059200.575457 1514 -1
1701059200.575457 7354 -1
1701059200.575531 54 1
1701059200.575669 4434 -1
1701059200.575707 54 1
1701059200.576510 7354 -1
1701059200.576553 54 1
1701059200.576771 5894 -1
1701059200.577092 54 1
1701059200.577139 7354 -1
1701059200.577184 54 1
1701059200.578624 5894 -1
1701059200.578624 7354 -1
1701059200.578707 54 1
1701059200.578973 5894 -1
1701059200.579021 54 1
1701059200.580650 2734 -1
1701059200.580650 1081 -1
1701059200.580650 1128 -1
1701059200.580650 662 -1
1701059200.580650 693 -1
1701059200.580727 54 1
1701059200.591528 5823 -1
1701059200.591628 54 1
1701059200.604080 5544 -1
1701059200.604199 54 1
1701059200.604749 1017 -1
1701059200.604749 10561 -1
1701059200.604932 54 1
1701059202.129349 224 1
1701059202.129490 222 1
1701059202.160386 60 -1
1701059202.167081 1039 -1
1701059202.167298 5578 -1
1701059202.167362 54 1
1701059202.167466 959 -1
1701059202.167489 54 1
1701059202.167544 5017 -1
1701059202.167570 54 1
1701059202.927438 54 1
1701059202.956240 78 -1
1701059202.956240 60 -1
1701059202.956317 54 1
1701059204.622868 66 1
1701059204.648112 66 -1
1701059204.648261 54 1
1701059204.649238 870 1
1701059204.674227 60 -1
1701059204.675162 318 -1
1701059204.676103 134 1
1701059204.676517 146 1
1701059204.677018 578 1
1701059204.677137 251 1
1701059204.677253 224 1
1701059204.701237 60 -1
1701059204.701411 341 -1
1701059204.701411 60 -1
1701059204.701683 115 -1
1701059204.701683 85 -1
1701059204.701724 54 1
1701059204.702178 60 -1
1701059204.702178 60 -1
1701059204.702178 60 -1
1701059204.702234 85 1
1701059204.711963 1144 -1
1701059204.711963 609 -1
1701059204.712048 54 1
1701059204.713740 1929 -1
1701059204.713794 54 1
1701059204.713855 1091 -1
1701059204.714010 681 -1
1701059204.714010 1135 -1
1701059204.714054 54 1
1701059204.714192 5894 -1
1701059204.714250 54 1
1701059204.715096 5894 -1
1701059204.715146 54 1
1701059204.715774 5894 -1
1701059204.715817 54 1
1701059204.716707 5894 -1
1701059204.716751 54 1
1701059204.717608 5894 -1
1701059204.717647 54 1
1701059204.718396 5894 -1
1701059204.718450 54 1
1701059204.719140 5894 -1
1701059204.719204 54 1
1701059204.720068 1514 -1
1701059204.720068 4434 -1
1701059204.720122 54 1
1701059204.720618 5894 -1
1701059204.720657 54 1
1701059204.727148 5894 -1
1701059204.727259 54 1
1701059204.729654 60 -1
1701059204.737473 5894 -1
1701059204.737598 54 1
1701059204.739073 5894 -1
1701059204.739152 54 1
1701059204.739200 2974 -1
1701059204.739227 54 1
1701059204.739400 2974 -1
1701059204.739451 54 1
1701059204.740411 5894 -1
1701059204.740467 54 1
1701059204.740804 5894 -1
1701059204.740824 54 1
1701059204.741573 5894 -1
1701059204.741611 54 1
1701059204.742287 1272 -1
1701059204.742312 54 1
1701059208.478541 249 1
1701059208.478624 222 1
1701059208.478701 223 1
1701059208.478787 222 1
1701059208.504542 60 -1
1701059208.504542 60 -1
1701059208.504542 60 -1
1701059208.504542 60 -1
1701059208.516541 970 -1
1701059208.516541 7354 -1
1701059208.516652 54 1
1701059208.516846 1514 -1
1701059208.517348 7354 -1
1701059208.517377 54 1
1701059208.517811 400 -1
1701059208.518445 7354 -1
1701059208.518478 54 1
1701059208.518596 1514 -1
1701059208.519224 7354 -1
1701059208.519271 54 1
1701059208.519577 1514 -1
1701059208.521497 8814 -1
1701059208.521497 8814 -1
1701059208.521601 54 1
1701059208.522157 8814 -1
1701059208.522213 54 1
1701059208.523212 7354 -1
1701059208.523254 54 1
1701059208.523501 1514 -1
1701059208.524840 7354 -1
1701059208.524840 1514 -1
1701059208.525103 54 1
1701059208.525161 7354 -1
1701059208.525193 54 1
1701059208.526005 1514 -1
1701059208.526005 7354 -1
1701059208.526064 54 1
1701059208.526317 1514 -1
1701059208.526890 7354 -1
1701059208.527052 54 1
1701059208.528484 1514 -1
1701059208.528484 7354 -1
1701059208.528484 1514 -1
1701059208.528574 54 1
1701059208.528670 2022 -1
1701059208.528693 54 1
1701059208.535231 961 -1
1701059208.535231 7354 -1
1701059208.535231 1514 -1
1701059208.535231 7354 -1
1701059208.535231 400 -1
1701059208.535231 6816 -1
1701059208.535373 54 1
1701059208.547329 1113 -1
1701059208.547329 653 -1
1701059208.547430 54 1
1701059208.554490 7354 -1
1701059208.554490 1126 -1
1701059208.554607 54 1
1701059210.131499 221 1
1701059210.131612 221 1
1701059210.134960 249 1
1701059210.135205 223 1
1701059210.139931 224 1
1701059210.156645 60 -1
1701059210.156645 60 -1
1701059210.159382 957 -1
1701059210.159382 7354 -1
1701059210.159479 54 1
1701059210.159851 1514 -1
1701059210.160045 54 1
1701059210.160193 2596 -1
1701059210.160216 54 1
1701059210.160373 60 -1
1701059210.162178 89 1
1701059210.162405 964 -1
1701059210.162405 7354 -1
1701059210.162482 54 1
1701059210.162811 1514 -1
1701059210.162830 54 1
1701059210.163259 7700 -1
1701059210.163282 54 1
1701059210.164338 85 -1
1701059210.164365 54 1
1701059210.165255 7354 -1
1701059210.165255 1514 -1
1701059210.165255 7354 -1
1701059210.165321 54 1
1701059210.165370 1514 -1
1701059210.165386 54 1
1701059210.166078 7354 -1
1701059210.166110 54 1
1701059210.167191 1514 -1
1701059210.167191 3853 -1
1701059210.167243 54 1
1701059210.199888 961 -1
1701059210.199888 2154 -1
1701059210.199999 54 1
1701059210.216038 1082 -1
1701059210.216038 693 -1
1701059210.216141 54 1
1701059210.228185 4411 -1
1701059210.228288 54 1
1701059211.757462 223 1
1701059211.758269 222 1
1701059211.758363 251 1
1701059211.758471 249 1
1701059211.786488 60 -1
1701059211.790188 957 -1
1701059211.790188 3246 -1
1701059211.790287 54 1
1701059211.798651 1095 -1
1701059211.798651 705 -1
1701059211.798651 963 -1
1701059211.798744 54 1
1701059211.798816 7354 -1
1701059211.798877 54 1
1701059211.800350 1514 -1
1701059211.800350 7354 -1
1701059211.800350 400 -1
1701059211.800350 7354 -1
1701059211.800434 54 1
1701059211.800774 1514 -1
1701059211.801457 7354 -1
1701059211.801495 54 1
1701059211.801586 1514 -1
1701059211.802469 8814 -1
1701059211.802538 54 1
1701059211.803303 7354 -1
1701059211.803354 54 1
1701059211.803586 1514 -1
1701059211.803773 7354 -1
1701059211.803836 54 1
1701059211.804175 1514 -1
1701059211.804595 7354 -1
1701059211.804640 54 1
1701059211.805132 1514 -1
1701059211.805419 7354 -1
1701059211.805464 54 1
1701059211.805867 1514 -1
1701059211.806312 7354 -1
1701059211.806341 54 1
1701059211.807107 1514 -1
1701059211.807144 7354 -1
1701059211.807203 54 1
1701059211.807591 1514 -1
1701059211.808126 7354 -1
1701059211.808159 54 1
1701059211.808473 1514 -1
1701059211.808802 2974 -1
1701059211.808845 54 1
1701059211.809212 7354 -1
1701059211.809254 54 1
1701059211.809628 1514 -1
1701059211.810220 7354 -1
1701059211.810251 54 1
1701059211.810472 1514 -1
1701059211.811116 7354 -1
1701059211.811151 54 1
1701059211.811467 1514 -1
1701059211.811758 7354 -1
1701059211.811790 54 1
1701059211.812177 1514 -1
1701059211.814597 7354 -1
1701059211.814597 1514 -1
1701059211.814597 7354 -1
1701059211.814597 1514 -1
1701059211.814597 1514 -1
1701059211.814597 7354 -1
1701059211.814720 54 1
1701059211.815377 2974 -1
1701059211.815397 54 1
1701059211.815425 7354 -1
1701059211.815455 54 1
1701059211.815867 1514 -1
1701059211.816305 7354 -1
1701059211.816354 54 1
1701059211.816747 1514 -1
1701059211.817175 2974 -1
1701059211.817195 54 1
1701059211.817323 5894 -1
1701059211.817362 54 1
1701059211.818037 7354 -1
1701059211.818074 54 1
1701059211.818478 1514 -1
1701059211.818909 7354 -1
1701059211.818932 54 1
1701059211.819347 1514 -1
1701059211.819786 7354 -1
1701059211.819826 54 1
1701059211.820307 1514 -1
1701059211.820573 7354 -1
1701059211.820595 54 1
1701059211.821162 1514 -1
1701059211.821404 3264 -1
1701059211.821433 54 1
1701059212.935553 54 1
1701059212.968078 78 -1
1701059212.968078 60 -1
1701059212.968188 54 1
1701059213.949014 66 1
1701059213.977220 66 -1
1701059213.977366 54 1
1701059213.978049 934 1
1701059214.006196 60 -1
1701059214.007533 318 -1
1701059214.013036 134 1
1701059214.013423 146 1
1701059214.013829 605 1
1701059214.014032 249 1
1701059214.014162 225 1
1701059214.041293 60 -1
1701059214.041293 60 -1
1701059214.041293 60 -1
1701059214.041420 341 -1
1701059214.045470 115 -1
1701059214.045470 85 -1
1701059214.045556 54 1
1701059214.047096 85 1
1701059214.049483 1060 -1
1701059214.049483 724 -1
1701059214.049558 54 1
1701059214.049633 5894 -1
1701059214.049666 54 1
1701059214.050587 5894 -1
1701059214.050621 54 1
1701059214.051413 4811 -1
1701059214.051455 54 1
1701059214.052158 5894 -1
1701059214.052184 54 1
1701059214.055131 5894 -1
1701059214.055131 5894 -1
1701059214.055131 60 -1
1701059214.055131 5894 -1
1701059214.055241 54 1
1701059214.055852 4434 -1
1701059214.055878 54 1
1701059214.056105 1514 -1
1701059214.056130 54 1
1701059214.056870 4434 -1
1701059214.057158 54 1
1701059214.057201 1514 -1
1701059214.057232 54 1
1701059214.057766 5894 -1
1701059214.057814 54 1
1701059214.058580 1514 -1
1701059214.058614 54 1
1701059214.074403 5894 -1
1701059214.074499 54 1
1701059214.077311 1514 -1
1701059214.077311 4434 -1
1701059214.077398 54 1
1701059214.079376 5894 -1
1701059214.079376 5894 -1
1701059214.079448 54 1
1701059214.079594 5894 -1
1701059214.079628 54 1
1701059214.080314 5894 -1
1701059214.080354 54 1
1701059214.086098 5894 -1
1701059214.086098 1700 -1
1701059214.086206 54 1
1701059214.101731 964 -1
1701059214.101731 4434 -1
1701059214.101860 54 1
1701059214.103385 1514 -1
1701059214.103385 5894 -1
1701059214.103385 5894 -1
1701059214.103385 5894 -1
1701059214.103385 5894 -1
1701059214.103385 5894 -1
1701059214.103506 54 1
1701059214.103668 5894 -1
1701059214.103703 54 1
1701059214.104293 5894 -1
1701059214.104328 54 1
1701059214.104711 5894 -1
1701059214.104741 54 1
1701059214.105649 5894 -1
1701059214.105649 5894 -1
1701059214.105750 54 1
1701059214.106731 5894 -1
1701059214.106783 54 1
1701059214.107084 5894 -1
1701059214.107084 5894 -1
1701059214.107149 54 1
1701059214.107410 54 1
1701059214.113621 5894 -1
1701059214.113621 5894 -1
1701059214.113621 5894 -1
1701059214.113621 2974 -1
1701059214.113621 2974 -1
1701059214.113621 5894 -1
1701059214.113621 5894 -1
1701059214.113621 7354 -1
1701059214.113621 7354 -1
1701059214.113621 261 -1
1701059214.113884 54 1
1701059215.581115 250 1
1701059215.585663 222 1
1701059215.585814 250 1
1701059215.585929 223 1
1701059215.618912 60 -1
1701059215.618912 965 -1
1701059215.618912 11734 -1
1701059215.619109 54 1
1701059215.619724 7354 -1
1701059215.619724 4434 -1
1701059215.619791 54 1
1701059215.620301 7354 -1
1701059215.620344 54 1
1701059215.623189 2237 -1
1701059215.623189 7354 -1
1701059215.623189 4434 -1
1701059215.623189 7354 -1
1701059215.623189 4434 -1
1701059215.623189 7354 -1
1701059215.623341 54 1
1701059215.623452 4434 -1
1701059215.623489 54 1
1701059215.623781 7354 -1
1701059215.623809 54 1
1701059215.624450 4434 -1
1701059215.624482 54 1
1701059215.630152 7354 -1
1701059215.630152 4434 -1
1701059215.630152 7354 -1
1701059215.630152 4434 -1
1701059215.630152 7354 -1
1701059215.630152 4434 -1
1701059215.630152 4434 -1
1701059215.630152 1514 -1
1701059215.630152 7354 -1
1701059215.630152 4434 -1
1701059215.630152 7354 -1
1701059215.630152 4434 -1
1701059215.630388 54 1
1701059215.630478 7354 -1
1701059215.630504 54 1
1701059215.630677 4434 -1
1701059215.630704 54 1
1701059215.631071 7354 -1
1701059215.631100 54 1
1701059215.631630 4434 -1
1701059215.631654 54 1
1701059215.632124 7354 -1
1701059215.632149 54 1
1701059215.632608 4434 -1
1701059215.632637 54 1
1701059215.632975 1986 -1
1701059215.633002 54 1
1701059215.633197 11734 -1
1701059215.633232 54 1
1701059215.634113 7354 -1
1701059215.634159 54 1
1701059215.634695 4434 -1
1701059215.634735 54 1
1701059215.635200 7354 -1
1701059215.635248 54 1
1701059215.635694 4434 -1
1701059215.635754 54 1
1701059215.636187 7354 -1
1701059215.636236 54 1
1701059215.636685 4434 -1
1701059215.636719 54 1
1701059215.637237 7354 -1
1701059215.637270 54 1
1701059215.637647 4434 -1
1701059215.637679 54 1
1701059215.638373 5894 -1
1701059215.638410 54 1
1701059215.647158 85 -1
1701059215.647158 2816 -1
1701059215.647158 2948 -1
1701059215.647237 66 1
1701059215.647278 66 1
1701059215.647340 54 1
1701059215.678328 2948 -1
1701059215.678406 66 1
1701059217.230907 221 1
1701059217.231013 251 1
1701059217.231402 221 1
1701059217.262945 60 -1
1701059217.268092 957 -1
1701059217.268092 7579 -1
1701059217.268225 54 1
1701059217.268888 986 -1
1701059217.268919 54 1
1701059217.269113 7354 -1
1701059217.269150 54 1
1701059217.269814 4674 -1
1701059217.269841 54 1
1701059217.270181 7354 -1
1701059217.270213 54 1
1701059217.274719 7354 -1
1701059217.274719 2774 -1
1701059217.274719 7354 -1
1701059217.274719 7354 -1
1701059217.274719 7354 -1
1701059217.274719 7354 -1
1701059217.274719 7354 -1
1701059217.274719 7354 -1
1701059217.274980 54 1
1701059217.275682 7354 -1
1701059217.275682 7354 -1
1701059217.275745 54 1
1701059217.276314 7354 -1
1701059217.276355 54 1
1701059217.277956 7354 -1
1701059217.277956 7354 -1
1701059217.278022 54 1
1701059217.279559 4434 -1
1701059217.279559 7354 -1
1701059217.279559 2974 -1
1701059217.279559 7354 -1
1701059217.279700 66 1
1701059217.279780 54 1
1701059217.279816 54 1
1701059217.280324 821 -1
1701059217.307350 2974 -1
1701059217.307418 66 1
1701059219.896173 222 1
1701059219.896765 223 1
1701059219.897442 221 1
1701059219.927676 60 -1
1701059219.934172 959 -1
1701059219.934172 4065 -1
1701059219.934299 54 1
1701059219.936054 89 1
1701059219.941374 1055 -1
1701059219.941374 730 -1
1701059219.941500 54 1
1701059219.941571 7354 -1
1701059219.941615 54 1
1701059219.941728 2431 -1
1701059219.941756 54 1
1701059219.951900 1105 -1
1701059219.951900 696 -1
1701059219.952077 54 1
1701059219.954926 4112 -1
1701059219.955150 54 1
1701059220.004671 60 -1
1701059222.962248 54 1
1701059222.995927 78 -1
1701059222.995927 60 -1
1701059222.996026 54 1
1701059224.545772 66 1
1701059224.572725 66 -1
1701059224.572862 54 1
1701059224.582749 902 1
1701059224.609789 60 -1
1701059224.610904 318 -1
1701059224.612304 134 1
1701059224.612644 146 1
1701059224.613105 605 1
1701059224.613220 225 1
1701059224.613299 221 1
1701059224.639385 60 -1
1701059224.639591 60 -1
1701059224.639751 341 -1
1701059224.640244 60 -1
1701059224.640244 60 -1
1701059224.640244 60 -1
1701059224.643481 115 -1
1701059224.643481 85 -1
1701059224.643558 54 1
1701059224.643833 85 1
1701059224.644554 977 -1
1701059224.644583 54 1
1701059224.657805 4434 -1
1701059224.657923 54 1
1701059224.658412 4434 -1
1701059224.658483 54 1
1701059224.658959 2091 -1
1701059224.659006 54 1
1701059224.659335 4434 -1
1701059224.659369 54 1
1701059224.660310 4434 -1
1701059224.660367 54 1
1701059224.661250 4434 -1
1701059224.661312 54 1
1701059224.663854 4434 -1
1701059224.663854 2974 -1
1701059224.663854 1514 -1
1701059224.663854 4434 -1
1701059224.664009 54 1
1701059224.664587 4434 -1
1701059224.664627 54 1
1701059224.668697 4434 -1
1701059224.668697 4434 -1
1701059224.668697 2974 -1
1701059224.668697 1514 -1
1701059224.668697 4434 -1
1701059224.668850 54 1
1701059224.670676 4434 -1
1701059224.670741 54 1
1701059224.671366 4434 -1
1701059224.671425 54 1
1701059224.672286 60 -1
1701059224.672286 4434 -1
1701059224.672360 54 1
1701059224.691869 4434 -1
1701059224.691869 4434 -1
1701059224.691869 2974 -1
1701059224.691869 4373 -1
1701059224.692189 54 1
1701059226.206614 224 1
1701059226.209581 222 1
1701059226.209682 223 1
1701059226.242716 60 -1
1701059226.242716 60 -1
1701059226.242716 60 -1
1701059226.279693 1000 -1
1701059226.279693 6069 -1
1701059226.279780 54 1
1701059226.293410 1079 -1
1701059226.293410 701 -1
1701059226.293410 1001 -1
1701059226.293410 5427 -1
1701059226.293410 4654 -1
1701059226.293556 54 1
1701059228.366884 225 1
1701059228.375692 252 1
1701059228.393892 60 -1
1701059228.414438 60 -1
1701059228.463374 1085 -1
1701059228.463374 690 -1
1701059228.463483 54 1
1701059228.476239 4268 -1
1701059228.476350 54 1
1701059228.476408 1095 -1
1701059228.476431 54 1
1701059228.476480 678 -1
1701059228.500034 7354 -1
1701059228.500132 54 1
1701059228.500440 7354 -1
1701059228.500481 54 1
1701059228.503684 7354 -1
1701059228.503684 7354 -1
1701059228.503684 2974 -1
1701059228.503684 4434 -1
1701059228.503807 54 1
1701059228.504407 7354 -1
1701059228.504474 54 1
1701059228.505303 7354 -1
1701059228.505351 54 1
1701059228.506324 7354 -1
1701059228.506381 54 1
1701059228.507413 7354 -1
1701059228.507468 54 1
1701059228.508352 7354 -1
1701059228.508384 54 1
1701059228.509320 7354 -1
1701059228.509371 54 1
1701059228.510424 5894 -1
1701059228.510473 54 1
1701059228.510521 1514 -1
1701059228.511231 5894 -1
1701059228.511281 54 1
1701059228.511866 7354 -1
1701059228.511910 54 1
1701059228.513373 1514 -1
1701059228.513373 5894 -1
1701059228.513422 54 1
1701059228.513837 7354 -1
1701059228.513866 54 1
1701059228.514735 1514 -1
1701059228.514790 5894 -1
1701059228.514806 54 1
1701059228.515978 7354 -1
1701059228.516160 54 1
1701059228.516787 7354 -1
1701059228.516852 54 1
1701059228.517791 6634 -1
1701059228.517871 54 1
1701059230.013355 248 1
1701059230.013913 222 1
1701059230.015789 251 1
1701059230.040465 60 -1
1701059230.040906 60 -1
1701059230.043040 60 -1
1701059230.045585 966 -1
1701059230.045585 7354 -1
1701059230.045585 1514 -1
1701059230.045585 7700 -1
1701059230.045716 54 1
1701059230.045983 7354 -1
1701059230.046011 54 1
1701059230.046404 1514 -1
1701059230.046864 5894 -1
1701059230.046891 54 1
1701059230.047326 2974 -1
1701059230.047367 89 1
1701059230.047399 54 1
1701059230.047722 7354 -1
1701059230.047769 54 1
1701059230.048506 1514 -1
1701059230.048541 54 1
1701059230.048616 7354 -1
1701059230.048652 54 1
1701059230.049063 1514 -1
1701059230.049103 54 1
1701059230.049465 2974 -1
1701059230.049490 54 1
1701059230.049523 5894 -1
1701059230.049552 54 1
1701059230.050369 7354 -1
1701059230.050421 54 1
1701059230.050830 1514 -1
1701059230.050872 54 1
1701059230.051314 8814 -1
1701059230.051358 54 1
1701059230.052340 7354 -1
1701059230.052381 54 1
1701059230.052547 1514 -1
1701059230.052581 54 1
1701059230.053206 7354 -1
1701059230.053238 54 1
1701059230.053664 1514 -1
1701059230.053701 54 1
1701059230.054552 7354 -1
1701059230.054609 54 1
1701059230.054968 1514 -1
1701059230.055005 54 1
1701059230.055338 2974 -1
1701059230.055338 7354 -1
1701059230.055393 54 1
1701059230.056284 1514 -1
1701059230.056284 5894 -1
1701059230.056325 54 1
1701059230.056468 2974 -1
1701059230.056505 54 1
1701059230.056823 7354 -1
1701059230.056881 54 1
1701059230.057326 1514 -1
1701059230.057351 54 1
1701059230.057699 7354 -1
1701059230.057737 54 1
1701059230.058200 1514 -1
1701059230.058228 54 1
1701059230.058500 7354 -1
1701059230.058531 54 1
1701059230.058960 1514 -1
1701059230.058994 54 1
1701059230.059471 4434 -1
1701059230.059500 54 1
1701059230.059587 4148 -1
1701059230.059615 54 1
1701059230.062598 8814 -1
1701059230.062598 7354 -1
1701059230.062598 1514 -1
1701059230.062598 7354 -1
1701059230.062598 1514 -1
1701059230.062749 54 1
1701059230.063123 1514 -1
1701059230.063148 54 1
1701059230.063227 1514 -1
1701059230.063227 1514 -1
1701059230.063256 54 1
1701059230.063299 4434 -1
1701059230.063331 54 1
1701059230.064981 7354 -1
1701059230.065056 54 1
1701059230.065270 1514 -1
1701059230.065295 54 1
1701059230.065710 7354 -1
1701059230.065755 54 1
1701059230.065940 1514 -1
1701059230.065961 54 1
1701059230.066207 7354 -1
1701059230.066234 54 1
1701059230.066709 1514 -1
1701059230.066730 54 1
1701059230.066786 2974 -1
1701059230.066808 54 1
1701059230.085360 6064 -1
1701059230.085360 85 -1
1701059230.085360 2974 -1
1701059230.085360 5894 -1
1701059230.085360 2974 -1
1701059230.085360 4780 -1
1701059230.085360 7354 -1
1701059230.085360 1514 -1
1701059230.085360 7354 -1
1701059230.085360 1514 -1
1701059230.085360 7354 -1
1701059230.085360 1514 -1
1701059230.085360 7354 -1
1701059230.085360 1514 -1
1701059230.085360 1514 -1
1701059230.085360 7354 -1
1701059230.085360 3482 -1
1701059230.085674 54 1
1701059230.086740 54 1
1701059231.660457 249 1
1701059231.660550 223 1
1701059231.696480 60 -1
1701059231.697795 1017 -1
1701059231.697957 7354 -1
1701059231.697988 54 1
1701059231.698360 124 -1
1701059231.699920 969 -1
1701059231.699962 54 1
1701059231.700011 7354 -1
1701059231.700279 54 1
1701059231.700471 7354 -1
1701059231.700500 54 1
1701059231.701087 1860 -1
1701059231.701109 54 1
1701059231.701312 85 -1
1701059231.701312 7354 -1
1701059231.701341 54 1
1701059231.701865 7354 -1
1701059231.701905 54 1
1701059231.702450 1860 -1
1701059231.702474 54 1
1701059231.702616 7354 -1
1701059231.702639 54 1
1701059231.703530 7354 -1
1701059231.703751 54 1
1701059231.703825 2974 -1
1701059231.703866 54 1
1701059231.704204 2974 -1
1701059231.704275 54 1
1701059231.704316 7354 -1
1701059231.704360 54 1
1701059231.707556 7354 -1
1701059231.707556 7354 -1
1701059231.707556 7354 -1
1701059231.707556 2974 -1
1701059231.707556 7354 -1
1701059231.707712 54 1
1701059231.707777 7354 -1
1701059231.707811 54 1
1701059231.709483 2974 -1
1701059231.709483 1514 -1
1701059231.709483 7354 -1
1701059231.709483 7354 -1
1701059231.709584 54 1
1701059231.714599 1514 -1
1701059231.714599 7354 -1
1701059231.714599 4434 -1
1701059231.714599 7354 -1
1701059231.714599 2859 -1
1701059231.714714 54 1
1701059232.970855 54 1
1701059233.010712 78 -1
1701059233.010712 60 -1
1701059233.010812 54 1
1701059237.126694 66 1
1701059237.151593 66 -1
1701059237.151712 54 1
1701059237.152357 870 1
1701059237.195878 60 -1
1701059237.195878 318 -1
1701059237.198625 134 1
1701059237.198968 146 1
1701059237.199386 577 1
1701059237.199475 223 1
1701059237.199586 249 1
1701059237.223310 60 -1
1701059237.223407 60 -1
1701059237.223733 60 -1
1701059237.223733 60 -1
1701059237.223910 60 -1
1701059237.248698 341 -1
1701059237.269558 115 -1
1701059237.269558 85 -1
1701059237.269558 955 -1
1701059237.269558 5894 -1
1701059237.269558 4217 -1
1701059237.269692 54 1
1701059237.270602 85 1
1701059237.272862 5894 -1
1701059237.272862 1975 -1
1701059237.272948 54 1
1701059237.285383 968 -1
1701059237.289488 5894 -1
1701059237.289488 5894 -1
1701059237.289488 4811 -1
1701059237.289488 1514 -1
1701059237.289488 4434 -1
1701059237.289488 5894 -1
1701059237.289488 5894 -1
1701059237.289653 54 1
1701059237.296676 5894 -1
1701059237.296767 54 1
1701059237.305524 5894 -1
1701059237.305524 5894 -1
1701059237.305524 5894 -1
1701059237.305524 5894 -1
1701059237.305524 5894 -1
1701059237.305524 5894 -1
1701059237.305524 5894 -1
1701059237.305524 5317 -1
1701059237.305758 54 1
1701059239.327502 222 1
1701059239.328199 223 1
1701059239.329760 221 1
1701059239.351864 60 -1
1701059239.352397 60 -1
1701059239.354273 60 -1
1701059239.373055 1034 -1
1701059239.373055 3643 -1
1701059239.373293 54 1
1701059239.374828 981 -1
1701059239.374828 7354 -1
1701059239.374897 54 1
1701059239.377142 348 -1
1701059239.377142 1013 -1
1701059239.377142 7354 -1
1701059239.377495 54 1
1701059239.377573 2676 -1
1701059239.377602 54 1
1701059240.977703 224 1
1701059240.978990 220 1
1701059240.979406 225 1
1701059241.003943 60 -1
1701059241.003943 60 -1
1701059241.003943 60 -1
1701059241.006514 957 -1
1701059241.006514 1514 -1
1701059241.006514 4846 -1
1701059241.006627 54 1
1701059241.007303 6845 -1
1701059241.007351 54 1
1701059241.013597 1137 -1
1701059241.013597 615 -1
1701059241.013597 7354 -1
1701059241.013702 54 1
1701059241.013991 1487 -1
1701059241.073533 54 1
1701059242.661379 251 1
1701059242.665468 222 1
1701059242.665703 224 1
1701059242.666486 224 1
1701059242.702931 60 -1
1701059242.703903 1013 -1
1701059242.704001 7354 -1
1701059242.704054 54 1
1701059242.704900 712 -1
1701059242.706249 89 1
1701059242.707182 982 -1
1701059242.707235 54 1
1701059242.707417 4320 -1
1701059242.707453 54 1
1701059242.718302 963 -1
1701059242.718302 7354 -1
1701059242.718472 54 1
1701059242.718544 7354 -1
1701059242.718581 54 1
1701059242.719059 7354 -1
1701059242.719090 54 1
1701059242.719682 7354 -1
1701059242.719727 54 1
1701059242.722322 7354 -1
1701059242.722322 7354 -1
1701059242.722322 5894 -1
1701059242.722455 54 1
1701059242.722540 1514 -1
1701059242.722566 54 1
1701059242.723092 7354 -1
1701059242.723151 54 1
1701059242.724162 7354 -1
1701059242.724215 54 1
1701059242.724982 4434 -1
1701059242.725019 54 1
1701059242.725129 2974 -1
1701059242.725157 54 1
1701059242.725786 7354 -1
1701059242.725839 54 1
1701059242.726890 7354 -1
1701059242.726932 54 1
1701059242.728084 5894 -1
1701059242.728257 54 1
1701059242.728383 7354 -1
1701059242.728426 54 1
1701059242.729369 7354 -1
1701059242.729402 54 1
1701059242.730237 7354 -1
1701059242.730273 54 1
1701059242.731057 6288 -1
1701059242.731092 54 1
1701059242.771731 60 -1
1701059242.993108 54 1
1701059243.020494 78 -1
1701059243.020494 60 -1
1701059243.020602 54 1
1701059244.903940 66 1
1701059244.931617 66 -1
1701059244.931817 54 1
1701059244.932581 966 1
1701059244.960298 60 -1
1701059244.961344 318 -1
1701059244.962117 134 1
1701059244.962475 146 1
1701059244.962883 577 1
1701059244.962975 224 1
1701059244.963071 224 1
1701059244.989586 60 -1
1701059244.990869 60 -1
1701059244.990869 60 -1
1701059244.990869 60 -1
1701059244.990869 60 -1
1701059245.002526 341 -1
1701059245.002526 85 -1
1701059245.002526 115 -1
1701059245.002656 66 1
1701059245.002727 54 1
1701059245.005472 85 1
1701059245.007666 961 -1
1701059245.007666 5894 -1
1701059245.007760 54 1
1701059245.011574 5606 -1
1701059245.011574 5894 -1
1701059245.011574 1729 -1
1701059245.011692 54 1
1701059245.029495 1033 -1
1701059245.029495 5628 -1
1701059245.029613 54 1
1701059245.034482 60 -1
1701059247.191091 224 1
1701059247.191236 222 1
1701059247.191489 221 1
1701059247.219308 60 -1
1701059247.219308 60 -1
1701059247.219308 60 -1
1701059247.247789 1011 -1
1701059247.247789 4354 -1
1701059247.247962 54 1
1701059247.254771 956 -1
1701059247.254771 5894 -1
1701059247.254878 54 1
1701059247.255563 5894 -1
1701059247.255610 54 1
1701059247.256376 2277 -1
1701059247.256407 54 1
1701059252.138234 225 1
1701059252.141392 253 1
1701059252.142548 224 1
1701059252.143089 223 1
1701059252.166146 60 -1
1701059252.168868 60 -1
1701059252.169996 60 -1
1701059252.170710 60 -1
1701059252.179036 954 -1
1701059252.179036 5894 -1
1701059252.179145 54 1
1701059252.180653 5894 -1
1701059252.180716 54 1
1701059252.181643 89 1
1701059252.184292 5894 -1
1701059252.184292 5894 -1
1701059252.184292 5894 -1
1701059252.184292 1514 -1
1701059252.184292 4434 -1
1701059252.184292 5894 -1
1701059252.184468 54 1
1701059252.186082 4434 -1
1701059252.186082 1514 -1
1701059252.186082 5894 -1
1701059252.186169 54 1
1701059252.188117 5894 -1
1701059252.188117 5894 -1
1701059252.188417 54 1
1701059252.188541 5894 -1
1701059252.188587 54 1
1701059252.189810 5894 -1
1701059252.189865 54 1
1701059252.190394 5894 -1
1701059252.190444 54 1
1701059252.191099 5894 -1
1701059252.191145 54 1
1701059252.192089 5894 -1
1701059252.192125 54 1
1701059252.192946 5894 -1
1701059252.193001 54 1
1701059252.193878 5894 -1
1701059252.193953 54 1
1701059252.194631 5894 -1
1701059252.194674 54 1
1701059252.195477 5894 -1
1701059252.195528 54 1
1701059252.208425 5894 -1
1701059252.208529 54 1
1701059252.208597 5894 -1
1701059252.208632 54 1
1701059252.209318 2568 -1
1701059252.209351 54 1
1701059252.252612 60 -1
1701059253.002040 54 1
1701059253.029841 78 -1
1701059253.029841 60 -1
1701059253.029961 54 1
