1701052543.909331 66 1
1701052544.030668 66 -1
1701052544.030803 54 1
1701052544.041640 599 1
1701052544.162799 60 -1
1701052544.172300 2974 -1
1701052544.172400 54 1
1701052544.172620 957 -1
1701052544.200926 134 1
1701052544.220470 146 1
1701052544.225484 573 1
1701052544.250384 66 1
1701052544.250895 66 1
1701052544.251496 66 1
1701052544.252131 66 1
1701052544.252595 66 1
1701052544.253122 66 1
1701052544.280096 66 -1
1701052544.280227 54 1
1701052544.282498 66 -1
1701052544.282614 54 1
1701052544.283138 663 1
1701052544.284848 66 -1
1701052544.284981 54 1
1701052544.285041 631 1
1701052544.288400 572 1
1701052544.292582 66 -1
1701052544.292765 54 1
1701052544.294300 599 1
1701052544.294768 66 -1
1701052544.294768 66 -1
1701052544.294889 54 1
1701052544.294926 54 1
1701052544.295532 572 1
1701052544.295960 572 1
1701052544.312862 60 -1
1701052544.315764 2779 -1
1701052544.315851 54 1
1701052544.317509 60 -1
1701052544.321575 60 -1
1701052544.321575 60 -1
1701052544.322080 134 1
1701052544.322361 60 -1
1701052544.322361 341 -1
1701052544.322361 341 -1
1701052544.322441 54 1
1701052544.322731 146 1
1701052544.322896 54 1
1701052544.323093 54 1
1701052544.323270 54 1
1701052544.323466 54 1
1701052544.323640 54 1
1701052544.324439 589 1
1701052544.324553 232 1
1701052544.324657 230 1
1701052544.324771 232 1
1701052544.324842 230 1
1701052544.324943 229 1
1701052544.325926 2779 -1
1701052544.325926 2778 -1
1701052544.326034 54 1
1701052544.326144 54 1
1701052544.326456 2780 -1
1701052544.326517 54 1
1701052544.328825 60 -1
1701052544.328825 60 -1
1701052544.328825 2778 -1
1701052544.328825 2778 -1
1701052544.328891 54 1
1701052544.328994 54 1
1701052544.351095 60 -1
1701052544.352207 60 -1
1701052544.352207 115 -1
1701052544.352207 85 -1
1701052544.352207 60 -1
1701052544.352207 60 -1
1701052544.352207 60 -1
1701052544.352207 1210 -1
1701052544.352207 434 -1
1701052544.352207 2974 -1
1701052544.352207 60 -1
1701052544.352207 60 -1
1701052544.352306 54 1
1701052544.352398 60 -1
1701052544.355594 85 1
1701052544.355926 2974 -1
1701052544.355926 60 -1
1701052544.355926 60 -1
1701052544.355926 60 -1
1701052544.355926 341 -1
1701052544.355926 341 -1
1701052544.355926 2145 -1
1701052544.356013 54 1
1701052544.356044 54 1
1701052544.360872 115 -1
1701052544.360992 85 -1
1701052544.361026 54 1
1701052544.361396 85 1
1701052544.367037 1190 -1
1701052544.367037 541 -1
1701052544.367037 1192 -1
1701052544.367037 540 -1
1701052544.367143 54 1
1701052544.370688 232 1
1701052544.372726 4434 -1
1701052544.372816 54 1
1701052544.372918 2609 -1
1701052544.372943 54 1
1701052544.373204 4434 -1
1701052544.373242 54 1
1701052544.374131 2974 -1
1701052544.374131 1514 -1
1701052544.374169 54 1
1701052544.389196 3077 -1
1701052544.389196 4434 -1
1701052544.389196 3056 -1
1701052544.389196 1088 -1
1701052544.389196 687 -1
1701052544.389196 1103 -1
1701052544.389196 660 -1
1701052544.389196 4434 -1
1701052544.389196 2974 -1
1701052544.389196 1514 -1
1701052544.389196 1262 -1
1701052544.389196 4434 -1
1701052544.389196 2921 -1
1701052544.389449 54 1
1701052544.389569 60 -1
1701052544.398965 60 -1
1701052544.492442 1144 -1
1701052544.492442 403 -1
1701052544.492442 3497 -1
1701052544.492546 54 1
1701052544.517812 60 -1
1701052544.517812 1204 -1
1701052544.517812 290 -1
1701052544.517910 54 1
1701052544.525016 1514 -1
1701052544.525016 2974 -1
1701052544.525094 54 1
1701052544.528322 3269 -1
1701052544.528391 54 1
1701052544.537455 208 1
1701052544.568046 90 1
1701052544.592626 60 -1
1701052544.592626 1111 -1
1701052544.592626 661 -1
1701052544.592731 54 1
1701052544.592947 2043 -1
1701052544.592980 54 1
1701052544.595777 60 -1
1701052551.267192 54 1
1701052551.268342 54 1
1701052551.297116 78 -1
1701052551.297116 60 -1
1701052551.297167 54 1
1701052551.390208 78 -1
1701052551.390208 60 -1
1701052551.390295 54 1
1701052555.997389 66 1
1701052556.024904 66 -1
1701052556.025248 54 1
1701052556.025520 902 1
1701052556.052728 60 -1
1701052556.053940 318 -1
1701052556.054676 134 1
1701052556.054998 146 1
1701052556.055387 586 1
1701052556.055661 232 1
1701052556.055772 230 1
1701052556.091009 60 -1
1701052556.091009 60 -1
1701052556.091009 60 -1
1701052556.091009 60 -1
1701052556.091009 60 -1
1701052556.091009 341 -1
1701052556.093845 115 -1
1701052556.093845 85 -1
1701052556.093932 54 1
1701052556.094216 85 1
1701052556.095317 1081 -1
1701052556.095317 691 -1
1701052556.095317 1104 -1
1701052556.095317 661 -1
1701052556.095379 54 1
1701052556.099824 3829 -1
1701052556.099824 5288 -1
1701052556.099941 54 1
1701052556.109317 1054 -1
1701052556.109317 729 -1
1701052556.109748 54 1
1701052556.109998 3630 -1
1701052556.110032 54 1
1701052556.123096 60 -1
1701052559.136299 229 1
1701052559.141115 231 1
1701052559.141210 235 1
1701052559.141630 234 1
1701052559.164182 60 -1
1701052559.170648 60 -1
1701052559.170648 60 -1
1701052559.170648 60 -1
1701052559.174422 1136 -1
1701052559.174422 617 -1
1701052559.174647 54 1
1701052559.174869 5894 -1
1701052559.175160 54 1
1701052559.175350 396 -1
1701052559.189245 1084 -1
1701052559.189245 691 -1
1701052559.189346 54 1
1701052559.191135 2974 -1
1701052559.191135 2974 -1
1701052559.191213 54 1
1701052559.191407 2198 -1
1701052559.191431 54 1
1701052559.191917 1139 -1
1701052559.191917 616 -1
1701052559.191959 54 1
1701052559.192337 5894 -1
1701052559.192366 54 1
1701052559.192877 2028 -1
1701052559.192917 54 1
1701052559.207393 1054 -1
1701052559.207393 732 -1
1701052559.207726 54 1
1701052559.213949 5075 -1
1701052559.214036 54 1
1701052560.729699 230 1
1701052560.729836 230 1
1701052560.730664 231 1
1701052560.730803 229 1
1701052560.730883 231 1
1701052560.756865 60 -1
1701052560.758062 60 -1
1701052560.758062 60 -1
1701052560.758062 60 -1
1701052560.758062 60 -1
1701052560.765854 1071 -1
1701052560.765854 738 -1
1701052560.765970 54 1
1701052560.767045 5894 -1
1701052560.767112 54 1
1701052560.768429 520 -1
1701052560.770432 1087 -1
1701052560.770645 54 1
1701052560.771141 688 -1
1701052560.775188 5894 -1
1701052560.775258 54 1
1701052560.775819 4378 -1
1701052560.775864 54 1
1701052560.778828 1086 -1
1701052560.778828 688 -1
1701052560.778905 54 1
1701052560.779381 1086 -1
1701052560.779381 1797 -1
1701052560.779381 589 -1
1701052560.779437 54 1
1701052560.781775 1514 -1
1701052560.781775 4434 -1
1701052560.781840 54 1
1701052560.782327 5894 -1
1701052560.782363 54 1
1701052560.783134 4434 -1
1701052560.783162 54 1
1701052560.783322 1514 -1
1701052560.783344 54 1
1701052560.784308 5894 -1
1701052560.784348 54 1
1701052560.784884 5894 -1
1701052560.784928 54 1
1701052560.785870 2317 -1
1701052560.785915 54 1
1701052561.281784 54 1
1701052561.314645 78 -1
1701052561.314645 60 -1
1701052561.314874 54 1
1701052562.825224 66 1
1701052562.855023 66 -1
1701052562.855181 54 1
1701052562.855941 902 1
1701052562.886147 60 -1
1701052562.886761 318 -1
1701052562.888070 134 1
1701052562.888368 146 1
1701052562.888806 587 1
1701052562.888900 232 1
1701052562.917845 60 -1
1701052562.917929 60 -1
1701052562.918329 60 -1
1701052562.918683 60 -1
1701052562.921325 341 -1
1701052562.924667 115 -1
1701052562.924667 85 -1
1701052562.924745 54 1
1701052562.925054 85 1
1701052562.927814 1084 -1
1701052562.927814 690 -1
1701052562.927864 54 1
1701052562.928265 1083 -1
1701052562.928265 689 -1
1701052562.928265 1514 -1
1701052562.928265 3953 -1
1701052562.928302 54 1
1701052562.929022 5894 -1
1701052562.929095 54 1
1701052562.929902 801 -1
1701052562.960338 60 -1
1701052562.976685 54 1
1701052564.412962 223 1
1701052564.413541 221 1
1701052564.442843 60 -1
1701052564.444177 60 -1
1701052564.465440 1087 -1
1701052564.465547 690 -1
1701052564.465582 54 1
1701052564.470843 4434 -1
1701052564.470945 54 1
1701052564.471008 1511 -1
1701052564.471033 54 1
1701052564.556767 1108 -1
1701052564.556767 526 -1
1701052564.556879 54 1
1701052564.559913 5894 -1
1701052564.560018 54 1
1701052564.560362 2945 -1
1701052564.560397 54 1
1701052565.995291 222 1
1701052566.000600 222 1
1701052566.001533 221 1
1701052566.001802 225 1
1701052566.025176 60 -1
1701052566.031496 60 -1
1701052566.031496 60 -1
1701052566.031496 60 -1
1701052566.053273 1139 -1
1701052566.053273 616 -1
1701052566.053350 54 1
1701052566.054775 5894 -1
1701052566.054827 54 1
1701052566.055246 1498 -1
1701052566.078566 1160 -1
1701052566.078566 585 -1
1701052566.078566 5894 -1
1701052566.078566 914 -1
1701052566.078566 1053 -1
1701052566.078566 734 -1
1701052566.078779 54 1
1701052566.109071 5894 -1
1701052566.109071 1680 -1
1701052566.109199 54 1
1701052566.241936 1089 -1
1701052566.242033 492 -1
1701052566.242069 54 1
1701052566.242178 5592 -1
1701052566.242218 54 1
1701052567.623065 224 1
1701052567.623197 222 1
1701052567.624017 224 1
1701052567.625143 222 1
1701052567.659440 60 -1
1701052567.666792 1139 -1
1701052567.666792 615 -1
1701052567.666892 54 1
1701052567.667843 2314 -1
1701052567.667886 54 1
1701052567.680641 1075 -1
1701052567.680641 5894 -1
1701052567.680641 737 -1
1701052567.680789 66 1
1701052567.680846 54 1
1701052567.682548 1514 -1
1701052567.682548 1315 -1
1701052567.682617 54 1
1701052567.685403 1079 -1
1701052567.685403 734 -1
1701052567.685403 4359 -1
1701052567.685528 54 1
1701052567.692513 1056 -1
1701052567.692513 730 -1
1701052567.692859 54 1
1701052567.696390 5894 -1
1701052567.696390 5894 -1
1701052567.696491 54 1
1701052567.697472 4811 -1
1701052567.697614 54 1
1701052567.698113 5697 -1
1701052567.698164 54 1
1701052571.302985 54 1
1701052571.334230 78 -1
1701052571.334230 60 -1
1701052571.334334 54 1
1701052571.718539 66 1
1701052571.743908 66 -1
1701052571.744050 54 1
1701052571.745812 966 1
1701052571.779819 60 -1
1701052571.779819 318 -1
1701052571.781057 134 1
1701052571.781418 146 1
1701052571.781851 579 1
1701052571.781947 221 1
1701052571.816071 60 -1
1701052571.816071 60 -1
1701052571.816071 60 -1
1701052571.816071 60 -1
1701052571.816987 341 -1
1701052571.819966 115 -1
1701052571.819966 85 -1
1701052571.820036 54 1
1701052571.820311 85 1
1701052571.845802 60 -1
1701052571.940733 1144 -1
1701052571.941092 415 -1
1701052571.941128 54 1
1701052571.941185 5894 -1
1701052571.941241 54 1
1701052571.941886 1411 -1
1701052571.997311 54 1
1701052572.161197 1143 -1
1701052572.161197 400 -1
1701052572.161297 54 1
1701052572.162968 295 -1
1701052572.165039 4434 -1
1701052572.165039 1514 -1
1701052572.165039 5894 -1
1701052572.165165 54 1
1701052572.165571 3445 -1
1701052572.165746 54 1
1701052573.321768 224 1
1701052573.321868 222 1
1701052573.321947 250 1
1701052573.347329 60 -1
1701052573.347329 60 -1
1701052573.347329 60 -1
1701052573.353916 1091 -1
1701052573.353916 678 -1
1701052573.354030 54 1
1701052573.354140 5894 -1
1701052573.354176 54 1
1701052573.354894 5894 -1
1701052573.354952 54 1
1701052573.355770 4811 -1
1701052573.355810 54 1
1701052573.356496 5894 -1
1701052573.356540 54 1
1701052573.357438 5894 -1
1701052573.357489 54 1
1701052573.358279 4434 -1
1701052573.358318 54 1
1701052573.358461 1514 -1
1701052573.358483 54 1
1701052573.359276 5894 -1
1701052573.359332 54 1
1701052573.360109 5894 -1
1701052573.360167 54 1
1701052573.361384 5894 -1
1701052573.361431 54 1
1701052573.361962 5894 -1
1701052573.362021 54 1
1701052573.362850 5894 -1
1701052573.362928 54 1
1701052573.365574 5894 -1
1701052573.365574 5894 -1
1701052573.365574 5894 -1
1701052573.365730 54 1
1701052573.366796 5894 -1
1701052573.366846 54 1
1701052573.367186 5894 -1
1701052573.367227 54 1
1701052573.368162 5894 -1
1701052573.368229 54 1
1701052573.379235 5894 -1
1701052573.379352 54 1
1701052573.379807 1514 -1
1701052573.379807 4434 -1
1701052573.379857 54 1
1701052573.380714 5894 -1
1701052573.380816 54 1
1701052573.381761 5894 -1
1701052573.381829 54 1
1701052573.382317 5894 -1
1701052573.382354 54 1
1701052573.383119 5894 -1
1701052573.383174 54 1
1701052573.384199 5174 -1
1701052573.384251 54 1
1701052574.940502 227 1
1701052574.941278 222 1
1701052574.941805 223 1
1701052574.942870 224 1
1701052574.965827 60 -1
1701052574.966308 60 -1
1701052574.967061 60 -1
1701052574.969777 60 -1
1701052574.994585 1086 -1
1701052574.994585 690 -1
1701052574.994775 54 1
1701052574.994839 6779 -1
1701052574.994910 54 1
1701052574.999853 1088 -1
1701052574.999853 690 -1
1701052574.999853 3614 -1
1701052574.999968 54 1
1701052575.010959 1085 -1
1701052575.010959 694 -1
1701052575.011057 54 1
1701052575.011173 6923 -1
1701052575.011218 54 1
1701052575.022161 1086 -1
1701052575.022161 689 -1
1701052575.022161 6998 -1
1701052575.022284 54 1
1701052577.094775 222 1
1701052577.094901 225 1
1701052577.096075 249 1
1701052577.096170 222 1
1701052577.096246 222 1
1701052577.128801 60 -1
1701052577.152448 1101 -1
1701052577.152448 662 -1
1701052577.152448 7663 -1
1701052577.152612 54 1
1701052577.152926 1094 -1
1701052577.153012 679 -1
1701052577.153033 54 1
1701052577.153541 7354 -1
1701052577.153613 54 1
1701052577.153963 4434 -1
1701052577.153993 54 1
1701052577.154469 4811 -1
1701052577.154524 54 1
1701052577.154734 7354 -1
1701052577.154798 54 1
1701052577.155355 4434 -1
1701052577.155394 54 1
1701052577.155556 89 1
1701052577.155799 7354 -1
1701052577.155835 54 1
1701052577.156340 4434 -1
1701052577.156392 54 1
1701052577.156829 7354 -1
1701052577.156867 54 1
1701052577.157282 4434 -1
1701052577.157319 54 1
1701052577.157832 7354 -1
1701052577.157866 54 1
1701052577.159326 4434 -1
1701052577.159389 54 1
1701052577.162438 5894 -1
1701052577.162438 5894 -1
1701052577.162438 7354 -1
1701052577.162438 4434 -1
1701052577.162438 4434 -1
1701052577.162438 7354 -1
1701052577.162438 6205 -1
1701052577.162670 54 1
1701052577.164568 6221 -1
1701052577.164881 54 1
1701052577.199260 1108 -1
1701052577.199260 696 -1
1701052577.199370 54 1
1701052577.202479 1085 -1
1701052577.202479 1514 -1
1701052577.202479 7354 -1
1701052577.202479 2974 -1
1701052577.202615 54 1
1701052577.204312 5448 -1
1701052577.204312 6012 -1
1701052577.204312 7354 -1
1701052577.204412 54 1
1701052577.204752 4434 -1
1701052577.204789 54 1
1701052577.213365 1524 -1
1701052577.213452 54 1
1701052578.716309 224 1
1701052578.716417 223 1
1701052578.716532 225 1
1701052578.716625 250 1
1701052578.716805 222 1
1701052578.759245 60 -1
1701052578.782563 1128 -1
1701052578.782563 663 -1
1701052578.782563 1143 -1
1701052578.782563 612 -1
1701052578.782563 1080 -1
1701052578.782563 694 -1
1701052578.782699 54 1
1701052578.785081 10034 -1
1701052578.785182 54 1
1701052578.786135 1097 -1
1701052578.786191 54 1
1701052578.787468 6444 -1
1701052578.787531 54 1
1701052578.788987 5543 -1
1701052578.788987 10274 -1
1701052578.789063 54 1
1701052578.789889 1514 -1
1701052578.789929 11734 -1
1701052578.789980 54 1
1701052578.790904 11734 -1
1701052578.790986 54 1
1701052578.791859 7354 -1
1701052578.791911 54 1
1701052578.795810 4434 -1
1701052578.795810 7354 -1
1701052578.795810 4434 -1
1701052578.795810 7354 -1
1701052578.795810 4434 -1
1701052578.795810 7354 -1
1701052578.795810 4434 -1
1701052578.795810 7354 -1
1701052578.796067 54 1
1701052578.796578 4434 -1
1701052578.796646 54 1
1701052578.797108 5894 -1
1701052578.797150 54 1
1701052578.797186 1996 -1
1701052578.797213 54 1
1701052579.047279 1143 -1
1701052579.047279 403 -1
1701052579.047377 54 1
1701052579.055791 4411 -1
1701052579.055908 54 1
1701052580.342841 222 1
1701052580.347258 223 1
1701052580.347524 248 1
1701052580.374202 60 -1
1701052580.382674 677 -1
1701052580.382674 1084 -1
1701052580.382674 688 -1
1701052580.382674 1094 -1
1701052580.382674 4414 -1
1701052580.382674 7354 -1
1701052580.382834 66 1
1701052580.382910 66 1
1701052580.382938 66 1
1701052580.382973 54 1
1701052580.383008 54 1
1701052580.383191 4434 -1
1701052580.383234 54 1
1701052580.392151 7354 -1
1701052580.392151 4434 -1
1701052580.392151 1514 -1
1701052580.392151 2974 -1
1701052580.392151 7354 -1
1701052580.392151 7354 -1
1701052580.392151 4434 -1
1701052580.392151 7354 -1
1701052580.392151 4434 -1
1701052580.392151 7354 -1
1701052580.392151 4434 -1
1701052580.392151 4434 -1
1701052580.392151 5894 -1
1701052580.392151 1514 -1
1701052580.392151 7354 -1
1701052580.392151 2974 -1
1701052580.392151 1514 -1
1701052580.392151 5894 -1
1701052580.392151 7354 -1
1701052580.392151 4434 -1
1701052580.392151 7354 -1
1701052580.394121 54 1
1701052580.394218 4434 -1
1701052580.394218 7354 -1
1701052580.394218 4434 -1
1701052580.394218 4434 -1
1701052580.394327 54 1
1701052580.394401 7354 -1
1701052580.394466 54 1
1701052580.394783 4434 -1
1701052580.394836 54 1
1701052580.395075 7354 -1
1701052580.395122 54 1
1701052580.395782 5894 -1
1701052580.395841 54 1
1701052580.396281 7354 -1
1701052580.396338 54 1
1701052580.396741 4434 -1
1701052580.396800 54 1
1701052580.397147 4434 -1
1701052580.397188 54 1
1701052580.397884 4301 -1
1701052580.397930 54 1
1701052581.330214 54 1
1701052581.362217 78 -1
1701052581.362217 60 -1
1701052581.362275 54 1
1701052582.856592 66 1
1701052582.885950 66 -1
1701052582.886147 54 1
1701052582.887028 870 1
1701052582.917539 60 -1
1701052582.917539 318 -1
1701052582.919096 134 1
1701052582.919514 146 1
1701052582.919904 606 1
1701052582.920005 223 1
1701052582.946848 60 -1
1701052582.947104 341 -1
1701052582.947104 60 -1
1701052582.947400 115 -1
1701052582.947400 85 -1
1701052582.947433 54 1
1701052582.947532 60 -1
1701052582.947532 60 -1
1701052582.947600 85 1
1701052582.979553 1136 -1
1701052582.979553 616 -1
1701052582.979553 60 -1
1701052582.979685 54 1
1701052582.998404 4871 -1
1701052582.998544 54 1
1701052583.021913 1093 -1
1701052583.021913 682 -1
1701052583.022015 54 1
1701052583.030865 5894 -1
1701052583.030865 5894 -1
1701052583.030865 4780 -1
1701052583.030865 5894 -1
1701052583.030865 5894 -1
1701052583.030865 5894 -1
1701052583.031067 54 1
1701052583.031489 5894 -1
1701052583.031528 54 1
1701052583.032459 5894 -1
1701052583.032508 54 1
1701052583.033508 5894 -1
1701052583.033563 54 1
1701052583.034347 5894 -1
1701052583.034394 54 1
1701052583.035276 5894 -1
1701052583.035324 54 1
1701052583.036276 5894 -1
1701052583.036333 54 1
1701052583.037184 5894 -1
1701052583.037232 54 1
1701052583.038047 1514 -1
1701052583.049955 5894 -1
1701052583.050064 54 1
1701052583.058941 5894 -1
1701052583.059086 54 1
1701052583.059196 1386 -1
1701052583.059222 54 1
1701052586.560029 224 1
1701052586.578904 249 1
1701052586.579067 223 1
1701052586.579946 224 1
1701052586.589896 60 -1
1701052586.604115 1084 -1
1701052586.604115 689 -1
1701052586.604115 4434 -1
1701052586.604115 2974 -1
1701052586.604115 541 -1
1701052586.604319 54 1
1701052586.618484 60 -1
1701052586.618484 1080 -1
1701052586.618484 693 -1
1701052586.618484 1095 -1
1701052586.618484 678 -1
1701052586.618484 1514 -1
1701052586.618484 5042 -1
1701052586.618484 7354 -1
1701052586.618484 4434 -1
1701052586.618484 2974 -1
1701052586.618804 54 1
1701052586.618960 7354 -1
1701052586.619034 54 1
1701052586.620039 7354 -1
1701052586.620089 54 1
1701052586.620583 2974 -1
1701052586.620616 54 1
1701052586.620843 4434 -1
1701052586.620886 54 1
1701052586.621844 7354 -1
1701052586.621918 54 1
1701052586.622466 7354 -1
1701052586.622519 54 1
1701052586.623252 7354 -1
1701052586.623302 54 1
1701052586.624181 7354 -1
1701052586.624239 54 1
1701052586.625002 7354 -1
1701052586.625045 54 1
1701052586.627889 7354 -1
1701052586.627889 1514 -1
1701052586.627889 4434 -1
1701052586.627889 4434 -1
1701052586.627889 2974 -1
1701052586.628036 54 1
1701052586.628291 7354 -1
1701052586.628318 54 1
1701052586.629221 7354 -1
1701052586.629271 54 1
1701052586.630030 7354 -1
1701052586.630087 54 1
1701052586.630929 928 -1
1701052586.677579 54 1
1701052588.178056 223 1
1701052588.178158 221 1
1701052588.178328 248 1
1701052588.178644 221 1
1701052588.178856 221 1
1701052588.206525 60 -1
1701052588.211924 60 -1
1701052588.212019 1082 -1
1701052588.212019 691 -1
1701052588.212104 54 1
1701052588.212290 7354 -1
1701052588.212389 54 1
1701052588.212942 3450 -1
1701052588.212991 54 1
1701052588.214173 89 1
1701052588.215065 1084 -1
1701052588.215065 690 -1
1701052588.215065 4434 -1
1701052588.215124 54 1
1701052588.215323 2463 -1
1701052588.215364 54 1
1701052588.228204 1082 -1
1701052588.228204 694 -1
1701052588.228327 54 1
1701052588.230611 4410 -1
1701052588.230819 54 1
1701052588.235354 1087 -1
1701052588.235354 691 -1
1701052588.235453 54 1
1701052588.242459 1548 -1
1701052588.242576 54 1
1701052588.254717 1091 -1
1701052588.254717 684 -1
1701052588.254819 54 1
1701052588.272214 2974 -1
1701052588.272304 54 1
1701052588.272378 4434 -1
1701052588.272434 54 1
1701052588.280452 7354 -1
1701052588.280452 4434 -1
1701052588.280452 2974 -1
1701052588.280452 7354 -1
1701052588.280452 4434 -1
1701052588.280452 2974 -1
1701052588.280452 1172 -1
1701052588.280660 54 1
1701052589.828158 251 1
1701052589.865376 1094 -1
1701052589.865376 676 -1
1701052589.865376 7354 -1
1701052589.865536 54 1
1701052589.870743 7354 -1
1701052589.870743 7354 -1
1701052589.870743 7354 -1
1701052589.870743 7354 -1
1701052589.870933 54 1
1701052589.871872 7354 -1
1701052589.871925 54 1
1701052589.872004 1514 -1
1701052589.872004 5894 -1
1701052589.872060 54 1
1701052589.872393 7354 -1
1701052589.872482 54 1
1701052589.873065 7354 -1
1701052589.873101 54 1
1701052589.881218 4434 -1
1701052589.881218 2974 -1
1701052589.881218 7354 -1
1701052589.881218 1514 -1
1701052589.881218 5894 -1
1701052589.881218 5894 -1
1701052589.881218 7354 -1
1701052589.881218 7354 -1
1701052589.881218 2974 -1
1701052589.881218 4434 -1
1701052589.881218 7354 -1
1701052589.881218 3196 -1
1701052589.881542 54 1
1701052591.342345 54 1
1701052591.372124 78 -1
1701052591.372124 60 -1
1701052591.372211 54 1
1701052592.023768 66 1
1701052592.053107 66 -1
1701052592.053248 54 1
1701052592.053868 870 1
1701052592.087148 60 -1
1701052592.087148 318 -1
1701052592.088042 134 1
1701052592.088648 146 1
1701052592.089170 578 1
1701052592.089265 249 1
1701052592.089358 250 1
1701052592.119116 60 -1
1701052592.119116 60 -1
1701052592.119116 60 -1
1701052592.119116 60 -1
1701052592.119116 60 -1
1701052592.119214 341 -1
1701052592.127107 115 -1
1701052592.127107 85 -1
1701052592.127182 54 1
1701052592.128527 85 1
1701052592.139315 1094 -1
1701052592.139410 54 1
1701052592.139475 680 -1
1701052592.139502 54 1
1701052592.140721 5894 -1
1701052592.140774 54 1
1701052592.141200 5894 -1
1701052592.141247 54 1
1701052592.142162 5894 -1
1701052592.142218 54 1
1701052592.143050 1514 -1
1701052592.143117 54 1
1701052592.143159 4434 -1
1701052592.143195 54 1
1701052592.144094 5894 -1
1701052592.144163 54 1
1701052592.144955 5894 -1
1701052592.145019 54 1
1701052592.145852 5894 -1
1701052592.145907 54 1
1701052592.146771 5894 -1
1701052592.146941 54 1
1701052592.147863 5894 -1
1701052592.147928 54 1
1701052592.148707 5894 -1
1701052592.148752 54 1
1701052592.156616 2974 -1
1701052592.156736 54 1
1701052592.156805 2974 -1
1701052592.156834 54 1
1701052592.159272 60 -1
1701052592.169405 5894 -1
1701052592.169508 54 1
1701052592.170336 5894 -1
1701052592.170387 54 1
1701052592.171139 5894 -1
1701052592.171217 54 1
1701052592.171886 5894 -1
1701052592.171964 54 1
1701052592.172445 2974 -1
1701052592.172467 54 1
1701052592.173114 2853 -1
1701052592.173138 54 1
1701052592.193689 1090 -1
1701052592.194025 516 -1
1701052592.194061 54 1
1701052592.194474 5894 -1
1701052592.194531 54 1
1701052592.195280 1514 -1
1701052592.195280 4434 -1
1701052592.195327 54 1
1701052592.195933 2974 -1
1701052592.195933 2170 -1
1701052592.195976 54 1
1701052592.196598 5894 -1
1701052592.196655 54 1
1701052592.197570 5894 -1
1701052592.197629 54 1
1701052592.198541 5894 -1
1701052592.198601 54 1
1701052592.199363 3051 -1
1701052592.199404 54 1
1701052592.200049 5894 -1
1701052592.200108 54 1
1701052592.201045 5894 -1
1701052592.201101 54 1
1701052592.203066 1514 -1
1701052592.203066 3351 -1
1701052592.203152 54 1
1701052592.210449 5894 -1
1701052592.210552 54 1
1701052592.210683 5894 -1
1701052592.210833 54 1
1701052592.211434 4811 -1
1701052592.211487 54 1
1701052592.218252 1514 -1
1701052592.218358 54 1
1701052592.218436 4434 -1
1701052592.218489 54 1
1701052592.218616 5894 -1
1701052592.218672 54 1
1701052592.219561 2974 -1
1701052592.219561 1891 -1
1701052592.219614 54 1
1701052592.220118 2974 -1
1701052592.220152 54 1
1701052592.220232 2974 -1
1701052592.220260 54 1
1701052592.221074 5894 -1
1701052592.221137 54 1
1701052592.222508 5894 -1
1701052592.222508 5894 -1
1701052592.222614 54 1
1701052592.223294 5894 -1
1701052592.223364 54 1
1701052592.224028 3226 -1
1701052592.224082 54 1
1701052592.255498 5894 -1
1701052592.255615 54 1
1701052592.255712 5894 -1
1701052592.255771 54 1
1701052592.257096 621 -1
1701052592.309510 54 1
1701052593.671953 252 1
1701052593.673610 249 1
1701052593.704194 60 -1
1701052593.704194 60 -1
1701052593.713176 1091 -1
1701052593.713176 677 -1
1701052593.713276 54 1
1701052593.713356 5894 -1
1701052593.713400 54 1
1701052593.714124 5894 -1
1701052593.714200 54 1
1701052593.714943 5894 -1
1701052593.714995 54 1
1701052593.715627 5894 -1
1701052593.715685 54 1
1701052593.716438 5894 -1
1701052593.716481 54 1
1701052593.717181 5894 -1
1701052593.717224 54 1
1701052593.717984 5894 -1
1701052593.718036 54 1
1701052593.719078 5894 -1
1701052593.719157 54 1
1701052593.719556 5894 -1
1701052593.719645 54 1
1701052593.720469 5894 -1
1701052593.720537 54 1
1701052593.721212 5894 -1
1701052593.721307 54 1
1701052593.722416 4434 -1
1701052593.722416 1514 -1
1701052593.722485 54 1
1701052593.723023 5894 -1
1701052593.723072 54 1
1701052593.723608 5894 -1
1701052593.723698 54 1
1701052593.724518 2974 -1
1701052593.724518 2974 -1
1701052593.724553 54 1
1701052593.725315 5894 -1
1701052593.725387 54 1
1701052593.726155 5894 -1
1701052593.726219 54 1
1701052593.726704 2157 -1
1701052593.726902 54 1
1701052593.740387 1092 -1
1701052593.740387 676 -1
1701052593.740507 54 1
1701052593.740790 5894 -1
1701052593.740833 54 1
1701052593.741268 5894 -1
1701052593.741493 54 1
1701052593.742081 1514 -1
1701052593.742081 4434 -1
1701052593.742140 54 1
1701052593.743094 5894 -1
1701052593.743139 54 1
1701052593.743665 1514 -1
1701052593.743770 4434 -1
1701052593.743812 54 1
1701052593.744507 5894 -1
1701052593.744544 54 1
1701052593.745271 5894 -1
1701052593.745315 54 1
1701052593.746090 5894 -1
1701052593.746171 54 1
1701052593.747038 5894 -1
1701052593.747088 54 1
1701052593.747657 5894 -1
1701052593.747729 54 1
1701052593.748434 5894 -1
1701052593.748496 54 1
1701052593.749252 5894 -1
1701052593.749291 54 1
1701052593.750043 5894 -1
1701052593.750093 54 1
1701052593.750967 5894 -1
1701052593.751024 54 1
1701052593.751637 5894 -1
1701052593.751678 54 1
1701052593.752428 5894 -1
1701052593.752468 54 1
1701052593.753300 5894 -1
1701052593.753355 54 1
1701052593.754011 5894 -1
1701052593.754068 54 1
1701052593.755125 5894 -1
1701052593.755179 54 1
1701052593.755619 1514 -1
1701052593.755778 4434 -1
1701052593.755821 54 1
1701052593.756417 5894 -1
1701052593.756468 54 1
1701052593.757227 5894 -1
1701052593.757279 54 1
1701052593.758055 2901 -1
1701052593.758096 54 1
1701052595.315247 225 1
1701052595.316368 250 1
1701052595.316473 223 1
1701052595.316769 222 1
1701052595.316969 223 1
1701052595.346324 60 -1
1701052595.376259 1084 -1
1701052595.376259 694 -1
1701052595.376370 54 1
1701052595.378593 1088 -1
1701052595.378593 690 -1
1701052595.378705 54 1
1701052595.391795 1095 -1
1701052595.391795 679 -1
1701052595.391891 54 1
1701052595.391953 5743 -1
1701052595.392027 54 1
1701052595.405394 1113 -1
1701052595.405394 650 -1
1701052595.405514 54 1
1701052595.405972 7354 -1
1701052595.405972 4434 -1
1701052595.406046 54 1
1701052595.406325 7354 -1
1701052595.406376 54 1
1701052595.406918 1514 -1
1701052595.406942 54 1
1701052595.407164 2974 -1
1701052595.407209 54 1
1701052595.407301 7354 -1
1701052595.407348 54 1
1701052595.408563 4434 -1
1701052595.408563 7354 -1
1701052595.408632 54 1
1701052595.409133 4434 -1
1701052595.409179 54 1
1701052595.409261 2974 -1
1701052595.409288 54 1
1701052595.410197 7354 -1
1701052595.410197 1514 -1
1701052595.410272 54 1
1701052595.410335 7354 -1
1701052595.410393 54 1
1701052595.411261 4434 -1
1701052595.411343 54 1
1701052595.411893 7354 -1
1701052595.411952 54 1
1701052595.412428 4434 -1
1701052595.412428 7354 -1
1701052595.412502 54 1
1701052595.412987 4434 -1
1701052595.413044 54 1
1701052595.413433 11734 -1
1701052595.413513 54 1
1701052595.414196 5894 -1
1701052595.414256 54 1
1701052595.414612 7354 -1
1701052595.414663 54 1
1701052595.415218 4434 -1
1701052595.415276 54 1
1701052595.415575 3109 -1
1701052595.415619 54 1
1701052595.427939 1137 -1
1701052595.427939 621 -1
1701052595.428041 54 1
1701052595.438196 7354 -1
1701052595.438318 54 1
1701052595.438571 4109 -1
1701052595.438640 54 1
1701052595.438975 6578 -1
1701052595.439023 54 1
1701052597.948980 223 1
1701052597.985218 1103 -1
1701052597.985218 697 -1
1701052597.985218 4111 -1
1701052597.985334 54 1
1701052598.004200 89 1
1701052598.087649 60 -1
1701052599.582529 222 1
1701052599.582655 223 1
1701052599.583657 223 1
1701052599.583770 221 1
1701052599.616280 60 -1
1701052599.616280 60 -1
1701052599.616280 60 -1
1701052599.616280 60 -1
1701052599.639408 1080 -1
1701052599.639408 693 -1
1701052599.639494 54 1
1701052599.643603 1088 -1
1701052599.643704 688 -1
1701052599.643731 54 1
1701052599.644006 3465 -1
1701052599.644006 1713 -1
1701052599.644054 54 1
1701052599.651621 7354 -1
1701052599.651737 54 1
1701052599.651956 1373 -1
1701052599.652007 4442 -1
1701052599.652045 54 1
1701052600.389175 1167 -1
1701052600.389175 357 -1
1701052600.389175 7354 -1
1701052600.389175 3865 -1
1701052600.389369 54 1
1701052601.358266 54 1
1701052601.391621 78 -1
1701052601.391621 60 -1
1701052601.391751 54 1
1701052603.406214 66 1
1701052603.436093 66 -1
1701052603.436238 54 1
1701052603.436897 966 1
1701052603.466648 60 -1
1701052603.467621 318 -1
1701052603.468704 134 1
1701052603.469157 146 1
1701052603.469802 579 1
1701052603.469892 222 1
1701052603.469971 224 1
1701052603.470026 223 1
1701052603.470104 227 1
1701052603.500240 60 -1
1701052603.500240 60 -1
1701052603.500240 60 -1
1701052603.500240 60 -1
1701052603.500361 60 -1
1701052603.500361 60 -1
1701052603.500361 60 -1
1701052603.501301 341 -1
1701052603.511881 115 -1
1701052603.511881 85 -1
1701052603.511881 1125 -1
1701052603.512002 54 1
1701052603.512074 629 -1
1701052603.512705 85 1
1701052603.513418 1085 -1
1701052603.513459 54 1
1701052603.516914 690 -1
1701052603.516914 2974 -1
1701052603.516914 2974 -1
1701052603.516914 5894 -1
1701052603.516914 5894 -1
1701052603.516914 1142 -1
1701052603.517049 54 1
1701052603.519390 1085 -1
1701052603.519390 691 -1
1701052603.519457 54 1
1701052603.523767 5894 -1
1701052603.523964 54 1
1701052603.524128 1514 -1
1701052603.524154 54 1
1701052603.524187 1693 -1
1701052603.524213 54 1
1701052603.541254 1127 -1
1701052603.541254 665 -1
1701052603.541355 54 1
1701052603.541429 5489 -1
1701052603.541487 54 1
1701052603.542392 60 -1
1701052603.640736 1153 -1
1701052603.640843 378 -1
1701052603.640872 54 1
1701052603.640996 4977 -1
1701052603.641033 54 1
1701052605.586809 225 1
1701052605.586901 249 1
1701052605.588616 250 1
1701052605.617008 60 -1
1701052605.617008 60 -1
1701052605.618498 60 -1
1701052605.633754 1085 -1
1701052605.634433 691 -1
1701052605.634456 54 1
1701052605.636540 4267 -1
1701052605.636586 54 1
1701052605.645239 1095 -1
1701052605.645239 679 -1
1701052605.645330 54 1
1701052605.650679 1095 -1
1701052605.650753 54 1
1701052605.650813 681 -1
1701052605.651047 5894 -1
1701052605.651086 54 1
1701052605.652110 5894 -1
1701052605.652140 54 1
1701052605.652904 1514 -1
1701052605.652904 4434 -1
1701052605.653030 54 1
1701052605.653720 5894 -1
1701052605.653783 54 1
1701052605.655097 1514 -1
1701052605.655097 4434 -1
1701052605.655160 54 1
1701052605.655645 5894 -1
1701052605.655679 54 1
1701052605.656569 5894 -1
1701052605.656630 54 1
1701052605.657621 5894 -1
1701052605.657657 54 1
1701052605.658583 5894 -1
1701052605.658640 54 1
1701052605.659388 5894 -1
1701052605.659464 54 1
1701052605.660424 5894 -1
1701052605.660482 54 1
1701052605.662933 5894 -1
1701052605.662933 5894 -1
1701052605.663089 54 1
1701052605.663652 5894 -1
1701052605.663689 54 1
1701052605.664265 5894 -1
1701052605.664294 54 1
1701052605.665188 5894 -1
1701052605.665244 54 1
1701052605.666053 5894 -1
1701052605.666102 54 1
1701052605.667035 5894 -1
1701052605.667074 54 1
1701052605.667837 5894 -1
1701052605.667893 54 1
1701052605.669042 2974 -1
1701052605.669042 2974 -1
1701052605.669097 54 1
1701052605.670104 5894 -1
1701052605.670164 54 1
1701052605.678803 4434 -1
1701052605.678913 54 1
1701052605.680509 1514 -1
1701052605.681035 5894 -1
1701052605.681074 54 1
1701052605.685172 5894 -1
1701052605.685172 5894 -1
1701052605.685172 1514 -1
1701052605.685172 2974 -1
1701052605.685172 1514 -1
1701052605.685343 54 1
1701052605.685435 5894 -1
1701052605.685477 54 1
1701052605.685569 5894 -1
1701052605.685632 54 1
1701052605.686485 5894 -1
1701052605.686542 54 1
1701052605.688698 5894 -1
1701052605.688759 54 1
1701052605.688811 5894 -1
1701052605.688842 54 1
1701052605.690209 5894 -1
1701052605.690281 54 1
1701052605.694671 2974 -1
1701052605.694671 2974 -1
1701052605.694671 5894 -1
1701052605.694671 5894 -1
1701052605.694811 54 1
1701052605.694953 5894 -1
1701052605.694986 54 1
1701052605.695646 5894 -1
1701052605.695687 54 1
1701052605.696528 1341 -1
1701052605.696551 54 1
1701052607.205543 250 1
1701052607.208316 249 1
1701052607.208965 223 1
1701052607.209056 251 1
1701052607.209119 222 1
1701052607.235451 60 -1
1701052607.238077 60 -1
1701052607.239698 60 -1
1701052607.239698 60 -1
1701052607.239698 60 -1
1701052607.258572 1092 -1
1701052607.258572 678 -1
1701052607.258572 1092 -1
1701052607.258572 680 -1
1701052607.258762 54 1
1701052607.263480 5894 -1
1701052607.263629 54 1
1701052607.269394 5894 -1
1701052607.269394 4811 -1
1701052607.269394 7354 -1
1701052607.269394 4434 -1
1701052607.269394 4434 -1
1701052607.269394 7354 -1
1701052607.269394 7354 -1
1701052607.269394 4434 -1
1701052607.269394 7354 -1
1701052607.269394 4434 -1
1701052607.269394 7354 -1
1701052607.269394 4434 -1
1701052607.269394 7354 -1
1701052607.269394 1514 -1
1701052607.269394 2974 -1
1701052607.269771 54 1
1701052607.270427 54 1
1701052607.271433 7354 -1
1701052607.271433 4434 -1
1701052607.271433 7354 -1
1701052607.271433 4434 -1
1701052607.271506 54 1
1701052607.273970 5894 -1
1701052607.273970 7354 -1
1701052607.273970 4434 -1
1701052607.274155 54 1
1701052607.276778 7354 -1
1701052607.276778 4434 -1
1701052607.276778 7354 -1
1701052607.276778 4434 -1
1701052607.276778 7354 -1
1701052607.276778 4434 -1
1701052607.276778 7354 -1
1701052607.276778 2974 -1
1701052607.277004 54 1
1701052607.277693 1514 -1
1701052607.277693 5894 -1
1701052607.277693 7354 -1
1701052607.277758 54 1
1701052607.278660 4434 -1
1701052607.278660 7354 -1
1701052607.278714 54 1
1701052607.279513 4434 -1
1701052607.279513 4434 -1
1701052607.279575 54 1
1701052607.279749 7354 -1
1701052607.279782 54 1
1701052607.280600 7354 -1
1701052607.280628 54 1
1701052607.285785 4434 -1
1701052607.285785 7354 -1
1701052607.285785 4434 -1
1701052607.285785 4000 -1
1701052607.285785 4434 -1
1701052607.285785 7354 -1
1701052607.286212 54 1
1701052607.292016 7354 -1
1701052607.292016 1427 -1
1701052607.292132 54 1
1701052607.299007 5894 -1
1701052607.299158 54 1
1701052607.301076 7354 -1
1701052607.301177 54 1
1701052607.301525 4434 -1
1701052607.301559 54 1
1701052607.305879 7354 -1
1701052607.305879 4434 -1
1701052607.305879 7354 -1
1701052607.305879 4434 -1
1701052607.305879 3061 -1
1701052607.305879 7354 -1
1701052607.305879 4434 -1
1701052607.305879 7354 -1
1701052607.305879 1514 -1
1701052607.306170 54 1
1701052607.306256 2974 -1
1701052607.306288 54 1
1701052607.306957 4434 -1
1701052607.306957 7354 -1
1701052607.307033 54 1
1701052607.307082 4434 -1
1701052607.307114 54 1
1701052607.307413 7354 -1
1701052607.307466 54 1
1701052607.308824 7354 -1
1701052607.308824 4434 -1
1701052607.308928 54 1
1701052607.308974 5894 -1
1701052607.309031 54 1
1701052607.309437 7354 -1
1701052607.309516 54 1
1701052607.311013 4434 -1
1701052607.311013 7354 -1
1701052607.311127 54 1
1701052607.313034 4434 -1
1701052607.313034 2974 -1
1701052607.313034 1514 -1
1701052607.313034 7354 -1
1701052607.313034 4229 -1
1701052607.313190 54 1
1701052608.852867 248 1
1701052608.857621 249 1
1701052608.857727 249 1
1701052608.893694 60 -1
1701052608.898956 1090 -1
1701052608.898956 682 -1
1701052608.899033 54 1
1701052608.899089 7354 -1
1701052608.899124 54 1
1701052608.899537 7354 -1
1701052608.899575 54 1
1701052608.900209 1860 -1
1701052608.900246 54 1
1701052608.900334 85 -1
1701052608.900334 2974 -1
1701052608.900346 89 1
1701052608.900383 54 1
1701052608.900575 7354 -1
1701052608.900623 54 1
1701052608.901185 6240 -1
1701052608.901289 54 1
1701052608.901714 7354 -1
1701052608.901745 54 1
1701052608.903009 7354 -1
1701052608.903009 7354 -1
1701052608.903071 54 1
1701052608.903540 7354 -1
1701052608.903571 54 1
1701052608.904152 7354 -1
1701052608.904200 54 1
1701052608.904750 7354 -1
1701052608.904807 54 1
1701052608.905423 7354 -1
1701052608.905464 54 1
1701052608.905988 7354 -1
1701052608.906034 54 1
1701052608.906602 7354 -1
1701052608.906642 54 1
1701052608.907178 7354 -1
1701052608.907219 54 1
1701052608.907775 4434 -1
1701052608.907813 54 1
1701052608.908147 7354 -1
1701052608.908177 54 1
1701052608.908755 2974 -1
1701052608.908793 54 1
1701052608.908994 2974 -1
1701052608.909022 54 1
1701052608.909243 7354 -1
1701052608.909273 54 1
1701052608.909962 7354 -1
1701052608.910002 54 1
1701052608.910438 4434 -1
1701052608.910466 54 1
1701052608.910806 7354 -1
1701052608.910860 54 1
1701052608.911418 5894 -1
1701052608.911449 54 1
1701052608.911904 7354 -1
1701052608.911950 54 1
1701052608.912495 1514 -1
1701052608.912516 54 1
1701052608.912620 7354 -1
1701052608.912645 54 1
1701052608.913233 7354 -1
1701052608.913277 54 1
1701052608.913942 7354 -1
1701052608.913990 54 1
1701052608.914442 7354 -1
1701052608.914464 54 1
1701052608.915068 7354 -1
1701052608.915103 54 1
1701052608.916223 5894 -1
1701052608.916269 54 1
1701052608.916546 7354 -1
1701052608.916631 54 1
1701052608.917140 7354 -1
1701052608.917169 54 1
1701052608.917754 7354 -1
1701052608.917786 54 1
1701052608.918409 7354 -1
1701052608.918448 54 1
1701052608.918970 7354 -1
1701052608.919012 54 1
1701052608.919637 7354 -1
1701052608.919666 54 1
1701052608.920160 1514 -1
1701052608.920191 54 1
1701052608.920272 7354 -1
1701052608.920291 54 1
1701052608.921147 7354 -1
1701052608.921178 54 1
1701052608.921644 2974 -1
1701052608.921732 54 1
1701052608.921770 2974 -1
1701052608.921802 54 1
1701052608.922091 7354 -1
1701052608.922135 54 1
1701052608.922630 7354 -1
1701052608.922686 54 1
1701052608.923201 5342 -1
1701052608.923233 54 1
1701052608.923653 7354 -1
1701052608.923679 54 1
1701052608.924240 4781 -1
1701052608.924294 54 1
1701052608.924628 1719 -1
1701052608.924653 54 1
1701052608.924781 7354 -1
1701052608.924804 54 1
1701052608.925388 9160 -1
1701052608.925432 54 1
1701052608.926137 4434 -1
1701052608.926167 54 1
1701052608.926612 7354 -1
1701052608.926667 54 1
1701052608.927192 4811 -1
1701052608.927224 54 1
1701052608.927631 7354 -1
1701052608.927664 54 1
1701052608.928276 7354 -1
1701052608.928317 54 1
1701052608.928775 7354 -1
1701052608.928814 54 1
1701052608.929408 7354 -1
1701052608.929447 54 1
1701052608.929976 14654 -1
1701052608.930028 54 1
1701052608.931282 7354 -1
1701052608.931322 54 1
1701052608.931801 7354 -1
1701052608.931844 54 1
1701052608.932400 7354 -1
1701052608.932460 54 1
1701052608.933009 4434 -1
1701052608.933036 54 1
1701052608.933383 7354 -1
1701052608.933408 54 1
1701052608.933988 7354 -1
1701052608.934019 54 1
1701052608.934581 1514 -1
1701052608.934608 54 1
1701052608.934696 1514 -1
1701052608.934732 54 1
1701052608.934815 7354 -1
1701052608.934858 54 1
1701052608.935519 7354 -1
1701052608.935556 54 1
1701052608.936050 4434 -1
1701052608.936078 54 1
1701052608.936414 2267 -1
1701052608.936445 54 1
1701052608.971137 60 -1
1701052611.375610 54 1
1701052611.446022 60 -1
1701052611.465244 78 -1
1701052611.465244 60 -1
1701052611.465314 54 1
1701052614.349092 66 1
1701052614.377429 66 -1
1701052614.377565 54 1
1701052614.378252 631 1
1701052614.405151 60 -1
1701052614.414306 2777 -1
1701052614.414420 54 1
1701052614.426691 134 1
1701052614.427219 146 1
1701052614.427886 577 1
1701052614.427974 251 1
1701052614.428060 250 1
1701052614.428141 222 1
1701052614.428218 249 1
1701052614.453705 60 -1
1701052614.454160 60 -1
1701052614.454669 60 -1
1701052614.454806 60 -1
1701052614.454806 60 -1
1701052614.455255 60 -1
1701052614.455255 60 -1
1701052614.457193 341 -1
1701052614.457472 341 -1
1701052614.457508 54 1
1701052614.470288 115 -1
1701052614.470288 85 -1
1701052614.470288 1080 -1
1701052614.470378 54 1
1701052614.470437 694 -1
1701052614.470463 54 1
1701052614.471241 85 1
1701052614.476521 5894 -1
1701052614.476521 3608 -1
1701052614.476521 1706 -1
1701052614.477068 54 1
1701052614.494952 1514 -1
1701052614.494952 4434 -1
1701052614.494952 5894 -1
1701052614.495082 54 1
1701052614.495150 5894 -1
1701052614.495189 54 1
1701052614.495307 5894 -1
1701052614.495356 54 1
1701052614.495942 5894 -1
1701052614.495967 54 1
1701052614.498339 5894 -1
1701052614.498339 1514 -1
1701052614.498339 4434 -1
1701052614.498452 54 1
1701052614.498499 5894 -1
1701052614.498523 54 1
1701052614.499396 5894 -1
1701052614.499434 54 1
1701052614.500566 5894 -1
1701052614.500624 54 1
1701052614.502785 4434 -1
1701052614.502839 54 1
1701052614.504171 5894 -1
1701052614.504298 54 1
1701052614.504503 5894 -1
1701052614.504557 54 1
1701052614.505331 5894 -1
1701052614.505437 54 1
1701052614.506233 5894 -1
1701052614.506271 54 1
1701052614.507066 1514 -1
1701052614.507160 1514 -1
1701052614.507185 54 1
1701052614.522174 5894 -1
1701052614.522337 54 1
1701052614.522420 4434 -1
1701052614.522454 54 1
1701052614.522845 1514 -1
1701052614.522881 54 1
1701052614.523303 5894 -1
1701052614.523324 54 1
1701052614.524234 5894 -1
1701052614.524284 54 1
1701052614.525117 5894 -1
1701052614.525151 54 1
1701052614.525910 5894 -1
1701052614.525942 54 1
1701052614.526774 5894 -1
1701052614.526810 54 1
1701052614.527654 5894 -1
1701052614.527685 54 1
1701052614.528651 5894 -1
1701052614.528734 54 1
1701052614.529475 2974 -1
1701052614.529519 54 1
1701052614.529549 2974 -1
1701052614.529566 54 1
1701052614.530309 4434 -1
1701052614.530347 54 1
1701052614.531232 5894 -1
1701052614.531289 54 1
1701052614.531753 1514 -1
1701052614.531795 54 1
1701052614.531850 4434 -1
1701052614.532013 54 1
1701052614.532828 5894 -1
1701052614.533025 54 1
1701052614.533773 4434 -1
1701052614.533773 1514 -1
1701052614.533822 54 1
1701052614.534337 5894 -1
1701052614.534376 54 1
1701052614.534667 1514 -1
1701052614.534692 54 1
1701052614.535414 7354 -1
1701052614.535476 54 1
1701052614.536277 7354 -1
1701052614.536314 54 1
1701052614.537240 7354 -1
1701052614.537268 54 1
1701052614.538157 7354 -1
1701052614.538231 54 1
1701052614.538881 1999 -1
1701052614.538910 54 1
1701052614.539195 7354 -1
1701052614.539223 54 1
1701052614.540104 7354 -1
1701052614.540291 54 1
1701052614.541100 7354 -1
1701052614.541130 54 1
1701052614.542156 7354 -1
1701052614.542184 54 1
1701052614.542708 7354 -1
1701052614.542737 54 1
1701052614.543667 1514 -1
1701052614.543693 54 1
1701052614.543719 1514 -1
1701052614.543752 4434 -1
1701052614.543778 54 1
1701052614.544468 7354 -1
1701052614.544492 54 1
1701052614.549252 7354 -1
1701052614.549369 54 1
1701052614.549747 1514 -1
1701052614.549802 4434 -1
1701052614.549828 54 1
1701052614.550328 7354 -1
1701052614.550365 54 1
1701052614.551294 7354 -1
1701052614.551329 54 1
1701052614.552149 7354 -1
1701052614.552190 54 1
1701052614.552887 1514 -1
1701052614.552981 54 1
1701052614.553267 5894 -1
1701052614.553300 54 1
1701052614.553696 2974 -1
1701052614.553782 54 1
1701052614.553808 5894 -1
1701052614.553829 54 1
1701052614.555504 1514 -1
1701052614.555549 1514 -1
1701052614.555564 54 1
1701052614.555590 5894 -1
1701052614.555603 54 1
1701052614.556237 8814 -1
1701052614.556276 54 1
1701052614.556830 7354 -1
1701052614.556892 54 1
1701052614.568365 1514 -1
1701052614.568365 7354 -1
1701052614.568365 1514 -1
1701052614.568365 6675 -1
1701052614.568569 54 1
1701052616.390802 54 1
1701052616.425482 78 -1
1701052616.425482 60 -1
1701052616.425585 54 1
1701052616.620925 66 1
1701052616.648858 66 -1
1701052616.649120 54 1
1701052616.649832 902 1
1701052616.677407 60 -1
1701052616.678167 318 -1
1701052616.679202 134 1
1701052616.679542 146 1
1701052616.679994 581 1
1701052616.680078 222 1
1701052616.680171 222 1
1701052616.706559 60 -1
1701052616.706640 341 -1
1701052616.707857 60 -1
1701052616.707857 60 -1
1701052616.707857 60 -1
1701052616.707857 60 -1
1701052616.717139 115 -1
1701052616.717139 85 -1
1701052616.717235 54 1
1701052616.717566 85 1
1701052616.726424 1106 -1
1701052616.726424 658 -1
1701052616.726424 1129 -1
1701052616.726534 54 1
1701052616.726596 628 -1
1701052616.726611 54 1
1701052616.729282 5894 -1
1701052616.729344 54 1
1701052616.729543 1235 -1
1701052616.729660 5894 -1
1701052616.729693 54 1
1701052616.730507 1991 -1
1701052616.730543 54 1
1701052616.739411 1161 -1
1701052616.739411 585 -1
1701052616.739519 54 1
1701052616.755017 3143 -1
1701052616.755125 54 1
1701052618.258681 222 1
1701052618.258922 250 1
1701052618.259011 224 1
1701052618.290234 60 -1
1701052618.315574 1139 -1
1701052618.315574 616 -1
1701052618.315699 54 1
1701052618.331424 5894 -1
1701052618.331537 54 1
1701052618.331748 2946 -1
1701052618.331787 54 1
1701052618.332215 3399 -1
1701052618.332260 54 1
1701052618.342723 5894 -1
1701052618.342826 54 1
1701052618.343184 5894 -1
1701052618.343227 54 1
1701052618.344000 4811 -1
1701052618.344057 54 1
1701052618.344673 2974 -1
1701052618.344701 54 1
1701052618.344754 2974 -1
1701052618.344772 54 1
1701052618.345529 5894 -1
1701052618.345595 54 1
1701052618.346385 5894 -1
1701052618.346435 54 1
1701052618.347343 5894 -1
1701052618.347408 54 1
1701052618.348147 5894 -1
1701052618.348216 54 1
1701052618.349275 5894 -1
1701052618.349341 54 1
1701052618.349818 5894 -1
1701052618.349872 54 1
1701052618.350704 5226 -1
1701052618.350765 54 1
1701052619.911626 252 1
1701052619.914623 223 1
1701052619.914706 224 1
1701052619.914760 251 1
1701052619.914952 224 1
1701052619.942108 60 -1
1701052619.982066 1089 -1
1701052619.982066 683 -1
1701052619.982066 1139 -1
1701052619.982066 614 -1
1701052619.982179 54 1
1701052619.988296 5894 -1
1701052619.988296 5894 -1
1701052619.988425 54 1
1701052619.988619 1514 -1
1701052619.988661 3351 -1
1701052619.988686 54 1
1701052619.989307 2974 -1
1701052619.989346 54 1
1701052619.989465 2974 -1
1701052619.989513 54 1
1701052619.991439 5894 -1
1701052619.991439 5894 -1
1701052619.991543 54 1
1701052619.991880 5894 -1
1701052619.992118 54 1
1701052619.992863 1514 -1
1701052619.992863 4434 -1
1701052619.993279 54 1
1701052619.993722 4434 -1
1701052619.993777 54 1
1701052619.993816 1514 -1
1701052619.993835 54 1
1701052619.994545 5894 -1
1701052619.994601 54 1
1701052619.995354 5894 -1
1701052619.995394 54 1
1701052619.996223 5894 -1
1701052619.996273 54 1
1701052620.005258 5894 -1
1701052620.005258 5894 -1
1701052620.005258 5894 -1
1701052620.005258 5894 -1
1701052620.005258 5894 -1
1701052620.005258 5894 -1
1701052620.005258 5894 -1
1701052620.005258 5894 -1
1701052620.005520 54 1
1701052620.006608 5894 -1
1701052620.006608 5894 -1
1701052620.006608 5894 -1
1701052620.006714 54 1
1701052620.026218 2974 -1
1701052620.026218 2974 -1
1701052620.026218 5894 -1
1701052620.026218 5894 -1
1701052620.026218 3500 -1
1701052620.026218 1514 -1
1701052620.026218 1514 -1
1701052620.026218 2974 -1
1701052620.026218 5894 -1
1701052620.026218 4434 -1
1701052620.026218 1514 -1
1701052620.026218 3453 -1
1701052620.026218 1109 -1
1701052620.026218 659 -1
1701052620.026218 3746 -1
1701052620.026468 54 1
1701052622.088383 222 1
1701052622.088580 224 1
1701052622.091557 223 1
1701052622.091665 251 1
1701052622.121224 60 -1
1701052622.138237 693 -1
1701052622.138237 1083 -1
1701052622.138332 66 1
1701052622.138392 54 1
1701052622.139679 89 1
1701052622.146710 7354 -1
1701052622.146806 54 1
1701052622.147138 369 -1
1701052622.147138 1094 -1
1701052622.147169 54 1
1701052622.147232 682 -1
1701052622.147247 54 1
1701052622.150564 1088 -1
1701052622.150620 687 -1
1701052622.150620 1514 -1
1701052622.150642 54 1
1701052622.150668 7354 -1
1701052622.150701 54 1
1701052622.151226 1514 -1
1701052622.151260 54 1
1701052622.151515 6240 -1
1701052622.151572 54 1
1701052622.152000 85 -1
1701052622.152099 2974 -1
1701052622.152122 54 1
1701052622.152551 7354 -1
1701052622.152608 54 1
1701052622.153299 7354 -1
1701052622.153351 54 1
1701052622.153716 2974 -1
1701052622.153745 54 1
1701052622.154165 7354 -1
1701052622.154222 54 1
1701052622.154602 2974 -1
1701052622.154641 54 1
1701052622.154866 7354 -1
1701052622.154936 54 1
1701052622.155438 2974 -1
1701052622.155478 54 1
1701052622.155797 7354 -1
1701052622.155854 54 1
1701052622.156266 2974 -1
1701052622.156298 54 1
1701052622.156910 7354 -1
1701052622.157138 54 1
1701052622.157336 2974 -1
1701052622.157361 54 1
1701052622.157661 1664 -1
1701052622.157699 54 1
1701052622.160245 7354 -1
1701052622.160334 54 1
1701052622.160378 2974 -1
1701052622.160401 54 1
1701052622.160740 624 -1
1701052622.160740 1159 -1
1701052622.160803 54 1
1701052622.160863 585 -1
1701052622.165340 2974 -1
1701052622.165419 54 1
1701052622.165471 2208 -1
1701052622.165497 54 1
1701052622.208721 60 -1
1701052624.264627 226 1
1701052624.265955 223 1
1701052624.267022 223 1
1701052624.271602 249 1
1701052624.294334 60 -1
1701052624.297143 60 -1
1701052624.297143 60 -1
1701052624.299422 60 -1
1701052624.338415 1083 -1
1701052624.338415 692 -1
1701052624.338522 54 1
1701052624.364290 1138 -1
1701052624.364290 618 -1
1701052624.364290 1083 -1
1701052624.364290 694 -1
1701052624.364424 54 1
1701052624.364507 4434 -1
1701052624.364583 54 1
1701052624.364630 5894 -1
1701052624.364682 54 1
1701052624.365349 3233 -1
1701052624.365401 54 1
1701052624.374585 3821 -1
1701052624.374585 6442 -1
1701052624.374679 54 1
1701052624.375086 5894 -1
1701052624.375131 54 1
1701052624.376866 4434 -1
1701052624.376866 10274 -1
1701052624.377180 54 1
1701052624.377613 7354 -1
1701052624.377613 2974 -1
1701052624.377663 54 1
1701052624.378293 4434 -1
1701052624.378293 5894 -1
1701052624.378358 54 1
1701052624.378638 7354 -1
1701052624.378677 54 1
1701052624.379356 2974 -1
1701052624.379379 54 1
1701052624.379828 7354 -1
1701052624.379868 54 1
1701052624.380100 2974 -1
1701052624.380122 54 1
1701052624.380839 7354 -1
1701052624.380959 54 1
1701052624.381177 2974 -1
1701052624.381217 54 1
1701052624.382521 7354 -1
1701052624.382521 2974 -1
1701052624.382521 7354 -1
1701052624.382622 54 1
1701052624.382820 2974 -1
1701052624.382847 54 1
1701052624.383266 2974 -1
1701052624.383292 54 1
1701052624.383521 7354 -1
1701052624.383556 54 1
1701052624.385293 2974 -1
1701052624.385293 7354 -1
1701052624.385293 2974 -1
1701052624.385401 54 1
1701052624.385595 7354 -1
1701052624.385642 54 1
1701052624.385884 2974 -1
1701052624.385910 54 1
1701052624.386263 5486 -1
1701052624.386301 54 1
1701052626.400579 54 1
1701052626.430638 78 -1
1701052626.430727 54 1
1701052626.430805 60 -1
1701052628.789897 66 1
1701052628.823599 66 -1
1701052628.823784 54 1
1701052628.832191 870 1
1701052628.862933 60 -1
1701052628.864432 318 -1
1701052628.865174 134 1
1701052628.865586 146 1
1701052628.866076 577 1
1701052628.866165 223 1
1701052628.866260 223 1
1701052628.895414 60 -1
1701052628.895414 60 -1
1701052628.896222 60 -1
1701052628.896222 60 -1
1701052628.896222 60 -1
1701052628.900600 341 -1
1701052628.912777 115 -1
1701052628.912777 85 -1
1701052628.912777 1079 -1
1701052628.912777 691 -1
1701052628.912893 54 1
1701052628.915937 85 1
1701052628.920329 1145 -1
1701052628.920441 611 -1
1701052628.920441 1084 -1
1701052628.920472 54 1
1701052628.920637 692 -1
1701052628.920664 54 1
1701052628.927401 1514 -1
1701052628.927401 2974 -1
1701052628.927514 54 1
1701052628.927643 2240 -1
1701052628.927676 54 1
1701052628.927948 4434 -1
1701052628.927989 54 1
1701052628.928922 4434 -1
1701052628.928977 54 1
1701052628.929664 2985 -1
1701052628.929697 54 1
1701052628.946790 60 -1
1701052630.979679 223 1
1701052630.980201 225 1
1701052630.980632 223 1
1701052631.002770 248 1
1701052631.017118 60 -1
1701052631.017118 60 -1
1701052631.017118 60 -1
1701052631.032928 60 -1
1701052631.128473 1138 -1
1701052631.128473 616 -1
1701052631.128586 54 1
1701052631.129319 3647 -1
1701052631.129347 54 1
1701052631.146486 1088 -1
1701052631.146581 54 1
1701052631.146684 691 -1
1701052631.160642 4434 -1
1701052631.160744 54 1
1701052631.160905 391 -1
1701052631.207545 54 1
1701052631.540764 1098 -1
1701052631.540764 475 -1
1701052631.540835 54 1
1701052631.540966 1514 -1
1701052631.540966 2974 -1
1701052631.541033 54 1
1701052631.541735 4434 -1
1701052631.541774 54 1
1701052631.542645 1514 -1
1701052631.542645 2974 -1
1701052631.542684 54 1
1701052631.543580 4434 -1
1701052631.543639 54 1
1701052631.544518 4434 -1
1701052631.544558 54 1
1701052631.545392 4434 -1
1701052631.545442 54 1
1701052631.546549 4434 -1
1701052631.546599 54 1
1701052631.547393 899 -1
1701052631.547430 54 1
1701052631.834856 4434 -1
1701052631.834965 54 1
1701052631.835223 4434 -1
1701052631.835249 54 1
1701052631.836321 4434 -1
1701052631.836376 54 1
1701052631.836939 3351 -1
1701052631.837095 54 1
1701052631.857592 4434 -1
1701052631.857592 1514 -1
1701052631.857707 54 1
1701052631.857796 2974 -1
1701052631.857832 54 1
1701052631.859701 4434 -1
1701052631.859701 4434 -1
1701052631.859833 54 1
1701052631.860918 4434 -1
1701052631.860982 54 1
1701052631.862951 2974 -1
1701052631.862951 1514 -1
1701052631.862951 4434 -1
1701052631.863153 54 1
1701052631.863558 4434 -1
1701052631.863605 54 1
1701052631.865292 4434 -1
1701052631.865292 4434 -1
1701052631.865367 54 1
1701052631.867912 1514 -1
1701052631.867912 2974 -1
1701052631.867912 4434 -1
1701052631.867912 4434 -1
1701052631.868045 54 1
1701052631.868730 4434 -1
1701052631.868782 54 1
1701052631.869816 4434 -1
1701052631.869868 54 1
1701052631.870621 4434 -1
1701052631.870684 54 1
1701052631.871523 4434 -1
1701052631.871590 54 1
1701052631.872794 4434 -1
1701052631.872840 54 1
1701052631.872906 1514 -1
1701052631.872906 1514 -1
1701052631.872948 54 1
1701052631.874276 2974 -1
1701052631.874276 1514 -1
1701052631.874327 54 1
1701052631.874399 4434 -1
1701052631.874444 54 1
1701052631.883855 2974 -1
1701052631.883855 1514 -1
1701052631.883855 4434 -1
1701052631.883855 4434 -1
1701052631.883855 4434 -1
1701052631.883855 4434 -1
1701052631.883855 4434 -1
1701052631.883855 4434 -1
1701052631.883855 4434 -1
1701052631.884205 54 1
1701052631.889080 4434 -1
1701052631.889080 1514 -1
1701052631.889080 1514 -1
1701052631.889080 1514 -1
1701052631.889222 54 1
1701052631.892207 4434 -1
1701052631.892207 4434 -1
1701052631.892207 2974 -1
1701052631.892207 4434 -1
1701052631.892363 54 1
1701052631.893729 4434 -1
1701052631.893729 4434 -1
1701052631.893778 54 1
1701052631.897235 4434 -1
1701052631.897235 4434 -1
1701052631.897235 4434 -1
1701052631.897365 54 1
1701052631.897803 4434 -1
1701052631.897853 54 1
1701052631.898511 4434 -1
1701052631.898560 54 1
1701052631.898884 4434 -1
1701052631.898934 54 1
1701052631.899757 4434 -1
1701052631.899808 54 1
1701052631.900410 4434 -1
1701052631.900462 54 1
1701052631.901290 4434 -1
1701052631.901324 54 1
1701052631.901900 2180 -1
1701052631.901933 54 1
1701052632.003493 1091 -1
1701052632.003493 492 -1
1701052632.003592 54 1
1701052632.011460 778 -1
1701052632.051861 54 1
1701052632.080212 6827 -1
1701052632.080342 54 1
1701052632.662291 54 1
