1701069930.447084 66 1
1701069930.461235 66 -1
1701069930.461353 54 1
1701069930.491402 572 1
1701069930.495634 66 1
1701069930.507975 66 -1
1701069930.508050 60 -1
1701069930.508050 1514 -1
1701069930.508050 1514 -1
1701069930.508050 957 -1
1701069930.508142 54 1
1701069930.508165 54 1
1701069930.509682 663 1
1701069930.510919 60 -1
1701069930.512908 2974 -1
1701069930.512908 955 -1
1701069930.512994 54 1
1701069930.517767 134 1
1701069930.518568 134 1
1701069930.522223 60 -1
1701069930.522223 341 -1
1701069930.522223 341 -1
1701069930.522277 54 1
1701069930.525864 54 1
1701069930.526083 146 1
1701069930.528373 60 -1
1701069930.528373 341 -1
1701069930.528373 341 -1
1701069930.528483 54 1
1701069930.529619 60 -1
1701069930.529619 115 -1
1701069930.529619 85 -1
1701069930.529663 54 1
1701069930.532110 614 1
1701069930.532283 228 1
1701069930.533237 60 -1
1701069930.533237 60 -1
1701069930.540191 1202 -1
1701069930.540470 493 -1
1701069930.540470 1254 -1
1701069930.540537 54 1
1701069930.540811 5894 -1
1701069930.540853 54 1
1701069930.541521 4842 -1
1701069930.541545 54 1
1701069930.542302 2974 -1
1701069930.542334 54 1
1701069930.542390 2974 -1
1701069930.542422 54 1
1701069930.543186 5894 -1
1701069930.543212 54 1
1701069930.544163 5894 -1
1701069930.544203 54 1
1701069930.544547 7354 -1
1701069930.544581 54 1
1701069930.545851 7354 -1
1701069930.545885 54 1
1701069930.546006 1514 -1
1701069930.546006 7354 -1
1701069930.546047 54 1
1701069930.547078 7354 -1
1701069930.547153 54 1
1701069930.548052 1514 -1
1701069930.548531 7354 -1
1701069930.548581 54 1
1701069930.549476 7354 -1
1701069930.549537 54 1
1701069930.551160 1514 -1
1701069930.551198 54 1
1701069930.551622 7354 -1
1701069930.551679 54 1
1701069930.552977 2974 -1
1701069930.552977 5894 -1
1701069930.553037 54 1
1701069930.553905 7354 -1
1701069930.553968 54 1
1701069930.555194 7354 -1
1701069930.555278 54 1
1701069930.555509 85 1
1701069930.555984 54 1
1701069930.557437 4434 -1
1701069930.557437 7354 -1
1701069930.557491 54 1
1701069930.574001 7354 -1
1701069930.574001 2974 -1
1701069930.574001 4434 -1
1701069930.574001 7354 -1
1701069930.574001 7354 -1
1701069930.574001 5894 -1
1701069930.574001 2974 -1
1701069930.574001 7354 -1
1701069930.574001 7354 -1
1701069930.574001 10274 -1
1701069930.574001 1514 -1
1701069930.574001 2974 -1
1701069930.574421 54 1
1701069930.577866 54 1
1701069930.582642 13194 -1
1701069930.582642 7354 -1
1701069930.582642 1514 -1
1701069930.582642 7354 -1
1701069930.582642 5894 -1
1701069930.582642 7354 -1
1701069930.582642 5894 -1
1701069930.582642 1514 -1
1701069930.582954 54 1
1701069930.584180 54 1
1701069930.604702 7354 -1
1701069930.604702 7354 -1
1701069930.604702 7354 -1
1701069930.604702 2974 -1
1701069930.604702 7354 -1
1701069930.604702 4434 -1
1701069930.604702 4434 -1
1701069930.604702 7354 -1
1701069930.604702 1514 -1
1701069930.604999 54 1
1701069930.605139 7354 -1
1701069930.605176 54 1
1701069930.605490 14654 -1
1701069930.605585 54 1
1701069930.608226 2974 -1
1701069930.608292 54 1
1701069930.608442 7354 -1
1701069930.608519 54 1
1701069930.610207 7354 -1
1701069930.610207 7354 -1
1701069930.610335 54 1
1701069930.610591 2974 -1
1701069930.610591 7354 -1
1701069930.610679 54 1
1701069930.613242 4434 -1
1701069930.613242 2974 -1
1701069930.613242 7354 -1
1701069930.613242 14654 -1
1701069930.613499 54 1
1701069930.615342 2974 -1
1701069930.615406 54 1
1701069930.615474 14654 -1
1701069930.615587 54 1
1701069930.621584 7354 -1
1701069930.621584 2974 -1
1701069930.621584 8814 -1
1701069930.621584 5894 -1
1701069930.621856 54 1
1701069930.621998 7354 -1
1701069930.622054 54 1
1701069930.623612 1514 -1
1701069930.623667 54 1
1701069930.623746 2974 -1
1701069930.623777 54 1
1701069930.624076 7354 -1
1701069930.624154 54 1
1701069930.624189 54 1
1701069930.625271 7354 -1
1701069930.625351 54 1
1701069930.626128 7354 -1
1701069930.626177 54 1
1701069930.626502 2060 -1
1701069930.626542 54 1
1701069930.710836 204 1
1701069930.721958 1085 -1
1701069930.722167 697 -1
1701069930.722167 7354 -1
1701069930.722243 54 1
1701069930.723157 7354 -1
1701069930.723227 54 1
1701069930.724523 4434 -1
1701069930.724583 54 1
1701069930.725353 2974 -1
1701069930.725394 54 1
1701069930.725553 7354 -1
1701069930.725588 54 1
1701069930.727042 7354 -1
1701069930.727116 54 1
1701069930.728880 7354 -1
1701069930.728938 54 1
1701069930.729334 7354 -1
1701069930.729386 54 1
1701069930.730644 2974 -1
1701069930.730694 54 1
1701069930.736847 10274 -1
1701069930.736847 5894 -1
1701069930.736847 4434 -1
1701069930.736847 7354 -1
1701069930.736847 2974 -1
1701069930.736847 7354 -1
1701069930.736997 54 1
1701069930.737916 1514 -1
1701069930.737916 7354 -1
1701069930.738005 54 1
1701069930.738880 2974 -1
1701069930.738927 54 1
1701069930.744972 7354 -1
1701069930.744972 2974 -1
1701069930.744972 5894 -1
1701069930.744972 4434 -1
1701069930.744972 7354 -1
1701069930.744972 7354 -1
1701069930.745172 54 1
1701069930.745328 7354 -1
1701069930.745388 54 1
1701069930.746472 7354 -1
1701069930.746537 54 1
1701069930.747484 4434 -1
1701069930.747526 54 1
1701069930.748827 7354 -1
1701069930.748899 54 1
1701069930.749657 7354 -1
1701069930.749742 54 1
1701069930.750871 7354 -1
1701069930.750924 54 1
1701069930.752085 7354 -1
1701069930.752134 54 1
1701069930.753262 54 1
1701069930.753313 7354 -1
1701069930.753377 54 1
1701069930.753665 54 1
1701069930.754493 7354 -1
1701069930.754539 54 1
1701069930.755587 7354 -1
1701069930.755648 54 1
1701069930.756700 1514 -1
1701069930.756749 54 1
1701069930.757146 54 1
1701069930.757295 5894 -1
1701069930.757364 54 1
1701069930.757994 5894 -1
1701069930.758058 54 1
1701069930.759630 7354 -1
1701069930.759692 54 1
1701069930.760331 654 -1
1701069930.760358 54 1
1701069931.144743 204 1
1701069931.152161 417 -1
1701069931.152161 1104 -1
1701069931.152161 7354 -1
1701069931.152260 66 1
1701069931.152326 54 1
1701069931.152365 54 1
1701069931.153006 7354 -1
1701069931.153069 54 1
1701069931.153922 7354 -1
1701069931.153973 54 1
1701069931.154579 7354 -1
1701069931.154633 54 1
1701069931.155478 7354 -1
1701069931.155526 54 1
1701069931.169002 7354 -1
1701069931.169002 2974 -1
1701069931.169002 7354 -1
1701069931.169002 2974 -1
1701069931.169002 1514 -1
1701069931.169002 7354 -1
1701069931.169002 1514 -1
1701069931.169002 7354 -1
1701069931.169002 2974 -1
1701069931.169002 4434 -1
1701069931.169002 5894 -1
1701069931.169002 5894 -1
1701069931.169002 2974 -1
1701069931.169002 7354 -1
1701069931.169002 7354 -1
1701069931.169002 2974 -1
1701069931.169002 7354 -1
1701069931.169002 2974 -1
1701069931.169002 7354 -1
1701069931.169002 2974 -1
1701069931.169002 7354 -1
1701069931.169002 2974 -1
1701069931.169002 7354 -1
1701069931.169002 2974 -1
1701069931.169002 2974 -1
1701069931.169002 7354 -1
1701069931.169002 2587 -1
1701069931.169564 54 1
1701069931.170098 54 1
1701069931.238197 200 1
1701069931.244214 1144 -1
1701069931.244214 616 -1
1701069931.244301 54 1
1701069931.244396 7354 -1
1701069931.244422 54 1
1701069931.244990 2974 -1
1701069931.245013 54 1
1701069931.245211 4434 -1
1701069931.245252 54 1
1701069931.245911 7354 -1
1701069931.245956 54 1
1701069931.246768 7354 -1
1701069931.246813 54 1
1701069931.247489 7354 -1
1701069931.247519 54 1
1701069931.248280 7354 -1
1701069931.248325 54 1
1701069931.249171 1514 -1
1701069931.249171 5894 -1
1701069931.249228 54 1
1701069931.249947 7354 -1
1701069931.250007 54 1
1701069931.251002 7354 -1
1701069931.251074 54 1
1701069931.251601 1514 -1
1701069931.251601 5894 -1
1701069931.251872 54 1
1701069931.252372 7354 -1
1701069931.252404 54 1
1701069931.253203 7354 -1
1701069931.253240 54 1
1701069931.254056 5894 -1
1701069931.254070 54 1
1701069931.254094 54 1
1701069931.254199 54 1
1701069931.254654 7354 -1
1701069931.254688 54 1
1701069931.255488 2974 -1
1701069931.255519 54 1
1701069931.255627 4434 -1
1701069931.255666 54 1
1701069931.256355 7354 -1
1701069931.256388 54 1
1701069931.257313 1514 -1
1701069931.257313 1514 -1
1701069931.257313 4434 -1
1701069931.257383 54 1
1701069931.258096 7354 -1
1701069931.258148 54 1
1701069931.258361 2974 -1
1701069931.258389 54 1
1701069931.258852 10274 -1
1701069931.258922 54 1
1701069931.259738 7354 -1
1701069931.259783 54 1
1701069931.260165 2974 -1
1701069931.260203 54 1
1701069931.260568 4434 -1
1701069931.260624 54 1
1701069931.261072 2974 -1
1701069931.261072 7354 -1
1701069931.261138 54 1
1701069931.261912 7354 -1
1701069931.261964 54 1
1701069931.262414 253 1
1701069931.262434 2974 -1
1701069931.262470 54 1
1701069931.262590 203 1
1701069931.262788 251 1
1701069931.262861 204 1
1701069931.262880 2974 -1
1701069931.262880 7354 -1
1701069931.262945 54 1
1701069931.262950 201 1
1701069931.263037 201 1
1701069931.263127 200 1
1701069931.263431 226 1
1701069931.263512 228 1
1701069931.263530 7354 -1
1701069931.263570 54 1
1701069931.263590 228 1
1701069931.264015 226 1
1701069931.264088 227 1
1701069931.264666 4434 -1
1701069931.264666 7354 -1
1701069931.264737 54 1
1701069931.264921 54 1
1701069931.265106 4434 -1
1701069931.265147 54 1
1701069931.271776 226 1
1701069931.271948 226 1
1701069931.272038 227 1
1701069931.272197 230 1
1701069931.272320 226 1
1701069931.272462 227 1
1701069931.272591 226 1
1701069931.272764 227 1
1701069931.275225 54 1
1701069931.276069 229 1
1701069931.276206 260 1
1701069931.281792 7354 -1
1701069931.281792 2974 -1
1701069931.281792 7354 -1
1701069931.281792 5894 -1
1701069931.281792 60 -1
1701069931.281792 60 -1
1701069931.281792 7354 -1
1701069931.281792 5894 -1
1701069931.281792 4105 -1
1701069931.281792 1154 -1
1701069931.281792 1140 -1
1701069931.281792 624 -1
1701069931.281792 1681 -1
1701069931.281792 7354 -1
1701069931.281792 7354 -1
1701069931.281792 7354 -1
1701069931.281792 7354 -1
1701069931.281792 2974 -1
1701069931.281792 1514 -1
1701069931.282135 54 1
1701069931.282270 60 -1
1701069931.282270 60 -1
1701069931.282270 60 -1
1701069931.283120 54 1
1701069931.283337 4434 -1
1701069931.283391 54 1
1701069931.283448 7354 -1
1701069931.283516 54 1
1701069931.288505 7354 -1
1701069931.288505 4434 -1
1701069931.288505 7354 -1
1701069931.288505 4434 -1
1701069931.288505 7354 -1
1701069931.288505 4434 -1
1701069931.288505 7354 -1
1701069931.288505 4434 -1
1701069931.288505 4434 -1
1701069931.288505 7354 -1
1701069931.288787 54 1
1701069931.290714 54 1
1701069931.299105 4434 -1
1701069931.299105 7354 -1
1701069931.299105 4434 -1
1701069931.299105 7354 -1
1701069931.299105 4434 -1
1701069931.299105 7354 -1
1701069931.299105 4434 -1
1701069931.299105 7354 -1
1701069931.299105 4434 -1
1701069931.299105 5894 -1
1701069931.299105 7354 -1
1701069931.299105 4434 -1
1701069931.299402 54 1
1701069931.299776 7354 -1
1701069931.299818 54 1
1701069931.300135 4434 -1
1701069931.300170 54 1
1701069931.300775 7354 -1
1701069931.300832 54 1
1701069931.307158 4434 -1
1701069931.307158 7354 -1
1701069931.307158 4434 -1
1701069931.307158 4434 -1
1701069931.307158 7354 -1
1701069931.307158 5894 -1
1701069931.307158 7354 -1
1701069931.307158 4434 -1
1701069931.307158 7354 -1
1701069931.307158 4434 -1
1701069931.307158 2974 -1
1701069931.307158 8814 -1
1701069931.307436 54 1
1701069931.307527 7354 -1
1701069931.307581 54 1
1701069931.307836 4434 -1
1701069931.307868 54 1
1701069931.308269 54 1
1701069931.308293 7354 -1
1701069931.308339 54 1
1701069931.308790 4434 -1
1701069931.308828 54 1
1701069931.309146 5894 -1
1701069931.309173 54 1
1701069931.309784 7354 -1
1701069931.309836 54 1
1701069931.310248 4434 -1
1701069931.310295 54 1
1701069931.310811 1514 -1
1701069931.310840 54 1
1701069931.311169 7354 -1
1701069931.311208 54 1
1701069931.311491 2974 -1
1701069931.311514 54 1
1701069931.311756 7354 -1
1701069931.311793 54 1
1701069931.312322 4434 -1
1701069931.312370 54 1
1701069931.312754 1514 -1
1701069931.312781 54 1
1701069931.312822 7354 -1
1701069931.312863 54 1
1701069931.313396 1514 -1
1701069931.313417 54 1
1701069931.313519 1514 -1
1701069931.313651 7354 -1
1701069931.313690 54 1
1701069931.314315 7354 -1
1701069931.314353 54 1
1701069931.314853 2974 -1
1701069931.314883 54 1
1701069931.315188 7354 -1
1701069931.315225 54 1
1701069931.315826 7354 -1
1701069931.315868 54 1
1701069931.316437 1514 -1
1701069931.316458 54 1
1701069931.316618 7354 -1
1701069931.316646 54 1
1701069931.317287 5894 -1
1701069931.317320 54 1
1701069931.317760 7354 -1
1701069931.317789 54 1
1701069931.318267 7354 -1
1701069931.318307 54 1
1701069931.318996 5894 -1
1701069931.319068 54 1
1701069931.319409 7354 -1
1701069931.319470 54 1
1701069931.320484 1514 -1
1701069931.320484 5894 -1
1701069931.320532 54 1
1701069931.320665 7354 -1
1701069931.320701 54 1
1701069931.320969 54 1
1701069931.321273 7354 -1
1701069931.321310 54 1
1701069931.321906 7354 -1
1701069931.321959 54 1
1701069931.322499 7354 -1
1701069931.322534 54 1
1701069931.322985 54 1
1701069931.323152 7354 -1
1701069931.323191 54 1
1701069931.323755 1514 -1
1701069931.323859 5894 -1
1701069931.323897 54 1
1701069931.324390 7354 -1
1701069931.324445 54 1
1701069931.324937 4434 -1
1701069931.324967 54 1
1701069931.325336 2974 -1
1701069931.325365 54 1
1701069931.325555 5894 -1
1701069931.325598 54 1
1701069931.326153 7354 -1
1701069931.326186 54 1
1701069931.326894 4434 -1
1701069931.326932 54 1
1701069931.327088 7354 -1
1701069931.327117 54 1
1701069931.327780 4434 -1
1701069931.327852 54 1
1701069931.328075 7354 -1
1701069931.328127 54 1
1701069931.329014 54 1
1701069931.329488 4434 -1
1701069931.329524 54 1
1701069931.329724 54 1
1701069931.330426 7354 -1
1701069931.330471 54 1
1701069931.331028 4434 -1
1701069931.331076 54 1
1701069931.331376 7354 -1
1701069931.331403 54 1
1701069931.331981 4434 -1
1701069931.332018 54 1
1701069931.332341 5894 -1
1701069931.332368 54 1
1701069931.332907 7354 -1
1701069931.332939 54 1
1701069931.333435 4434 -1
1701069931.333460 54 1
1701069931.334196 5894 -1
1701069931.334241 54 1
1701069931.334362 5894 -1
1701069931.334407 54 1
1701069931.334868 7354 -1
1701069931.334911 54 1
1701069931.335447 4434 -1
1701069931.335476 54 1
1701069931.335784 54 1
1701069931.335831 7354 -1
1701069931.335877 54 1
1701069931.336423 7354 -1
1701069931.336455 54 1
1701069931.337030 7354 -1
1701069931.337076 54 1
1701069931.337653 1514 -1
1701069931.337820 5894 -1
1701069931.337864 54 1
1701069931.338256 7354 -1
1701069931.338299 54 1
1701069931.338907 4434 -1
1701069931.338939 54 1
1701069931.339210 7354 -1
1701069931.339252 54 1
1701069931.339819 4434 -1
1701069931.339868 54 1
1701069931.340179 7354 -1
1701069931.340248 54 1
1701069931.340532 54 1
1701069931.340778 4434 -1
1701069931.340801 54 1
1701069931.341148 7354 -1
1701069931.341185 54 1
1701069931.341521 54 1
1701069931.341744 4434 -1
1701069931.341765 54 1
1701069931.342085 54 1
1701069931.342116 7354 -1
1701069931.342157 54 1
1701069931.342917 4434 -1
1701069931.342975 54 1
1701069931.343077 5894 -1
1701069931.343137 54 1
1701069931.343564 7354 -1
1701069931.343595 54 1
1701069931.344169 4434 -1
1701069931.344208 54 1
1701069931.344575 7354 -1
1701069931.344645 54 1
1701069931.345152 4434 -1
1701069931.345184 54 1
1701069931.345520 7354 -1
1701069931.345559 54 1
1701069931.346114 4434 -1
1701069931.346149 54 1
1701069931.346477 7354 -1
1701069931.346513 54 1
1701069931.347078 7354 -1
1701069931.347109 54 1
1701069931.347688 7354 -1
1701069931.347729 54 1
1701069931.348514 1514 -1
1701069931.348514 5894 -1
1701069931.348571 54 1
1701069931.349148 7354 -1
1701069931.349171 54 1
1701069931.349569 4434 -1
1701069931.349594 54 1
1701069931.349875 7354 -1
1701069931.349898 54 1
1701069931.350479 4434 -1
1701069931.350516 54 1
1701069931.350850 7354 -1
1701069931.350905 54 1
1701069931.351456 4434 -1
1701069931.351484 54 1
1701069931.351798 7354 -1
1701069931.351831 54 1
1701069931.352404 4434 -1
1701069931.352430 54 1
1701069931.352795 7354 -1
1701069931.352832 54 1
1701069931.353384 4434 -1
1701069931.353430 54 1
1701069931.353840 5894 -1
1701069931.353891 54 1
1701069931.354231 4434 -1
1701069931.354272 54 1
1701069931.354833 7354 -1
1701069931.354888 54 1
1701069931.355191 1514 -1
1701069931.355220 54 1
1701069931.355306 7354 -1
1701069931.355343 54 1
1701069931.356014 2974 -1
1701069931.356043 54 1
1701069931.356152 7354 -1
1701069931.356183 54 1
1701069931.356853 4434 -1
1701069931.356895 54 1
1701069931.363960 7354 -1
1701069931.363960 7354 -1
1701069931.363960 7354 -1
1701069931.363960 1514 -1
1701069931.363960 5894 -1
1701069931.363960 7354 -1
1701069931.363960 4434 -1
1701069931.363960 7354 -1
1701069931.363960 4434 -1
1701069931.363960 4434 -1
1701069931.363960 7354 -1
1701069931.363960 7354 -1
1701069931.363960 4434 -1
1701069931.363960 7354 -1
1701069931.364325 54 1
1701069931.364508 4434 -1
1701069931.364508 5894 -1
1701069931.364573 54 1
1701069931.364833 54 1
1701069931.375038 7354 -1
1701069931.375038 4434 -1
1701069931.375038 7354 -1
1701069931.375038 4434 -1
1701069931.375038 7354 -1
1701069931.375038 4434 -1
1701069931.375038 7354 -1
1701069931.375038 7354 -1
1701069931.375038 7354 -1
1701069931.375038 7354 -1
1701069931.375038 14654 -1
1701069931.375038 7354 -1
1701069931.375038 1514 -1
1701069931.375038 8814 -1
1701069931.375038 8814 -1
1701069931.375038 1514 -1
1701069931.375038 7354 -1
1701069931.375038 7354 -1
1701069931.375554 54 1
1701069931.375688 1514 -1
1701069931.375688 5894 -1
1701069931.375732 54 1
1701069931.375866 7354 -1
1701069931.375919 54 1
1701069931.376541 54 1
1701069931.376768 54 1
1701069931.378006 1514 -1
1701069931.378006 2974 -1
1701069931.378006 5894 -1
1701069931.378006 7354 -1
1701069931.378006 1514 -1
1701069931.378006 2974 -1
1701069931.378006 7354 -1
1701069931.378145 54 1
1701069931.378598 1514 -1
1701069931.378821 11734 -1
1701069931.378892 54 1
1701069931.383968 1514 -1
1701069931.383968 7354 -1
1701069931.383968 2974 -1
1701069931.383968 2974 -1
1701069931.383968 1514 -1
1701069931.383968 7354 -1
1701069931.383968 2974 -1
1701069931.383968 2974 -1
1701069931.383968 7354 -1
1701069931.383968 1514 -1
1701069931.383968 7354 -1
1701069931.383968 4434 -1
1701069931.383968 7354 -1
1701069931.384219 54 1
1701069931.387891 4434 -1
1701069931.387891 7354 -1
1701069931.387891 4434 -1
1701069931.387891 5894 -1
1701069931.387891 7354 -1
1701069931.387891 4434 -1
1701069931.387891 7354 -1
1701069931.387891 4434 -1
1701069931.388065 54 1
1701069931.392876 7354 -1
1701069931.392876 4434 -1
1701069931.392876 1514 -1
1701069931.392876 7354 -1
1701069931.392876 2974 -1
1701069931.392876 7354 -1
1701069931.392876 4434 -1
1701069931.392876 5894 -1
1701069931.392876 7354 -1
1701069931.392876 4434 -1
1701069931.392876 1514 -1
1701069931.392876 7354 -1
1701069931.393159 54 1
1701069931.399311 2974 -1
1701069931.399311 7354 -1
1701069931.399311 4434 -1
1701069931.399311 7354 -1
1701069931.399311 4434 -1
1701069931.399311 7354 -1
1701069931.399311 4434 -1
1701069931.399311 5894 -1
1701069931.399311 1514 -1
1701069931.399311 2974 -1
1701069931.399311 1514 -1
1701069931.399311 2974 -1
1701069931.399311 1514 -1
1701069931.399311 1514 -1
1701069931.399311 7354 -1
1701069931.399311 4434 -1
1701069931.399311 1514 -1
1701069931.399311 1514 -1
1701069931.399311 1514 -1
1701069931.399311 1514 -1
1701069931.399648 54 1
1701069931.399775 2974 -1
1701069931.399775 1514 -1
1701069931.399798 54 1
1701069931.400068 54 1
1701069931.400266 1514 -1
1701069931.400266 7354 -1
1701069931.400321 54 1
1701069931.402847 4434 -1
1701069931.402847 7354 -1
1701069931.402847 4434 -1
1701069931.402847 5894 -1
1701069931.402847 7354 -1
1701069931.402928 54 1
1701069931.402975 4434 -1
1701069931.403005 54 1
1701069931.403172 7354 -1
1701069931.403201 54 1
1701069931.403772 973 -1
1701069931.445342 54 1
1701069931.567697 207 1
1701069931.588929 1072 -1
1701069931.588929 723 -1
1701069931.588929 5019 -1
1701069931.589048 54 1
1701069933.641912 54 1
1701069933.646844 78 -1
1701069933.646844 60 -1
1701069933.647074 54 1
1701069944.158796 66 1
1701069944.160012 66 -1
1701069944.160163 54 1
1701069944.163074 902 1
1701069944.164051 60 -1
1701069944.168858 318 -1
1701069944.169804 134 1
1701069944.170295 146 1
1701069944.170873 580 1
1701069944.170976 227 1
1701069944.171055 227 1
1701069944.171134 259 1
1701069944.172129 60 -1
1701069944.185918 341 -1
1701069944.185918 60 -1
1701069944.185918 115 -1
1701069944.185918 85 -1
1701069944.185918 60 -1
1701069944.185918 60 -1
1701069944.185918 60 -1
1701069944.185918 60 -1
1701069944.185918 1167 -1
1701069944.185918 608 -1
1701069944.185918 1260 -1
1701069944.185918 5331 -1
1701069944.185918 477 -1
1701069944.185918 1199 -1
1701069944.185918 5538 -1
1701069944.185918 2193 -1
1701069944.185918 3108 -1
1701069944.185918 7354 -1
1701069944.185918 7354 -1
1701069944.185918 1860 -1
1701069944.185918 7354 -1
1701069944.185918 1514 -1
1701069944.185918 7354 -1
1701069944.185918 2974 -1
1701069944.186153 54 1
1701069944.189009 85 1
1701069944.195078 1514 -1
1701069944.195078 5894 -1
1701069944.195078 7354 -1
1701069944.195078 1514 -1
1701069944.195078 7354 -1
1701069944.195078 7354 -1
1701069944.195078 7354 -1
1701069944.195078 4434 -1
1701069944.195078 7354 -1
1701069944.195622 54 1
1701069944.195733 7354 -1
1701069944.195768 54 1
1701069944.196181 7354 -1
1701069944.196273 54 1
1701069944.203513 7354 -1
1701069944.203513 7354 -1
1701069944.203513 7354 -1
1701069944.203513 5894 -1
1701069944.203513 2974 -1
1701069944.203513 7354 -1
1701069944.203513 2974 -1
1701069944.203513 7354 -1
1701069944.203513 7354 -1
1701069944.203513 1514 -1
1701069944.203513 1514 -1
1701069944.203513 1514 -1
1701069944.203513 1514 -1
1701069944.203513 1514 -1
1701069944.203513 1514 -1
1701069944.203513 5894 -1
1701069944.203513 7354 -1
1701069944.203513 7354 -1
1701069944.203888 54 1
1701069944.204187 54 1
1701069944.204209 21954 -1
1701069944.204376 54 1
1701069944.204377 54 1
1701069944.205584 4434 -1
1701069944.205636 54 1
1701069944.209776 7354 -1
1701069944.209776 7354 -1
1701069944.209776 2974 -1
1701069944.209776 7354 -1
1701069944.209776 7354 -1
1701069944.209776 7354 -1
1701069944.209776 7354 -1
1701069944.209947 54 1
1701069944.210056 7354 -1
1701069944.210092 54 1
1701069944.210734 4434 -1
1701069944.210734 7354 -1
1701069944.210789 54 1
1701069944.211380 7354 -1
1701069944.211432 54 1
1701069944.211985 7354 -1
1701069944.212029 54 1
1701069944.214072 1514 -1
1701069944.214072 7354 -1
1701069944.214072 7354 -1
1701069944.214072 7354 -1
1701069944.214172 54 1
1701069944.214479 7354 -1
1701069944.214504 54 1
1701069944.215095 7354 -1
1701069944.215137 54 1
1701069944.223170 2974 -1
1701069944.223170 1514 -1
1701069944.223170 7354 -1
1701069944.223170 7354 -1
1701069944.223170 7354 -1
1701069944.223170 1514 -1
1701069944.223170 14654 -1
1701069944.223170 7354 -1
1701069944.223170 1514 -1
1701069944.223170 7354 -1
1701069944.223170 7354 -1
1701069944.223170 2974 -1
1701069944.223170 1514 -1
1701069944.223170 1514 -1
1701069944.223170 7354 -1
1701069944.223170 7354 -1
1701069944.223170 5894 -1
1701069944.223498 54 1
1701069944.223591 7354 -1
1701069944.223625 54 1
1701069944.223979 7354 -1
1701069944.224031 54 1
1701069944.224719 54 1
1701069944.225892 3174 -1
1701069944.225925 54 1
1701069945.794069 227 1
1701069945.803150 226 1
1701069945.803690 227 1
1701069945.804319 226 1
1701069945.804834 227 1
1701069945.810214 60 -1
1701069945.810214 1182 -1
1701069945.810214 488 -1
1701069945.810214 6181 -1
1701069945.810214 1206 -1
1701069945.810214 553 -1
1701069945.810214 2974 -1
1701069945.810214 1514 -1
1701069945.810214 2376 -1
1701069945.810214 1195 -1
1701069945.810214 1264 -1
1701069945.810214 473 -1
1701069945.810214 1225 -1
1701069945.810214 2354 -1
1701069945.810385 54 1
1701069945.810474 1040 -1
1701069945.818154 5860 -1
1701069945.818154 7354 -1
1701069945.818154 5684 -1
1701069945.818290 54 1
1701069947.925792 228 1
1701069947.927933 227 1
1701069947.928036 229 1
1701069947.928141 226 1
1701069947.928641 226 1
1701069947.929127 60 -1
1701069947.933259 1212 -1
1701069947.933664 547 -1
1701069947.933664 1201 -1
1701069947.933664 450 -1
1701069947.933664 7354 -1
1701069947.933738 54 1
1701069947.934231 2970 -1
1701069947.934271 54 1
1701069947.934967 7354 -1
1701069947.934998 54 1
1701069947.936079 929 -1
1701069947.936197 3369 -1
1701069947.936217 54 1
1701069947.936403 7300 -1
1701069947.936440 54 1
1701069947.937966 7308 -1
1701069947.937999 54 1
1701069947.938939 1239 -1
1701069947.938977 514 -1
1701069947.938977 7354 -1
1701069947.939001 54 1
1701069947.940234 1448 -1
1701069947.940262 54 1
1701069949.509637 227 1
1701069949.510474 229 1
1701069949.512581 60 -1
1701069949.513143 225 1
1701069949.514732 231 1
1701069949.516781 228 1
1701069949.516783 1235 -1
1701069949.516783 519 -1
1701069949.516851 54 1
1701069949.516995 7354 -1
1701069949.517054 54 1
1701069949.517280 5501 -1
1701069949.517327 54 1
1701069949.517900 1197 -1
1701069949.517937 54 1
1701069949.518426 570 -1
1701069949.518453 54 1
1701069949.518728 3589 -1
1701069949.518938 54 1
1701069949.520549 1191 -1
1701069949.520549 568 -1
1701069949.520591 54 1
1701069949.521285 7354 -1
1701069949.521320 54 1
1701069949.521662 951 -1
1701069949.521662 1241 -1
1701069949.521702 54 1
1701069949.521809 89 1
1701069949.521915 509 -1
1701069949.521915 6910 -1
1701069949.521949 54 1
1701069949.523004 1239 -1
1701069949.523004 511 -1
1701069949.523004 1514 -1
1701069949.523004 9350 -1
1701069949.523090 54 1
1701069949.563327 60 -1
1701069951.108143 229 1
1701069951.108993 227 1
1701069951.109467 60 -1
1701069951.109994 60 -1
1701069951.113407 228 1
1701069951.114366 60 -1
1701069951.115366 229 1
1701069951.115502 227 1
1701069951.116474 60 -1
1701069951.116710 60 -1
1701069951.117486 1263 -1
1701069951.117486 479 -1
1701069951.117552 54 1
1701069951.122974 7354 -1
1701069951.122974 5006 -1
1701069951.122974 1234 -1
1701069951.122974 526 -1
1701069951.123187 54 1
1701069951.124131 9905 -1
1701069951.124190 54 1
1701069951.125105 3109 -1
1701069951.125105 7354 -1
1701069951.125226 54 1
1701069951.125720 929 -1
1701069951.125720 7354 -1
1701069951.125776 54 1
1701069951.126277 2953 -1
1701069951.126443 54 1
1701069951.126567 1234 -1
1701069951.126599 327 -1
1701069951.126611 54 1
1701069951.126641 7354 -1
1701069951.126673 54 1
1701069951.127338 7025 -1
1701069951.127377 54 1
1701069953.240152 226 1
1701069953.240301 227 1
1701069953.243332 60 -1
1701069953.243332 60 -1
1701069953.245510 227 1
1701069953.246004 227 1
1701069953.246475 229 1
1701069953.247157 60 -1
1701069953.247157 60 -1
1701069953.248882 60 -1
1701069953.255519 1200 -1
1701069953.255688 564 -1
1701069953.255688 1234 -1
1701069953.255688 519 -1
1701069953.255731 54 1
1701069953.255804 7379 -1
1701069953.255837 54 1
1701069953.256190 1199 -1
1701069953.256320 562 -1
1701069953.256342 54 1
1701069953.257762 5761 -1
1701069953.257762 5381 -1
1701069953.258415 54 1
1701069953.260307 1233 -1
1701069953.260307 515 -1
1701069953.260361 54 1
1701069953.263214 1514 -1
1701069953.263214 2974 -1
1701069953.263214 7354 -1
1701069953.263214 3278 -1
1701069953.263214 1197 -1
1701069953.263214 572 -1
1701069953.263516 54 1
1701069953.268199 7354 -1
1701069953.268199 4136 -1
1701069953.268315 54 1
1701069953.661025 54 1
1701069953.662457 78 -1
1701069953.662457 60 -1
1701069953.662551 54 1
1701069954.828873 66 1
1701069954.830169 66 -1
1701069954.830287 54 1
1701069954.830932 934 1
1701069954.832583 60 -1
1701069954.832583 318 -1
1701069954.833649 134 1
1701069954.834203 146 1
1701069954.834618 60 -1
1701069954.834687 341 -1
1701069954.834838 581 1
1701069954.834986 228 1
1701069954.835118 60 -1
1701069954.835201 115 -1
1701069954.835201 85 -1
1701069954.835234 54 1
1701069954.835793 60 -1
1701069954.836051 60 -1
1701069954.836131 85 1
1701069954.837026 60 -1
1701069954.839148 228 1
1701069954.839980 226 1
1701069954.840151 228 1
1701069954.840774 60 -1
1701069954.840774 1222 -1
1701069954.840774 534 -1
1701069954.840878 54 1
1701069954.842562 7354 -1
1701069954.842651 54 1
1701069954.843164 4416 -1
1701069954.843245 54 1
1701069954.845460 1230 -1
1701069954.845460 217 -1
1701069954.845460 7354 -1
1701069954.845460 5001 -1
1701069954.845576 54 1
1701069954.845715 1228 -1
1701069954.845740 54 1
1701069954.846349 520 -1
1701069954.846349 9255 -1
1701069954.846408 54 1
1701069954.848408 1176 -1
1701069954.848408 596 -1
1701069954.848408 1228 -1
1701069954.848408 7354 -1
1701069954.848408 1407 -1
1701069954.848408 524 -1
1701069954.848408 7915 -1
1701069954.848532 54 1
1701069958.425710 229 1
1701069958.427672 227 1
1701069958.428231 227 1
1701069958.428740 60 -1
1701069958.432523 1199 -1
1701069958.432523 565 -1
1701069958.432621 54 1
1701069958.433023 7354 -1
1701069958.433085 54 1
1701069958.433379 4114 -1
1701069958.433420 54 1
1701069958.434311 1701 -1
1701069958.434311 7354 -1
1701069958.434381 54 1
1701069958.434564 607 -1
1701069958.434564 1235 -1
1701069958.434600 54 1
1701069958.434643 513 -1
1701069958.434664 54 1
1701069958.434720 5680 -1
1701069958.434774 54 1
1701069958.436928 225 1
1701069958.437054 232 1
1701069958.438483 60 -1
1701069958.442170 1190 -1
1701069958.442170 580 -1
1701069958.442170 7354 -1
1701069958.442289 54 1
1701069958.442425 1152 -1
1701069958.442425 1200 -1
1701069958.442458 54 1
1701069958.442493 396 -1
1701069958.442493 7354 -1
1701069958.442539 54 1
1701069958.443132 2953 -1
1701069958.443157 54 1
1701069960.525719 227 1
1701069960.525873 227 1
1701069960.540316 60 -1
1701069960.540316 1218 -1
1701069960.540316 533 -1
1701069960.540316 7483 -1
1701069960.540316 1175 -1
1701069960.540316 602 -1
1701069960.540316 5473 -1
1701069960.540512 54 1
1701069960.550339 226 1
1701069960.550491 226 1
1701069960.551493 89 1
1701069960.551632 230 1
1701069960.553266 60 -1
1701069960.557602 1202 -1
1701069960.557602 555 -1
1701069960.557602 1194 -1
1701069960.557709 54 1
1701069960.557779 566 -1
1701069960.557799 54 1
1701069960.558151 4766 -1
1701069960.558202 54 1
1701069960.582264 1222 -1
1701069960.582264 531 -1
1701069960.582264 4449 -1
1701069960.582264 7354 -1
1701069960.582264 7354 -1
1701069960.582264 1860 -1
1701069960.582264 4647 -1
1701069960.582264 267 -1
1701069960.582540 66 1
1701069962.139071 230 1
1701069962.139762 227 1
1701069962.139853 227 1
1701069962.140001 227 1
1701069962.141038 227 1
1701069962.141562 60 -1
1701069962.146240 1261 -1
1701069962.146240 481 -1
1701069962.146240 1197 -1
1701069962.146240 7268 -1
1701069962.146364 54 1
1701069962.146713 567 -1
1701069962.146742 7076 -1
1701069962.146787 54 1
1701069962.147335 1235 -1
1701069962.147435 519 -1
1701069962.147454 54 1
1701069962.147500 1172 -1
1701069962.147562 594 -1
1701069962.147579 54 1
1701069962.147614 7354 -1
1701069962.147648 54 1
1701069962.148339 3142 -1
1701069962.148363 54 1
1701069962.148487 7354 -1
1701069962.148526 54 1
1701069962.149100 2083 -1
1701069962.149134 54 1
1701069962.149342 1191 -1
1701069962.149362 54 1
1701069962.149394 584 -1
1701069962.149394 9260 -1
1701069962.149448 54 1
1701069963.702993 54 1
1701069963.705312 78 -1
1701069963.705312 60 -1
1701069963.705368 54 1
1701069963.736432 66 1
1701069963.737409 66 -1
1701069963.737575 54 1
1701069963.738259 870 1
1701069963.739343 60 -1
1701069963.739802 318 -1
1701069963.740519 134 1
1701069963.740875 146 1
1701069963.741465 580 1
1701069963.741556 228 1
1701069963.741602 60 -1
1701069963.741602 341 -1
1701069963.741678 229 1
1701069963.741711 398 1
1701069963.742165 60 -1
1701069963.742165 115 -1
1701069963.742165 85 -1
1701069963.742309 60 -1
1701069963.742367 60 -1
1701069963.742392 85 1
1701069963.742769 60 -1
1701069963.742769 60 -1
1701069963.743268 60 -1
1701069963.748094 1196 -1
1701069963.748094 571 -1
1701069963.748094 7145 -1
1701069963.748635 1231 -1
1701069963.748635 517 -1
1701069963.748635 1233 -1
1701069963.749179 7354 -1
1701069963.749270 1864 -1
1701069963.749420 1200 -1
1701069963.749522 10896 -1
1701069963.750466 561 -1
1701069963.750466 7354 -1
1701069963.751240 1035 -1
1701069963.751240 1176 -1
1701069963.751240 300 -1
1701069963.756237 5894 -1
1701069963.756668 2389 -1
1701069963.763045 54 1
1701069965.384277 228 1
1701069965.388710 229 1
1701069965.388882 226 1
1701069965.389188 229 1
1701069965.389281 227 1
1701069965.390981 60 -1
1701069965.390981 60 -1
1701069965.390981 60 -1
1701069965.390981 60 -1
1701069965.390981 60 -1
1701069965.393090 1230 -1
1701069965.393090 520 -1
1701069965.393090 8586 -1
1701069965.393214 54 1
1701069965.394071 1190 -1
1701069965.394071 1231 -1
1701069965.394071 1042 -1
1701069965.394071 1203 -1
1701069965.394322 54 1
1701069965.394681 4808 -1
1701069965.394681 9765 -1
1701069965.394741 54 1
1701069965.395724 1542 -1
1701069965.395724 8742 -1
1701069965.395786 54 1
1701069965.396121 5829 -1
1701069965.396147 54 1
1701069967.577759 227 1
1701069967.583456 226 1
1701069967.583730 1170 -1
1701069967.583730 611 -1
1701069967.583730 7062 -1
1701069967.583826 54 1
1701069967.586012 228 1
1701069967.586188 227 1
1701069967.587520 60 -1
1701069967.588432 228 1
1701069967.592383 1218 -1
1701069967.592383 540 -1
1701069967.592383 1223 -1
1701069967.592383 530 -1
1701069967.592517 54 1
1701069967.592588 2974 -1
1701069967.592588 7354 -1
1701069967.592658 54 1
1701069967.594097 917 -1
1701069967.594097 8608 -1
1701069967.594097 1711 -1
1701069967.594150 54 1
1701069967.594496 7354 -1
1701069967.594551 54 1
1701069967.594588 1049 -1
1701069967.594616 54 1
1701069967.594718 1201 -1
1701069967.594784 562 -1
1701069967.594807 54 1
1701069967.594842 1514 -1
1701069967.595380 3759 -1
1701069967.595408 54 1
1701069969.209581 229 1
1701069969.211680 227 1
1701069969.211797 226 1
1701069969.213547 227 1
1701069969.213632 228 1
1701069969.216356 60 -1
1701069969.220379 1195 -1
1701069969.220379 569 -1
1701069969.220500 54 1
1701069969.221173 1225 -1
1701069969.221173 9251 -1
1701069969.221252 54 1
1701069969.221302 2234 -1
1701069969.221343 54 1
1701069969.221477 8618 -1
1701069969.221515 54 1
1701069969.222133 9792 -1
1701069969.222211 54 1
1701069969.222839 10761 -1
1701069969.223019 54 1
1701069969.224538 89 1
1701069969.227077 1168 -1
1701069969.227077 609 -1
1701069969.227077 8456 -1
1701069969.227433 54 1
1701069969.266330 60 -1
1701069973.483409 227 1
1701069973.483550 226 1
1701069973.487011 229 1
1701069973.489250 60 -1
1701069973.489250 60 -1
1701069973.489250 60 -1
1701069973.494349 1331 -1
1701069973.494349 421 -1
1701069973.494349 1180 -1
1701069973.494364 228 1
1701069973.494349 11031 -1
1701069973.494492 54 1
1701069973.495124 591 -1
1701069973.495124 1253 -1
1701069973.495124 12590 -1
1701069973.495213 54 1
1701069973.495951 492 -1
1701069973.495951 7354 -1
1701069973.495993 54 1
1701069973.496057 228 1
1701069973.498329 3117 -1
1701069973.498329 60 -1
1701069973.498494 54 1
1701069973.499186 1172 -1
1701069973.499186 594 -1
1701069973.499186 7354 -1
1701069973.499252 54 1
1701069973.499593 2289 -1
1701069973.499616 54 1
1701069973.499792 60 -1
1701069973.503795 1174 -1
1701069973.503795 594 -1
1701069973.503795 7354 -1
1701069973.503795 5244 -1
1701069973.504491 54 1
1701069973.710213 54 1
1701069973.711450 78 -1
1701069973.711450 60 -1
1701069973.711475 54 1
1701069975.654522 66 1
1701069975.655818 66 -1
1701069975.656307 54 1
1701069975.657143 966 1
1701069975.658190 60 -1
1701069975.658960 318 -1
1701069975.660350 134 1
1701069975.660708 146 1
1701069975.661410 582 1
1701069975.661542 257 1
1701069975.661624 259 1
1701069975.661761 229 1
1701069975.661880 226 1
1701069975.662098 60 -1
1701069975.662098 60 -1
1701069975.662581 341 -1
1701069975.662656 115 -1
1701069975.662656 85 -1
1701069975.662680 54 1
1701069975.662763 60 -1
1701069975.662763 60 -1
1701069975.662763 60 -1
1701069975.662763 60 -1
1701069975.662829 60 -1
1701069975.663189 85 1
1701069975.668503 1200 -1
1701069975.668503 564 -1
1701069975.668503 7354 -1
1701069975.668503 4257 -1
1701069975.668656 54 1
1701069975.669717 1202 -1
1701069975.669717 557 -1
1701069975.669717 1172 -1
1701069975.669717 5894 -1
1701069975.669717 3029 -1
1701069975.669717 575 -1
1701069975.669717 7354 -1
1701069975.669831 54 1
1701069975.670326 9160 -1
1701069975.670373 54 1
1701069975.670614 7354 -1
1701069975.670648 54 1
1701069975.671299 7354 -1
1701069975.671339 54 1
1701069975.671797 1891 -1
1701069975.671836 54 1
1701069975.671968 1514 -1
1701069975.671992 54 1
1701069975.672373 7354 -1
1701069975.672419 54 1
1701069975.673164 7354 -1
1701069975.673199 54 1
1701069975.674507 7354 -1
1701069975.674557 54 1
1701069975.682350 7354 -1
1701069975.682350 7354 -1
1701069975.682350 7354 -1
1701069975.682350 7354 -1
1701069975.682350 7354 -1
1701069975.682350 5894 -1
1701069975.682350 2974 -1
1701069975.682350 7354 -1
1701069975.682350 7354 -1
1701069975.682350 7354 -1
1701069975.682350 7354 -1
1701069975.684655 54 1
1701069975.684860 7354 -1
1701069975.684860 7354 -1
1701069975.684860 1514 -1
1701069975.684860 1514 -1
1701069975.684860 7354 -1
1701069975.684860 7354 -1
1701069975.684860 7354 -1
1701069975.684860 7354 -1
1701069975.685085 54 1
1701069975.685160 7354 -1
1701069975.685160 7354 -1
1701069975.685231 54 1
1701069975.706568 5894 -1
1701069975.706568 7354 -1
1701069975.706568 7354 -1
1701069975.706568 7354 -1
1701069975.706568 7354 -1
1701069975.706568 7354 -1
1701069975.706568 7354 -1
1701069975.706568 7354 -1
1701069975.706568 7354 -1
1701069975.706568 7354 -1
1701069975.706568 2974 -1
1701069975.706568 2974 -1
1701069975.706568 4434 -1
1701069975.706568 7354 -1
1701069975.706568 2974 -1
1701069975.706568 7354 -1
1701069975.706568 7354 -1
1701069975.706568 7354 -1
1701069975.706568 7354 -1
1701069975.706568 2974 -1
1701069975.706568 7354 -1
1701069975.706568 7354 -1
1701069975.706568 7354 -1
1701069975.706568 7354 -1
1701069975.706568 7354 -1
1701069975.706568 2974 -1
1701069975.707840 54 1
1701069975.708402 7354 -1
1701069975.708402 996 -1
1701069975.708465 54 1
1701069975.710739 54 1
1701069977.303553 225 1
1701069977.304742 257 1
1701069977.305196 60 -1
1701069977.306231 226 1
1701069977.306276 60 -1
1701069977.306972 259 1
1701069977.307148 60 -1
1701069977.307274 227 1
1701069977.308243 60 -1
1701069977.310108 60 -1
1701069977.312871 1210 -1
1701069977.312871 459 -1
1701069977.312871 1266 -1
1701069977.312871 467 -1
1701069977.313083 54 1
1701069977.313595 7354 -1
1701069977.313636 54 1
1701069977.313818 2953 -1
1701069977.313856 54 1
1701069977.314532 7354 -1
1701069977.314589 54 1
1701069977.315672 7354 -1
1701069977.315672 1860 -1
1701069977.315672 7354 -1
1701069977.315774 54 1
1701069977.317194 7354 -1
1701069977.317194 1891 -1
1701069977.317194 4434 -1
1701069977.317275 54 1
1701069977.326786 7354 -1
1701069977.326786 4842 -1
1701069977.326786 43854 -1
1701069977.326786 5534 -1
1701069977.326786 7354 -1
1701069977.326786 7354 -1
1701069977.326786 7354 -1
1701069977.326786 7354 -1
1701069977.326786 7354 -1
1701069977.326786 7354 -1
1701069977.326786 7354 -1
1701069977.326786 7354 -1
1701069977.327751 54 1
1701069977.327779 54 1
1701069977.327861 5894 -1
1701069977.327861 1514 -1
1701069977.327917 54 1
1701069977.327997 7354 -1
1701069977.328028 54 1
1701069977.328402 54 1
1701069977.333432 1514 -1
1701069977.333432 7354 -1
1701069977.333432 7354 -1
1701069977.333432 2974 -1
1701069977.333432 2427 -1
1701069977.333432 7354 -1
1701069977.333432 4289 -1
1701069977.333432 7354 -1
1701069977.333432 7354 -1
1701069977.333432 7354 -1
1701069977.333432 7354 -1
1701069977.333857 54 1
1701069977.334331 7354 -1
1701069977.334331 7354 -1
1701069977.334387 54 1
1701069977.334818 7354 -1
1701069977.334852 54 1
1701069977.335410 1547 -1
1701069977.335435 54 1
1701069977.335556 2974 -1
1701069977.335572 54 1
1701069977.335915 2718 -1
1701069977.335936 54 1
1701069977.336103 7354 -1
1701069977.336140 54 1
1701069977.336630 7354 -1
1701069977.336659 54 1
1701069977.337193 7354 -1
1701069977.337235 54 1
1701069977.338620 7354 -1
1701069977.338620 7354 -1
1701069977.338688 54 1
1701069977.339318 777 -1
1701069977.339318 1514 -1
1701069977.339318 7354 -1
1701069977.339368 54 1
1701069977.339816 7354 -1
1701069977.339849 54 1
1701069977.341318 7464 -1
1701069977.341366 54 1
1701069978.936115 229 1
1701069978.936517 229 1
1701069978.936675 227 1
1701069978.937447 60 -1
1701069978.938613 225 1
1701069978.938722 227 1
1701069978.938855 60 -1
1701069978.938855 60 -1
1701069978.940095 60 -1
1701069978.940095 60 -1
1701069978.943109 1207 -1
1701069978.943109 554 -1
1701069978.943109 1193 -1
1701069978.943109 576 -1
1701069978.943109 7354 -1
1701069978.943270 54 1
1701069978.943607 2235 -1
1701069978.943607 11734 -1
1701069978.943674 54 1
1701069978.944457 4780 -1
1701069978.944500 54 1
1701069978.944784 179 -1
1701069978.944810 54 1
1701069978.945508 1164 -1
1701069978.945508 392 -1
1701069978.945508 1258 -1
1701069978.945508 4157 -1
1701069978.945562 54 1
1701069978.945673 482 -1
1701069978.945824 1198 -1
1701069978.945848 54 1
1701069978.946541 381 -1
1701069978.946541 2974 -1
1701069978.946753 54 1
1701069978.947208 1442 -1
1701069978.947208 7354 -1
1701069978.947208 2953 -1
1701069978.947280 54 1
1701069981.151021 228 1
1701069981.151124 229 1
1701069981.151248 227 1
1701069981.151495 229 1
1701069981.151553 227 1
1701069981.153831 60 -1
1701069981.157319 1239 -1
1701069981.157319 512 -1
1701069981.157319 1236 -1
1701069981.157430 54 1
1701069981.157596 517 -1
1701069981.157596 1195 -1
1701069981.157596 3860 -1
1701069981.157653 54 1
1701069981.157720 1234 -1
1701069981.157788 6272 -1
1701069981.157842 54 1
1701069981.158302 554 -1
1701069981.158356 7266 -1
1701069981.158403 54 1
1701069981.158944 7354 -1
1701069981.159007 54 1
1701069981.159560 4434 -1
1701069981.159609 54 1
1701069981.159894 60 -1
1701069981.159894 1315 -1
1701069981.159934 54 1
1701069981.162438 89 1
1701069981.164415 6732 -1
1701069981.164529 54 1
1701069981.208380 60 -1
1701069982.762454 227 1
1701069982.763587 228 1
1701069982.763714 227 1
1701069982.763784 225 1
1701069982.763960 226 1
1701069982.769451 60 -1
1701069982.769451 1198 -1
1701069982.769451 491 -1
1701069982.769451 12301 -1
1701069982.769652 54 1
1701069982.770490 60 -1
1701069982.770490 60 -1
1701069982.770490 60 -1
1701069982.770490 60 -1
1701069982.780088 1233 -1
1701069982.780088 520 -1
1701069982.780088 1201 -1
1701069982.780088 5168 -1
1701069982.780088 569 -1
1701069982.780088 7459 -1
1701069982.780088 1201 -1
1701069982.780088 555 -1
1701069982.780088 1514 -1
1701069982.780088 7354 -1
1701069982.780088 4990 -1
1701069982.780088 1194 -1
1701069982.780088 561 -1
1701069982.780088 7354 -1
1701069982.780088 3992 -1
1701069982.780409 54 1
1701069983.720679 54 1
1701069983.721721 78 -1
1701069983.721721 60 -1
1701069983.721769 54 1
1701069984.366106 66 1
1701069984.373517 66 -1
1701069984.373676 54 1
1701069984.374311 934 1
1701069984.376572 60 -1
1701069984.376957 318 -1
1701069984.377696 134 1
1701069984.378489 146 1
1701069984.379043 581 1
1701069984.379193 227 1
1701069984.379272 225 1
1701069984.379366 230 1
1701069984.379470 227 1
1701069984.380670 60 -1
1701069984.380670 60 -1
1701069984.380670 60 -1
1701069984.380670 60 -1
1701069984.380670 60 -1
1701069984.380670 60 -1
1701069984.380670 60 -1
1701069984.380670 341 -1
1701069984.382743 115 -1
1701069984.382791 54 1
1701069984.382849 85 -1
1701069984.383132 85 1
1701069984.384487 1232 -1
1701069984.384537 54 1
1701069984.384580 516 -1
1701069984.384580 7354 -1
1701069984.384635 54 1
1701069984.387461 1451 -1
1701069984.387461 1186 -1
1701069984.387461 9355 -1
1701069984.387461 1252 -1
1701069984.387612 54 1
1701069984.387768 498 -1
1701069984.387768 1233 -1
1701069984.387768 1210 -1
1701069984.387768 5894 -1
1701069984.387768 6709 -1
1701069984.387768 545 -1
1701069984.387768 517 -1
1701069984.387768 5264 -1
1701069984.387867 54 1
1701069984.387917 5394 -1
1701069984.387958 54 1
1701069989.113224 228 1
1701069989.114896 227 1
1701069989.116520 60 -1
1701069989.116520 60 -1
1701069989.124870 228 1
1701069989.124953 226 1
1701069989.125065 229 1
1701069989.126021 1220 -1
1701069989.126021 538 -1
1701069989.126021 6733 -1
1701069989.126021 522 -1
1701069989.126021 1226 -1
1701069989.126021 7354 -1
1701069989.126021 1144 -1
1701069989.126366 66 1
1701069989.126442 54 1
1701069989.126487 54 1
1701069989.126895 60 -1
1701069989.132903 1262 -1
1701069989.132903 475 -1
1701069989.132903 10638 -1
1701069989.132903 1209 -1
1701069989.132903 286 -1
1701069989.132903 6181 -1
1701069989.132903 1207 -1
1701069989.132903 592 -1
1701069989.132903 7354 -1
1701069989.133235 54 1
1701069989.133754 5358 -1
1701069989.133799 54 1
1701069991.350831 227 1
1701069991.350923 229 1
1701069991.353096 228 1
1701069991.353243 229 1
1701069991.353336 227 1
1701069991.354346 60 -1
1701069991.356565 1148 -1
1701069991.356565 671 -1
1701069991.356640 54 1
1701069991.356697 6932 -1
1701069991.356749 54 1
1701069991.357659 1198 -1
1701069991.357659 567 -1
1701069991.357708 54 1
1701069991.357803 1251 -1
1701069991.357803 488 -1
1701069991.357803 1193 -1
1701069991.357851 54 1
1701069991.357906 10256 -1
1701069991.357941 54 1
1701069991.358699 572 -1
1701069991.358699 1243 -1
1701069991.358727 54 1
1701069991.358816 7354 -1
1701069991.358847 54 1
1701069991.359598 7354 -1
1701069991.359635 54 1
1701069991.366103 89 1
1701069991.367653 1860 -1
1701069991.367653 7354 -1
1701069991.367653 7354 -1
1701069991.367653 2560 -1
1701069991.367929 54 1
1701069991.370621 1100 -1
1701069991.370662 66 1
1701069991.410699 60 -1
1701069992.947283 229 1
1701069992.948503 232 1
1701069992.948911 60 -1
1701069992.949569 60 -1
1701069992.949799 226 1
1701069992.950817 60 -1
1701069992.953954 226 1
1701069992.954356 226 1
1701069992.955375 1258 -1
1701069992.955375 60 -1
1701069992.955375 314 -1
1701069992.955375 60 -1
1701069992.955465 54 1
1701069992.957550 7354 -1
1701069992.957620 54 1
1701069992.961683 929 -1
1701069992.961683 1232 -1
1701069992.961683 515 -1
1701069992.961683 1200 -1
1701069992.961683 557 -1
1701069992.961683 2974 -1
1701069992.961683 7354 -1
1701069992.961683 4208 -1
1701069992.961683 7354 -1
1701069992.961683 3534 -1
1701069992.961907 54 1
1701069992.962110 1695 -1
1701069992.962110 7354 -1
1701069992.962140 54 1
1701069992.965915 4099 -1
1701069992.965915 1207 -1
1701069992.965915 552 -1
1701069992.965915 9489 -1
1701069992.966076 54 1
1701069993.742248 54 1
1701069993.743419 78 -1
1701069993.743419 60 -1
1701069993.743456 54 1
1701069994.612466 66 1
1701069994.618262 66 -1
1701069994.618550 54 1
1701069994.619712 902 1
1701069994.620683 60 -1
1701069994.621408 318 -1
1701069994.624985 134 1
1701069994.626060 60 -1
1701069994.626060 341 -1
1701069994.627093 146 1
1701069994.628050 583 1
1701069994.628140 226 1
1701069994.628244 229 1
1701069994.628335 227 1
1701069994.628424 225 1
1701069994.628625 60 -1
1701069994.628625 115 -1
1701069994.628625 85 -1
1701069994.628699 54 1
1701069994.628928 85 1
1701069994.629023 60 -1
1701069994.629023 60 -1
1701069994.629063 60 -1
1701069994.629380 60 -1
1701069994.629380 60 -1
1701069994.629860 60 -1
1701069994.633848 1225 -1
1701069994.633848 527 -1
1701069994.633940 54 1
1701069994.634203 7354 -1
1701069994.634245 54 1
1701069994.634493 1413 -1
1701069994.634515 54 1
1701069994.635623 1178 -1
1701069994.635623 595 -1
1701069994.635686 54 1
1701069994.635770 1167 -1
1701069994.635770 2974 -1
1701069994.635794 54 1
1701069994.635969 5672 -1
1701069994.635999 54 1
1701069994.636419 609 -1
1701069994.636439 54 1
1701069994.636476 1199 -1
1701069994.636559 5635 -1
1701069994.636579 54 1
1701069994.637094 564 -1
1701069994.637094 7354 -1
1701069994.637143 54 1
1701069994.637711 7354 -1
1701069994.637754 54 1
1701069994.638292 562 -1
1701069994.638328 1210 -1
1701069994.638348 54 1
1701069994.638416 554 -1
1701069994.638466 7354 -1
1701069994.638514 54 1
1701069994.639094 1299 -1
1701069994.681487 54 1
1701069996.759383 226 1
1701069996.759556 226 1
1701069996.759697 227 1
1701069996.759824 227 1
1701069996.759976 225 1
1701069996.779813 60 -1
1701069996.779813 1255 -1
1701069996.779813 1231 -1
1701069996.779813 520 -1
1701069996.779813 486 -1
1701069996.779813 1199 -1
1701069996.779813 6385 -1
1701069996.779813 2974 -1
1701069996.779813 6871 -1
1701069996.779813 564 -1
1701069996.779813 1217 -1
1701069996.779813 543 -1
1701069996.779813 16399 -1
1701069996.779813 10544 -1
1701069996.779813 1200 -1
1701069996.779813 561 -1
1701069996.779813 7354 -1
1701069996.779813 7259 -1
1701069996.780265 54 1
1701069998.373319 228 1
1701069998.375382 231 1
1701069998.375862 226 1
1701069998.376942 60 -1
1701069998.379823 227 1
1701069998.379963 228 1
1701069998.380640 1203 -1
1701069998.380640 316 -1
1701069998.380722 54 1
1701069998.380976 1514 -1
1701069998.380976 2697 -1
1701069998.380976 1202 -1
1701069998.381020 54 1
1701069998.381060 558 -1
1701069998.381629 2974 -1
1701069998.381629 5387 -1
1701069998.381699 54 1
1701069998.384486 1229 -1
1701069998.384486 528 -1
1701069998.384486 5553 -1
1701069998.384555 54 1
1701069998.384938 1177 -1
1701069998.384938 597 -1
1701069998.384968 54 1
1701069998.385058 6968 -1
1701069998.385091 54 1
1701069998.385585 1234 -1
1701069998.385585 523 -1
1701069998.385618 54 1
1701069998.385854 7354 -1
1701069998.385888 54 1
1701069998.386252 2392 -1
1701069998.386276 54 1
1701069999.978717 227 1
1701069999.979352 229 1
1701069999.979418 228 1
1701069999.979488 226 1
1701069999.979579 227 1
1701069999.984347 60 -1
1701070000.001193 1231 -1
1701070000.001193 522 -1
1701070000.001193 1163 -1
1701070000.001193 6522 -1
1701070000.001193 2261 -1
1701070000.001193 6320 -1
1701070000.001193 7354 -1
1701070000.001193 2569 -1
1701070000.001193 1228 -1
1701070000.001193 11601 -1
1701070000.001193 7793 -1
1701070000.001193 493 -1
1701070000.001432 66 1
1701070000.008472 89 1
1701070000.050085 60 -1
1701070003.774416 54 1
1701070003.775701 78 -1
1701070003.775701 60 -1
1701070003.775756 54 1
1701070005.085202 66 1
1701070005.086426 66 -1
1701070005.086529 54 1
1701070005.086981 902 1
1701070005.087912 60 -1
1701070005.088491 318 -1
1701070005.089016 134 1
1701070005.089471 146 1
1701070005.089850 583 1
1701070005.089944 227 1
1701070005.093837 225 1
1701070005.093958 227 1
1701070005.094248 228 1
1701070005.097092 60 -1
1701070005.097092 60 -1
1701070005.097092 60 -1
1701070005.097092 60 -1
1701070005.097092 60 -1
1701070005.097092 341 -1
1701070005.098367 115 -1
1701070005.098367 85 -1
1701070005.098449 54 1
1701070005.098939 85 1
1701070005.100643 60 -1
1701070005.100643 1229 -1
1701070005.100643 520 -1
1701070005.100643 1202 -1
1701070005.100736 54 1
1701070005.100787 7354 -1
1701070005.100836 54 1
1701070005.101318 4050 -1
1701070005.101359 54 1
1701070005.101791 558 -1
1701070005.101816 54 1
1701070005.101902 1197 -1
1701070005.103545 573 -1
1701070005.103597 54 1
1701070005.103641 7354 -1
1701070005.103672 54 1
1701070005.103721 5612 -1
1701070005.103721 1194 -1
1701070005.103721 8855 -1
1701070005.103793 54 1
1701070005.109392 577 -1
1701070005.109392 4850 -1
1701070005.109392 1194 -1
1701070005.109392 343 -1
1701070005.109392 4157 -1
1701070005.109504 54 1
1701070007.253565 226 1
1701070007.254023 229 1
1701070007.254450 230 1
1701070007.254545 60 -1
1701070007.254928 60 -1
1701070007.254959 226 1
1701070007.255455 60 -1
1701070007.255549 227 1
1701070007.255910 60 -1
1701070007.256435 60 -1
1701070007.260006 1204 -1
1701070007.260006 559 -1
1701070007.260070 54 1
1701070007.260146 7354 -1
1701070007.260385 54 1
1701070007.260569 2414 -1
1701070007.260602 54 1
1701070007.260779 1234 -1
1701070007.260805 54 1
1701070007.260886 1578 -1
1701070007.260912 54 1
1701070007.260983 7354 -1
1701070007.261019 54 1
1701070007.261582 7354 -1
1701070007.261613 54 1
1701070007.262421 237 -1
1701070007.262421 7354 -1
1701070007.262473 54 1
1701070007.262826 3920 -1
1701070007.262866 54 1
1701070007.263131 1189 -1
1701070007.263161 54 1
1701070007.263462 414 -1
1701070007.263462 6181 -1
1701070007.263500 54 1
1701070007.263845 1250 -1
1701070007.263883 494 -1
1701070007.263906 54 1
1701070007.263941 5894 -1
1701070007.263969 54 1
1701070007.264393 1485 -1
1701070007.318384 54 1
1701070008.886572 226 1
1701070008.887961 225 1
1701070008.888096 228 1
1701070008.888908 227 1
1701070008.890693 60 -1
1701070008.892758 227 1
1701070008.893433 1207 -1
1701070008.893433 439 -1
1701070008.893433 1206 -1
1701070008.893433 556 -1
1701070008.893527 54 1
1701070008.893692 7354 -1
1701070008.893745 54 1
1701070008.896971 5001 -1
1701070008.896971 2812 -1
1701070008.896971 1714 -1
1701070008.896971 7354 -1
1701070008.896971 9160 -1
1701070008.896971 1087 -1
1701070008.896971 1212 -1
1701070008.896971 548 -1
1701070008.896971 7354 -1
1701070008.897362 54 1
1701070008.897615 1687 -1
1701070008.897641 54 1
1701070008.897765 1229 -1
1701070008.897765 525 -1
1701070008.897765 7354 -1
1701070008.897818 54 1
1701070008.898584 7354 -1
1701070008.898620 54 1
1701070008.898871 1137 -1
1701070008.898894 54 1
1701070010.542548 226 1
1701070010.543270 230 1
1701070010.543388 230 1
1701070010.543479 260 1
1701070010.543567 227 1
1701070010.544536 60 -1
1701070010.550611 1173 -1
1701070010.550611 606 -1
1701070010.550611 1193 -1
1701070010.550611 572 -1
1701070010.550707 54 1
1701070010.550761 1176 -1
1701070010.550761 7528 -1
1701070010.550800 54 1
1701070010.551086 594 -1
1701070010.551107 54 1
1701070010.551167 4672 -1
1701070010.551214 54 1
1701070010.551509 4872 -1
1701070010.551534 54 1
1701070010.551916 1669 -1
1701070010.551934 54 1
1701070010.552062 14654 -1
1701070010.552146 54 1
1701070010.553475 1860 -1
1701070010.553475 14654 -1
1701070010.553547 54 1
1701070010.554707 1891 -1
1701070010.554737 54 1
1701070010.554925 7354 -1
1701070010.554960 54 1
1701070010.555084 89 1
1701070010.555486 7354 -1
1701070010.555528 54 1
1701070010.556124 1922 -1
1701070010.556153 54 1
1701070010.556240 7354 -1
1701070010.556280 54 1
1701070010.556834 7354 -1
1701070010.556877 54 1
1701070010.558631 7354 -1
1701070010.558631 4434 -1
1701070010.558631 23054 -1
1701070010.558788 54 1
1701070010.560801 85 -1
1701070010.560801 7354 -1
1701070010.560882 54 1
1701070010.560977 7354 -1
1701070010.561022 54 1
1701070010.561534 5362 -1
1701070010.561578 54 1
1701070010.562001 7354 -1
1701070010.562052 54 1
1701070010.562610 148 -1
1701070010.562648 54 1
1701070010.596168 60 -1
1701070012.751881 227 1
1701070012.751985 227 1
1701070012.752098 226 1
1701070012.752850 228 1
1701070012.753825 227 1
1701070012.756608 60 -1
1701070012.757017 1209 -1
1701070012.757017 546 -1
1701070012.757017 5834 -1
1701070012.757122 54 1
1701070012.757580 60 -1
1701070012.757580 60 -1
1701070012.757580 60 -1
1701070012.757580 60 -1
1701070012.761185 1209 -1
1701070012.761185 554 -1
1701070012.761185 1235 -1
1701070012.761185 8312 -1
1701070012.761473 54 1
1701070012.761860 516 -1
1701070012.761884 54 1
1701070012.763119 1230 -1
1701070012.763119 4679 -1
1701070012.763119 524 -1
1701070012.763119 7354 -1
1701070012.763119 411 -1
1701070012.763119 1229 -1
1701070012.763119 521 -1
1701070012.763453 54 1
1701070012.763509 7354 -1
1701070012.763548 54 1
1701070012.764019 2415 -1
1701070012.764043 54 1
1701070013.820848 54 1
1701070013.822775 78 -1
1701070013.822775 60 -1
1701070013.822824 54 1
1701070014.423069 66 1
1701070014.432905 66 -1
1701070014.433159 54 1
1701070014.434296 902 1
1701070014.439609 60 -1
1701070014.439609 318 -1
1701070014.440637 134 1
1701070014.441130 146 1
1701070014.441686 60 -1
1701070014.441811 341 -1
1701070014.441902 582 1
1701070014.441973 226 1
1701070014.442067 226 1
1701070014.442120 60 -1
1701070014.442120 115 -1
1701070014.442120 85 -1
1701070014.442155 226 1
1701070014.442190 54 1
1701070014.442276 231 1
1701070014.442480 85 1
1701070014.442866 60 -1
1701070014.442909 60 -1
1701070014.443053 60 -1
1701070014.443053 60 -1
1701070014.443139 60 -1
1701070014.443436 60 -1
1701070014.447632 1226 -1
1701070014.447632 529 -1
1701070014.447747 54 1
1701070014.447830 6743 -1
1701070014.447885 54 1
1701070014.448943 1209 -1
1701070014.448978 54 1
1701070014.449084 553 -1
1701070014.449084 1205 -1
1701070014.449084 7354 -1
1701070014.449168 54 1
1701070014.449630 987 -1
1701070014.449671 54 1
1701070014.449724 5894 -1
1701070014.449758 54 1
1701070014.450346 60 -1
1701070014.450346 1203 -1
1701070014.450390 54 1
1701070014.450439 563 -1
1701070014.450439 7265 -1
1701070014.450474 54 1
1701070014.451722 1209 -1
1701070014.451722 555 -1
1701070014.451766 54 1
1701070014.451955 6672 -1
1701070014.451980 54 1
1701070016.094119 228 1
1701070016.097921 227 1
1701070016.098670 227 1
1701070016.098795 60 -1
1701070016.099906 227 1
1701070016.100013 227 1
1701070016.100226 60 -1
1701070016.100226 60 -1
1701070016.100226 1188 -1
1701070016.100226 580 -1
1701070016.100543 54 1
1701070016.101883 6356 -1
1701070016.101927 54 1
1701070016.103612 1229 -1
1701070016.103612 519 -1
1701070016.103646 54 1
1701070016.104366 6523 -1
1701070016.104408 54 1
1701070016.104855 1184 -1
1701070016.104855 583 -1
1701070016.104855 7510 -1
1701070016.104910 54 1
1701070016.105440 1236 -1
1701070016.105678 518 -1
1701070016.105678 4191 -1
1701070016.105719 54 1
1701070016.108548 1249 -1
1701070016.108548 504 -1
1701070016.108548 2911 -1
1701070016.108642 54 1
1701070022.925447 228 1
1701070022.931297 1222 -1
1701070022.931297 526 -1
1701070022.931297 7354 -1
1701070022.931435 54 1
1701070022.932959 229 1
1701070022.933070 227 1
1701070022.933135 229 1
1701070022.933213 226 1
1701070022.933711 1855 -1
1701070022.933759 54 1
1701070022.933767 89 1
1701070022.934633 60 -1
1701070022.938746 1230 -1
1701070022.938746 1234 -1
1701070022.938843 54 1
1701070022.938942 1178 -1
1701070022.938942 590 -1
1701070022.938942 1233 -1
1701070022.938967 54 1
1701070022.939020 522 -1
1701070022.939020 7354 -1
1701070022.939044 54 1
1701070022.939614 3145 -1
1701070022.939634 54 1
1701070022.939894 265 -1
1701070022.939894 7354 -1
1701070022.939971 54 1
1701070022.944470 1387 -1
1701070022.944470 7354 -1
1701070022.944470 3423 -1
1701070022.944470 7354 -1
1701070022.944470 2343 -1
1701070022.944574 54 1
1701070023.591855 54 1
