1701071150.264964 66 1
1701071150.282498 66 -1
1701071150.282696 54 1
1701071150.294476 572 1
1701071150.299051 60 -1
1701071150.307235 2974 -1
1701071150.307278 54 1
1701071150.308248 958 -1
1701071150.350593 134 1
1701071150.351597 60 -1
1701071150.352596 341 -1
1701071150.352596 341 -1
1701071150.352640 54 1
1701071150.430111 146 1
1701071150.431454 60 -1
1701071150.432001 115 -1
1701071150.432001 85 -1
1701071150.432048 54 1
1701071150.446780 614 1
1701071150.446926 228 1
1701071150.447671 60 -1
1701071150.447798 60 -1
1701071150.450395 85 1
1701071150.451306 60 -1
1701071150.457685 1197 -1
1701071150.457796 493 -1
1701071150.457796 10253 -1
1701071150.457854 54 1
1701071150.467351 1311 -1
1701071150.467351 409 -1
1701071150.467351 16114 -1
1701071150.467497 54 1
1701071150.468701 400 -1
1701071150.468701 7354 -1
1701071150.468751 54 1
1701071150.470147 5894 -1
1701071150.470201 54 1
1701071150.471316 3351 -1
1701071150.471350 54 1
1701071150.471548 85 -1
1701071150.471548 7354 -1
1701071150.471605 54 1
1701071150.473116 7354 -1
1701071150.473166 54 1
1701071150.473487 7354 -1
1701071150.473522 54 1
1701071150.483438 7354 -1
1701071150.483438 7354 -1
1701071150.483438 4434 -1
1701071150.483438 7354 -1
1701071150.483438 1514 -1
1701071150.483438 7354 -1
1701071150.483438 5894 -1
1701071150.483438 5894 -1
1701071150.483438 7354 -1
1701071150.483438 2974 -1
1701071150.483438 17574 -1
1701071150.483438 8814 -1
1701071150.483438 2974 -1
1701071150.483438 7354 -1
1701071150.483438 1514 -1
1701071150.483438 7354 -1
1701071150.483979 54 1
1701071150.484107 1514 -1
1701071150.484107 7354 -1
1701071150.484176 54 1
1701071150.484273 54 1
1701071150.486126 7354 -1
1701071150.486126 7354 -1
1701071150.486277 54 1
1701071150.486679 7354 -1
1701071150.486747 54 1
1701071150.494141 7354 -1
1701071150.494141 7354 -1
1701071150.494141 14654 -1
1701071150.494141 7354 -1
1701071150.494141 7354 -1
1701071150.494433 54 1
1701071150.497034 54 1
1701071150.497310 54 1
1701071150.499787 29254 -1
1701071150.499961 54 1
1701071150.501210 5894 -1
1701071150.501210 7354 -1
1701071150.501542 54 1
1701071150.502241 7354 -1
1701071150.502339 54 1
1701071150.503880 7354 -1
1701071150.503964 54 1
1701071150.504985 7354 -1
1701071150.505087 54 1
1701071150.505677 7354 -1
1701071150.505782 54 1
1701071150.506894 14654 -1
1701071150.507021 54 1
1701071150.509883 7354 -1
1701071150.510001 54 1
1701071150.510827 5894 -1
1701071150.510860 54 1
1701071150.511932 7354 -1
1701071150.512010 54 1
1701071150.513205 7354 -1
1701071150.513272 54 1
1701071150.514701 7354 -1
1701071150.514799 54 1
1701071150.516197 7354 -1
1701071150.516271 54 1
1701071150.517315 29254 -1
1701071150.517491 54 1
1701071150.517709 54 1
1701071150.521808 54 1
1701071150.524551 5894 -1
1701071150.524551 7354 -1
1701071150.524551 7354 -1
1701071150.524643 54 1
1701071150.525185 7354 -1
1701071150.525232 54 1
1701071150.526648 7354 -1
1701071150.526693 54 1
1701071150.527217 1514 -1
1701071150.527952 7354 -1
1701071150.528003 54 1
1701071150.529163 2862 -1
1701071150.529201 54 1
1701071150.529580 2952 -1
1701071150.529628 54 1
1701071150.542423 54 1
1701071150.549481 54 1
1701071150.632977 204 1
1701071150.645381 1052 -1
1701071150.645482 742 -1
1701071150.645512 54 1
1701071150.646697 7354 -1
1701071150.646697 1514 -1
1701071150.646697 7354 -1
1701071150.646802 54 1
1701071150.647913 400 -1
1701071150.647913 7354 -1
1701071150.647962 54 1
1701071150.648636 2974 -1
1701071150.648671 54 1
1701071150.649584 6271 -1
1701071150.649634 54 1
1701071150.650265 7354 -1
1701071150.650332 54 1
1701071150.651710 7354 -1
1701071150.651757 54 1
1701071150.654798 1922 -1
1701071150.654798 7354 -1
1701071150.654798 7354 -1
1701071150.654940 54 1
1701071150.655654 7354 -1
1701071150.655717 54 1
1701071150.656790 7354 -1
1701071150.656887 54 1
1701071150.658544 14654 -1
1701071150.658701 54 1
1701071150.669568 2974 -1
1701071150.669568 7354 -1
1701071150.669568 4434 -1
1701071150.669568 29254 -1
1701071150.669568 21954 -1
1701071150.669903 54 1
1701071150.672536 7354 -1
1701071150.672621 54 1
1701071150.672753 7354 -1
1701071150.672803 54 1
1701071150.678607 7354 -1
1701071150.678607 14654 -1
1701071150.678607 5894 -1
1701071150.678607 7354 -1
1701071150.678777 54 1
1701071150.680850 7354 -1
1701071150.680850 7354 -1
1701071150.680928 54 1
1701071150.682484 6809 -1
1701071150.682551 54 1
1701071150.711565 54 1
1701071151.049160 204 1
1701071151.075016 1102 -1
1701071151.075016 417 -1
1701071151.075125 54 1
1701071151.076588 7354 -1
1701071151.076588 2974 -1
1701071151.076588 6240 -1
1701071151.076691 54 1
1701071151.080396 2974 -1
1701071151.080396 7354 -1
1701071151.080396 7354 -1
1701071151.080396 2974 -1
1701071151.080396 7354 -1
1701071151.080396 2974 -1
1701071151.080396 7354 -1
1701071151.080396 2974 -1
1701071151.080633 54 1
1701071151.091793 7354 -1
1701071151.091793 2974 -1
1701071151.091793 7354 -1
1701071151.091793 2974 -1
1701071151.091793 7354 -1
1701071151.091793 2974 -1
1701071151.091793 7354 -1
1701071151.091793 2974 -1
1701071151.091793 7354 -1
1701071151.091793 2974 -1
1701071151.091793 2974 -1
1701071151.091793 7354 -1
1701071151.091793 2974 -1
1701071151.091793 7354 -1
1701071151.091793 2974 -1
1701071151.091793 7354 -1
1701071151.091793 2974 -1
1701071151.091793 7354 -1
1701071151.091793 2974 -1
1701071151.091793 2974 -1
1701071151.091793 7354 -1
1701071151.091793 5161 -1
1701071151.092339 54 1
1701071151.093162 54 1
1701071151.170093 200 1
1701071151.195060 1109 -1
1701071151.195060 667 -1
1701071151.195060 7354 -1
1701071151.195060 2974 -1
1701071151.195060 4434 -1
1701071151.195060 1860 -1
1701071151.195060 85 -1
1701071151.195060 7354 -1
1701071151.195060 2974 -1
1701071151.195387 54 1
1701071151.195515 7354 -1
1701071151.195561 54 1
1701071151.195768 2974 -1
1701071151.195798 54 1
1701071151.196849 7354 -1
1701071151.196849 2974 -1
1701071151.196908 54 1
1701071151.197327 2974 -1
1701071151.197358 54 1
1701071151.197398 7354 -1
1701071151.197437 54 1
1701071151.198287 7354 -1
1701071151.198362 54 1
1701071151.198715 2974 -1
1701071151.198750 54 1
1701071151.199166 7354 -1
1701071151.199233 54 1
1701071151.210030 2974 -1
1701071151.210030 7354 -1
1701071151.210030 2974 -1
1701071151.210030 7354 -1
1701071151.210030 1514 -1
1701071151.210030 1514 -1
1701071151.210030 7354 -1
1701071151.210030 2974 -1
1701071151.210030 2974 -1
1701071151.210030 7354 -1
1701071151.210030 2974 -1
1701071151.210030 7354 -1
1701071151.210030 2974 -1
1701071151.210030 7354 -1
1701071151.210030 2974 -1
1701071151.210030 7354 -1
1701071151.210030 2974 -1
1701071151.210030 7354 -1
1701071151.210030 2974 -1
1701071151.210030 7354 -1
1701071151.210030 2974 -1
1701071151.210030 2974 -1
1701071151.210030 7354 -1
1701071151.210030 2974 -1
1701071151.210649 54 1
1701071151.210894 4434 -1
1701071151.210894 5894 -1
1701071151.210954 54 1
1701071151.213822 7354 -1
1701071151.213822 2974 -1
1701071151.213822 7354 -1
1701071151.213822 2974 -1
1701071151.213822 7354 -1
1701071151.213822 2974 -1
1701071151.214043 54 1
1701071151.214108 7354 -1
1701071151.214177 54 1
1701071151.215521 2974 -1
1701071151.215521 2974 -1
1701071151.215521 7354 -1
1701071151.215521 2974 -1
1701071151.215642 54 1
1701071151.216035 2279 -1
1701071151.216062 54 1
1701071151.226163 54 1
1701071151.241448 253 1
1701071151.241575 203 1
1701071151.241671 251 1
1701071151.241772 204 1
1701071151.241895 201 1
1701071151.242029 201 1
1701071151.242175 200 1
1701071151.242351 226 1
1701071151.242492 228 1
1701071151.242629 228 1
1701071151.242795 226 1
1701071151.242927 227 1
1701071151.243034 226 1
1701071151.243157 226 1
1701071151.243286 227 1
1701071151.243582 230 1
1701071151.243962 226 1
1701071151.244259 227 1
1701071151.244475 226 1
1701071151.244571 227 1
1701071151.244669 229 1
1701071151.244959 260 1
1701071151.245711 60 -1
1701071151.245711 60 -1
1701071151.247085 60 -1
1701071151.260813 921 -1
1701071151.260813 1514 -1
1701071151.260871 54 1
1701071151.260925 1514 -1
1701071151.260977 7354 -1
1701071151.261036 54 1
1701071151.262269 6240 -1
1701071151.262327 54 1
1701071151.262372 85 -1
1701071151.262394 54 1
1701071151.263630 7354 -1
1701071151.263630 2974 -1
1701071151.263630 7354 -1
1701071151.263725 54 1
1701071151.263846 2974 -1
1701071151.263874 54 1
1701071151.281385 7354 -1
1701071151.281385 2974 -1
1701071151.281385 7354 -1
1701071151.281385 5894 -1
1701071151.281385 7354 -1
1701071151.281385 5894 -1
1701071151.281385 7354 -1
1701071151.281385 5894 -1
1701071151.281385 7354 -1
1701071151.281385 5894 -1
1701071151.281385 7354 -1
1701071151.281385 4434 -1
1701071151.281385 7354 -1
1701071151.281385 5894 -1
1701071151.281385 7354 -1
1701071151.281385 5894 -1
1701071151.281385 7354 -1
1701071151.281385 5894 -1
1701071151.281385 7354 -1
1701071151.281385 4434 -1
1701071151.281385 1514 -1
1701071151.281385 7354 -1
1701071151.281385 4434 -1
1701071151.281385 7354 -1
1701071151.281385 2974 -1
1701071151.281385 2974 -1
1701071151.281385 7354 -1
1701071151.281385 5894 -1
1701071151.281385 7354 -1
1701071151.281385 5894 -1
1701071151.281385 7354 -1
1701071151.281385 5894 -1
1701071151.281385 5894 -1
1701071151.282416 54 1
1701071151.282707 54 1
1701071151.282794 5894 -1
1701071151.282794 7354 -1
1701071151.282794 5894 -1
1701071151.282900 54 1
1701071151.283714 54 1
1701071151.285153 7354 -1
1701071151.285153 7354 -1
1701071151.285153 7354 -1
1701071151.285341 54 1
1701071151.285867 54 1
1701071151.285895 7354 -1
1701071151.285960 54 1
1701071151.285978 54 1
1701071151.286890 10274 -1
1701071151.286989 54 1
1701071151.287218 54 1
1701071151.294930 7354 -1
1701071151.294930 2974 -1
1701071151.294930 1514 -1
1701071151.294930 7354 -1
1701071151.294930 2974 -1
1701071151.294930 1514 -1
1701071151.294930 1514 -1
1701071151.294930 7354 -1
1701071151.294930 7354 -1
1701071151.294930 2974 -1
1701071151.294930 7354 -1
1701071151.294930 2974 -1
1701071151.294930 5894 -1
1701071151.294930 4434 -1
1701071151.294930 4434 -1
1701071151.294930 5894 -1
1701071151.294930 2974 -1
1701071151.294930 7354 -1
1701071151.295428 54 1
1701071151.295636 2974 -1
1701071151.295672 54 1
1701071151.299891 54 1
1701071151.306815 7354 -1
1701071151.306815 2974 -1
1701071151.306815 5894 -1
1701071151.306815 4434 -1
1701071151.306815 7354 -1
1701071151.306815 2974 -1
1701071151.306815 7354 -1
1701071151.306815 2974 -1
1701071151.306815 7354 -1
1701071151.306815 2974 -1
1701071151.306815 2974 -1
1701071151.306815 7354 -1
1701071151.306815 1514 -1
1701071151.306815 1514 -1
1701071151.306815 7354 -1
1701071151.306815 2974 -1
1701071151.306815 7354 -1
1701071151.306815 2974 -1
1701071151.306815 7354 -1
1701071151.306815 2974 -1
1701071151.306815 7354 -1
1701071151.306815 2974 -1
1701071151.306815 7354 -1
1701071151.306815 2974 -1
1701071151.306815 2974 -1
1701071151.306815 7354 -1
1701071151.307523 54 1
1701071151.307765 2974 -1
1701071151.307800 54 1
1701071151.309648 54 1
1701071151.316974 2974 -1
1701071151.316974 7354 -1
1701071151.316974 7354 -1
1701071151.316974 2974 -1
1701071151.316974 7354 -1
1701071151.316974 2974 -1
1701071151.316974 7354 -1
1701071151.316974 2974 -1
1701071151.316974 7354 -1
1701071151.316974 2974 -1
1701071151.316974 2974 -1
1701071151.316974 1514 -1
1701071151.316974 7354 -1
1701071151.316974 1514 -1
1701071151.316974 4434 -1
1701071151.316974 5894 -1
1701071151.316974 7354 -1
1701071151.316974 2974 -1
1701071151.316974 7354 -1
1701071151.316974 2974 -1
1701071151.316974 7354 -1
1701071151.316974 2974 -1
1701071151.316974 7354 -1
1701071151.316974 2974 -1
1701071151.317431 54 1
1701071151.318176 54 1
1701071151.322992 2974 -1
1701071151.322992 7354 -1
1701071151.322992 2974 -1
1701071151.322992 7354 -1
1701071151.322992 2974 -1
1701071151.322992 5894 -1
1701071151.322992 4434 -1
1701071151.322992 7354 -1
1701071151.322992 2974 -1
1701071151.322992 7354 -1
1701071151.322992 2974 -1
1701071151.322992 7354 -1
1701071151.322992 2974 -1
1701071151.322992 2974 -1
1701071151.322992 7354 -1
1701071151.323281 54 1
1701071151.323489 2974 -1
1701071151.323521 54 1
1701071151.323967 7354 -1
1701071151.323967 2974 -1
1701071151.324026 54 1
1701071151.324419 7354 -1
1701071151.324466 54 1
1701071151.324794 54 1
1701071151.324869 2974 -1
1701071151.324904 54 1
1701071151.325271 2974 -1
1701071151.325531 54 1
1701071151.326140 7354 -1
1701071151.326181 54 1
1701071151.326269 7354 -1
1701071151.326317 54 1
1701071151.326381 54 1
1701071151.326687 2974 -1
1701071151.326724 54 1
1701071151.327157 7354 -1
1701071151.327201 54 1
1701071151.327609 2974 -1
1701071151.327640 54 1
1701071151.327939 2974 -1
1701071151.327972 54 1
1701071151.328138 7354 -1
1701071151.328196 54 1
1701071151.328703 5894 -1
1701071151.328745 54 1
1701071151.329190 2974 -1
1701071151.329224 54 1
1701071151.331505 1514 -1
1701071151.331505 7354 -1
1701071151.331505 1514 -1
1701071151.331505 7354 -1
1701071151.331505 5894 -1
1701071151.331505 7354 -1
1701071151.331678 54 1
1701071151.331972 5894 -1
1701071151.332012 54 1
1701071151.332473 7354 -1
1701071151.332513 54 1
1701071151.333059 4434 -1
1701071151.333095 54 1
1701071151.333462 7354 -1
1701071151.333501 54 1
1701071151.334032 5894 -1
1701071151.334071 54 1
1701071151.334531 7354 -1
1701071151.334585 54 1
1701071151.335114 5894 -1
1701071151.335152 54 1
1701071151.335606 7354 -1
1701071151.335645 54 1
1701071151.336206 2974 -1
1701071151.336254 54 1
1701071151.336504 2974 -1
1701071151.336554 54 1
1701071151.336691 7354 -1
1701071151.336752 54 1
1701071151.337315 4434 -1
1701071151.337363 54 1
1701071151.337656 4434 -1
1701071151.337705 54 1
1701071151.338024 2974 -1
1701071151.338058 54 1
1701071151.338514 2974 -1
1701071151.338514 1514 -1
1701071151.338598 54 1
1701071151.338632 1514 -1
1701071151.338766 7354 -1
1701071151.338846 54 1
1701071151.339429 4434 -1
1701071151.339490 54 1
1701071151.339715 1514 -1
1701071151.339747 54 1
1701071151.339833 7354 -1
1701071151.339889 54 1
1701071151.340514 2974 -1
1701071151.340562 54 1
1701071151.340688 7354 -1
1701071151.340765 54 1
1701071151.341312 4434 -1
1701071151.341347 54 1
1701071151.341673 7354 -1
1701071151.341731 54 1
1701071151.342310 7354 -1
1701071151.342381 54 1
1701071151.342864 5894 -1
1701071151.342907 54 1
1701071151.343577 1514 -1
1701071151.343577 7354 -1
1701071151.343639 54 1
1701071151.344085 7354 -1
1701071151.344119 54 1
1701071151.344690 7354 -1
1701071151.344736 54 1
1701071151.345320 7354 -1
1701071151.345343 54 1
1701071151.346229 7354 -1
1701071151.346266 54 1
1701071151.346510 1514 -1
1701071151.346530 54 1
1701071151.346621 1514 -1
1701071151.346765 7354 -1
1701071151.346792 54 1
1701071151.347369 7354 -1
1701071151.347429 54 1
1701071151.347953 2974 -1
1701071151.347983 54 1
1701071151.348253 7354 -1
1701071151.348276 54 1
1701071151.348818 7354 -1
1701071151.348848 54 1
1701071151.349490 7354 -1
1701071151.349535 54 1
1701071151.350049 7354 -1
1701071151.350083 54 1
1701071151.350330 54 1
1701071151.350629 2974 -1
1701071151.350660 54 1
1701071151.350926 10274 -1
1701071151.350972 54 1
1701071151.351715 7354 -1
1701071151.351749 54 1
1701071151.352331 1514 -1
1701071151.352361 54 1
1701071151.352436 2974 -1
1701071151.352474 54 1
1701071151.352680 1514 -1
1701071151.352818 1514 -1
1701071151.352845 54 1
1701071151.352916 4434 -1
1701071151.352958 54 1
1701071151.353339 2974 -1
1701071151.353376 54 1
1701071151.353614 7354 -1
1701071151.353659 54 1
1701071151.354136 7354 -1
1701071151.354172 54 1
1701071151.354745 7354 -1
1701071151.354815 54 1
1701071151.355346 7354 -1
1701071151.355395 54 1
1701071151.355575 54 1
1701071151.355946 7354 -1
1701071151.355989 54 1
1701071151.356556 7354 -1
1701071151.356592 54 1
1701071151.357183 7354 -1
1701071151.357214 54 1
1701071151.357776 1514 -1
1701071151.358094 5894 -1
1701071151.358136 54 1
1701071151.358717 54 1
1701071151.363782 5894 -1
1701071151.363782 7354 -1
1701071151.363782 1514 -1
1701071151.363782 5894 -1
1701071151.363782 7354 -1
1701071151.363782 7354 -1
1701071151.363782 2974 -1
1701071151.363782 7354 -1
1701071151.363782 7354 -1
1701071151.363782 2974 -1
1701071151.363782 7354 -1
1701071151.364133 54 1
1701071151.371167 2974 -1
1701071151.371167 7354 -1
1701071151.371167 1514 -1
1701071151.371167 7354 -1
1701071151.371167 2895 -1
1701071151.371167 7354 -1
1701071151.371167 7354 -1
1701071151.371167 7354 -1
1701071151.371167 7354 -1
1701071151.371167 7354 -1
1701071151.371167 7354 -1
1701071151.371167 7354 -1
1701071151.371167 7354 -1
1701071151.371167 5894 -1
1701071151.371167 7354 -1
1701071151.371772 54 1
1701071151.372069 54 1
1701071151.374647 4434 -1
1701071151.374647 2974 -1
1701071151.374647 7354 -1
1701071151.374647 7354 -1
1701071151.374647 7354 -1
1701071151.374647 7354 -1
1701071151.374647 7354 -1
1701071151.374917 54 1
1701071151.375693 7354 -1
1701071151.375693 5894 -1
1701071151.375779 54 1
1701071151.380749 2974 -1
1701071151.380749 7354 -1
1701071151.380749 4434 -1
1701071151.380749 7354 -1
1701071151.380749 7354 -1
1701071151.380749 7354 -1
1701071151.380749 7354 -1
1701071151.380749 7354 -1
1701071151.380749 7354 -1
1701071151.381153 54 1
1701071151.391832 5894 -1
1701071151.391832 7354 -1
1701071151.391832 1072 -1
1701071151.392004 54 1
1701071151.461809 207 1
1701071151.477860 1040 -1
1701071151.477860 765 -1
1701071151.477860 4977 -1
1701071151.478055 54 1
1701071153.633076 54 1
1701071153.643728 78 -1
1701071153.643728 60 -1
1701071153.643911 54 1
1701071163.043517 66 1
1701071163.044608 66 -1
1701071163.044710 54 1
1701071163.046665 934 1
1701071163.047690 60 -1
1701071163.048512 318 -1
1701071163.049291 134 1
1701071163.049685 146 1
1701071163.050222 580 1
1701071163.050290 227 1
1701071163.050353 227 1
1701071163.050472 60 -1
1701071163.050594 341 -1
1701071163.050627 60 -1
1701071163.050713 259 1
1701071163.050937 115 -1
1701071163.050937 85 -1
1701071163.050969 54 1
1701071163.051137 85 1
1701071163.051179 60 -1
1701071163.051179 60 -1
1701071163.051231 60 -1
1701071163.051698 60 -1
1701071163.052083 60 -1
1701071163.065630 1311 -1
1701071163.065630 409 -1
1701071163.065737 54 1
1701071163.072814 7354 -1
1701071163.072814 9160 -1
1701071163.072814 85 -1
1701071163.072814 1514 -1
1701071163.072814 7354 -1
1701071163.072814 7354 -1
1701071163.072814 400 -1
1701071163.072814 85 -1
1701071163.072814 1514 -1
1701071163.072814 7354 -1
1701071163.072814 7354 -1
1701071163.072814 1514 -1
1701071163.072814 602 -1
1701071163.072814 7354 -1
1701071163.074734 54 1
1701071163.079520 5894 -1
1701071163.079613 54 1
1701071163.087961 7354 -1
1701071163.087961 10274 -1
1701071163.087961 7354 -1
1701071163.087961 2974 -1
1701071163.087961 7354 -1
1701071163.087961 7354 -1
1701071163.087961 2974 -1
1701071163.087961 1514 -1
1701071163.087961 7354 -1
1701071163.087961 4434 -1
1701071163.087961 19034 -1
1701071163.087961 1514 -1
1701071163.087961 7354 -1
1701071163.087961 7354 -1
1701071163.087961 7354 -1
1701071163.088351 54 1
1701071163.088592 54 1
1701071163.099630 7354 -1
1701071163.099630 7354 -1
1701071163.099630 7354 -1
1701071163.099630 7354 -1
1701071163.099630 7354 -1
1701071163.099630 2974 -1
1701071163.099630 5894 -1
1701071163.099630 7354 -1
1701071163.099630 2974 -1
1701071163.099630 7354 -1
1701071163.099630 7354 -1
1701071163.099630 7354 -1
1701071163.099630 7354 -1
1701071163.099630 1514 -1
1701071163.099630 7354 -1
1701071163.100035 54 1
1701071163.100125 7354 -1
1701071163.100149 54 1
1701071163.100158 54 1
1701071163.100792 7354 -1
1701071163.100817 54 1
1701071163.100932 54 1
1701071163.101179 54 1
1701071163.111725 7354 -1
1701071163.111725 7354 -1
1701071163.111725 7354 -1
1701071163.111725 7354 -1
1701071163.111725 7354 -1
1701071163.111725 5894 -1
1701071163.111725 29254 -1
1701071163.111725 14654 -1
1701071163.111725 7354 -1
1701071163.111725 7354 -1
1701071163.111725 5894 -1
1701071163.111725 7354 -1
1701071163.111725 7354 -1
1701071163.111725 7354 -1
1701071163.112278 54 1
1701071163.112464 13194 -1
1701071163.112553 54 1
1701071163.112672 7354 -1
1701071163.112724 54 1
1701071163.115065 7354 -1
1701071163.115065 7354 -1
1701071163.115065 7354 -1
1701071163.115139 54 1
1701071163.115285 2974 -1
1701071163.115326 54 1
1701071163.115395 7354 -1
1701071163.115433 54 1
1701071163.116089 3528 -1
1701071163.116119 54 1
1701071163.119055 54 1
1701071163.119349 54 1
1701071163.642152 54 1
1701071163.646027 78 -1
1701071163.646027 60 -1
1701071163.646068 54 1
1701071164.632790 66 1
1701071164.634070 66 -1
1701071164.634166 54 1
1701071164.634913 870 1
1701071164.636184 60 -1
1701071164.636669 318 -1
1701071164.637333 134 1
1701071164.637622 146 1
1701071164.637896 582 1
1701071164.638370 60 -1
1701071164.638545 341 -1
1701071164.638624 60 -1
1701071164.638695 115 -1
1701071164.638716 54 1
1701071164.638751 85 -1
1701071164.638793 60 -1
1701071164.639307 85 1
1701071164.639376 226 1
1701071164.639482 227 1
1701071164.639554 226 1
1701071164.639763 227 1
1701071164.640220 60 -1
1701071164.640220 60 -1
1701071164.640508 60 -1
1701071164.640508 60 -1
1701071164.640748 60 -1
1701071164.650742 1205 -1
1701071164.650827 553 -1
1701071164.650827 1225 -1
1701071164.650827 525 -1
1701071164.650827 6756 -1
1701071164.650868 54 1
1701071164.651963 1178 -1
1701071164.651963 488 -1
1701071164.651963 5863 -1
1701071164.652046 54 1
1701071164.653631 6181 -1
1701071164.653723 54 1
1701071164.653783 1259 -1
1701071164.653884 481 -1
1701071164.654165 54 1
1701071164.654217 2346 -1
1701071164.654243 54 1
1701071164.655400 1192 -1
1701071164.655864 571 -1
1701071164.655864 2974 -1
1701071164.655864 10059 -1
1701071164.655929 54 1
1701071166.751950 228 1
1701071166.752079 227 1
1701071166.752213 229 1
1701071166.752913 226 1
1701071166.753144 226 1
1701071166.753273 60 -1
1701071166.753333 60 -1
1701071166.753333 60 -1
1701071166.753956 60 -1
1701071166.754290 60 -1
1701071166.761849 1174 -1
1701071166.761849 594 -1
1701071166.761849 1235 -1
1701071166.761849 519 -1
1701071166.761960 54 1
1701071166.762625 7304 -1
1701071166.762683 54 1
1701071166.762867 1233 -1
1701071166.762892 54 1
1701071166.763018 450 -1
1701071166.763018 8743 -1
1701071166.763083 54 1
1701071166.764346 1514 -1
1701071166.764346 6769 -1
1701071166.764440 54 1
1701071166.764487 1232 -1
1701071166.764510 54 1
1701071166.764824 518 -1
1701071166.765153 7343 -1
1701071166.765215 54 1
1701071166.767992 1208 -1
1701071166.767992 554 -1
1701071166.768052 54 1
1701071166.785368 554 -1
1701071166.785368 7354 -1
1701071166.785368 2963 -1
1701071166.785469 66 1
1701071166.785549 54 1
1701071168.366060 227 1
1701071168.378891 1231 -1
1701071168.378891 524 -1
1701071168.378891 11734 -1
1701071168.378891 1116 -1
1701071168.379053 54 1
1701071168.391700 229 1
1701071168.391840 225 1
1701071168.391959 231 1
1701071168.392072 228 1
1701071168.393242 60 -1
1701071168.398673 1238 -1
1701071168.398673 509 -1
1701071168.398673 7354 -1
1701071168.398820 54 1
1701071168.398955 3512 -1
1701071168.398984 54 1
1701071168.403642 1237 -1
1701071168.403642 513 -1
1701071168.403742 54 1
1701071168.405653 6906 -1
1701071168.405735 54 1
1701071168.410837 1188 -1
1701071168.410837 575 -1
1701071168.410837 1194 -1
1701071168.410837 574 -1
1701071168.410930 54 1
1701071168.413889 3585 -1
1701071168.413947 54 1
1701071168.414719 5324 -1
1701071168.414778 66 1
1701071168.414823 2974 -1
1701071168.414907 54 1
1701071168.415823 2974 -1
1701071168.415855 66 1
1701071169.935390 229 1
1701071169.935953 227 1
1701071169.939247 60 -1
1701071169.941167 228 1
1701071169.941950 229 1
1701071169.943109 227 1
1701071169.944940 1259 -1
1701071169.944940 483 -1
1701071169.945010 54 1
1701071169.946330 89 1
1701071169.947854 7354 -1
1701071169.947941 54 1
1701071169.948257 5002 -1
1701071169.948289 54 1
1701071169.951300 1234 -1
1701071169.951300 525 -1
1701071169.951300 1236 -1
1701071169.951300 282 -1
1701071169.951300 1230 -1
1701071169.951382 54 1
1701071169.951468 519 -1
1701071169.951635 7354 -1
1701071169.951679 54 1
1701071169.952248 2606 -1
1701071169.952248 8229 -1
1701071169.952302 54 1
1701071169.952848 10286 -1
1701071169.952902 54 1
1701071169.953786 1230 -1
1701071169.953850 327 -1
1701071169.953850 5894 -1
1701071169.953877 54 1
1701071169.954564 2974 -1
1701071169.954594 54 1
1701071169.954693 5565 -1
1701071169.954729 54 1
1701071172.082426 226 1
1701071172.082701 227 1
1701071172.083243 227 1
1701071172.083339 227 1
1701071172.083417 229 1
1701071172.099426 60 -1
1701071172.099426 1196 -1
1701071172.099426 570 -1
1701071172.099426 7373 -1
1701071172.099426 1235 -1
1701071172.099426 517 -1
1701071172.099426 5763 -1
1701071172.099426 1383 -1
1701071172.099782 66 1
1701071172.101417 60 -1
1701071172.108399 1196 -1
1701071172.108399 570 -1
1701071172.108399 1259 -1
1701071172.108399 482 -1
1701071172.108521 54 1
1701071172.113948 7354 -1
1701071172.113948 7691 -1
1701071172.113948 7354 -1
1701071172.114122 54 1
1701071172.116301 4138 -1
1701071172.116301 1199 -1
1701071172.116301 560 -1
1701071172.116301 5383 -1
1701071172.116423 54 1
1701071173.648046 54 1
1701071173.649660 78 -1
1701071173.649660 60 -1
1701071173.649784 54 1
1701071173.742696 66 1
1701071173.751480 66 -1
1701071173.751629 54 1
1701071173.752473 870 1
1701071173.753454 60 -1
1701071173.754207 318 -1
1701071173.754892 134 1
1701071173.756619 146 1
1701071173.758197 581 1
1701071173.758293 228 1
1701071173.758369 228 1
1701071173.758486 226 1
1701071173.758574 228 1
1701071173.778749 60 -1
1701071173.778749 341 -1
1701071173.784401 60 -1
1701071173.784401 60 -1
1701071173.784401 60 -1
1701071173.784401 60 -1
1701071173.784401 60 -1
1701071173.784401 60 -1
1701071173.788175 115 -1
1701071173.788175 85 -1
1701071173.788263 54 1
1701071173.788747 85 1
1701071173.789783 60 -1
1701071173.795985 1226 -1
1701071173.795985 525 -1
1701071173.795985 1224 -1
1701071173.795985 531 -1
1701071173.795985 1225 -1
1701071173.795985 528 -1
1701071173.796093 54 1
1701071173.796192 4434 -1
1701071173.796217 54 1
1701071173.796527 7354 -1
1701071173.796587 54 1
1701071173.797898 313 -1
1701071173.797898 5894 -1
1701071173.797898 2068 -1
1701071173.797898 10913 -1
1701071173.797987 54 1
1701071173.809433 1254 -1
1701071173.809433 487 -1
1701071173.809433 8701 -1
1701071173.809433 7354 -1
1701071173.809433 4463 -1
1701071173.809641 54 1
1701071177.556197 229 1
1701071177.556796 227 1
1701071177.557440 227 1
1701071177.558007 225 1
1701071177.558710 232 1
1701071177.559674 60 -1
1701071177.563933 60 -1
1701071177.576902 1231 -1
1701071177.576902 519 -1
1701071177.576902 2974 -1
1701071177.576902 2754 -1
1701071177.576902 1196 -1
1701071177.576902 573 -1
1701071177.576902 1196 -1
1701071177.576902 396 -1
1701071177.576902 7354 -1
1701071177.576902 4106 -1
1701071177.576902 2974 -1
1701071177.576902 7333 -1
1701071177.576902 1214 -1
1701071177.576902 543 -1
1701071177.576902 7354 -1
1701071177.576902 602 -1
1701071177.577161 54 1
1701071177.579084 1187 -1
1701071177.579134 54 1
1701071177.605156 585 -1
1701071177.605156 7354 -1
1701071177.605156 1147 -1
1701071177.605156 1147 -1
1701071177.605269 66 1
1701071179.644361 227 1
1701071179.646784 227 1
1701071179.647023 226 1
1701071179.647126 226 1
1701071179.647249 230 1
1701071179.648258 60 -1
1701071179.661283 1215 -1
1701071179.661283 541 -1
1701071179.661398 54 1
1701071179.663723 89 1
1701071179.664787 7475 -1
1701071179.664863 54 1
1701071179.665033 1199 -1
1701071179.665187 562 -1
1701071179.665187 1191 -1
1701071179.665220 54 1
1701071179.665638 573 -1
1701071179.665682 54 1
1701071179.669766 1172 -1
1701071179.669766 608 -1
1701071179.669766 4759 -1
1701071179.669890 54 1
1701071179.669975 1219 -1
1701071179.669975 538 -1
1701071179.670009 54 1
1701071179.670074 4442 -1
1701071179.670104 54 1
1701071179.674013 5467 -1
1701071179.674116 54 1
1701071179.676994 7354 -1
1701071179.677066 54 1
1701071179.677138 7354 -1
1701071179.677173 54 1
1701071179.678489 1860 -1
1701071179.678489 85 -1
1701071179.678489 4609 -1
1701071179.678570 54 1
1701071181.234845 230 1
1701071181.236866 227 1
1701071181.240818 60 -1
1701071181.242136 227 1
1701071181.243345 227 1
1701071181.243446 227 1
1701071181.245335 60 -1
1701071181.249226 1288 -1
1701071181.249226 445 -1
1701071181.249226 1193 -1
1701071181.249226 575 -1
1701071181.249341 54 1
1701071181.249497 7304 -1
1701071181.249550 54 1
1701071181.249720 7068 -1
1701071181.249749 54 1
1701071181.250779 1202 -1
1701071181.250779 565 -1
1701071181.250779 1190 -1
1701071181.250779 10396 -1
1701071181.250851 54 1
1701071181.251473 582 -1
1701071181.251496 54 1
1701071181.251553 7354 -1
1701071181.251596 54 1
1701071181.252092 1962 -1
1701071181.252119 54 1
1701071181.268286 1170 -1
1701071181.268286 599 -1
1701071181.268286 9378 -1
1701071181.268408 54 1
1701071182.824894 225 1
1701071182.826500 225 1
1701071182.828915 60 -1
1701071182.830195 227 1
1701071182.830300 229 1
1701071182.831132 228 1
1701071182.837052 1192 -1
1701071182.837052 577 -1
1701071182.837153 54 1
1701071182.844055 7139 -1
1701071182.844144 54 1
1701071182.844408 1712 -1
1701071182.844430 54 1
1701071182.850076 7354 -1
1701071182.850160 54 1
1701071182.850396 1028 -1
1701071182.850465 1173 -1
1701071182.850490 54 1
1701071182.850604 300 -1
1701071182.850604 1229 -1
1701071182.850633 54 1
1701071182.850771 519 -1
1701071182.851897 8229 -1
1701071182.851938 54 1
1701071182.852344 7354 -1
1701071182.852398 54 1
1701071182.852950 3591 -1
1701071182.852996 54 1
1701071182.853229 1228 -1
1701071182.853255 54 1
1701071182.853315 524 -1
1701071182.854736 7354 -1
1701071182.854779 54 1
1701071182.855150 1397 -1
1701071182.909880 54 1
1701071183.660948 54 1
1701071183.662256 78 -1
1701071183.662256 60 -1
1701071183.662288 54 1
1701071184.474091 66 1
1701071184.477120 66 -1
1701071184.477272 54 1
1701071184.478950 966 1
1701071184.481733 60 -1
1701071184.481733 318 -1
1701071184.483035 134 1
1701071184.485270 60 -1
1701071184.485658 146 1
1701071184.486595 583 1
1701071184.486707 229 1
1701071184.486838 226 1
1701071184.486957 229 1
1701071184.488487 341 -1
1701071184.488487 60 -1
1701071184.488487 60 -1
1701071184.488958 227 1
1701071184.489293 60 -1
1701071184.489293 60 -1
1701071184.489293 60 -1
1701071184.490907 60 -1
1701071184.490907 115 -1
1701071184.490907 85 -1
1701071184.490977 54 1
1701071184.491319 85 1
1701071184.492527 60 -1
1701071184.496829 1226 -1
1701071184.496829 527 -1
1701071184.496829 1186 -1
1701071184.496829 582 -1
1701071184.496829 1231 -1
1701071184.496829 9759 -1
1701071184.496980 54 1
1701071184.500061 519 -1
1701071184.500061 1162 -1
1701071184.500061 4809 -1
1701071184.500061 430 -1
1701071184.500061 7354 -1
1701071184.500061 1279 -1
1701071184.500061 8229 -1
1701071184.500256 54 1
1701071184.500380 1199 -1
1701071184.500380 572 -1
1701071184.500410 54 1
1701071184.502183 5824 -1
1701071184.502249 54 1
1701071186.627980 227 1
1701071186.633213 226 1
1701071186.633341 228 1
1701071186.634065 227 1
1701071186.634150 228 1
1701071186.636428 60 -1
1701071186.643380 1200 -1
1701071186.643380 574 -1
1701071186.643380 1220 -1
1701071186.643501 54 1
1701071186.643753 1218 -1
1701071186.643753 538 -1
1701071186.643753 1679 -1
1701071186.643793 54 1
1701071186.643849 568 -1
1701071186.643877 54 1
1701071186.645515 7099 -1
1701071186.645581 54 1
1701071186.645985 2974 -1
1701071186.646031 54 1
1701071186.646281 7354 -1
1701071186.646333 54 1
1701071186.646981 919 -1
1701071186.647035 7354 -1
1701071186.647073 54 1
1701071186.647503 6462 -1
1701071186.647570 54 1
1701071186.648174 1192 -1
1701071186.648174 575 -1
1701071186.648174 7354 -1
1701071186.648241 54 1
1701071186.648696 1044 -1
1701071186.693250 54 1
1701071188.314209 229 1
1701071188.314400 227 1
1701071188.315021 226 1
1701071188.317281 227 1
1701071188.319493 228 1
1701071188.321836 60 -1
1701071188.327577 1221 -1
1701071188.327577 535 -1
1701071188.327577 1166 -1
1701071188.327577 650 -1
1701071188.327706 54 1
1701071188.331434 1192 -1
1701071188.331434 576 -1
1701071188.331434 7354 -1
1701071188.331540 54 1
1701071188.331868 1312 -1
1701071188.331895 54 1
1701071188.331982 1164 -1
1701071188.332180 5894 -1
1701071188.332217 54 1
1701071188.332555 3404 -1
1701071188.332603 54 1
1701071188.332846 4434 -1
1701071188.332877 54 1
1701071188.333199 6472 -1
1701071188.333237 54 1
1701071188.333818 7354 -1
1701071188.333852 54 1
1701071188.334328 1148 -1
1701071188.334346 54 1
1701071188.334439 7354 -1
1701071188.334477 54 1
1701071188.335032 2953 -1
1701071188.335057 54 1
1701071192.306000 227 1
1701071192.306125 226 1
1701071192.306813 229 1
1701071192.314989 60 -1
1701071192.315179 228 1
1701071192.315631 228 1
1701071192.318464 60 -1
1701071192.324905 1327 -1
1701071192.324905 427 -1
1701071192.324905 1176 -1
1701071192.324905 597 -1
1701071192.324905 1514 -1
1701071192.325036 54 1
1701071192.325135 7354 -1
1701071192.325177 54 1
1701071192.325546 2265 -1
1701071192.325585 54 1
1701071192.325650 7354 -1
1701071192.325690 54 1
1701071192.326284 5284 -1
1701071192.326337 54 1
1701071192.326985 1717 -1
1701071192.326985 4434 -1
1701071192.327025 54 1
1701071192.327204 7354 -1
1701071192.327240 54 1
1701071192.327747 857 -1
1701071192.327793 54 1
1701071192.327847 1250 -1
1701071192.327914 498 -1
1701071192.327938 54 1
1701071192.327991 7354 -1
1701071192.328024 54 1
1701071192.328357 89 1
1701071192.328966 3111 -1
1701071192.328966 1169 -1
1701071192.328966 602 -1
1701071192.328966 7354 -1
1701071192.329031 54 1
1701071192.329884 1514 -1
1701071192.329884 821 -1
1701071192.329908 54 1
1701071192.371429 60 -1
1701071193.670831 54 1
1701071193.672077 78 -1
1701071193.672077 60 -1
1701071193.672114 54 1
1701071194.452255 66 1
1701071194.454354 66 -1
1701071194.454474 54 1
1701071194.455155 870 1
1701071194.456303 60 -1
1701071194.457008 318 -1
1701071194.457571 134 1
1701071194.457962 146 1
1701071194.458628 60 -1
1701071194.458693 582 1
1701071194.458937 257 1
1701071194.459018 259 1
1701071194.459105 226 1
1701071194.459165 60 -1
1701071194.459269 229 1
1701071194.462910 60 -1
1701071194.462910 60 -1
1701071194.462910 60 -1
1701071194.462910 60 -1
1701071194.462910 60 -1
1701071194.462910 341 -1
1701071194.467211 115 -1
1701071194.467211 85 -1
1701071194.467294 54 1
1701071194.467962 1203 -1
1701071194.467962 557 -1
1701071194.467962 1198 -1
1701071194.467962 8869 -1
1701071194.468065 85 1
1701071194.468183 571 -1
1701071194.469135 1238 -1
1701071194.469135 508 -1
1701071194.469135 11550 -1
1701071194.469191 54 1
1701071194.469965 1198 -1
1701071194.469991 54 1
1701071194.476032 368 -1
1701071194.476032 7354 -1
1701071194.476032 7354 -1
1701071194.476032 1860 -1
1701071194.476032 85 -1
1701071194.476032 7354 -1
1701071194.476032 7354 -1
1701071194.476032 7354 -1
1701071194.476032 7354 -1
1701071194.476032 3697 -1
1701071194.476032 7354 -1
1701071194.476032 7354 -1
1701071194.476032 7354 -1
1701071194.476410 54 1
1701071194.476525 7354 -1
1701071194.476604 54 1
1701071194.477834 54 1
1701071194.478791 7354 -1
1701071194.478791 7354 -1
1701071194.478858 54 1
1701071194.502345 2974 -1
1701071194.502345 2974 -1
1701071194.502345 7354 -1
1701071194.502345 7354 -1
1701071194.502345 13194 -1
1701071194.502345 1514 -1
1701071194.502345 13194 -1
1701071194.502345 7354 -1
1701071194.502345 7354 -1
1701071194.502345 7354 -1
1701071194.502345 4434 -1
1701071194.502345 7354 -1
1701071194.502345 7354 -1
1701071194.502345 7354 -1
1701071194.502345 2974 -1
1701071194.502345 1514 -1
1701071194.502345 4434 -1
1701071194.502345 761 -1
1701071194.502345 4434 -1
1701071194.502345 7354 -1
1701071194.502345 4780 -1
1701071194.502345 7354 -1
1701071194.502345 1514 -1
1701071194.502345 4434 -1
1701071194.502345 7354 -1
1701071194.502345 7354 -1
1701071194.502345 7354 -1
1701071194.502345 4434 -1
1701071194.502345 7354 -1
1701071194.502345 1514 -1
1701071194.502345 1514 -1
1701071194.503234 54 1
1701071194.504438 54 1
1701071194.505132 7354 -1
1701071194.505132 7354 -1
1701071194.505132 7354 -1
1701071194.505132 5894 -1
1701071194.505295 54 1
1701071194.505540 54 1
1701071194.507562 7354 -1
1701071194.507562 7354 -1
1701071194.507562 7354 -1
1701071194.507562 7354 -1
1701071194.507798 54 1
1701071194.508087 5894 -1
1701071194.508124 54 1
1701071194.509159 7354 -1
1701071194.509159 7354 -1
1701071194.509283 54 1
1701071194.510366 7354 -1
1701071194.510430 54 1
1701071194.510504 7354 -1
1701071194.510537 54 1
1701071194.511163 5416 -1
1701071194.511220 54 1
1701071196.086459 225 1
1701071196.086600 257 1
1701071196.086690 226 1
1701071196.086797 259 1
1701071196.087532 227 1
1701071196.089652 60 -1
1701071196.089652 60 -1
1701071196.089652 60 -1
1701071196.089652 60 -1
1701071196.089652 60 -1
1701071196.094263 1221 -1
1701071196.094263 534 -1
1701071196.094343 54 1
1701071196.094897 7354 -1
1701071196.094942 54 1
1701071196.095044 4281 -1
1701071196.095084 54 1
1701071196.095404 1195 -1
1701071196.095667 575 -1
1701071196.095667 7354 -1
1701071196.095712 54 1
1701071196.096137 560 -1
1701071196.096162 54 1
1701071196.096214 1213 -1
1701071196.096514 548 -1
1701071196.096514 2974 -1
1701071196.096545 54 1
1701071196.098504 7354 -1
1701071196.098504 6240 -1
1701071196.098504 85 -1
1701071196.098504 7354 -1
1701071196.098504 7354 -1
1701071196.098643 54 1
1701071196.099435 1860 -1
1701071196.099435 16522 -1
1701071196.099531 54 1
1701071196.100489 7354 -1
1701071196.100529 54 1
1701071196.101126 7354 -1
1701071196.101161 54 1
1701071196.101850 3490 -1
1701071196.101889 54 1
1701071196.101936 7354 -1
1701071196.101968 54 1
1701071196.102546 7354 -1
1701071196.102585 54 1
1701071196.103277 7354 -1
1701071196.103329 54 1
1701071196.104411 7354 -1
1701071196.104456 54 1
1701071196.104503 7354 -1
1701071196.104524 54 1
1701071196.105086 7354 -1
1701071196.105287 54 1
1701071196.105562 5565 -1
1701071196.105597 54 1
1701071196.106132 4434 -1
1701071196.106167 54 1
1701071196.106369 5894 -1
1701071196.106471 54 1
1701071196.106854 2974 -1
1701071196.106880 54 1
1701071196.107302 7354 -1
1701071196.107333 54 1
1701071196.107870 7354 -1
1701071196.107914 54 1
1701071196.108448 7354 -1
1701071196.108484 54 1
1701071196.109284 29254 -1
1701071196.109373 54 1
1701071196.111347 7354 -1
1701071196.111383 54 1
1701071196.112034 7354 -1
1701071196.112085 54 1
1701071196.112861 7354 -1
1701071196.112923 54 1
1701071196.113233 7354 -1
1701071196.113264 54 1
1701071196.113791 7354 -1
1701071196.113852 54 1
1701071196.114512 7354 -1
1701071196.114569 54 1
1701071196.115008 5894 -1
1701071196.115053 54 1
1701071196.115813 7354 -1
1701071196.115859 54 1
1701071196.116279 2224 -1
1701071196.116279 7354 -1
1701071196.116339 54 1
1701071196.117033 13243 -1
1701071196.117091 54 1
1701071196.118067 7354 -1
1701071196.118124 54 1
1701071196.118560 7354 -1
1701071196.118599 54 1
1701071196.119161 7354 -1
1701071196.119192 54 1
1701071196.119777 7354 -1
1701071196.119813 54 1
1701071196.120462 4050 -1
1701071196.120491 54 1
1701071196.120894 7354 -1
1701071196.120939 54 1
1701071196.121313 1289 -1
1701071196.121493 7354 -1
1701071196.121524 54 1
1701071196.122014 2953 -1
1701071196.122039 54 1
1701071197.715371 229 1
1701071197.718229 229 1
1701071197.720297 60 -1
1701071197.720297 60 -1
1701071197.722838 227 1
1701071197.723230 225 1
1701071197.724023 60 -1
1701071197.724301 60 -1
1701071197.724442 227 1
1701071197.725374 60 -1
1701071197.727171 1236 -1
1701071197.727227 518 -1
1701071197.727248 54 1
1701071197.733957 7354 -1
1701071197.734039 54 1
1701071197.734422 2271 -1
1701071197.734450 54 1
1701071197.734514 1195 -1
1701071197.734531 54 1
1701071197.734600 574 -1
1701071197.737924 7354 -1
1701071197.738007 54 1
1701071197.738376 7354 -1
1701071197.738412 54 1
1701071197.738976 1860 -1
1701071197.739005 54 1
1701071197.739135 181 -1
1701071197.739135 1166 -1
1701071197.739169 54 1
1701071197.739447 392 -1
1701071197.739465 54 1
1701071197.742104 1196 -1
1701071197.742104 381 -1
1701071197.742104 4157 -1
1701071197.742172 54 1
1701071197.743383 7354 -1
1701071197.743439 54 1
1701071197.743833 2953 -1
1701071197.743872 54 1
1701071197.744268 1289 -1
1701071197.744268 446 -1
1701071197.744306 54 1
1701071197.745142 4398 -1
1701071197.745172 54 1
1701071199.886339 228 1
1701071199.887978 229 1
1701071199.891057 227 1
1701071199.891201 229 1
1701071199.891260 227 1
1701071199.900519 60 -1
1701071199.902189 1267 -1
1701071199.902189 478 -1
1701071199.902261 54 1
1701071199.904220 89 1
1701071199.906053 7300 -1
1701071199.906106 54 1
1701071199.906423 1192 -1
1701071199.906660 54 1
1701071199.906808 575 -1
1701071199.907883 5894 -1
1701071199.907942 54 1
1701071199.908067 424 -1
1701071199.908093 54 1
1701071199.909506 1267 -1
1701071199.909506 475 -1
1701071199.909532 54 1
1701071199.909609 1344 -1
1701071199.909609 372 -1
1701071199.909631 54 1
1701071199.910333 3389 -1
1701071199.910356 54 1
1701071199.910428 6414 -1
1701071199.910455 54 1
1701071199.916425 1232 -1
1701071199.916425 560 -1
1701071199.916501 54 1
1701071199.916877 7354 -1
1701071199.916972 54 1
1701071199.917479 4430 -1
1701071199.917514 54 1
1701071201.509271 227 1
1701071201.509402 228 1
1701071201.509799 227 1
1701071201.509907 225 1
1701071201.510012 226 1
1701071201.510998 60 -1
1701071201.512916 60 -1
1701071201.516567 1221 -1
1701071201.516567 527 -1
1701071201.516567 7354 -1
1701071201.516691 54 1
1701071201.516910 4026 -1
1701071201.516933 54 1
1701071201.516995 1197 -1
1701071201.517171 491 -1
1701071201.517171 7354 -1
1701071201.517243 54 1
1701071201.519001 2974 -1
1701071201.519001 2081 -1
1701071201.519081 54 1
1701071201.520072 1229 -1
1701071201.520072 528 -1
1701071201.520072 1198 -1
1701071201.520130 54 1
1701071201.520174 574 -1
1701071201.520901 7454 -1
1701071201.520949 54 1
1701071201.522912 1197 -1
1701071201.522912 563 -1
1701071201.522912 5160 -1
1701071201.522972 54 1
1701071201.523166 13742 -1
1701071201.523227 54 1
1701071203.151290 226 1
1701071203.157131 1230 -1
1701071203.157131 524 -1
1701071203.157366 54 1
1701071203.158497 4434 -1
1701071203.158553 54 1
1701071203.159060 4363 -1
1701071203.159106 54 1
1701071203.159985 225 1
1701071203.160088 230 1
1701071203.160179 227 1
1701071203.160269 227 1
1701071203.187866 60 -1
1701071203.189510 1249 -1
1701071203.189510 500 -1
1701071203.189595 54 1
1701071203.191032 1251 -1
1701071203.191032 499 -1
1701071203.191032 8909 -1
1701071203.191106 54 1
1701071203.191520 1264 -1
1701071203.191545 54 1
1701071203.191658 474 -1
1701071203.191658 5437 -1
1701071203.191715 54 1
1701071203.192205 1207 -1
1701071203.192205 552 -1
1701071203.192236 54 1
1701071203.192495 5257 -1
1701071203.192521 54 1
1701071203.195506 4434 -1
1701071203.195506 8168 -1
1701071203.195611 54 1
1701071203.681713 54 1
1701071203.685750 78 -1
1701071203.685750 60 -1
1701071203.685822 54 1
1701071207.582203 66 1
1701071207.583980 66 -1
1701071207.584160 54 1
1701071207.585363 966 1
1701071207.598548 60 -1
1701071207.599278 318 -1
1701071207.599899 134 1
1701071207.600280 146 1
1701071207.600928 583 1
1701071207.601020 229 1
1701071207.601126 60 -1
1701071207.601127 228 1
1701071207.601224 226 1
1701071207.601396 227 1
1701071207.607971 60 -1
1701071207.607971 341 -1
1701071207.607971 115 -1
1701071207.607971 85 -1
1701071207.607971 60 -1
1701071207.607971 60 -1
1701071207.608069 54 1
1701071207.608376 85 1
1701071207.615036 60 -1
1701071207.615036 60 -1
1701071207.615036 60 -1
1701071207.615787 60 -1
1701071207.635668 1224 -1
1701071207.635668 529 -1
1701071207.635668 1207 -1
1701071207.635746 54 1
1701071207.635808 286 -1
1701071207.635838 54 1
1701071207.643193 7354 -1
1701071207.643303 54 1
1701071207.643391 1137 -1
1701071207.643415 54 1
1701071207.643480 6181 -1
1701071207.643540 54 1
1701071207.643946 1740 -1
1701071207.643989 54 1
1701071207.646318 7354 -1
1701071207.646382 54 1
1701071207.646754 5367 -1
1701071207.646788 54 1
1701071207.650492 1219 -1
1701071207.650492 542 -1
1701071207.650548 54 1
1701071207.651351 6729 -1
1701071207.651388 54 1
1701071207.674168 1260 -1
1701071207.674168 479 -1
1701071207.674292 54 1
1701071207.675095 7354 -1
1701071207.675145 54 1
1701071207.675539 3334 -1
1701071207.675570 54 1
1701071209.818257 227 1
1701071209.819008 229 1
1701071209.819576 228 1
1701071209.820144 229 1
1701071209.820491 60 -1
1701071209.820491 60 -1
1701071209.820561 60 -1
1701071209.820755 227 1
1701071209.821315 60 -1
1701071209.822177 60 -1
1701071209.833914 1241 -1
1701071209.833914 412 -1
1701071209.833914 1227 -1
1701071209.834021 54 1
1701071209.834088 534 -1
1701071209.834115 54 1
1701071209.835668 1145 -1
1701071209.835668 676 -1
1701071209.835668 6287 -1
1701071209.835772 54 1
1701071209.840899 6927 -1
1701071209.841011 54 1
1701071209.841160 1280 -1
1701071209.841264 10653 -1
1701071209.841295 54 1
1701071209.842218 7354 -1
1701071209.842250 54 1
1701071209.842754 2990 -1
1701071209.842792 54 1
1701071209.843406 1223 -1
1701071209.843406 535 -1
1701071209.843437 54 1
1701071209.846087 7354 -1
1701071209.846173 54 1
1701071209.846487 7354 -1
1701071209.846520 54 1
1701071209.847096 1860 -1
1701071209.847115 54 1
1701071209.847319 85 -1
1701071209.847319 409 -1
1701071209.847366 54 1
1701071211.452200 229 1
1701071211.454233 232 1
1701071211.454363 226 1
1701071211.454664 226 1
1701071211.454812 226 1
1701071211.457542 60 -1
1701071211.468246 522 -1
1701071211.468246 1228 -1
1701071211.468337 66 1
1701071211.468409 54 1
1701071211.471090 1255 -1
1701071211.471090 314 -1
1701071211.471090 10869 -1
1701071211.471182 54 1
1701071211.475563 7354 -1
1701071211.475654 54 1
1701071211.476200 929 -1
1701071211.476200 1204 -1
1701071211.476200 559 -1
1701071211.476270 54 1
1701071211.477418 7354 -1
1701071211.477494 54 1
1701071211.477756 2182 -1
1701071211.477784 54 1
1701071211.478777 1234 -1
1701071211.478777 517 -1
1701071211.478818 54 1
1701071211.481568 7354 -1
1701071211.481568 4094 -1
1701071211.481692 54 1
1701071211.511693 1229 -1
1701071211.511693 521 -1
1701071211.511814 54 1
1701071211.515343 4434 -1
1701071211.515402 54 1
1701071211.515497 10042 -1
1701071211.515543 54 1
1701071213.133612 228 1
1701071213.134834 227 1
1701071213.135319 226 1
1701071213.135936 229 1
1701071213.136011 225 1
1701071213.138143 60 -1
1701071213.143374 1222 -1
1701071213.143374 532 -1
1701071213.143478 54 1
1701071213.144104 7354 -1
1701071213.144154 54 1
1701071213.144500 1408 -1
1701071213.144533 54 1
1701071213.145290 1164 -1
1701071213.145998 616 -1
1701071213.145998 1231 -1
1701071213.145998 521 -1
1701071213.145998 5628 -1
1701071213.146085 54 1
1701071213.146137 4434 -1
1701071213.146170 54 1
1701071213.146383 2974 -1
1701071213.146411 54 1
1701071213.146532 7354 -1
1701071213.146578 54 1
1701071213.147137 605 -1
1701071213.147716 89 1
1701071213.149100 1175 -1
1701071213.149100 604 -1
1701071213.149165 54 1
1701071213.151190 8583 -1
1701071213.151248 54 1
1701071213.152290 1207 -1
1701071213.152290 560 -1
1701071213.152323 54 1
1701071213.152436 7354 -1
1701071213.152469 54 1
1701071213.152890 1293 -1
1701071213.152927 54 1
1701071213.703410 54 1
1701071213.709020 78 -1
1701071213.709020 60 -1
1701071213.709100 54 1
1701071215.307563 66 1
1701071215.308607 66 -1
1701071215.308731 54 1
1701071215.311146 902 1
1701071215.312439 60 -1
1701071215.313227 318 -1
1701071215.314068 134 1
1701071215.314463 146 1
1701071215.314928 60 -1
1701071215.315314 60 -1
1701071215.315344 581 1
1701071215.315464 227 1
1701071215.315543 341 -1
1701071215.315663 225 1
1701071215.315803 226 1
1701071215.315930 227 1
1701071215.316350 60 -1
1701071215.316350 60 -1
1701071215.316588 60 -1
1701071215.317004 60 -1
1701071215.317004 60 -1
1701071215.318437 115 -1
1701071215.318437 85 -1
1701071215.318496 54 1
1701071215.318744 85 1
1701071215.320215 60 -1
1701071215.325198 1253 -1
1701071215.325198 494 -1
1701071215.325198 1198 -1
1701071215.325293 54 1
1701071215.325360 567 -1
1701071215.325395 54 1
1701071215.328222 1246 -1
1701071215.328222 508 -1
1701071215.328222 1514 -1
1701071215.328222 8323 -1
1701071215.328222 14553 -1
1701071215.328450 54 1
1701071215.328589 1229 -1
1701071215.328589 8814 -1
1701071215.328663 54 1
1701071215.329082 1819 -1
1701071215.329103 54 1
1701071215.329214 528 -1
1701071215.330287 6377 -1
1701071215.330343 54 1
1701071215.331151 1232 -1
1701071215.331151 521 -1
1701071215.331203 54 1
1701071215.334155 1514 -1
1701071215.334234 7354 -1
1701071215.334279 54 1
1701071215.334728 7354 -1
1701071215.334785 54 1
1701071215.335327 382 -1
1701071215.335369 54 1
1701071216.924380 228 1
1701071216.925320 231 1
1701071216.926504 226 1
1701071216.926921 227 1
1701071216.927018 228 1
1701071216.927771 60 -1
1701071216.932060 60 -1
1701071216.936717 1201 -1
1701071216.936717 316 -1
1701071216.936717 1199 -1
1701071216.936717 566 -1
1701071216.936717 1237 -1
1701071216.936717 515 -1
1701071216.936717 8299 -1
1701071216.936884 54 1
1701071216.937233 9700 -1
1701071216.937281 54 1
1701071216.938107 4157 -1
1701071216.938132 54 1
1701071216.938356 1197 -1
1701071216.938449 573 -1
1701071216.938469 54 1
1701071216.940730 5508 -1
1701071216.940835 54 1
1701071216.940944 1174 -1
1701071216.941047 602 -1
1701071216.941069 54 1
1701071216.942487 6963 -1
1701071216.942528 54 1
1701071218.581524 227 1
1701071218.589606 1228 -1
1701071218.589606 530 -1
1701071218.589708 54 1
1701071218.590016 229 1
1701071218.591283 2974 -1
1701071218.591283 3594 -1
1701071218.591350 54 1
1701071218.593327 228 1
1701071218.593474 226 1
1701071218.594482 60 -1
1701071218.595531 227 1
1701071218.600701 60 -1
1701071218.603637 1165 -1
1701071218.604333 610 -1
1701071218.604333 6322 -1
1701071218.604411 54 1
1701071218.606391 1183 -1
1701071218.606391 572 -1
1701071218.606476 54 1
1701071218.607171 4434 -1
1701071218.607222 54 1
1701071218.607259 3849 -1
1701071218.607293 54 1
1701071218.610014 1230 -1
1701071218.610014 523 -1
1701071218.610014 7354 -1
1701071218.610014 494 -1
1701071218.610153 54 1
1701071218.615388 1229 -1
1701071218.615388 523 -1
1701071218.615388 1514 -1
1701071218.615479 54 1
1701071218.615655 7354 -1
1701071218.615700 54 1
1701071218.616018 2366 -1
1701071218.616045 54 1
1701071223.715417 54 1
1701071223.717455 78 -1
1701071223.717455 60 -1
1701071223.717500 54 1
1701071223.926350 66 1
1701071223.927514 66 -1
1701071223.927731 54 1
1701071223.928743 966 1
1701071223.929992 60 -1
1701071223.930436 318 -1
1701071223.931168 134 1
1701071223.931516 146 1
1701071223.932144 60 -1
1701071223.932192 341 -1
1701071223.932582 60 -1
1701071223.932582 115 -1
1701071223.932582 85 -1
1701071223.932630 54 1
1701071223.933683 583 1
1701071223.934077 225 1
1701071223.934153 228 1
1701071223.934229 227 1
1701071223.934342 227 1
1701071223.934586 60 -1
1701071223.935252 60 -1
1701071223.935252 60 -1
1701071223.935252 60 -1
1701071223.935292 60 -1
1701071223.935615 85 1
1701071223.936584 60 -1
1701071223.938463 1126 -1
1701071223.938463 4434 -1
1701071223.938529 54 1
1701071223.938671 7405 -1
1701071223.938727 54 1
1701071223.940973 1194 -1
1701071223.940973 576 -1
1701071223.940973 1195 -1
1701071223.940973 5894 -1
1701071223.941036 54 1
1701071223.941333 3012 -1
1701071223.941362 54 1
1701071223.941581 573 -1
1701071223.942600 2974 -1
1701071223.942640 54 1
1701071223.942814 1934 -1
1701071223.942978 54 1
1701071223.945032 1191 -1
1701071223.945032 343 -1
1701071223.945083 54 1
1701071223.948115 4157 -1
1701071223.948193 54 1
1701071223.948769 1230 -1
1701071223.948769 521 -1
1701071223.948807 54 1
1701071223.949131 7354 -1
1701071223.949168 54 1
1701071223.949426 5649 -1
1701071223.949463 54 1
1701071226.135249 226 1
1701071226.136624 60 -1
1701071226.141569 229 1
1701071226.142367 230 1
1701071226.142653 60 -1
1701071226.149543 226 1
1701071226.150120 227 1
1701071226.150185 60 -1
1701071226.150185 1201 -1
1701071226.150185 563 -1
1701071226.150259 54 1
1701071226.152208 7354 -1
1701071226.152208 2410 -1
1701071226.152208 1231 -1
1701071226.152208 434 -1
1701071226.152208 7354 -1
1701071226.152338 54 1
1701071226.152524 7025 -1
1701071226.152566 54 1
1701071226.153038 1251 -1
1701071226.153076 54 1
1701071226.153166 489 -1
1701071226.156141 4434 -1
1701071226.156214 54 1
1701071226.156441 2950 -1
1701071226.156472 54 1
1701071226.163057 1195 -1
1701071226.163057 571 -1
1701071226.163057 7354 -1
1701071226.163057 3915 -1
1701071226.163159 54 1
1701071226.164662 1189 -1
1701071226.164662 414 -1
1701071226.164734 54 1
1701071226.166669 6181 -1
1701071226.166766 54 1
1701071227.759900 226 1
1701071227.760026 225 1
1701071227.760573 228 1
1701071227.769921 227 1
1701071227.770201 227 1
1701071227.770968 60 -1
1701071227.770968 1203 -1
1701071227.770968 561 -1
1701071227.771050 54 1
1701071227.771215 2807 -1
1701071227.771215 1226 -1
1701071227.771255 54 1
1701071227.779001 528 -1
1701071227.779001 7354 -1
1701071227.779001 7354 -1
1701071227.779001 1860 -1
1701071227.779001 1132 -1
1701071227.779150 54 1
1701071227.786412 1205 -1
1701071227.786412 439 -1
1701071227.786505 54 1
1701071227.787798 2974 -1
1701071227.787798 7354 -1
1701071227.787798 2081 -1
1701071227.787798 1209 -1
1701071227.787798 553 -1
1701071227.787798 1226 -1
1701071227.787798 8982 -1
1701071227.787798 527 -1
1701071227.787798 7354 -1
1701071227.787798 7354 -1
1701071227.787798 1135 -1
1701071227.788262 54 1
1701071229.453744 226 1
1701071229.456196 230 1
1701071229.456392 230 1
1701071229.456480 260 1
1701071229.456555 227 1
1701071229.457660 60 -1
1701071229.464699 1060 -1
1701071229.464699 8015 -1
1701071229.465103 54 1
1701071229.465192 1073 -1
1701071229.465192 5381 -1
1701071229.465272 54 1
1701071229.468903 89 1
1701071229.472549 1290 -1
1701071229.472549 437 -1
1701071229.472680 54 1
1701071229.474247 7354 -1
1701071229.474247 9160 -1
1701071229.474363 54 1
1701071229.475252 85 -1
1701071229.475252 5894 -1
1701071229.475295 54 1
1701071229.475337 5894 -1
1701071229.475360 54 1
1701071229.476647 4780 -1
1701071229.476647 7354 -1
1701071229.476751 54 1
1701071229.477500 9222 -1
1701071229.477568 54 1
1701071229.478286 7354 -1
1701071229.478286 7354 -1
1701071229.478350 54 1
1701071229.480025 7354 -1
1701071229.480025 7354 -1
1701071229.480102 54 1
1701071229.480580 1514 -1
1701071229.480580 2237 -1
1701071229.480580 7354 -1
1701071229.480646 54 1
1701071229.481079 7354 -1
1701071229.481101 54 1
1701071229.481612 7354 -1
1701071229.481655 54 1
1701071229.485082 7354 -1
1701071229.485082 7225 -1
1701071229.485082 1174 -1
1701071229.485082 603 -1
1701071229.485082 4675 -1
1701071229.485082 1267 -1
1701071229.485082 473 -1
1701071229.485082 5846 -1
1701071229.485416 54 1
1701071231.649171 227 1
1701071231.649294 227 1
1701071231.650265 226 1
1701071231.651213 228 1
1701071231.652125 60 -1
1701071231.652505 227 1
1701071231.656292 60 -1
1701071231.658643 1206 -1
1701071231.658643 550 -1
1701071231.658643 1227 -1
1701071231.658643 523 -1
1701071231.659025 54 1
1701071231.659094 7354 -1
1701071231.659141 54 1
1701071231.659468 2413 -1
1701071231.659513 54 1
1701071231.660437 1514 -1
1701071231.660437 4370 -1
1701071231.660498 54 1
1701071231.661300 1207 -1
1701071231.661300 558 -1
1701071231.661335 54 1
1701071231.662476 7354 -1
1701071231.662476 1008 -1
1701071231.662571 54 1
1701071231.662681 1232 -1
1701071231.662681 521 -1
1701071231.662681 1227 -1
1701071231.662721 54 1
1701071231.662933 529 -1
1701071231.662933 4674 -1
1701071231.662993 54 1
1701071231.663683 7354 -1
1701071231.663730 54 1
1701071231.665013 406 -1
1701071231.706395 54 1
1701071233.269564 227 1
1701071233.269734 231 1
1701071233.269841 226 1
1701071233.269968 226 1
1701071233.270084 226 1
1701071233.278450 60 -1
1701071233.284588 1226 -1
1701071233.284588 529 -1
1701071233.284588 1203 -1
1701071233.284588 2974 -1
1701071233.284588 3823 -1
1701071233.284588 562 -1
1701071233.284588 1207 -1
1701071233.284588 7266 -1
1701071233.284588 557 -1
1701071233.284588 1203 -1
1701071233.284588 557 -1
1701071233.284588 7354 -1
1701071233.284588 983 -1
1701071233.284588 5395 -1
1701071233.284588 1243 -1
1701071233.284588 508 -1
1701071233.284909 54 1
1701071233.285297 4434 -1
1701071233.285297 2339 -1
1701071233.285365 54 1
1701071233.736265 54 1
1701071233.737757 78 -1
1701071233.737757 60 -1
1701071233.737797 54 1
1701071234.916965 66 1
1701071234.917981 66 -1
1701071234.918120 54 1
1701071234.918882 966 1
1701071234.919981 60 -1
1701071234.920751 318 -1
1701071234.921498 134 1
1701071234.922127 146 1
1701071234.922512 583 1
1701071234.925486 60 -1
1701071234.925486 341 -1
1701071234.926374 60 -1
1701071234.926374 60 -1
1701071234.928415 115 -1
1701071234.928415 85 -1
1701071234.928478 54 1
1701071234.928973 227 1
1701071234.929089 227 1
1701071234.929196 227 1
1701071234.929618 85 1
1701071234.929715 227 1
1701071234.929855 60 -1
1701071234.930151 60 -1
1701071234.930151 60 -1
1701071234.930520 60 -1
1701071234.930641 60 -1
1701071234.933835 1186 -1
1701071234.933835 585 -1
1701071234.933893 54 1
1701071234.935123 4434 -1
1701071234.935177 54 1
1701071234.935248 1971 -1
1701071234.935278 54 1
1701071234.936467 1258 -1
1701071234.936467 480 -1
1701071234.936467 6562 -1
1701071234.936540 54 1
1701071234.936900 1248 -1
1701071234.936900 501 -1
1701071234.936940 54 1
1701071234.937132 2914 -1
1701071234.937159 54 1
1701071234.938836 1185 -1
1701071234.938836 578 -1
1701071234.938882 54 1
1701071234.939224 1514 -1
1701071234.939260 6055 -1
1701071234.939301 54 1
1701071234.941942 1234 -1
1701071234.941942 523 -1
1701071234.942011 54 1
1701071234.942348 4186 -1
1701071234.942382 54 1
1701071241.098075 228 1
1701071241.098200 229 1
1701071241.098919 227 1
1701071241.099011 229 1
1701071241.099115 226 1
1701071241.105505 60 -1
1701071241.111508 1089 -1
1701071241.111627 7354 -1
1701071241.111695 54 1
1701071241.113290 2296 -1
1701071241.113290 1045 -1
1701071241.113290 5894 -1
1701071241.113290 5110 -1
1701071241.113290 1230 -1
1701071241.113404 54 1
1701071241.114110 524 -1
1701071241.114110 1202 -1
1701071241.114110 559 -1
1701071241.114169 54 1
1701071241.114553 4434 -1
1701071241.114593 54 1
1701071241.114694 4305 -1
1701071241.114746 54 1
1701071241.115294 2974 -1
1701071241.115294 7039 -1
1701071241.115356 54 1
1701071241.115839 1701 -1
1701071241.115883 54 1
1701071241.116218 7354 -1
1701071241.116268 54 1
1701071241.116603 2340 -1
1701071241.116659 54 1
1701071241.125111 880 -1
1701071241.125191 66 1
1701071241.134518 89 1
1701071241.175943 60 -1
1701071241.558923 54 1
