1701074462.295729 66 1
1701074462.304171 66 -1
1701074462.304515 54 1
1701074462.327562 599 1
1701074462.331174 60 -1
1701074462.338837 2974 -1
1701074462.338837 957 -1
1701074462.338952 54 1
1701074462.429325 66 1
1701074462.430320 66 -1
1701074462.430416 54 1
1701074462.432357 572 1
1701074462.436974 60 -1
1701074462.444259 2974 -1
1701074462.444321 54 1
1701074462.444387 955 -1
1701074462.460710 134 1
1701074462.461577 134 1
1701074462.467402 60 -1
1701074462.467510 341 -1
1701074462.467510 341 -1
1701074462.467562 54 1
1701074462.468984 60 -1
1701074462.468984 341 -1
1701074462.474516 341 -1
1701074462.474667 54 1
1701074462.483647 54 1
1701074462.493979 146 1
1701074462.495445 616 1
1701074462.495570 226 1
1701074462.497172 60 -1
1701074462.497172 115 -1
1701074462.497172 85 -1
1701074462.497172 60 -1
1701074462.497172 60 -1
1701074462.497305 54 1
1701074462.499780 60 -1
1701074462.499780 93 -1
1701074462.499780 78 -1
1701074462.499836 54 1
1701074462.499891 54 1
1701074462.503608 85 1
1701074462.506495 1311 -1
1701074462.506495 409 -1
1701074462.506495 7354 -1
1701074462.506495 7354 -1
1701074462.506495 2974 -1
1701074462.506495 4434 -1
1701074462.506495 7354 -1
1701074462.506753 54 1
1701074462.506932 7354 -1
1701074462.506978 54 1
1701074462.507813 7354 -1
1701074462.507863 54 1
1701074462.510271 7354 -1
1701074462.510271 7354 -1
1701074462.510271 7354 -1
1701074462.510392 54 1
1701074462.515331 7354 -1
1701074462.515331 5894 -1
1701074462.515331 7354 -1
1701074462.515496 54 1
1701074462.524448 5894 -1
1701074462.524448 1514 -1
1701074462.524448 16114 -1
1701074462.524448 4434 -1
1701074462.524448 7354 -1
1701074462.524448 4434 -1
1701074462.524448 4434 -1
1701074462.524448 7354 -1
1701074462.524448 4434 -1
1701074462.524448 7354 -1
1701074462.524448 8814 -1
1701074462.524870 54 1
1701074462.529887 2974 -1
1701074462.529887 7354 -1
1701074462.529887 7354 -1
1701074462.529887 2974 -1
1701074462.529887 4434 -1
1701074462.530070 54 1
1701074462.530759 7354 -1
1701074462.530802 54 1
1701074462.537708 7354 -1
1701074462.537708 2974 -1
1701074462.537708 7354 -1
1701074462.537708 7354 -1
1701074462.537708 2974 -1
1701074462.537708 4434 -1
1701074462.537708 2974 -1
1701074462.537708 7354 -1
1701074462.537994 54 1
1701074462.538108 7354 -1
1701074462.538148 54 1
1701074462.539212 7354 -1
1701074462.539259 54 1
1701074462.540422 7354 -1
1701074462.540478 54 1
1701074462.544215 2974 -1
1701074462.544215 7354 -1
1701074462.544215 7354 -1
1701074462.544327 54 1
1701074462.549473 2974 -1
1701074462.549473 7354 -1
1701074462.549473 4434 -1
1701074462.549473 13194 -1
1701074462.549473 7354 -1
1701074462.550975 54 1
1701074462.551041 2974 -1
1701074462.552207 54 1
1701074462.552338 7354 -1
1701074462.552338 2974 -1
1701074462.553045 54 1
1701074462.553107 7354 -1
1701074462.553164 54 1
1701074462.555106 7354 -1
1701074462.555164 54 1
1701074462.557542 7354 -1
1701074462.557542 5894 -1
1701074462.557542 2974 -1
1701074462.557704 54 1
1701074462.558541 7354 -1
1701074462.558626 54 1
1701074462.559294 7354 -1
1701074462.559370 54 1
1701074462.566631 5894 -1
1701074462.566631 7354 -1
1701074462.566631 7354 -1
1701074462.566631 2974 -1
1701074462.566631 7354 -1
1701074462.566631 7354 -1
1701074462.566631 7354 -1
1701074462.567083 54 1
1701074462.569377 1514 -1
1701074462.569377 2974 -1
1701074462.569377 7354 -1
1701074462.569511 54 1
1701074462.587907 7354 -1
1701074462.587907 7354 -1
1701074462.587907 4434 -1
1701074462.587907 5894 -1
1701074462.587907 1514 -1
1701074462.587907 1514 -1
1701074462.587907 775 -1
1701074462.588072 54 1
1701074462.835585 204 1
1701074462.835741 202 1
1701074462.835848 202 1
1701074462.835947 256 1
1701074462.836059 203 1
1701074462.836170 252 1
1701074462.836303 201 1
1701074462.836406 203 1
1701074462.836516 202 1
1701074462.836604 202 1
1701074462.836874 228 1
1701074462.836969 228 1
1701074462.837040 228 1
1701074462.837098 230 1
1701074462.837141 60 -1
1701074462.837212 227 1
1701074462.837328 228 1
1701074462.837418 226 1
1701074462.837486 227 1
1701074462.838007 60 -1
1701074462.839430 60 -1
1701074462.849462 1108 -1
1701074462.849984 668 -1
1701074462.849984 1225 -1
1701074462.849984 528 -1
1701074462.849984 1052 -1
1701074462.849984 742 -1
1701074462.849984 1083 -1
1701074462.849984 706 -1
1701074462.849984 1126 -1
1701074462.849984 14654 -1
1701074462.850395 54 1
1701074462.850455 1860 -1
1701074462.850559 54 1
1701074462.850623 7354 -1
1701074462.850772 54 1
1701074462.851027 5894 -1
1701074462.851061 54 1
1701074462.851494 3351 -1
1701074462.851577 54 1
1701074462.851909 5894 -1
1701074462.851937 54 1
1701074462.852425 2974 -1
1701074462.852443 54 1
1701074462.852506 7354 -1
1701074462.852532 54 1
1701074462.853162 7354 -1
1701074462.853190 54 1
1701074462.853834 7354 -1
1701074462.853858 54 1
1701074462.854355 7354 -1
1701074462.854391 54 1
1701074462.854989 7354 -1
1701074462.855021 54 1
1701074462.855583 1514 -1
1701074462.855600 225 1
1701074462.855705 230 1
1701074462.855740 7354 -1
1701074462.855782 227 1
1701074462.855811 54 1
1701074462.855873 226 1
1701074462.855984 227 1
1701074462.856053 229 1
1701074462.856126 258 1
1701074462.856330 7354 -1
1701074462.856354 54 1
1701074462.856889 7354 -1
1701074462.856927 54 1
1701074462.857505 7354 -1
1701074462.857545 54 1
1701074462.858119 7354 -1
1701074462.858163 54 1
1701074462.858881 1514 -1
1701074462.858881 7354 -1
1701074462.858935 54 1
1701074462.859428 2974 -1
1701074462.859446 54 1
1701074462.868031 54 1
1701074462.872018 1514 -1
1701074462.872018 7354 -1
1701074462.872018 7354 -1
1701074462.872018 2974 -1
1701074462.872018 7354 -1
1701074462.872018 4434 -1
1701074462.872018 7354 -1
1701074462.872018 7354 -1
1701074462.872018 5894 -1
1701074462.872018 7354 -1
1701074462.872018 5894 -1
1701074462.872018 4434 -1
1701074462.872018 2974 -1
1701074462.872018 7354 -1
1701074462.872018 7354 -1
1701074462.872018 7354 -1
1701074462.872018 7354 -1
1701074462.872018 1514 -1
1701074462.872018 60 -1
1701074462.872018 7354 -1
1701074462.872018 7354 -1
1701074462.872018 13194 -1
1701074462.872018 7354 -1
1701074462.872018 10274 -1
1701074462.872688 54 1
1701074462.875145 2974 -1
1701074462.875218 54 1
1701074462.878471 54 1
1701074462.888642 1514 -1
1701074462.888642 14654 -1
1701074462.888642 7354 -1
1701074462.888642 7354 -1
1701074462.888642 14654 -1
1701074462.888642 7354 -1
1701074462.888642 7354 -1
1701074462.888642 7354 -1
1701074462.888642 2974 -1
1701074462.888642 7354 -1
1701074462.888642 2974 -1
1701074462.888642 7354 -1
1701074462.888642 4434 -1
1701074462.888642 7354 -1
1701074462.888642 7354 -1
1701074462.888642 5754 -1
1701074462.888642 7354 -1
1701074462.888642 7354 -1
1701074462.888642 7354 -1
1701074462.888642 7354 -1
1701074462.888642 3114 -1
1701074462.889240 54 1
1701074462.892214 7354 -1
1701074462.892214 7354 -1
1701074462.892321 54 1
1701074462.898301 54 1
1701074462.909219 7354 -1
1701074462.909219 7354 -1
1701074462.909219 7354 -1
1701074462.909219 7354 -1
1701074462.909219 1514 -1
1701074462.909219 7354 -1
1701074462.909219 7354 -1
1701074462.909219 4434 -1
1701074462.909219 7354 -1
1701074462.909219 7354 -1
1701074462.909219 7354 -1
1701074462.909219 7354 -1
1701074462.909219 7354 -1
1701074462.909219 7354 -1
1701074462.909219 7354 -1
1701074462.909219 2730 -1
1701074462.909219 4434 -1
1701074462.909219 4434 -1
1701074462.909219 4434 -1
1701074462.909219 4434 -1
1701074462.909219 4434 -1
1701074462.909219 4434 -1
1701074462.909219 4434 -1
1701074462.909219 4434 -1
1701074462.909219 4434 -1
1701074462.909219 4434 -1
1701074462.909219 4434 -1
1701074462.910003 54 1
1701074462.910010 54 1
1701074462.910152 4434 -1
1701074462.910194 54 1
1701074462.910272 4434 -1
1701074462.910296 54 1
1701074462.911489 4005 -1
1701074462.911522 54 1
1701074462.911684 54 1
1701074462.912329 54 1
1701074462.912428 7354 -1
1701074462.912476 54 1
1701074462.912558 4434 -1
1701074462.912598 54 1
1701074462.912948 7354 -1
1701074462.912989 54 1
1701074462.913530 4434 -1
1701074462.913571 54 1
1701074462.913862 2974 -1
1701074462.913898 54 1
1701074462.914108 7354 -1
1701074462.914151 54 1
1701074462.914726 1514 -1
1701074462.914758 54 1
1701074462.914937 7354 -1
1701074462.914977 54 1
1701074462.915448 4434 -1
1701074462.915486 54 1
1701074462.916560 7354 -1
1701074462.916560 4434 -1
1701074462.916630 54 1
1701074462.916915 5894 -1
1701074462.916944 54 1
1701074462.917507 7354 -1
1701074462.917553 54 1
1701074462.918104 4434 -1
1701074462.918131 54 1
1701074462.918468 7354 -1
1701074462.918495 54 1
1701074462.919150 4434 -1
1701074462.919197 54 1
1701074462.919350 7354 -1
1701074462.919388 54 1
1701074462.935457 4434 -1
1701074462.935457 5894 -1
1701074462.935457 5894 -1
1701074462.935457 7354 -1
1701074462.935457 4434 -1
1701074462.935457 5894 -1
1701074462.935457 7354 -1
1701074462.935457 7354 -1
1701074462.935457 1514 -1
1701074462.935457 7354 -1
1701074462.935457 5894 -1
1701074462.935457 2974 -1
1701074462.935457 7354 -1
1701074462.935457 7354 -1
1701074462.935457 7354 -1
1701074462.935457 1514 -1
1701074462.935457 7354 -1
1701074462.935457 1514 -1
1701074462.935457 7354 -1
1701074462.935457 7354 -1
1701074462.935457 1514 -1
1701074462.935457 1514 -1
1701074462.935457 7354 -1
1701074462.935457 7354 -1
1701074462.935457 1514 -1
1701074462.935457 1514 -1
1701074462.935457 7354 -1
1701074462.935457 5894 -1
1701074462.935457 7354 -1
1701074462.935457 7354 -1
1701074462.935457 1514 -1
1701074462.935457 7354 -1
1701074462.936209 66 1
1701074462.936264 54 1
1701074462.936401 54 1
1701074462.936617 7354 -1
1701074462.936617 1514 -1
1701074462.936617 7354 -1
1701074462.936698 54 1
1701074462.936793 54 1
1701074462.937442 7354 -1
1701074462.937491 54 1
1701074462.937604 1514 -1
1701074462.937627 54 1
1701074462.937755 4434 -1
1701074462.937773 54 1
1701074462.937792 54 1
1701074462.937981 54 1
1701074462.938069 7354 -1
1701074462.938108 54 1
1701074462.938972 4434 -1
1701074462.939012 54 1
1701074462.939108 7354 -1
1701074462.939151 54 1
1701074462.940326 7354 -1
1701074462.940440 54 1
1701074462.940483 1514 -1
1701074462.940483 1514 -1
1701074462.940483 7354 -1
1701074462.940548 66 1
1701074462.943633 54 1
1701074462.945237 1514 -1
1701074462.945237 7354 -1
1701074462.945237 1514 -1
1701074462.945237 7354 -1
1701074462.945237 1514 -1
1701074462.945237 2974 -1
1701074462.945237 5894 -1
1701074462.945237 8814 -1
1701074462.945237 11734 -1
1701074462.945237 7354 -1
1701074462.946265 54 1
1701074462.946309 1514 -1
1701074462.946309 7354 -1
1701074462.946338 54 1
1701074462.946367 4434 -1
1701074462.947043 54 1
1701074462.947080 11734 -1
1701074462.947152 54 1
1701074462.948221 1514 -1
1701074462.948221 1514 -1
1701074462.948221 7354 -1
1701074462.948271 54 1
1701074462.948939 1514 -1
1701074462.948939 7354 -1
1701074462.948982 54 1
1701074462.949289 4434 -1
1701074462.949326 54 1
1701074462.949647 7354 -1
1701074462.949683 54 1
1701074462.950255 4434 -1
1701074462.950280 54 1
1701074462.950958 5894 -1
1701074462.950985 54 1
1701074462.951097 11734 -1
1701074462.951129 54 1
1701074462.952256 7354 -1
1701074462.952289 54 1
1701074462.952828 4434 -1
1701074462.952864 54 1
1701074462.953144 7354 -1
1701074462.953181 54 1
1701074462.953980 4434 -1
1701074462.954037 54 1
1701074462.954224 7354 -1
1701074462.954246 54 1
1701074462.954627 4434 -1
1701074462.954825 54 1
1701074462.955060 4434 -1
1701074462.955080 54 1
1701074462.955401 7354 -1
1701074462.955429 54 1
1701074462.955989 5894 -1
1701074462.956054 54 1
1701074462.956427 7354 -1
1701074462.956458 54 1
1701074462.957027 4434 -1
1701074462.957047 54 1
1701074462.957398 7354 -1
1701074462.957419 54 1
1701074462.958002 4434 -1
1701074462.958033 54 1
1701074462.958379 7354 -1
1701074462.958403 54 1
1701074462.958989 7354 -1
1701074462.959024 54 1
1701074462.959598 1514 -1
1701074462.959720 4434 -1
1701074462.959816 54 1
1701074462.960082 4434 -1
1701074462.960126 54 1
1701074462.961522 7354 -1
1701074462.961522 7354 -1
1701074462.961560 54 1
1701074462.961642 1514 -1
1701074462.961673 54 1
1701074462.962166 7354 -1
1701074462.962192 54 1
1701074462.962422 4434 -1
1701074462.962470 54 1
1701074462.963050 2974 -1
1701074462.963050 7354 -1
1701074462.963102 54 1
1701074462.963774 1514 -1
1701074462.963774 7354 -1
1701074462.963807 54 1
1701074462.966117 4434 -1
1701074462.966117 7354 -1
1701074462.966117 4434 -1
1701074462.966196 54 1
1701074462.967260 7354 -1
1701074462.967260 4434 -1
1701074462.967260 5894 -1
1701074462.967260 7354 -1
1701074462.967374 54 1
1701074462.967853 4434 -1
1701074462.967937 54 1
1701074462.968395 7354 -1
1701074462.968471 54 1
1701074462.970436 4434 -1
1701074462.970436 7354 -1
1701074462.970436 4434 -1
1701074462.970544 54 1
1701074462.972439 7354 -1
1701074462.972439 4434 -1
1701074462.972439 4434 -1
1701074462.972439 7354 -1
1701074462.972566 54 1
1701074462.986154 1514 -1
1701074462.986154 4434 -1
1701074462.986154 7354 -1
1701074462.986154 4434 -1
1701074462.986154 7354 -1
1701074462.986154 4434 -1
1701074462.986154 7354 -1
1701074462.986154 4434 -1
1701074462.986154 7354 -1
1701074462.986154 4434 -1
1701074462.986154 7354 -1
1701074462.986154 2974 -1
1701074462.986154 1514 -1
1701074462.986154 5894 -1
1701074462.986154 7354 -1
1701074462.986154 1514 -1
1701074462.986154 2974 -1
1701074462.986154 1514 -1
1701074462.986154 7354 -1
1701074462.986154 2974 -1
1701074462.986154 7354 -1
1701074462.986154 4434 -1
1701074462.986154 7354 -1
1701074462.986154 4434 -1
1701074462.987958 54 1
1701074462.992057 1514 -1
1701074462.992057 7354 -1
1701074462.992057 2974 -1
1701074462.992057 5894 -1
1701074462.992057 7354 -1
1701074462.992057 4434 -1
1701074462.992057 2974 -1
1701074462.992057 7354 -1
1701074462.992057 1514 -1
1701074462.992057 7354 -1
1701074462.992057 4434 -1
1701074462.992057 7354 -1
1701074462.992057 4434 -1
1701074462.992057 1514 -1
1701074462.992057 7354 -1
1701074462.992057 2974 -1
1701074462.992057 1514 -1
1701074462.992057 4434 -1
1701074462.992057 4434 -1
1701074462.994842 54 1
1701074463.004220 7354 -1
1701074463.004220 4434 -1
1701074463.004220 7354 -1
1701074463.004220 7354 -1
1701074463.004220 4434 -1
1701074463.004220 7354 -1
1701074463.004220 4434 -1
1701074463.004220 7354 -1
1701074463.004220 1514 -1
1701074463.004220 2974 -1
1701074463.004220 4434 -1
1701074463.004220 1514 -1
1701074463.004220 7354 -1
1701074463.004220 4434 -1
1701074463.004220 7354 -1
1701074463.004220 4434 -1
1701074463.004220 7354 -1
1701074463.004220 4434 -1
1701074463.004220 7354 -1
1701074463.004220 4434 -1
1701074463.004220 7354 -1
1701074463.004220 4434 -1
1701074463.004220 5894 -1
1701074463.004220 7354 -1
1701074463.004220 4434 -1
1701074463.004220 1514 -1
1701074463.004220 7354 -1
1701074463.004220 2974 -1
1701074463.005071 54 1
1701074463.012989 54 1
1701074463.017307 7354 -1
1701074463.017307 4434 -1
1701074463.017307 2974 -1
1701074463.017307 1514 -1
1701074463.017307 1514 -1
1701074463.017307 7354 -1
1701074463.017307 4434 -1
1701074463.017307 7354 -1
1701074463.017307 4434 -1
1701074463.017307 7354 -1
1701074463.017307 7354 -1
1701074463.017307 1514 -1
1701074463.017307 7354 -1
1701074463.017307 5894 -1
1701074463.017307 7354 -1
1701074463.017307 1514 -1
1701074463.017307 4434 -1
1701074463.017307 1514 -1
1701074463.017307 7354 -1
1701074463.017307 7354 -1
1701074463.017307 5894 -1
1701074463.017307 7354 -1
1701074463.017307 1514 -1
1701074463.017307 7354 -1
1701074463.017307 1514 -1
1701074463.017307 7354 -1
1701074463.017307 1514 -1
1701074463.017307 7354 -1
1701074463.017307 1514 -1
1701074463.017307 7354 -1
1701074463.017307 1514 -1
1701074463.018484 54 1
1701074463.018735 7354 -1
1701074463.018735 1514 -1
1701074463.018735 7354 -1
1701074463.018735 1514 -1
1701074463.018800 54 1
1701074463.018837 54 1
1701074463.018907 2974 -1
1701074463.018937 54 1
1701074463.018983 7354 -1
1701074463.020334 54 1
1701074463.019018 54 1
1701074463.028850 1514 -1
1701074463.028850 4434 -1
1701074463.028850 4434 -1
1701074463.028850 7354 -1
1701074463.028850 1514 -1
1701074463.028850 4434 -1
1701074463.028850 4434 -1
1701074463.028850 1514 -1
1701074463.028850 7354 -1
1701074463.028850 2974 -1
1701074463.028850 1514 -1
1701074463.028850 7354 -1
1701074463.028850 7354 -1
1701074463.028850 1514 -1
1701074463.028850 7354 -1
1701074463.028850 4434 -1
1701074463.028850 11734 -1
1701074463.028850 7354 -1
1701074463.028850 4434 -1
1701074463.028850 5894 -1
1701074463.028850 5894 -1
1701074463.028850 7354 -1
1701074463.030965 54 1
1701074463.031171 4434 -1
1701074463.031171 1514 -1
1701074463.031171 4434 -1
1701074463.031171 7354 -1
1701074463.031171 4434 -1
1701074463.031171 10274 -1
1701074463.031403 54 1
1701074463.031454 1514 -1
1701074463.031489 54 1
1701074463.031902 7354 -1
1701074463.031955 54 1
1701074463.032253 4434 -1
1701074463.032405 54 1
1701074463.032613 7354 -1
1701074463.032682 54 1
1701074463.033146 4434 -1
1701074463.033190 54 1
1701074463.033581 7354 -1
1701074463.033632 54 1
1701074463.034124 4434 -1
1701074463.034167 54 1
1701074463.034483 5894 -1
1701074463.034820 54 1
1701074463.035129 4434 -1
1701074463.035177 54 1
1701074463.035431 7354 -1
1701074463.035478 54 1
1701074463.037538 7354 -1
1701074463.037538 4434 -1
1701074463.037538 7354 -1
1701074463.037538 4434 -1
1701074463.037688 54 1
1701074463.038002 2037 -1
1701074463.038041 54 1
1701074463.041532 54 1
1701074463.482256 204 1
1701074463.489553 910 -1
1701074463.489553 5657 -1
1701074463.489645 54 1
1701074470.342322 54 1
1701074470.343477 78 -1
1701074470.343477 60 -1
1701074470.343511 54 1
1701074476.512288 66 1
1701074476.514378 66 -1
1701074476.514638 54 1
1701074476.515635 902 1
1701074476.521349 60 -1
1701074476.521966 318 -1
1701074476.522912 134 1
1701074476.523655 146 1
1701074476.524594 584 1
1701074476.524679 258 1
1701074476.524774 229 1
1701074476.524865 228 1
1701074476.524972 60 -1
1701074476.524972 341 -1
1701074476.526138 60 -1
1701074476.526138 60 -1
1701074476.526138 60 -1
1701074476.526138 60 -1
1701074476.531029 115 -1
1701074476.531029 85 -1
1701074476.531090 54 1
1701074476.531399 1194 -1
1701074476.531427 54 1
1701074476.531514 573 -1
1701074476.531561 3099 -1
1701074476.531579 54 1
1701074476.532287 1310 -1
1701074476.532634 412 -1
1701074476.532639 85 1
1701074476.532673 54 1
1701074476.532672 14654 -1
1701074476.532722 54 1
1701074476.534880 1860 -1
1701074476.534930 54 1
1701074476.535405 85 -1
1701074476.535405 2974 -1
1701074476.535435 54 1
1701074476.535613 7354 -1
1701074476.535669 54 1
1701074476.537035 6240 -1
1701074476.537081 54 1
1701074476.538299 7354 -1
1701074476.538336 54 1
1701074476.539063 1514 -1
1701074476.539096 54 1
1701074476.539175 7354 -1
1701074476.539208 54 1
1701074476.541064 8814 -1
1701074476.541130 54 1
1701074476.541926 2974 -1
1701074476.541970 54 1
1701074476.542447 4434 -1
1701074476.542471 54 1
1701074476.543381 4434 -1
1701074476.543411 54 1
1701074476.543975 2974 -1
1701074476.543997 54 1
1701074476.544901 2974 -1
1701074476.544949 54 1
1701074476.545015 2974 -1
1701074476.545043 54 1
1701074476.545251 4434 -1
1701074476.545283 54 1
1701074476.548024 7354 -1
1701074476.548024 7354 -1
1701074476.548229 54 1
1701074476.549317 7354 -1
1701074476.549367 54 1
1701074476.550368 1514 -1
1701074476.550368 1514 -1
1701074476.550368 7354 -1
1701074476.550408 54 1
1701074476.551742 7354 -1
1701074476.552015 54 1
1701074476.552539 7354 -1
1701074476.552594 54 1
1701074476.553922 7354 -1
1701074476.553957 54 1
1701074476.555340 7354 -1
1701074476.555387 54 1
1701074476.556455 5894 -1
1701074476.556498 54 1
1701074476.558040 7354 -1
1701074476.558073 54 1
1701074476.558521 7354 -1
1701074476.558568 54 1
1701074476.560498 4434 -1
1701074476.560498 5894 -1
1701074476.560555 54 1
1701074476.563150 7354 -1
1701074476.563150 2974 -1
1701074476.563150 993 -1
1701074476.563562 54 1
1701074476.564020 5894 -1
1701074476.564068 54 1
1701074476.564389 4434 -1
1701074476.564427 54 1
1701074476.565661 5894 -1
1701074476.565877 54 1
1701074476.566050 7354 -1
1701074476.566133 54 1
1701074476.567616 2974 -1
1701074476.567647 54 1
1701074476.568399 7354 -1
1701074476.568464 54 1
1701074476.569673 4434 -1
1701074476.569673 4434 -1
1701074476.569747 54 1
1701074476.579195 7354 -1
1701074476.579195 5894 -1
1701074476.579195 7354 -1
1701074476.579195 1514 -1
1701074476.579195 7354 -1
1701074476.579195 5894 -1
1701074476.579195 7354 -1
1701074476.579195 2974 -1
1701074476.579195 4434 -1
1701074476.579542 54 1
1701074476.579656 5894 -1
1701074476.579656 4434 -1
1701074476.579721 54 1
1701074476.580166 7354 -1
1701074476.580282 54 1
1701074476.584492 5894 -1
1701074476.584492 7354 -1
1701074476.584492 4434 -1
1701074476.584794 54 1
1701074476.585552 1514 -1
1701074476.585552 7354 -1
1701074476.585635 54 1
1701074476.587930 1514 -1
1701074476.587930 7354 -1
1701074476.588045 54 1
1701074476.588555 54 1
1701074476.591974 8814 -1
1701074476.591974 7354 -1
1701074476.591974 7354 -1
1701074476.591974 1514 -1
1701074476.591974 2974 -1
1701074476.591974 7354 -1
1701074476.592214 54 1
1701074476.593506 7354 -1
1701074476.593542 54 1
1701074476.594306 5894 -1
1701074476.594335 54 1
1701074476.595249 7354 -1
1701074476.595283 54 1
1701074476.596425 7354 -1
1701074476.596461 54 1
1701074476.598201 7354 -1
1701074476.598250 54 1
1701074476.599264 5894 -1
1701074476.599295 54 1
1701074476.600790 7354 -1
1701074476.600853 54 1
1701074476.601237 7354 -1
1701074476.601264 54 1
1701074476.605340 7354 -1
1701074476.605340 5894 -1
1701074476.605340 7354 -1
1701074476.605583 54 1
1701074476.608057 1514 -1
1701074476.608057 2974 -1
1701074476.608057 5819 -1
1701074476.608057 1514 -1
1701074476.608208 66 1
1701074476.608274 54 1
1701074476.612637 1514 -1
1701074476.612662 66 1
1701074478.083125 228 1
1701074478.091576 1177 -1
1701074478.091576 488 -1
1701074478.091661 54 1
1701074478.091795 2974 -1
1701074478.091795 3261 -1
1701074478.091830 54 1
1701074478.101740 227 1
1701074478.103369 228 1
1701074478.103504 226 1
1701074478.103586 228 1
1701074478.109309 60 -1
1701074478.110678 1201 -1
1701074478.110678 562 -1
1701074478.110678 6747 -1
1701074478.110798 54 1
1701074478.112279 1221 -1
1701074478.112279 533 -1
1701074478.112279 1191 -1
1701074478.112279 5855 -1
1701074478.112279 571 -1
1701074478.112279 12979 -1
1701074478.112396 54 1
1701074478.113196 1259 -1
1701074478.113370 482 -1
1701074478.113370 2345 -1
1701074478.113407 54 1
1701074480.306460 226 1
1701074480.307355 226 1
1701074480.307890 227 1
1701074480.308850 227 1
1701074480.308927 229 1
1701074480.312108 60 -1
1701074480.316826 1170 -1
1701074480.316826 602 -1
1701074480.316826 1232 -1
1701074480.316826 7296 -1
1701074480.316950 54 1
1701074480.320318 1625 -1
1701074480.320318 1700 -1
1701074480.320318 7354 -1
1701074480.320318 1394 -1
1701074480.320318 7354 -1
1701074480.320318 1443 -1
1701074480.320318 2974 -1
1701074480.320318 4423 -1
1701074480.320492 54 1
1701074480.325053 1209 -1
1701074480.325053 553 -1
1701074480.325138 54 1
1701074480.333284 7354 -1
1701074480.333365 54 1
1701074480.333634 2964 -1
1701074480.333665 54 1
1701074481.854113 227 1
1701074481.856734 226 1
1701074481.856871 229 1
1701074481.857775 60 -1
1701074481.859294 232 1
1701074481.859413 227 1
1701074481.862028 1231 -1
1701074481.862028 523 -1
1701074481.862130 54 1
1701074481.863726 89 1
1701074481.865176 7354 -1
1701074481.865176 1514 -1
1701074481.865298 54 1
1701074481.865354 4037 -1
1701074481.865382 54 1
1701074481.865708 1193 -1
1701074481.865708 574 -1
1701074481.865708 3585 -1
1701074481.865776 54 1
1701074481.867635 1238 -1
1701074481.867635 513 -1
1701074481.867635 6906 -1
1701074481.867727 54 1
1701074481.890939 1235 -1
1701074481.890939 517 -1
1701074481.890939 5894 -1
1701074481.890939 4964 -1
1701074481.890939 1188 -1
1701074481.890939 576 -1
1701074481.890939 7354 -1
1701074481.890939 943 -1
1701074481.891094 54 1
1701074483.472381 227 1
1701074483.472580 226 1
1701074483.472650 226 1
1701074483.472715 227 1
1701074483.472857 227 1
1701074483.476604 60 -1
1701074483.497270 1233 -1
1701074483.497270 525 -1
1701074483.497270 1236 -1
1701074483.497270 1514 -1
1701074483.497270 8446 -1
1701074483.497270 282 -1
1701074483.497270 1230 -1
1701074483.497270 7354 -1
1701074483.497270 929 -1
1701074483.497270 7354 -1
1701074483.497270 7298 -1
1701074483.497270 1514 -1
1701074483.497270 7354 -1
1701074483.497270 7354 -1
1701074483.497270 5894 -1
1701074483.497270 3906 -1
1701074483.497563 54 1
1701074485.680598 229 1
1701074485.683859 229 1
1701074485.683965 227 1
1701074485.684047 226 1
1701074485.684108 227 1
1701074485.685176 60 -1
1701074485.688173 60 -1
1701074485.692797 1197 -1
1701074485.692797 570 -1
1701074485.692797 1231 -1
1701074485.692797 525 -1
1701074485.692797 1259 -1
1701074485.692797 7373 -1
1701074485.692960 54 1
1701074485.693189 482 -1
1701074485.693189 2974 -1
1701074485.693237 54 1
1701074485.693287 2835 -1
1701074485.693309 54 1
1701074485.703697 7354 -1
1701074485.703697 7354 -1
1701074485.703697 391 -1
1701074485.703697 1713 -1
1701074485.703697 7354 -1
1701074485.703697 4137 -1
1701074485.703697 1195 -1
1701074485.703697 568 -1
1701074485.703697 5375 -1
1701074485.703891 54 1
1701074494.201395 54 1
1701074494.207229 78 -1
1701074494.207229 60 -1
1701074494.207476 54 1
1701074494.282573 66 1
1701074494.287024 66 -1
1701074494.287184 54 1
1701074494.287772 966 1
1701074494.288787 60 -1
1701074494.289868 318 -1
1701074494.291943 134 1
1701074494.292312 146 1
1701074494.293744 583 1
1701074494.293843 228 1
1701074494.293943 228 1
1701074494.294035 227 1
1701074494.294086 60 -1
1701074494.294086 341 -1
1701074494.294086 60 -1
1701074494.294086 115 -1
1701074494.294086 85 -1
1701074494.294115 229 1
1701074494.294179 54 1
1701074494.294688 85 1
1701074494.295125 60 -1
1701074494.295383 60 -1
1701074494.295383 60 -1
1701074494.295383 60 -1
1701074494.295690 60 -1
1701074494.295690 60 -1
1701074494.301218 1253 -1
1701074494.301218 488 -1
1701074494.301218 1225 -1
1701074494.301218 532 -1
1701074494.301218 7354 -1
1701074494.301363 54 1
1701074494.301445 4462 -1
1701074494.301475 54 1
1701074494.301683 1225 -1
1701074494.301709 54 1
1701074494.301836 7907 -1
1701074494.301862 54 1
1701074494.302446 527 -1
1701074494.302833 7354 -1
1701074494.302862 54 1
1701074494.303312 1948 -1
1701074494.303337 54 1
1701074494.303370 1172 -1
1701074494.303625 602 -1
1701074494.303653 54 1
1701074494.303696 7354 -1
1701074494.303723 54 1
1701074494.304176 1401 -1
1701074494.304204 54 1
1701074494.309036 1226 -1
1701074494.309036 525 -1
1701074494.309114 54 1
1701074494.309362 7354 -1
1701074494.309418 54 1
1701074494.309772 4693 -1
1701074494.309800 54 1
1701074496.209932 226 1
1701074496.213677 60 -1
1701074496.215086 230 1
1701074496.216243 226 1
1701074496.216598 60 -1
1701074496.216800 228 1
1701074496.216937 226 1
1701074496.217411 60 -1
1701074496.217801 60 -1
1701074496.236685 60 -1
1701074496.236685 1196 -1
1701074496.236685 573 -1
1701074496.236685 1514 -1
1701074496.236685 7354 -1
1701074496.236685 2646 -1
1701074496.236685 542 -1
1701074496.236685 7903 -1
1701074496.236685 1213 -1
1701074496.236685 1196 -1
1701074496.236685 396 -1
1701074496.236685 10253 -1
1701074496.236685 1232 -1
1701074496.236685 520 -1
1701074496.236685 5673 -1
1701074496.236685 1187 -1
1701074496.236685 585 -1
1701074496.236685 7354 -1
1701074496.236685 1147 -1
1701074496.236685 1147 -1
1701074496.236962 66 1
1701074496.237045 66 1
1701074496.237102 54 1
1701074496.237194 66 1
1701074496.238005 1213 -1
1701074496.238023 66 1
1701074499.945465 228 1
1701074499.945605 227 1
1701074499.945697 227 1
1701074499.945787 230 1
1701074499.945878 227 1
1701074499.947866 60 -1
1701074499.952340 1171 -1
1701074499.952340 608 -1
1701074499.952340 1214 -1
1701074499.952444 54 1
1701074499.952525 541 -1
1701074499.952525 7354 -1
1701074499.952587 54 1
1701074499.953513 4759 -1
1701074499.953596 66 1
1701074499.953662 175 -1
1701074499.953662 1198 -1
1701074499.953662 562 -1
1701074499.953662 1218 -1
1701074499.953662 539 -1
1701074499.953734 66 1
1701074499.953785 66 1
1701074499.953808 66 1
1701074499.953860 54 1
1701074499.953881 54 1
1701074499.953923 1190 -1
1701074499.953923 7354 -1
1701074499.953973 54 1
1701074499.955105 9160 -1
1701074499.955173 54 1
1701074499.955217 5158 -1
1701074499.955264 54 1
1701074499.955819 4442 -1
1701074499.955845 54 1
1701074499.956096 1319 -1
1701074499.956124 66 1
1701074499.956215 562 -1
1701074499.956215 1218 -1
1701074499.956215 5467 -1
1701074499.956250 66 1
1701074499.956289 66 1
1701074499.956337 54 1
1701074499.957503 89 1
1701074500.001764 60 -1
1701074501.555202 228 1
1701074501.555590 229 1
1701074501.556012 229 1
1701074501.556177 60 -1
1701074501.556594 60 -1
1701074501.556930 60 -1
1701074501.557413 228 1
1701074501.558176 230 1
1701074501.558344 60 -1
1701074501.559124 60 -1
1701074501.563737 1168 -1
1701074501.563737 601 -1
1701074501.563737 1287 -1
1701074501.563737 446 -1
1701074501.563861 54 1
1701074501.564786 7354 -1
1701074501.564826 54 1
1701074501.566814 2076 -1
1701074501.566814 1193 -1
1701074501.566814 575 -1
1701074501.566814 7068 -1
1701074501.566814 1201 -1
1701074501.566814 565 -1
1701074501.566814 1190 -1
1701074501.566814 7303 -1
1701074501.567033 54 1
1701074501.567243 7354 -1
1701074501.567270 54 1
1701074501.567494 3624 -1
1701074501.567524 54 1
1701074501.567802 7354 -1
1701074501.567869 54 1
1701074501.568390 1962 -1
1701074501.568408 54 1
1701074503.232897 228 1
1701074503.233438 226 1
1701074503.237012 60 -1
1701074503.237012 60 -1
1701074503.239095 227 1
1701074503.240387 60 -1
1701074503.243380 1193 -1
1701074503.243380 577 -1
1701074503.243467 54 1
1701074503.244584 229 1
1701074503.244675 230 1
1701074503.246358 60 -1
1701074503.246358 60 -1
1701074503.251270 7139 -1
1701074503.251385 54 1
1701074503.255439 1197 -1
1701074503.255439 569 -1
1701074503.255530 54 1
1701074503.256323 5894 -1
1701074503.256401 54 1
1701074503.256811 2487 -1
1701074503.256811 1419 -1
1701074503.256860 54 1
1701074503.266729 7354 -1
1701074503.266834 54 1
1701074503.266893 929 -1
1701074503.266893 1229 -1
1701074503.266927 54 1
1701074503.267103 519 -1
1701074503.267103 1229 -1
1701074503.267129 54 1
1701074503.267174 525 -1
1701074503.267206 54 1
1701074503.268017 7354 -1
1701074503.268044 54 1
1701074503.287993 3591 -1
1701074503.287993 8696 -1
1701074503.287993 1396 -1
1701074503.288137 66 1
1701074504.174518 54 1
1701074504.209842 78 -1
1701074504.209842 60 -1
1701074504.210022 54 1
1701074504.874507 66 1
1701074504.892080 66 -1
1701074504.892251 54 1
1701074504.893184 934 1
1701074504.894598 60 -1
1701074504.902108 318 -1
1701074504.903138 134 1
1701074504.903598 146 1
1701074504.904413 60 -1
1701074504.904413 341 -1
1701074504.904692 60 -1
1701074504.904692 115 -1
1701074504.904692 85 -1
1701074504.904731 54 1
1701074504.904902 582 1
1701074504.905014 227 1
1701074504.905100 225 1
1701074504.905182 227 1
1701074504.905285 228 1
1701074504.905829 85 1
1701074504.909380 60 -1
1701074504.909380 60 -1
1701074504.909380 60 -1
1701074504.909380 60 -1
1701074504.909380 60 -1
1701074504.909380 60 -1
1701074504.922157 1227 -1
1701074504.922157 528 -1
1701074504.922157 4800 -1
1701074504.922157 1186 -1
1701074504.922157 7354 -1
1701074504.922157 2987 -1
1701074504.922157 1226 -1
1701074504.922157 528 -1
1701074504.922157 1163 -1
1701074504.922157 4434 -1
1701074504.922157 4574 -1
1701074504.922157 7354 -1
1701074504.922157 929 -1
1701074504.922157 1199 -1
1701074504.922157 573 -1
1701074504.922157 5823 -1
1701074504.922429 54 1
1701074507.089669 228 1
1701074507.092610 60 -1
1701074507.093908 228 1
1701074507.096527 228 1
1701074507.096661 228 1
1701074507.096729 230 1
1701074507.108238 60 -1
1701074507.108238 1198 -1
1701074507.108238 575 -1
1701074507.108238 7098 -1
1701074507.108238 1217 -1
1701074507.108238 539 -1
1701074507.108238 7354 -1
1701074507.108238 3838 -1
1701074507.108411 54 1
1701074507.111106 60 -1
1701074507.115572 1191 -1
1701074507.115572 574 -1
1701074507.115667 54 1
1701074507.116450 5894 -1
1701074507.116491 54 1
1701074507.116788 2505 -1
1701074507.116828 54 1
1701074507.116874 1197 -1
1701074507.116893 54 1
1701074507.117250 5727 -1
1701074507.117301 54 1
1701074507.121178 1219 -1
1701074507.121178 535 -1
1701074507.121178 8603 -1
1701074507.121268 54 1
1701074508.743816 226 1
1701074508.743945 229 1
1701074508.744742 225 1
1701074508.744821 227 1
1701074508.744952 227 1
1701074508.747248 60 -1
1701074508.751299 1191 -1
1701074508.751398 576 -1
1701074508.751436 54 1
1701074508.751619 7354 -1
1701074508.751645 54 1
1701074508.752205 1944 -1
1701074508.752205 1222 -1
1701074508.752242 54 1
1701074508.752308 1647 -1
1701074508.752325 54 1
1701074508.752472 7354 -1
1701074508.752508 54 1
1701074508.753125 1312 -1
1701074508.753125 651 -1
1701074508.753156 54 1
1701074508.753223 1164 -1
1701074508.753245 54 1
1701074508.753375 617 -1
1701074508.753375 7354 -1
1701074508.753409 54 1
1701074508.754222 1352 -1
1701074508.754272 7354 -1
1701074508.754300 54 1
1701074508.754815 1148 -1
1701074508.754815 7354 -1
1701074508.754866 54 1
1701074508.755334 4590 -1
1701074508.755375 54 1
1701074513.224795 227 1
1701074513.224922 225 1
1701074513.225019 227 1
1701074513.225124 228 1
1701074513.225231 228 1
1701074513.232198 60 -1
1701074513.242151 1328 -1
1701074513.242151 427 -1
1701074513.242151 1177 -1
1701074513.242151 597 -1
1701074513.242151 1170 -1
1701074513.242151 7354 -1
1701074513.242296 54 1
1701074513.242368 3725 -1
1701074513.242400 54 1
1701074513.242477 7354 -1
1701074513.242521 54 1
1701074513.243274 5284 -1
1701074513.243314 54 1
1701074513.243508 602 -1
1701074513.243759 7354 -1
1701074513.243788 54 1
1701074513.244234 5236 -1
1701074513.244267 54 1
1701074513.247149 1169 -1
1701074513.247149 601 -1
1701074513.247226 54 1
1701074513.254214 89 1
1701074513.255336 1251 -1
1701074513.255336 498 -1
1701074513.255336 7354 -1
1701074513.255336 2282 -1
1701074513.255336 7354 -1
1701074513.255336 3111 -1
1701074513.255470 54 1
1701074513.296775 60 -1
1701074514.213452 54 1
1701074514.215716 78 -1
1701074514.215716 60 -1
1701074514.215759 54 1
1701074515.524581 66 1
1701074515.525906 66 -1
1701074515.526005 54 1
1701074515.526451 966 1
1701074515.527549 60 -1
1701074515.528303 318 -1
1701074515.528838 134 1
1701074515.529352 146 1
1701074515.529909 582 1
1701074515.529930 60 -1
1701074515.530021 341 -1
1701074515.530028 261 1
1701074515.530135 228 1
1701074515.530238 227 1
1701074515.530341 260 1
1701074515.531269 60 -1
1701074515.531269 115 -1
1701074515.531269 85 -1
1701074515.531269 60 -1
1701074515.531332 54 1
1701074515.531441 60 -1
1701074515.531543 85 1
1701074515.531693 60 -1
1701074515.531693 60 -1
1701074515.531693 60 -1
1701074515.532565 60 -1
1701074515.538496 1198 -1
1701074515.538496 565 -1
1701074515.538579 54 1
1701074515.538645 8861 -1
1701074515.538700 54 1
1701074515.539889 1192 -1
1701074515.539921 54 1
1701074515.539975 368 -1
1701074515.539975 1168 -1
1701074515.539975 575 -1
1701074515.539975 10253 -1
1701074515.540039 54 1
1701074515.540751 4434 -1
1701074515.540772 54 1
1701074515.540985 7354 -1
1701074515.541012 54 1
1701074515.541619 4780 -1
1701074515.541648 54 1
1701074515.541938 1514 -1
1701074515.542209 7354 -1
1701074515.542235 54 1
1701074515.542675 7354 -1
1701074515.542715 54 1
1701074515.543327 2073 -1
1701074515.543354 54 1
1701074515.543498 85 -1
1701074515.543498 4434 -1
1701074515.543527 54 1
1701074515.546304 14654 -1
1701074515.546304 7354 -1
1701074515.546304 4434 -1
1701074515.546304 7354 -1
1701074515.546881 54 1
1701074515.546958 7354 -1
1701074515.547227 54 1
1701074515.547330 7354 -1
1701074515.547375 54 1
1701074515.548713 2974 -1
1701074515.548713 7354 -1
1701074515.548765 54 1
1701074515.548815 5894 -1
1701074515.548846 54 1
1701074515.549619 7354 -1
1701074515.549671 54 1
1701074515.549858 5894 -1
1701074515.549888 54 1
1701074515.550580 1514 -1
1701074515.550580 7354 -1
1701074515.550710 54 1
1701074515.551409 1514 -1
1701074515.551409 7354 -1
1701074515.551472 54 1
1701074515.551846 7354 -1
1701074515.552027 54 1
1701074515.552397 8814 -1
1701074515.552452 54 1
1701074515.553279 1514 -1
1701074515.553317 54 1
1701074515.553357 1514 -1
1701074515.553662 1514 -1
1701074515.553662 7354 -1
1701074515.553724 54 1
1701074515.554550 2974 -1
1701074515.554550 1514 -1
1701074515.554658 54 1
1701074515.555344 1514 -1
1701074515.555344 7354 -1
1701074515.555344 7354 -1
1701074515.555408 54 1
1701074515.555860 7354 -1
1701074515.555900 54 1
1701074515.556452 7354 -1
1701074515.556479 54 1
1701074515.557154 2974 -1
1701074515.557196 54 1
1701074515.557438 17574 -1
1701074515.557562 54 1
1701074515.558698 7354 -1
1701074515.558752 54 1
1701074515.559318 7354 -1
1701074515.559367 54 1
1701074515.559942 7354 -1
1701074515.559990 54 1
1701074515.561321 4434 -1
1701074515.561321 7354 -1
1701074515.561423 54 1
1701074515.563241 7354 -1
1701074515.563241 7354 -1
1701074515.563241 7354 -1
1701074515.563400 54 1
1701074515.563488 7354 -1
1701074515.563527 54 1
1701074515.565177 16114 -1
1701074515.565313 54 1
1701074515.565372 7354 -1
1701074515.565408 54 1
1701074515.566669 7354 -1
1701074515.566669 7354 -1
1701074515.566748 54 1
1701074515.572851 7354 -1
1701074515.572851 7354 -1
1701074515.572851 7354 -1
1701074515.572851 7354 -1
1701074515.572851 7354 -1
1701074515.572851 5894 -1
1701074515.572851 1514 -1
1701074515.572851 3741 -1
1701074515.573141 54 1
1701074515.574371 54 1
1701074517.145702 228 1
1701074517.145845 257 1
1701074517.145964 226 1
1701074517.146784 60 -1
1701074517.146845 258 1
1701074517.147011 227 1
1701074517.147400 60 -1
1701074517.147400 60 -1
1701074517.147855 60 -1
1701074517.147902 60 -1
1701074517.153603 1206 -1
1701074517.153603 459 -1
1701074517.153603 1220 -1
1701074517.153689 54 1
1701074517.153742 533 -1
1701074517.153761 54 1
1701074517.153918 1262 -1
1701074517.153918 474 -1
1701074517.153939 54 1
1701074517.154015 7354 -1
1701074517.154038 54 1
1701074517.154524 4282 -1
1701074517.154557 54 1
1701074517.157961 7354 -1
1701074517.160187 54 1
1701074517.170418 2953 -1
1701074517.170418 4434 -1
1701074517.170418 12080 -1
1701074517.170418 85 -1
1701074517.170418 7354 -1
1701074517.170418 7354 -1
1701074517.170418 1860 -1
1701074517.170418 19034 -1
1701074517.170418 7354 -1
1701074517.170418 6648 -1
1701074517.170418 2974 -1
1701074517.170418 7354 -1
1701074517.170418 6271 -1
1701074517.170418 85 -1
1701074517.170418 7354 -1
1701074517.170418 7354 -1
1701074517.170418 7354 -1
1701074517.170418 7354 -1
1701074517.170418 7354 -1
1701074517.170418 7354 -1
1701074517.170418 7354 -1
1701074517.170956 54 1
1701074517.171031 7354 -1
1701074517.171031 5894 -1
1701074517.171031 1531 -1
1701074517.171121 54 1
1701074517.171519 4434 -1
1701074517.171519 5894 -1
1701074517.171588 54 1
1701074517.171787 1514 -1
1701074517.171818 54 1
1701074517.171863 7354 -1
1701074517.171907 54 1
1701074517.172724 7354 -1
1701074517.172763 54 1
1701074517.174425 54 1
1701074517.179443 7354 -1
1701074517.179443 7354 -1
1701074517.179443 5880 -1
1701074517.179443 7354 -1
1701074517.179443 7354 -1
1701074517.179443 7354 -1
1701074517.179443 7354 -1
1701074517.179443 2974 -1
1701074517.179443 7354 -1
1701074517.179443 7354 -1
1701074517.179443 7354 -1
1701074517.179443 7354 -1
1701074517.179802 54 1
1701074517.180051 54 1
1701074517.182577 7354 -1
1701074517.182577 7354 -1
1701074517.182577 7354 -1
1701074517.182577 5894 -1
1701074517.182577 7354 -1
1701074517.182705 54 1
1701074517.195902 7354 -1
1701074517.195902 1514 -1
1701074517.195902 4434 -1
1701074517.195902 4434 -1
1701074517.195902 1726 -1
1701074517.196036 54 1
1701074518.817817 227 1
1701074518.817937 228 1
1701074518.820899 229 1
1701074518.821022 229 1
1701074518.821143 229 1
1701074518.829710 60 -1
1701074518.836749 1234 -1
1701074518.836749 519 -1
1701074518.836749 1195 -1
1701074518.836749 381 -1
1701074518.836749 1163 -1
1701074518.836749 10253 -1
1701074518.836749 392 -1
1701074518.836749 7354 -1
1701074518.836749 2270 -1
1701074518.836749 1190 -1
1701074518.836749 582 -1
1701074518.836749 4157 -1
1701074518.836749 7354 -1
1701074518.836749 7354 -1
1701074518.836749 1860 -1
1701074518.836749 173 -1
1701074518.836749 1287 -1
1701074518.836749 446 -1
1701074518.836749 4398 -1
1701074518.837287 54 1
1701074521.036610 227 1
1701074521.037070 231 1
1701074521.037681 228 1
1701074521.040060 60 -1
1701074521.043604 1266 -1
1701074521.043604 478 -1
1701074521.043604 7300 -1
1701074521.043696 54 1
1701074521.044989 1263 -1
1701074521.045013 54 1
1701074521.045320 482 -1
1701074521.045320 3382 -1
1701074521.045357 54 1
1701074521.045682 1191 -1
1701074521.045682 575 -1
1701074521.045721 54 1
1701074521.045753 1514 -1
1701074521.045824 4804 -1
1701074521.045857 54 1
1701074521.047751 226 1
1701074521.048145 228 1
1701074521.050009 89 1
1701074521.051273 60 -1
1701074521.054524 1230 -1
1701074521.054524 559 -1
1701074521.054602 54 1
1701074521.055540 11731 -1
1701074521.055582 54 1
1701074521.056466 1343 -1
1701074521.056466 371 -1
1701074521.056466 6415 -1
1701074521.056620 54 1
1701074522.714529 226 1
1701074522.714674 228 1
1701074522.715717 60 -1
1701074522.715848 226 1
1701074522.720580 227 1
1701074522.720700 229 1
1701074522.721468 1198 -1
1701074522.721468 491 -1
1701074522.721468 7354 -1
1701074522.721468 5001 -1
1701074522.721580 54 1
1701074522.723715 60 -1
1701074522.727328 1222 -1
1701074522.727328 527 -1
1701074522.727328 1197 -1
1701074522.727328 563 -1
1701074522.727435 54 1
1701074522.727741 1229 -1
1701074522.727741 528 -1
1701074522.727741 11326 -1
1701074522.727832 54 1
1701074522.728731 2974 -1
1701074522.728731 7354 -1
1701074522.728809 54 1
1701074522.728888 3522 -1
1701074522.728929 54 1
1701074522.729780 5160 -1
1701074522.729780 1197 -1
1701074522.729848 54 1
1701074522.729892 574 -1
1701074522.729892 7354 -1
1701074522.729937 54 1
1701074522.730505 154 -1
1701074522.774947 54 1
1701074524.217940 54 1
1701074524.219601 78 -1
1701074524.219601 60 -1
1701074524.219684 54 1
1701074524.412867 66 1
1701074524.417972 66 -1
1701074524.418316 54 1
1701074524.419481 870 1
1701074524.421962 60 -1
1701074524.424513 318 -1
1701074524.425577 134 1
1701074524.426060 146 1
1701074524.426745 579 1
1701074524.426828 227 1
1701074524.426922 227 1
1701074524.427014 228 1
1701074524.427131 226 1
1701074524.427477 60 -1
1701074524.427477 341 -1
1701074524.428754 60 -1
1701074524.428754 60 -1
1701074524.428754 60 -1
1701074524.428754 60 -1
1701074524.428754 60 -1
1701074524.428754 60 -1
1701074524.429737 115 -1
1701074524.429737 85 -1
1701074524.429781 54 1
1701074524.429979 85 1
1701074524.430405 1099 -1
1701074524.430405 7354 -1
1701074524.430482 54 1
1701074524.432880 1882 -1
1701074524.432880 1076 -1
1701074524.432880 5724 -1
1701074524.432880 60 -1
1701074524.433003 54 1
1701074524.438031 1250 -1
1701074524.438031 499 -1
1701074524.438031 12548 -1
1701074524.438174 54 1
1701074524.443435 1249 -1
1701074524.443435 499 -1
1701074524.443527 54 1
1701074524.443793 2974 -1
1701074524.443825 54 1
1701074524.443867 5990 -1
1701074524.443917 54 1
1701074524.451398 1264 -1
1701074524.451398 472 -1
1701074524.451398 5439 -1
1701074524.451506 54 1
1701074526.641696 226 1
1701074526.642706 60 -1
1701074526.646175 228 1
1701074526.646373 226 1
1701074526.646743 227 1
1701074526.646807 225 1
1701074526.647603 60 -1
1701074526.647603 60 -1
1701074526.647886 60 -1
1701074526.647886 60 -1
1701074526.653557 1216 -1
1701074526.653557 543 -1
1701074526.653646 54 1
1701074526.654393 1223 -1
1701074526.654393 529 -1
1701074526.654418 54 1
1701074526.654534 6728 -1
1701074526.654568 54 1
1701074526.655701 7354 -1
1701074526.655751 54 1
1701074526.655976 1137 -1
1701074526.656024 1206 -1
1701074526.656038 54 1
1701074526.656119 591 -1
1701074526.656170 1259 -1
1701074526.656183 54 1
1701074526.656248 480 -1
1701074526.656550 7354 -1
1701074526.656570 54 1
1701074526.657017 5359 -1
1701074526.657048 54 1
1701074526.657469 7354 -1
1701074526.657498 54 1
1701074526.658058 3333 -1
1701074526.658078 54 1
1701074526.658436 1205 -1
1701074526.658484 286 -1
1701074526.658500 54 1
1701074526.658765 6181 -1
1701074526.658789 54 1
1701074531.378019 226 1
1701074531.382172 228 1
1701074531.382751 225 1
1701074531.383626 226 1
1701074531.384178 226 1
1701074531.386708 60 -1
1701074531.387834 1145 -1
1701074531.387834 676 -1
1701074531.387834 1091 -1
1701074531.387834 16460 -1
1701074531.387971 54 1
1701074531.389603 890 -1
1701074531.389603 6927 -1
1701074531.389669 54 1
1701074531.396022 1239 -1
1701074531.396022 1279 -1
1701074531.396022 454 -1
1701074531.396022 412 -1
1701074531.396022 1226 -1
1701074531.396022 533 -1
1701074531.396022 10290 -1
1701074531.396022 10253 -1
1701074531.396022 6288 -1
1701074531.396328 54 1
1701074531.397895 89 1
1701074531.441859 60 -1
1701074533.058678 225 1
1701074533.058794 230 1
1701074533.058874 227 1
1701074533.058944 228 1
1701074533.058997 229 1
1701074533.060429 60 -1
1701074533.060429 60 -1
1701074533.060429 60 -1
1701074533.060429 60 -1
1701074533.060429 60 -1
1701074533.073843 1124 -1
1701074533.073843 8458 -1
1701074533.073843 1098 -1
1701074533.073843 7354 -1
1701074533.073843 4006 -1
1701074533.073843 1073 -1
1701074533.073843 5894 -1
1701074533.073843 4116 -1
1701074533.073843 1229 -1
1701074533.073843 523 -1
1701074533.073843 7354 -1
1701074533.073843 7120 -1
1701074533.073843 1233 -1
1701074533.073843 517 -1
1701074533.073843 7354 -1
1701074533.073843 4094 -1
1701074533.074386 54 1
1701074534.231646 54 1
1701074534.233473 78 -1
1701074534.233473 60 -1
1701074534.233515 54 1
1701074534.753557 66 1
1701074534.754683 66 -1
1701074534.754786 54 1
1701074534.755586 902 1
1701074534.756516 60 -1
1701074534.757054 318 -1
1701074534.759268 134 1
1701074534.760134 146 1
1701074534.760540 60 -1
1701074534.760822 341 -1
1701074534.761043 60 -1
1701074534.761232 115 -1
1701074534.761257 54 1
1701074534.764510 581 1
1701074534.765428 85 1
1701074534.765533 226 1
1701074534.765624 231 1
1701074534.765719 228 1
1701074534.765913 229 1
1701074534.773846 85 -1
1701074534.773846 85 -1
1701074534.773846 60 -1
1701074534.773846 60 -1
1701074534.773846 60 -1
1701074534.773846 60 -1
1701074534.773846 60 -1
1701074534.773846 60 -1
1701074534.773983 66 1
1701074534.794750 1222 -1
1701074534.794750 532 -1
1701074534.794750 8708 -1
1701074534.794909 54 1
1701074534.797012 1206 -1
1701074534.797012 1680 -1
1701074534.797012 604 -1
1701074534.797012 8583 -1
1701074534.797012 7354 -1
1701074534.797012 1293 -1
1701074534.797012 1164 -1
1701074534.797012 616 -1
1701074534.797012 5628 -1
1701074534.797241 54 1
1701074534.802851 1232 -1
1701074534.802851 520 -1
1701074534.802851 7354 -1
1701074534.802959 54 1
1701074534.803565 7354 -1
1701074534.803619 54 1
1701074534.804093 606 -1
1701074534.804135 54 1
1701074537.004243 226 1
1701074537.004451 229 1
1701074537.004535 228 1
1701074537.004804 225 1
1701074537.005390 227 1
1701074537.005747 60 -1
1701074537.005747 60 -1
1701074537.005747 60 -1
1701074537.005747 60 -1
1701074537.006457 60 -1
1701074537.011233 1251 -1
1701074537.011233 494 -1
1701074537.011354 54 1
1701074537.014101 1244 -1
1701074537.014101 507 -1
1701074537.014101 9783 -1
1701074537.014101 7354 -1
1701074537.014101 3280 -1
1701074537.014101 1227 -1
1701074537.014101 529 -1
1701074537.014101 7354 -1
1701074537.014253 54 1
1701074537.014535 7354 -1
1701074537.014575 54 1
1701074537.015148 1834 -1
1701074537.015148 1227 -1
1701074537.015148 527 -1
1701074537.015187 54 1
1701074537.015932 1196 -1
1701074537.015932 567 -1
1701074537.015963 54 1
1701074537.016373 5894 -1
1701074537.016410 54 1
1701074537.016835 1514 -1
1701074537.016835 7253 -1
1701074537.016885 54 1
1701074537.017571 6378 -1
1701074537.017610 54 1
1701074538.632035 229 1
1701074538.632164 226 1
1701074538.632750 229 1
1701074538.632933 226 1
1701074538.633334 226 1
1701074538.634982 60 -1
1701074538.639900 1200 -1
1701074538.639900 316 -1
1701074538.639900 4157 -1
1701074538.640021 54 1
1701074538.640146 1232 -1
1701074538.640178 54 1
1701074538.640554 523 -1
1701074538.640777 7354 -1
1701074538.640826 54 1
1701074538.641118 2392 -1
1701074538.641142 54 1
1701074538.641837 1198 -1
1701074538.641837 566 -1
1701074538.641837 1195 -1
1701074538.641887 54 1
1701074538.642121 574 -1
1701074538.642121 1514 -1
1701074538.642121 6839 -1
1701074538.642153 54 1
1701074538.642433 1173 -1
1701074538.642526 7511 -1
1701074538.642568 54 1
1701074538.643848 5507 -1
1701074538.643887 54 1
1701074540.262892 227 1
1701074540.263110 231 1
1701074540.264578 225 1
1701074540.264684 226 1
1701074540.264885 228 1
1701074540.266749 60 -1
1701074540.270063 1227 -1
1701074540.270063 530 -1
1701074540.270063 6514 -1
1701074540.270178 54 1
1701074540.274685 1159 -1
1701074540.274685 618 -1
1701074540.274685 1226 -1
1701074540.274685 2974 -1
1701074540.274685 3865 -1
1701074540.274685 2974 -1
1701074540.274685 8204 -1
1701074540.274858 54 1
1701074540.282366 89 1
1701074540.283732 1181 -1
1701074540.283732 572 -1
1701074540.283732 1227 -1
1701074540.283732 523 -1
1701074540.283732 7354 -1
1701074540.283732 494 -1
1701074540.283732 7354 -1
1701074540.283732 929 -1
1701074540.283732 929 -1
1701074540.283882 66 1
1701074540.324601 60 -1
1701074544.246823 54 1
1701074544.248314 60 -1
1701074544.248314 78 -1
1701074544.248346 54 1
1701074544.248391 54 1
1701074545.629559 66 1
1701074545.630588 66 -1
1701074545.630713 54 1
1701074545.631489 966 1
1701074545.632501 60 -1
1701074545.635244 318 -1
1701074545.637044 134 1
1701074545.637691 146 1
1701074545.638109 60 -1
1701074545.638218 341 -1
1701074545.638555 582 1
1701074545.638600 60 -1
1701074545.638672 226 1
1701074545.638754 115 -1
1701074545.638754 85 -1
1701074545.638777 54 1
1701074545.638838 228 1
1701074545.638908 227 1
1701074545.638979 225 1
1701074545.639197 85 1
1701074545.639685 60 -1
1701074545.639685 60 -1
1701074545.639818 60 -1
1701074545.639922 60 -1
1701074545.639922 60 -1
1701074545.640206 60 -1
1701074545.644471 1256 -1
1701074545.644471 485 -1
1701074545.644471 7354 -1
1701074545.644549 54 1
1701074545.644756 4085 -1
1701074545.644787 54 1
1701074545.645942 1194 -1
1701074545.645942 576 -1
1701074545.645981 54 1
1701074545.646382 7354 -1
1701074545.646415 54 1
1701074545.646509 1552 -1
1701074545.646528 54 1
1701074545.646637 1196 -1
1701074545.646654 54 1
1701074545.646741 573 -1
1701074545.646772 1229 -1
1701074545.646785 54 1
1701074545.646869 4854 -1
1701074545.646890 54 1
1701074545.647571 522 -1
1701074545.647571 7354 -1
1701074545.647603 54 1
1701074545.647941 5648 -1
1701074545.647969 54 1
1701074545.650893 1190 -1
1701074545.650893 343 -1
1701074545.650966 54 1
1701074545.651074 4157 -1
1701074545.651109 54 1
1701074547.850052 228 1
1701074547.854042 231 1
1701074547.854148 228 1
1701074547.854778 230 1
1701074547.854895 227 1
1701074547.855068 60 -1
1701074547.857375 60 -1
1701074547.858596 1101 -1
1701074547.858715 7354 -1
1701074547.858761 54 1
1701074547.859139 7374 -1
1701074547.859214 54 1
1701074547.859873 1065 -1
1701074547.859873 5894 -1
1701074547.859930 54 1
1701074547.860446 5861 -1
1701074547.860495 54 1
1701074547.863849 1247 -1
1701074547.863849 497 -1
1701074547.863849 1189 -1
1701074547.863849 414 -1
1701074547.863849 7322 -1
1701074547.863849 2974 -1
1701074547.863849 3261 -1
1701074547.864063 54 1
1701074547.864813 1203 -1
1701074547.864813 564 -1
1701074547.864813 9709 -1
1701074547.864871 54 1
1701074549.495386 227 1
1701074549.501649 227 1
1701074549.501802 227 1
1701074549.501911 228 1
1701074549.502198 227 1
1701074549.502875 60 -1
1701074549.505774 60 -1
1701074549.507812 1205 -1
1701074549.507812 439 -1
1701074549.507900 54 1
1701074549.510546 7354 -1
1701074549.510629 54 1
1701074549.510764 5001 -1
1701074549.510798 54 1
1701074549.511192 1203 -1
1701074549.511219 54 1
1701074549.511270 561 -1
1701074549.511527 1096 -1
1701074549.511547 54 1
1701074549.511650 11734 -1
1701074549.511686 54 1
1701074549.512794 4780 -1
1701074549.512794 1575 -1
1701074549.512845 54 1
1701074549.513142 2807 -1
1701074549.513174 54 1
1701074549.513734 1226 -1
1701074549.513734 527 -1
1701074549.513734 4434 -1
1701074549.513734 7354 -1
1701074549.513819 54 1
1701074549.514263 4055 -1
1701074549.514480 54 1
1701074549.514647 1213 -1
1701074549.514682 54 1
1701074549.514731 544 -1
1701074549.514907 7354 -1
1701074549.514949 54 1
1701074549.515746 1691 -1
1701074549.515790 54 1
1701074551.147728 229 1
1701074551.147844 229 1
1701074551.148896 60 -1
1701074551.149103 227 1
1701074551.151663 261 1
1701074551.152072 228 1
1701074551.152830 60 -1
1701074551.154814 1172 -1
1701074551.154814 603 -1
1701074551.154873 54 1
1701074551.156479 89 1
1701074551.156894 4675 -1
1701074551.156965 54 1
1701074551.157709 1173 -1
1701074551.157709 599 -1
1701074551.157768 54 1
1701074551.158495 4867 -1
1701074551.158532 54 1
1701074551.158731 1288 -1
1701074551.158875 436 -1
1701074551.158897 54 1
1701074551.160120 1191 -1
1701074551.160120 577 -1
1701074551.160120 2974 -1
1701074551.160160 54 1
1701074551.160238 7354 -1
1701074551.160270 54 1
1701074551.160818 6240 -1
1701074551.160857 54 1
1701074551.161446 7354 -1
1701074551.161486 54 1
1701074551.162102 7354 -1
1701074551.162142 54 1
1701074551.162553 1891 -1
1701074551.162579 54 1
1701074551.162706 7354 -1
1701074551.162736 54 1
1701074551.163349 7354 -1
1701074551.163385 54 1
1701074551.163976 1922 -1
1701074551.164005 54 1
1701074551.164111 7354 -1
1701074551.164159 54 1
1701074551.164703 7354 -1
1701074551.164754 54 1
1701074551.165461 2974 -1
1701074551.165492 54 1
1701074551.165671 7354 -1
1701074551.165716 54 1
1701074551.166260 7354 -1
1701074551.166296 54 1
1701074551.168299 7354 -1
1701074551.168299 7354 -1
1701074551.168299 2614 -1
1701074551.168299 7354 -1
1701074551.168583 54 1
1701074551.168835 5894 -1
1701074551.168888 54 1
1701074551.169260 7354 -1
1701074551.169332 54 1
1701074551.170588 1180 -1
1701074551.170588 13315 -1
1701074551.170660 54 1
1701074551.714256 54 1
1701074551.716609 78 -1
1701074551.716609 60 -1
1701074551.716659 54 1
