1701076159.908496 66 1
1701076159.909663 66 -1
1701076159.909775 54 1
1701076159.918111 572 1
1701076159.919327 60 -1
1701076159.931225 1514 -1
1701076159.931225 1514 -1
1701076159.931225 959 -1
1701076159.931353 54 1
1701076159.944238 134 1
1701076159.945541 60 -1
1701076159.945541 341 -1
1701076159.945541 341 -1
1701076159.945593 66 1
1701076159.945636 54 1
1701076159.970442 146 1
1701076159.972577 582 1
1701076159.980801 60 -1
1701076159.980801 115 -1
1701076159.980801 85 -1
1701076159.980925 54 1
1701076159.982278 85 1
1701076159.983053 60 -1
1701076159.997610 60 -1
1701076159.997610 1202 -1
1701076159.997610 443 -1
1701076159.997610 4056 -1
1701076159.997676 54 1
1701076160.011301 1136 -1
1701076160.011362 66 1
1701076160.162690 229 1
1701076160.163316 227 1
1701076160.163437 226 1
1701076160.163540 232 1
1701076160.163743 227 1
1701076160.163865 227 1
1701076160.164129 227 1
1701076160.164220 230 1
1701076160.164320 227 1
1701076160.164437 229 1
1701076160.164589 229 1
1701076160.164838 227 1
1701076160.164999 228 1
1701076160.165317 228 1
1701076160.169987 231 1
1701076160.175725 60 -1
1701076160.175725 1168 -1
1701076160.175725 483 -1
1701076160.175725 9622 -1
1701076160.175725 1173 -1
1701076160.175725 483 -1
1701076160.175725 4434 -1
1701076160.175725 827 -1
1701076160.175725 1207 -1
1701076160.175725 439 -1
1701076160.175725 2974 -1
1701076160.175725 3147 -1
1701076160.175725 1174 -1
1701076160.176166 54 1
1701076160.176848 474 -1
1701076160.176848 7354 -1
1701076160.176917 54 1
1701076160.183087 511 -1
1701076160.183087 60 -1
1701076160.183087 60 -1
1701076160.183087 60 -1
1701076160.183205 54 1
1701076160.194258 1199 -1
1701076160.194258 446 -1
1701076160.194258 1189 -1
1701076160.194258 453 -1
1701076160.194258 1195 -1
1701076160.194258 445 -1
1701076160.194258 1211 -1
1701076160.194258 5061 -1
1701076160.194258 2974 -1
1701076160.194258 5894 -1
1701076160.194258 991 -1
1701076160.194258 1543 -1
1701076160.194258 13587 -1
1701076160.194258 7095 -1
1701076160.194258 7325 -1
1701076160.194554 54 1
1701076160.205189 5894 -1
1701076160.205189 3966 -1
1701076160.205189 7354 -1
1701076160.205189 6987 -1
1701076160.205189 7354 -1
1701076160.205189 3774 -1
1701076160.205189 1514 -1
1701076160.205189 4434 -1
1701076160.205189 1514 -1
1701076160.205189 4391 -1
1701076160.205189 4434 -1
1701076160.205189 7354 -1
1701076160.205189 2974 -1
1701076160.205567 54 1
1701076160.206492 54 1
1701076160.216091 2974 -1
1701076160.216091 1524 -1
1701076160.216162 54 1
1701076160.965234 194 1
1701076160.969574 1040 -1
1701076160.969574 3027 -1
1701076160.969699 54 1
1701076167.782433 54 1
1701076167.806177 78 -1
1701076167.806177 60 -1
1701076167.806577 54 1
1701076170.107389 66 1
1701076170.114501 66 -1
1701076170.114663 54 1
1701076170.115431 934 1
1701076170.116485 60 -1
1701076170.117547 318 -1
1701076170.118124 134 1
1701076170.118495 146 1
1701076170.118968 583 1
1701076170.119075 229 1
1701076170.119161 229 1
1701076170.119243 229 1
1701076170.119459 60 -1
1701076170.119459 60 -1
1701076170.119459 341 -1
1701076170.119717 115 -1
1701076170.119759 54 1
1701076170.119796 85 -1
1701076170.120050 85 1
1701076170.120396 60 -1
1701076170.120396 60 -1
1701076170.120396 60 -1
1701076170.120447 60 -1
1701076170.121283 60 -1
1701076170.124653 1066 -1
1701076170.124653 7354 -1
1701076170.124653 2103 -1
1701076170.124759 54 1
1701076170.124981 1175 -1
1701076170.124981 476 -1
1701076170.124981 4889 -1
1701076170.125215 54 1
1701076170.125483 1197 -1
1701076170.125483 451 -1
1701076170.125483 9375 -1
1701076170.125539 54 1
1701076170.126374 1175 -1
1701076170.126374 477 -1
1701076170.126408 54 1
1701076170.126685 1514 -1
1701076170.126685 1514 -1
1701076170.126716 54 1
1701076170.126756 4434 -1
1701076170.126785 54 1
1701076170.126945 1514 -1
1701076170.127141 624 -1
1701076170.127165 54 1
1701076173.193486 229 1
1701076173.193628 228 1
1701076173.193702 228 1
1701076173.194011 231 1
1701076173.194111 229 1
1701076173.198429 60 -1
1701076173.198429 60 -1
1701076173.198429 60 -1
1701076173.198429 60 -1
1701076173.198429 60 -1
1701076173.208521 1177 -1
1701076173.208521 472 -1
1701076173.208521 1193 -1
1701076173.208521 9547 -1
1701076173.208521 1202 -1
1701076173.208521 1169 -1
1701076173.208521 479 -1
1701076173.208521 7982 -1
1701076173.208521 442 -1
1701076173.208521 6842 -1
1701076173.208521 6589 -1
1701076173.208521 1174 -1
1701076173.208521 473 -1
1701076173.208521 8084 -1
1701076173.208745 54 1
1701076175.331486 227 1
1701076175.333258 229 1
1701076175.334434 227 1
1701076175.334516 229 1
1701076175.334584 232 1
1701076175.336216 60 -1
1701076175.338987 1177 -1
1701076175.338987 470 -1
1701076175.339250 54 1
1701076175.339305 5894 -1
1701076175.339348 54 1
1701076175.339395 5592 -1
1701076175.339441 54 1
1701076175.340421 1175 -1
1701076175.340421 477 -1
1701076175.340421 1173 -1
1701076175.340464 54 1
1701076175.340617 5678 -1
1701076175.340648 54 1
1701076175.340952 482 -1
1701076175.340969 54 1
1701076175.341002 1179 -1
1701076175.341176 4481 -1
1701076175.341367 54 1
1701076175.341436 473 -1
1701076175.341460 54 1
1701076175.341516 89 1
1701076175.341554 3752 -1
1701076175.341589 54 1
1701076175.341856 1176 -1
1701076175.341880 54 1
1701076175.341943 475 -1
1701076175.341961 54 1
1701076175.344215 6514 -1
1701076175.344271 54 1
1701076176.921732 228 1
1701076176.921859 229 1
1701076176.922249 229 1
1701076176.922317 227 1
1701076176.922405 227 1
1701076176.925021 60 -1
1701076176.930688 1177 -1
1701076176.930688 473 -1
1701076176.930688 1172 -1
1701076176.930688 481 -1
1701076176.930688 1176 -1
1701076176.930688 5634 -1
1701076176.930807 54 1
1701076176.931051 471 -1
1701076176.931080 54 1
1701076176.932746 3880 -1
1701076176.932789 54 1
1701076176.932875 2974 -1
1701076176.932892 54 1
1701076176.932952 1718 -1
1701076176.932982 54 1
1701076176.933271 1171 -1
1701076176.933271 479 -1
1701076176.933292 54 1
1701076176.934874 1203 -1
1701076176.934874 437 -1
1701076176.934874 7354 -1
1701076176.934938 54 1
1701076176.935326 7369 -1
1701076176.935360 54 1
1701076176.937544 7354 -1
1701076176.937601 54 1
1701076176.937818 815 -1
1701076176.937857 54 1
1701076177.800160 54 1
1701076177.805529 78 -1
1701076177.805529 60 -1
1701076177.805783 54 1
1701076178.537435 66 1
1701076178.538564 66 -1
1701076178.538708 54 1
1701076178.539989 870 1
1701076178.541040 60 -1
1701076178.541453 318 -1
1701076178.542610 134 1
1701076178.543492 60 -1
1701076178.543829 146 1
1701076178.544120 341 -1
1701076178.544431 583 1
1701076178.544513 228 1
1701076178.544594 226 1
1701076178.544691 229 1
1701076178.544779 229 1
1701076178.544807 60 -1
1701076178.545728 115 -1
1701076178.545728 60 -1
1701076178.545728 85 -1
1701076178.545728 60 -1
1701076178.545728 60 -1
1701076178.545728 60 -1
1701076178.545728 60 -1
1701076178.545779 54 1
1701076178.547133 85 1
1701076178.548000 60 -1
1701076178.553003 1145 -1
1701076178.553003 515 -1
1701076178.553003 1175 -1
1701076178.553003 474 -1
1701076178.553330 54 1
1701076178.553661 4285 -1
1701076178.553661 1173 -1
1701076178.553697 54 1
1701076178.553731 476 -1
1701076178.553774 7354 -1
1701076178.553834 54 1
1701076178.554430 110 -1
1701076178.554430 1171 -1
1701076178.554462 54 1
1701076178.554559 481 -1
1701076178.554607 5325 -1
1701076178.554653 54 1
1701076178.554986 6676 -1
1701076178.555022 54 1
1701076178.556802 1145 -1
1701076178.556802 510 -1
1701076178.556850 54 1
1701076178.557226 7354 -1
1701076178.557262 54 1
1701076178.557658 3259 -1
1701076178.557678 54 1
1701076180.658125 228 1
1701076180.659926 230 1
1701076180.661489 60 -1
1701076180.664630 1196 -1
1701076180.664630 443 -1
1701076180.664711 54 1
1701076180.664777 6812 -1
1701076180.664817 54 1
1701076180.665570 1192 -1
1701076180.665570 452 -1
1701076180.665598 54 1
1701076180.665758 7392 -1
1701076180.665799 54 1
1701076180.682429 228 1
1701076180.682548 228 1
1701076180.685858 60 -1
1701076180.688530 1196 -1
1701076180.688530 444 -1
1701076180.688619 228 1
1701076180.688771 54 1
1701076180.688836 7354 -1
1701076180.688904 54 1
1701076180.689818 622 -1
1701076180.689818 1171 -1
1701076180.689818 482 -1
1701076180.689818 8269 -1
1701076180.689885 54 1
1701076180.694107 1174 -1
1701076180.694107 472 -1
1701076180.694107 9901 -1
1701076180.694242 54 1
1701076183.767473 229 1
1701076183.767760 227 1
1701076183.767860 229 1
1701076183.767964 229 1
1701076183.768044 229 1
1701076183.769485 60 -1
1701076183.773943 1198 -1
1701076183.773943 442 -1
1701076183.774079 54 1
1701076183.774364 7354 -1
1701076183.774422 54 1
1701076183.774558 1786 -1
1701076183.774590 54 1
1701076183.778590 89 1
1701076183.782842 1178 -1
1701076183.782842 473 -1
1701076183.782842 1174 -1
1701076183.782842 475 -1
1701076183.782842 1145 -1
1701076183.782842 5612 -1
1701076183.782842 7354 -1
1701076183.782842 4434 -1
1701076183.782842 60 -1
1701076183.782842 4434 -1
1701076183.782842 4026 -1
1701076183.782842 1228 -1
1701076183.782842 399 -1
1701076183.782842 7354 -1
1701076183.782842 878 -1
1701076183.783099 54 1
1701076183.820991 60 -1
1701076185.415406 229 1
1701076185.415540 227 1
1701076185.415616 227 1
1701076185.415701 229 1
1701076185.418055 60 -1
1701076185.418055 60 -1
1701076185.418055 60 -1
1701076185.418055 60 -1
1701076185.419108 229 1
1701076185.421167 60 -1
1701076185.423039 1198 -1
1701076185.423039 443 -1
1701076185.423039 1172 -1
1701076185.423039 5618 -1
1701076185.423039 475 -1
1701076185.423398 54 1
1701076185.423657 1177 -1
1701076185.423657 475 -1
1701076185.423657 7354 -1
1701076185.423743 54 1
1701076185.423808 363 -1
1701076185.423808 5894 -1
1701076185.423859 54 1
1701076185.424468 3040 -1
1701076185.424495 54 1
1701076185.424540 451 -1
1701076185.424540 7354 -1
1701076185.424586 54 1
1701076185.425391 466 -1
1701076185.425419 54 1
1701076185.425596 1198 -1
1701076185.425596 441 -1
1701076185.425596 4934 -1
1701076185.425667 54 1
1701076187.585471 228 1
1701076187.585583 226 1
1701076187.602699 60 -1
1701076187.602699 60 -1
1701076187.602699 1162 -1
1701076187.602699 487 -1
1701076187.602699 7472 -1
1701076187.602699 1193 -1
1701076187.602699 449 -1
1701076187.602699 7354 -1
1701076187.602699 5766 -1
1701076187.602699 1386 -1
1701076187.602919 66 1
1701076187.618813 230 1
1701076187.619939 229 1
1701076187.620015 228 1
1701076187.622002 60 -1
1701076187.631602 60 -1
1701076187.631602 1166 -1
1701076187.631602 485 -1
1701076187.631602 7354 -1
1701076187.631602 626 -1
1701076187.631602 1176 -1
1701076187.631602 474 -1
1701076187.631602 1169 -1
1701076187.631602 488 -1
1701076187.631602 5760 -1
1701076187.631602 8900 -1
1701076187.631801 54 1
1701076187.815987 54 1
1701076187.818840 78 -1
1701076187.818840 60 -1
1701076187.818894 54 1
1701076189.284984 66 1
1701076189.286506 66 -1
1701076189.286629 54 1
1701076189.287369 934 1
1701076189.292406 60 -1
1701076189.292406 318 -1
1701076189.295030 134 1
1701076189.299771 146 1
1701076189.300067 582 1
1701076189.302168 60 -1
1701076189.302168 60 -1
1701076189.302168 60 -1
1701076189.302168 341 -1
1701076189.304801 115 -1
1701076189.304801 85 -1
1701076189.304878 54 1
1701076189.306106 85 1
1701076189.306330 1177 -1
1701076189.306330 471 -1
1701076189.306387 54 1
1701076189.306441 7354 -1
1701076189.306493 54 1
1701076189.306743 66 1
1701076189.306903 7354 -1
1701076189.306950 54 1
1701076189.307206 66 1
1701076189.307457 765 -1
1701076189.307457 60 -1
1701076189.307940 66 -1
1701076189.308026 54 1
1701076189.308318 66 1
1701076189.308786 66 1
1701076189.309444 66 -1
1701076189.309512 54 1
1701076189.310014 669 1
1701076189.310540 573 1
1701076189.311050 60 -1
1701076189.315310 66 -1
1701076189.315453 54 1
1701076189.316272 66 -1
1701076189.316375 54 1
1701076189.316489 60 -1
1701076189.316702 637 1
1701076189.317266 637 1
1701076189.318332 60 -1
1701076189.319158 2974 -1
1701076189.319217 54 1
1701076189.319280 60 -1
1701076189.319461 956 -1
1701076189.324162 2974 -1
1701076189.324259 54 1
1701076189.325142 134 1
1701076189.326080 60 -1
1701076189.326540 341 -1
1701076189.326540 341 -1
1701076189.326575 146 1
1701076189.326610 54 1
1701076189.326743 54 1
1701076189.326912 54 1
1701076189.327048 54 1
1701076189.327424 60 -1
1701076189.327699 591 1
1701076189.327807 231 1
1701076189.327881 231 1
1701076189.327908 958 -1
1701076189.327944 54 1
1701076189.328125 236 1
1701076189.328388 2974 -1
1701076189.328388 957 -1
1701076189.328388 2974 -1
1701076189.328388 957 -1
1701076189.328467 54 1
1701076189.328722 60 -1
1701076189.328722 60 -1
1701076189.328722 60 -1
1701076189.328842 54 1
1701076189.329839 60 -1
1701076189.329842 60 -1
1701076189.329842 60 -1
1701076189.331438 115 -1
1701076189.331438 85 -1
1701076189.331504 54 1
1701076189.331814 85 1
1701076189.332713 60 -1
1701076189.333742 1247 -1
1701076189.333742 373 -1
1701076189.333742 1248 -1
1701076189.333742 371 -1
1701076189.333815 54 1
1701076189.333865 9893 -1
1701076189.333929 54 1
1701076189.336740 4434 -1
1701076189.336740 5652 -1
1701076189.336876 54 1
1701076189.337370 1245 -1
1701076189.337370 372 -1
1701076189.337407 54 1
1701076189.337729 7354 -1
1701076189.337765 54 1
1701076189.338133 5509 -1
1701076189.338183 54 1
1701076189.339058 1213 -1
1701076189.339058 420 -1
1701076189.339058 6086 -1
1701076189.339128 54 1
1701076189.353746 54 1
1701076190.914226 234 1
1701076190.917947 230 1
1701076190.918733 229 1
1701076190.919269 60 -1
1701076190.919295 228 1
1701076190.919701 228 1
1701076190.919936 60 -1
1701076190.920845 60 -1
1701076190.920940 60 -1
1701076190.922323 1241 -1
1701076190.922323 379 -1
1701076190.922323 2878 -1
1701076190.922392 54 1
1701076190.925183 1201 -1
1701076190.925183 444 -1
1701076190.925250 54 1
1701076190.927450 7354 -1
1701076190.927450 1097 -1
1701076190.927450 1173 -1
1701076190.927450 477 -1
1701076190.927450 6223 -1
1701076190.927450 1173 -1
1701076190.927450 474 -1
1701076190.927450 7354 -1
1701076190.927450 605 -1
1701076190.927604 54 1
1701076190.928616 1175 -1
1701076190.928616 475 -1
1701076190.928643 54 1
1701076190.928804 1514 -1
1701076190.928804 4619 -1
1701076190.928864 54 1
1701076192.561248 227 1
1701076192.561468 232 1
1701076192.561696 232 1
1701076192.562903 231 1
1701076192.563449 232 1
1701076192.563777 60 -1
1701076192.565999 1176 -1
1701076192.565999 474 -1
1701076192.566082 54 1
1701076192.566400 5295 -1
1701076192.566445 54 1
1701076192.568047 60 -1
1701076192.569114 1244 -1
1701076192.569114 376 -1
1701076192.569221 54 1
1701076192.571719 1271 -1
1701076192.571719 1514 -1
1701076192.571719 7354 -1
1701076192.571719 220 -1
1701076192.571719 340 -1
1701076192.571719 8614 -1
1701076192.571719 60 -1
1701076192.571878 54 1
1701076192.573398 1246 -1
1701076192.573398 376 -1
1701076192.573398 6877 -1
1701076192.573473 54 1
1701076192.577296 1249 -1
1701076192.577296 372 -1
1701076192.577296 7354 -1
1701076192.577296 7354 -1
1701076192.577296 1860 -1
1701076192.577296 4352 -1
1701076192.577447 54 1
1701076194.854215 232 1
1701076194.854392 232 1
1701076194.854488 232 1
1701076194.854604 231 1
1701076194.854715 231 1
1701076194.855510 60 -1
1701076194.861177 1242 -1
1701076194.861177 376 -1
1701076194.861439 54 1
1701076194.864788 6588 -1
1701076194.864788 1240 -1
1701076194.864788 388 -1
1701076194.864788 1239 -1
1701076194.864788 7380 -1
1701076194.864788 378 -1
1701076194.864788 4861 -1
1701076194.864788 1244 -1
1701076194.864788 379 -1
1701076194.864788 3734 -1
1701076194.864788 1245 -1
1701076194.864788 379 -1
1701076194.864788 6871 -1
1701076194.865011 54 1
1701076194.867479 89 1
1701076194.921985 60 -1
1701076197.821115 54 1
1701076197.821803 54 1
1701076197.822696 78 -1
1701076197.822696 60 -1
1701076197.822769 54 1
1701076197.823074 78 -1
1701076197.823074 60 -1
1701076197.823373 54 1
1701076199.034916 66 1
1701076199.036605 66 -1
1701076199.036788 54 1
1701076199.038641 972 1
1701076199.039666 60 -1
1701076199.040198 318 -1
1701076199.041242 134 1
1701076199.041869 146 1
1701076199.042450 60 -1
1701076199.042716 595 1
1701076199.042720 60 -1
1701076199.042807 234 1
1701076199.042969 234 1
1701076199.043055 231 1
1701076199.043149 232 1
1701076199.043559 60 -1
1701076199.043595 60 -1
1701076199.043868 60 -1
1701076199.043910 341 -1
1701076199.043910 60 -1
1701076199.043985 60 -1
1701076199.048956 115 -1
1701076199.048956 85 -1
1701076199.049037 54 1
1701076199.049114 1239 -1
1701076199.049114 387 -1
1701076199.049154 54 1
1701076199.049905 85 1
1701076199.050691 1514 -1
1701076199.050691 1514 -1
1701076199.050691 1214 -1
1701076199.050757 54 1
1701076199.050845 1241 -1
1701076199.050845 379 -1
1701076199.050845 1244 -1
1701076199.050881 54 1
1701076199.050951 1514 -1
1701076199.050980 54 1
1701076199.051177 4434 -1
1701076199.051380 54 1
1701076199.051440 3347 -1
1701076199.051480 54 1
1701076199.051855 377 -1
1701076199.051855 1245 -1
1701076199.051888 54 1
1701076199.051932 378 -1
1701076199.051932 1245 -1
1701076199.051967 54 1
1701076199.052020 377 -1
1701076199.052020 1514 -1
1701076199.052057 54 1
1701076199.052145 2836 -1
1701076199.052170 54 1
1701076199.052395 4434 -1
1701076199.052417 54 1
1701076199.052710 4375 -1
1701076199.052739 54 1
1701076199.054161 5301 -1
1701076199.054212 54 1
1701076200.748169 232 1
1701076200.748325 231 1
1701076200.749091 232 1
1701076200.749192 231 1
1701076200.749394 60 -1
1701076200.749394 60 -1
1701076200.749783 232 1
1701076200.749966 60 -1
1701076200.750167 60 -1
1701076200.750614 60 -1
1701076200.758696 1242 -1
1701076200.758780 380 -1
1701076200.758806 54 1
1701076200.759839 1276 -1
1701076200.759839 333 -1
1701076200.759839 6786 -1
1701076200.759896 54 1
1701076200.760487 1244 -1
1701076200.760487 378 -1
1701076200.760487 1241 -1
1701076200.760487 379 -1
1701076200.760525 54 1
1701076200.760553 4218 -1
1701076200.760582 54 1
1701076200.760898 6450 -1
1701076200.760935 54 1
1701076200.761443 4434 -1
1701076200.761483 54 1
1701076200.761849 2072 -1
1701076200.761874 54 1
1701076200.778533 1214 -1
1701076200.778533 420 -1
1701076200.778533 7354 -1
1701076200.778533 1200 -1
1701076200.778627 54 1
1701076200.779013 1200 -1
1701076200.779056 66 1
1701076203.045487 235 1
1701076203.045640 234 1
1701076203.045754 234 1
1701076203.046744 60 -1
1701076203.049450 234 1
1701076203.049674 236 1
1701076203.051383 60 -1
1701076203.056937 1177 -1
1701076203.056937 473 -1
1701076203.056937 1249 -1
1701076203.056937 374 -1
1701076203.056937 1275 -1
1701076203.056937 334 -1
1701076203.057120 54 1
1701076203.057775 2830 -1
1701076203.057775 1242 -1
1701076203.057775 377 -1
1701076203.057775 8814 -1
1701076203.057886 54 1
1701076203.058208 4454 -1
1701076203.058268 54 1
1701076203.058556 7354 -1
1701076203.058598 54 1
1701076203.059156 5244 -1
1701076203.059217 54 1
1701076203.059594 2974 -1
1701076203.059635 54 1
1701076203.059835 3321 -1
1701076203.059863 54 1
1701076203.060094 1178 -1
1701076203.060187 469 -1
1701076203.060215 54 1
1701076203.060277 7354 -1
1701076203.060305 54 1
1701076203.060834 2974 -1
1701076203.060877 54 1
1701076203.061212 60 -1
1701076203.061236 54 1
1701076204.728536 234 1
1701076204.729299 232 1
1701076204.729593 232 1
1701076204.730227 231 1
1701076204.731020 234 1
1701076204.732250 60 -1
1701076204.735005 1245 -1
1701076204.735005 374 -1
1701076204.735061 54 1
1701076204.735097 7354 -1
1701076204.735121 54 1
1701076204.735563 6619 -1
1701076204.735611 54 1
1701076204.736150 1244 -1
1701076204.736197 375 -1
1701076204.736215 54 1
1701076204.736274 7354 -1
1701076204.736311 54 1
1701076204.736837 7354 -1
1701076204.736881 54 1
1701076204.737443 1860 -1
1701076204.737467 54 1
1701076204.737556 2849 -1
1701076204.737576 54 1
1701076204.737836 1246 -1
1701076204.737880 372 -1
1701076204.737893 54 1
1701076204.737966 7354 -1
1701076204.737990 54 1
1701076204.738551 7354 -1
1701076204.738619 54 1
1701076204.738706 89 1
1701076204.739230 1860 -1
1701076204.739384 54 1
1701076204.739443 4007 -1
1701076204.739481 54 1
1701076204.739672 1245 -1
1701076204.739700 54 1
1701076204.739741 373 -1
1701076204.739769 54 1
1701076204.739863 7354 -1
1701076204.739913 54 1
1701076204.740362 1514 -1
1701076204.740477 5825 -1
1701076204.740521 54 1
1701076204.809541 1172 -1
1701076204.809541 468 -1
1701076204.809668 54 1
1701076204.811033 7354 -1
1701076204.811109 54 1
1701076204.811459 4196 -1
1701076204.811519 54 1
1701076206.365264 232 1
1701076206.365425 234 1
1701076206.371701 231 1
1701076206.375403 232 1
1701076206.375996 232 1
1701076206.376471 60 -1
1701076206.377158 1245 -1
1701076206.377297 376 -1
1701076206.377336 54 1
1701076206.389933 1514 -1
1701076206.389933 3122 -1
1701076206.389933 1213 -1
1701076206.389933 416 -1
1701076206.389933 4058 -1
1701076206.389933 1276 -1
1701076206.389933 335 -1
1701076206.389933 8332 -1
1701076206.389933 1244 -1
1701076206.389933 378 -1
1701076206.389933 5949 -1
1701076206.389933 1239 -1
1701076206.389933 379 -1
1701076206.390162 54 1
1701076206.393482 7354 -1
1701076206.393482 107 -1
1701076206.393576 54 1
1701076207.845896 54 1
1701076207.847448 78 -1
1701076207.847448 60 -1
1701076207.847499 54 1
1701076211.505580 66 1
1701076211.507277 66 -1
1701076211.507540 54 1
1701076211.508486 940 1
1701076211.509934 60 -1
1701076211.510155 318 -1
1701076211.511641 134 1
1701076211.512026 146 1
1701076211.513102 595 1
1701076211.513194 232 1
1701076211.513272 235 1
1701076211.513391 237 1
1701076211.513506 236 1
1701076211.517721 60 -1
1701076211.517721 341 -1
1701076211.517917 60 -1
1701076211.517917 60 -1
1701076211.517917 60 -1
1701076211.517917 60 -1
1701076211.517917 60 -1
1701076211.517917 60 -1
1701076211.527627 115 -1
1701076211.527627 85 -1
1701076211.527627 1245 -1
1701076211.527627 376 -1
1701076211.527735 54 1
1701076211.527792 1246 -1
1701076211.527792 7736 -1
1701076211.527842 54 1
1701076211.528006 374 -1
1701076211.528006 1223 -1
1701076211.528031 54 1
1701076211.528434 7354 -1
1701076211.528484 54 1
1701076211.528829 2152 -1
1701076211.528857 54 1
1701076211.529114 406 -1
1701076211.529114 1244 -1
1701076211.529114 377 -1
1701076211.529114 11734 -1
1701076211.529201 54 1
1701076211.529808 85 1
1701076211.530176 4780 -1
1701076211.530233 54 1
1701076211.530731 85 -1
1701076211.530731 5035 -1
1701076211.530764 54 1
1701076211.531788 8309 -1
1701076211.531922 54 1
1701076211.539193 1248 -1
1701076211.539193 371 -1
1701076211.539295 54 1
1701076211.544009 5894 -1
1701076211.544117 54 1
1701076211.544177 4928 -1
1701076211.544231 54 1
1701076213.171586 231 1
1701076213.174434 236 1
1701076213.174549 231 1
1701076213.174624 232 1
1701076213.178809 60 -1
1701076213.182256 231 1
1701076213.184859 1275 -1
1701076213.184859 339 -1
1701076213.184859 1244 -1
1701076213.184859 378 -1
1701076213.184859 4434 -1
1701076213.184859 1231 -1
1701076213.184859 2974 -1
1701076213.184859 2804 -1
1701076213.184859 1246 -1
1701076213.184859 376 -1
1701076213.184859 1244 -1
1701076213.184859 380 -1
1701076213.184859 7354 -1
1701076213.185007 54 1
1701076213.188345 695 -1
1701076213.188345 7354 -1
1701076213.188345 1651 -1
1701076213.188434 54 1
1701076213.190715 1246 -1
1701076213.190715 376 -1
1701076213.190715 8219 -1
1701076213.190785 54 1
1701076214.817768 234 1
1701076214.818301 232 1
1701076214.819280 232 1
1701076214.819835 231 1
1701076214.823002 231 1
1701076214.825932 60 -1
1701076214.825932 1247 -1
1701076214.825932 372 -1
1701076214.825932 1249 -1
1701076214.825932 373 -1
1701076214.825932 7354 -1
1701076214.825932 7354 -1
1701076214.826139 54 1
1701076214.826898 1860 -1
1701076214.826898 85 -1
1701076214.826898 8814 -1
1701076214.826960 54 1
1701076214.827365 7700 -1
1701076214.827409 54 1
1701076214.828001 6060 -1
1701076214.828056 54 1
1701076214.828485 1243 -1
1701076214.828588 381 -1
1701076214.828611 54 1
1701076214.828649 3179 -1
1701076214.828678 54 1
1701076214.828962 1242 -1
1701076214.828987 54 1
1701076214.829712 383 -1
1701076214.829712 7354 -1
1701076214.829775 54 1
1701076214.829814 71 -1
1701076214.830999 1246 -1
1701076214.830999 378 -1
1701076214.830999 8381 -1
1701076214.831068 54 1
1701076216.445207 231 1
1701076216.449965 232 1
1701076216.450125 232 1
1701076216.451380 230 1
1701076216.451487 236 1
1701076216.452628 60 -1
1701076216.452677 1245 -1
1701076216.452677 377 -1
1701076216.452713 54 1
1701076216.456067 7354 -1
1701076216.456151 54 1
1701076216.456426 434 -1
1701076216.456449 54 1
1701076216.458894 1248 -1
1701076216.458894 380 -1
1701076216.458894 1246 -1
1701076216.458894 377 -1
1701076216.458894 1247 -1
1701076216.458894 375 -1
1701076216.458975 54 1
1701076216.459771 7354 -1
1701076216.459809 54 1
1701076216.459876 540 -1
1701076216.459890 54 1
1701076216.459977 6364 -1
1701076216.460008 54 1
1701076216.460453 1244 -1
1701076216.460484 54 1
1701076216.460548 374 -1
1701076216.462756 6238 -1
1701076216.462840 54 1
1701076216.462892 13605 -1
1701076216.462967 54 1
1701076217.850465 54 1
1701076217.851799 78 -1
1701076217.851799 60 -1
1701076217.851835 54 1
1701076218.731561 66 1
1701076218.732674 66 -1
1701076218.732790 54 1
1701076218.733654 908 1
1701076218.734626 60 -1
1701076218.735212 318 -1
1701076218.736406 134 1
1701076218.736806 146 1
1701076218.737311 593 1
1701076218.737639 237 1
1701076218.737743 231 1
1701076218.737796 60 -1
1701076218.737796 60 -1
1701076218.737811 231 1
1701076218.737854 341 -1
1701076218.737921 235 1
1701076218.738092 115 -1
1701076218.738092 85 -1
1701076218.738142 54 1
1701076218.738299 85 1
1701076218.738669 60 -1
1701076218.738669 60 -1
1701076218.738669 60 -1
1701076218.738718 60 -1
1701076218.738790 60 -1
1701076218.739160 60 -1
1701076218.741960 375 -1
1701076218.741960 1247 -1
1701076218.742029 66 1
1701076218.742090 54 1
1701076218.742149 4725 -1
1701076218.742191 54 1
1701076218.743102 1247 -1
1701076218.743217 1245 -1
1701076218.743217 375 -1
1701076218.743217 374 -1
1701076218.743240 54 1
1701076218.743591 1178 -1
1701076218.743591 9179 -1
1701076218.743651 54 1
1701076218.744065 472 -1
1701076218.744098 7354 -1
1701076218.744123 54 1
1701076218.744708 4035 -1
1701076218.744755 54 1
1701076218.745034 1248 -1
1701076218.745051 54 1
1701076218.745208 4288 -1
1701076218.745235 54 1
1701076218.745558 7354 -1
1701076218.745598 54 1
1701076218.746095 7354 -1
1701076218.746121 54 1
1701076218.746722 1860 -1
1701076218.746752 54 1
1701076218.746852 4271 -1
1701076218.746877 54 1
1701076220.439912 224 1
1701076220.440531 232 1
1701076220.440909 60 -1
1701076220.441352 235 1
1701076220.441589 60 -1
1701076220.441890 232 1
1701076220.442268 60 -1
1701076220.442363 230 1
1701076220.445591 60 -1
1701076220.446385 60 -1
1701076220.448421 1244 -1
1701076220.448421 373 -1
1701076220.448490 54 1
1701076220.450671 1244 -1
1701076220.450671 377 -1
1701076220.450671 7354 -1
1701076220.450741 54 1
1701076220.452630 6413 -1
1701076220.452630 1245 -1
1701076220.452630 377 -1
1701076220.452630 4685 -1
1701076220.452630 4574 -1
1701076220.452630 1240 -1
1701076220.452630 385 -1
1701076220.452754 54 1
1701076220.453361 7354 -1
1701076220.453410 54 1
1701076220.453914 916 -1
1701076220.453914 1240 -1
1701076220.453941 54 1
1701076220.454017 383 -1
1701076220.454017 5453 -1
1701076220.454052 54 1
1701076225.363116 236 1
1701076225.363241 231 1
1701076225.363327 235 1
1701076225.364109 232 1
1701076225.364189 232 1
1701076225.364379 60 -1
1701076225.366588 60 -1
1701076225.369491 1177 -1
1701076225.369491 470 -1
1701076225.369491 1274 -1
1701076225.369491 7354 -1
1701076225.369491 2864 -1
1701076225.369491 334 -1
1701076225.369491 3099 -1
1701076225.369687 54 1
1701076225.372436 1242 -1
1701076225.372436 1246 -1
1701076225.372436 375 -1
1701076225.372436 376 -1
1701076225.372436 1246 -1
1701076225.372436 371 -1
1701076225.372436 7354 -1
1701076225.372561 54 1
1701076225.372710 863 -1
1701076225.372740 54 1
1701076225.373434 89 1
1701076225.373773 3776 -1
1701076225.373773 7354 -1
1701076225.373773 7354 -1
1701076225.373874 54 1
1701076225.377782 1860 -1
1701076225.377782 3463 -1
1701076225.377885 54 1
1701076225.400624 543 -1
1701076225.400807 66 1
1701076227.635621 235 1
1701076227.636731 234 1
1701076227.636809 231 1
1701076227.636902 232 1
1701076227.636986 234 1
1701076227.638001 60 -1
1701076227.642795 1240 -1
1701076227.642795 379 -1
1701076227.642795 1273 -1
1701076227.642795 336 -1
1701076227.642795 1243 -1
1701076227.642795 374 -1
1701076227.642908 54 1
1701076227.643168 4938 -1
1701076227.643216 54 1
1701076227.643460 1514 -1
1701076227.643590 7354 -1
1701076227.643646 54 1
1701076227.644106 1894 -1
1701076227.644125 54 1
1701076227.644260 4434 -1
1701076227.644287 54 1
1701076227.644663 7354 -1
1701076227.644712 54 1
1701076227.645232 712 -1
1701076227.645288 1568 -1
1701076227.645313 54 1
1701076227.645410 1242 -1
1701076227.645582 54 1
1701076227.645823 378 -1
1701076227.645823 3427 -1
1701076227.645853 54 1
1701076227.645994 1514 -1
1701076227.646126 7354 -1
1701076227.646157 54 1
1701076227.646740 908 -1
1701076227.698169 54 1
1701076227.864032 54 1
1701076227.865414 78 -1
1701076227.865414 60 -1
1701076227.865669 54 1
1701076229.256380 66 1
1701076229.257394 66 -1
1701076229.257519 54 1
1701076229.258022 876 1
1701076229.258998 60 -1
1701076229.259678 318 -1
1701076229.260453 134 1
1701076229.260805 146 1
1701076229.261838 595 1
1701076229.262131 234 1
1701076229.262210 241 1
1701076229.262337 235 1
1701076229.262616 232 1
1701076229.263115 60 -1
1701076229.263115 341 -1
1701076229.263115 60 -1
1701076229.263115 115 -1
1701076229.263115 85 -1
1701076229.263205 54 1
1701076229.263573 85 1
1701076229.264200 60 -1
1701076229.264200 60 -1
1701076229.264200 60 -1
1701076229.264200 60 -1
1701076229.264200 60 -1
1701076229.264436 60 -1
1701076229.267901 1249 -1
1701076229.267901 373 -1
1701076229.267989 54 1
1701076229.268200 7354 -1
1701076229.268246 54 1
1701076229.281065 2974 -1
1701076229.281065 2761 -1
1701076229.281065 1245 -1
1701076229.281065 379 -1
1701076229.281065 1514 -1
1701076229.281065 2974 -1
1701076229.281065 4126 -1
1701076229.281065 1245 -1
1701076229.281065 379 -1
1701076229.281065 3824 -1
1701076229.281065 1279 -1
1701076229.281065 331 -1
1701076229.281065 1245 -1
1701076229.281065 375 -1
1701076229.281065 2974 -1
1701076229.281065 7354 -1
1701076229.281065 6240 -1
1701076229.281065 7354 -1
1701076229.281065 2974 -1
1701076229.281065 4434 -1
1701076229.281383 54 1
1701076229.282622 7354 -1
1701076229.282672 54 1
1701076229.282892 428 -1
1701076229.282911 54 1
1701076230.939143 232 1
1701076230.939579 231 1
1701076230.940240 60 -1
1701076230.940810 60 -1
1701076230.943597 227 1
1701076230.944085 231 1
1701076230.944301 234 1
1701076230.944639 60 -1
1701076230.945014 60 -1
1701076230.945166 60 -1
1701076230.952145 1245 -1
1701076230.952145 376 -1
1701076230.952217 54 1
1701076230.952857 6144 -1
1701076230.952909 54 1
1701076230.953187 1571 -1
1701076230.953209 54 1
1701076230.954312 4434 -1
1701076230.954377 54 1
1701076230.954586 4513 -1
1701076230.954610 54 1
1701076230.954853 1244 -1
1701076230.954999 375 -1
1701076230.954999 4637 -1
1701076230.955026 54 1
1701076230.955363 1246 -1
1701076230.955569 379 -1
1701076230.955586 54 1
1701076230.956405 6473 -1
1701076230.956567 54 1
1701076230.956693 1247 -1
1701076230.956693 377 -1
1701076230.956693 5237 -1
1701076230.956738 54 1
1701076233.185318 231 1
1701076233.191494 234 1
1701076233.194389 60 -1
1701076233.200071 235 1
1701076233.202990 1276 -1
1701076233.202990 336 -1
1701076233.202990 2974 -1
1701076233.202990 5825 -1
1701076233.202990 1249 -1
1701076233.202990 373 -1
1701076233.202990 4434 -1
1701076233.202990 4434 -1
1701076233.202990 2992 -1
1701076233.203206 54 1
1701076233.205124 234 1
1701076233.207413 231 1
1701076233.207443 60 -1
1701076233.217879 1277 -1
1701076233.217879 338 -1
1701076233.217879 1514 -1
1701076233.217879 5823 -1
1701076233.217879 1246 -1
1701076233.217879 379 -1
1701076233.217879 1248 -1
1701076233.217879 379 -1
1701076233.217879 8297 -1
1701076233.217879 2974 -1
1701076233.217879 4156 -1
1701076233.218089 54 1
1701076234.854933 231 1
1701076234.859782 236 1
1701076234.859948 1243 -1
1701076234.860194 235 1
1701076234.860236 380 -1
1701076234.860236 8946 -1
1701076234.860308 54 1
1701076234.861447 224 1
1701076234.862071 60 -1
1701076234.863098 66 1
1701076234.863240 89 1
1701076234.869620 1242 -1
1701076234.869620 377 -1
1701076234.869620 1245 -1
1701076234.869620 379 -1
1701076234.869620 7683 -1
1701076234.869620 4434 -1
1701076234.869620 4868 -1
1701076234.869620 1249 -1
1701076234.869620 379 -1
1701076234.869620 4661 -1
1701076234.869836 54 1
1701076234.873114 66 -1
1701076234.873273 54 1
1701076234.874854 966 1
1701076234.881713 60 -1
1701076234.881713 318 -1
1701076234.882510 134 1
1701076234.882877 146 1
1701076234.883180 583 1
1701076234.900088 60 -1
1701076234.900088 60 -1
1701076234.900088 60 -1
1701076234.900088 341 -1
1701076234.902099 115 -1
1701076234.902099 85 -1
1701076234.902165 54 1
1701076234.904285 85 1
1701076234.905446 60 -1
1701076234.910393 60 -1
1701076234.916891 1174 -1
1701076234.916891 482 -1
1701076234.916891 4745 -1
1701076234.917020 54 1
1701076237.899463 54 1
1701076237.899662 54 1
1701076237.900982 78 -1
1701076237.900982 60 -1
1701076237.901054 54 1
1701076237.901073 78 -1
1701076237.901073 60 -1
1701076237.901112 54 1
1701076240.452197 66 1
1701076240.453282 66 -1
1701076240.453369 54 1
1701076240.453904 940 1
1701076240.455536 60 -1
1701076240.456333 318 -1
1701076240.464084 134 1
1701076240.464822 146 1
1701076240.465560 590 1
1701076240.465655 234 1
1701076240.465731 225 1
1701076240.465862 235 1
1701076240.465967 231 1
1701076240.466284 60 -1
1701076240.466284 60 -1
1701076240.466284 341 -1
1701076240.467850 60 -1
1701076240.467850 60 -1
1701076240.467850 60 -1
1701076240.467850 60 -1
1701076240.467850 60 -1
1701076240.470339 115 -1
1701076240.470339 85 -1
1701076240.470419 54 1
1701076240.471492 85 1
1701076240.472933 60 -1
1701076240.473418 1278 -1
1701076240.473418 333 -1
1701076240.473492 54 1
1701076240.473840 1247 -1
1701076240.473840 6336 -1
1701076240.473885 54 1
1701076240.474004 380 -1
1701076240.474004 1268 -1
1701076240.474052 54 1
1701076240.474161 4434 -1
1701076240.474753 54 1
1701076240.474808 2181 -1
1701076240.474831 54 1
1701076240.475455 348 -1
1701076240.475481 54 1
1701076240.475776 1248 -1
1701076240.475776 375 -1
1701076240.475776 1245 -1
1701076240.475776 381 -1
1701076240.475776 5220 -1
1701076240.476036 54 1
1701076240.476109 5894 -1
1701076240.476178 54 1
1701076240.476403 1029 -1
1701076240.476747 7354 -1
1701076240.476788 54 1
1701076240.477206 644 -1
1701076240.524945 54 1
1701076242.170307 231 1
1701076242.171371 231 1
1701076242.171505 231 1
1701076242.171910 232 1
1701076242.172090 236 1
1701076242.173799 60 -1
1701076242.177782 1245 -1
1701076242.177782 380 -1
1701076242.177782 1246 -1
1701076242.177782 3919 -1
1701076242.177782 1241 -1
1701076242.178062 54 1
1701076242.178187 703 -1
1701076242.178187 1247 -1
1701076242.178187 6565 -1
1701076242.178285 54 1
1701076242.178351 8825 -1
1701076242.178395 54 1
1701076242.179161 376 -1
1701076242.179161 5894 -1
1701076242.179203 54 1
1701076242.179741 3491 -1
1701076242.179772 54 1
1701076242.179832 1248 -1
1701076242.179857 54 1
1701076242.179923 377 -1
1701076242.179923 4744 -1
1701076242.179973 54 1
1701076244.399408 232 1
1701076244.400336 232 1
1701076244.402955 60 -1
1701076244.403965 231 1
1701076244.404105 232 1
1701076244.404406 225 1
1701076244.405275 60 -1
1701076244.409435 1245 -1
1701076244.409435 377 -1
1701076244.409435 1246 -1
1701076244.409435 378 -1
1701076244.409435 1247 -1
1701076244.409435 375 -1
1701076244.409435 7349 -1
1701076244.409756 54 1
1701076244.410030 7354 -1
1701076244.410083 54 1
1701076244.410822 2318 -1
1701076244.410822 5844 -1
1701076244.410871 54 1
1701076244.411502 1245 -1
1701076244.411502 380 -1
1701076244.411502 7354 -1
1701076244.411565 54 1
1701076244.412005 1727 -1
1701076244.412025 54 1
1701076244.412905 1246 -1
1701076244.412905 374 -1
1701076244.412905 4902 -1
1701076244.412963 54 1
1701076246.057130 232 1
1701076246.061314 232 1
1701076246.061958 232 1
1701076246.062487 231 1
1701076246.066689 236 1
1701076246.074181 1245 -1
1701076246.074181 377 -1
1701076246.074181 4895 -1
1701076246.074181 1249 -1
1701076246.074181 381 -1
1701076246.074181 2974 -1
1701076246.074181 3692 -1
1701076246.074365 54 1
1701076246.074469 60 -1
1701076246.080872 1215 -1
1701076246.080872 1265 -1
1701076246.080973 54 1
1701076246.083716 89 1
1701076246.089019 351 -1
1701076246.089019 423 -1
1701076246.089019 4178 -1
1701076246.089019 3875 -1
1701076246.089019 1247 -1
1701076246.089019 373 -1
1701076246.089019 7354 -1
1701076246.089019 5104 -1
1701076246.089194 54 1
1701076246.126513 60 -1
1701076247.731946 232 1
1701076247.732055 232 1
1701076247.732135 235 1
1701076247.733170 60 -1
1701076247.733170 60 -1
1701076247.733170 60 -1
1701076247.733258 232 1
1701076247.735115 60 -1
1701076247.735195 235 1
1701076247.736269 60 -1
1701076247.740898 1243 -1
1701076247.740898 379 -1
1701076247.740898 1173 -1
1701076247.740898 4238 -1
1701076247.740898 483 -1
1701076247.740898 1244 -1
1701076247.740898 376 -1
1701076247.741030 54 1
1701076247.741544 9677 -1
1701076247.741544 4837 -1
1701076247.741759 54 1
1701076247.741874 1568 -1
1701076247.741896 54 1
1701076247.742064 6588 -1
1701076247.742105 54 1
1701076247.743987 1175 -1
1701076247.743987 478 -1
1701076247.744044 54 1
1701076247.744085 5458 -1
1701076247.744127 54 1
1701076247.906067 54 1
1701076247.907168 78 -1
1701076247.907168 60 -1
1701076247.907248 54 1
