1700823304.734460 66 1
1700823304.748024 66 -1
1700823304.748365 54 1
1700823304.762963 572 1
1700823304.764372 60 -1
1700823304.766270 2779 -1
1700823304.766316 54 1
1700823304.775575 134 1
1700823304.776020 146 1
1700823304.776359 587 1
1700823304.785065 60 -1
1700823304.785065 60 -1
1700823304.785065 60 -1
1700823304.785065 341 -1
1700823304.785065 341 -1
1700823304.785065 115 -1
1700823304.785065 85 -1
1700823304.785187 54 1
1700823304.785263 890 -1
1700823304.785333 7354 -1
1700823304.785404 54 1
1700823304.786445 4434 -1
1700823304.786488 54 1
1700823304.786831 7354 -1
1700823304.787051 54 1
1700823304.788539 4434 -1
1700823304.788608 54 1
1700823304.790089 2785 -1
1700823304.790162 54 1
1700823304.806101 85 1
1700823304.807833 60 -1
1700823305.068528 230 1
1700823305.068654 231 1
1700823305.068725 231 1
1700823305.068804 234 1
1700823305.069043 234 1
1700823305.069132 231 1
1700823305.069205 231 1
1700823305.069318 230 1
1700823305.069402 232 1
1700823305.069475 232 1
1700823305.070463 60 -1
1700823305.070463 60 -1
1700823305.070463 60 -1
1700823305.070463 60 -1
1700823305.071425 60 -1
1700823305.071425 60 -1
1700823305.071425 60 -1
1700823305.071425 60 -1
1700823305.071425 60 -1
1700823305.071425 60 -1
1700823305.074428 956 -1
1700823305.074428 7354 -1
1700823305.074428 1698 -1
1700823305.074428 847 -1
1700823305.074428 851 -1
1700823305.074428 5247 -1
1700823305.074428 2974 -1
1700823305.074428 1514 -1
1700823305.074428 6486 -1
1700823305.074581 54 1
1700823305.075127 843 -1
1700823305.075127 7354 -1
1700823305.075167 54 1
1700823305.075643 418 -1
1700823305.075643 857 -1
1700823305.075643 975 -1
1700823305.075643 817 -1
1700823305.075643 7077 -1
1700823305.075716 54 1
1700823305.078593 7354 -1
1700823305.078593 2041 -1
1700823305.078593 7354 -1
1700823305.078696 54 1
1700823305.078760 1468 -1
1700823305.078789 54 1
1700823305.088915 5991 -1
1700823305.089000 54 1
1700823305.100359 151 -1
1700823305.100398 66 1
1700823305.448506 208 1
1700823305.449479 60 -1
1700823305.452113 883 -1
1700823305.452113 2425 -1
1700823305.452183 54 1
1700823311.359697 230 1
1700823311.359825 231 1
1700823311.359963 231 1
1700823311.361691 232 1
1700823311.362120 60 -1
1700823311.374622 904 -1
1700823311.374622 6498 -1
1700823311.374622 977 -1
1700823311.374622 812 -1
1700823311.374622 926 -1
1700823311.374622 3192 -1
1700823311.374622 3642 -1
1700823311.374622 947 -1
1700823311.374622 3330 -1
1700823311.374809 54 1
1700823311.414083 89 1
1700823311.464199 60 -1
1700823312.342517 54 1
1700823312.361370 78 -1
1700823312.361370 60 -1
1700823312.361424 54 1
1700823315.244351 66 1
1700823315.245536 66 -1
1700823315.245623 54 1
1700823315.246231 934 1
1700823315.247199 60 -1
1700823315.247817 318 -1
1700823315.249058 134 1
1700823315.249362 146 1
1700823315.249713 574 1
1700823315.249802 230 1
1700823315.250445 229 1
1700823315.251752 232 1
1700823315.254719 231 1
1700823315.255960 232 1
1700823315.257553 60 -1
1700823315.257553 60 -1
1700823315.257553 60 -1
1700823315.257553 60 -1
1700823315.257553 60 -1
1700823315.257553 60 -1
1700823315.257553 60 -1
1700823315.257553 341 -1
1700823315.257670 115 -1
1700823315.257670 85 -1
1700823315.257701 54 1
1700823315.257962 931 -1
1700823315.258013 85 1
1700823315.258047 54 1
1700823315.258264 3195 -1
1700823315.258292 54 1
1700823315.258548 927 -1
1700823315.258548 6639 -1
1700823315.258601 54 1
1700823315.258953 858 -1
1700823315.258953 11097 -1
1700823315.258989 54 1
1700823315.259810 854 -1
1700823315.259834 54 1
1700823315.259913 4964 -1
1700823315.259953 54 1
1700823315.260298 60 -1
1700823315.260298 858 -1
1700823315.260411 7354 -1
1700823315.260437 54 1
1700823315.262270 230 1
1700823315.262289 7354 -1
1700823315.262289 1860 -1
1700823315.262289 85 -1
1700823315.262289 7354 -1
1700823315.262386 54 1
1700823315.264236 7354 -1
1700823315.264236 1860 -1
1700823315.264236 7354 -1
1700823315.264236 7354 -1
1700823315.264313 54 1
1700823315.264449 7354 -1
1700823315.264498 54 1
1700823315.265277 7354 -1
1700823315.265311 54 1
1700823315.268350 3728 -1
1700823315.268350 85 -1
1700823315.268350 7354 -1
1700823315.268350 7354 -1
1700823315.268350 4434 -1
1700823315.268350 13194 -1
1700823315.268481 54 1
1700823315.271317 7354 -1
1700823315.271317 7354 -1
1700823315.271317 7354 -1
1700823315.271317 23414 -1
1700823315.271458 54 1
1700823315.272771 5894 -1
1700823315.272817 54 1
1700823315.273874 7354 -1
1700823315.273922 54 1
1700823315.274392 7354 -1
1700823315.274419 54 1
1700823315.275917 7354 -1
1700823315.275917 7354 -1
1700823315.276113 54 1
1700823315.276488 7354 -1
1700823315.276525 54 1
1700823315.277245 7354 -1
1700823315.277283 54 1
1700823315.277830 7354 -1
1700823315.277867 54 1
1700823315.278408 7354 -1
1700823315.278514 54 1
1700823315.280547 5894 -1
1700823315.280547 7354 -1
1700823315.280547 14654 -1
1700823315.280655 54 1
1700823315.281323 7354 -1
1700823315.281359 54 1
1700823315.281910 7354 -1
1700823315.281966 54 1
1700823315.285290 7354 -1
1700823315.285290 2974 -1
1700823315.285290 7354 -1
1700823315.285290 7354 -1
1700823315.285290 2974 -1
1700823315.285290 1514 -1
1700823315.285290 7354 -1
1700823315.285431 54 1
1700823315.285533 4434 -1
1700823315.285563 54 1
1700823315.285949 7354 -1
1700823315.285981 54 1
1700823315.286609 7354 -1
1700823315.286655 54 1
1700823315.287444 7354 -1
1700823315.287659 54 1
1700823315.289333 7354 -1
1700823315.289333 5894 -1
1700823315.289333 7354 -1
1700823315.289403 54 1
1700823315.289450 7354 -1
1700823315.289482 54 1
1700823315.294273 1514 -1
1700823315.294273 7354 -1
1700823315.294273 7354 -1
1700823315.294273 7354 -1
1700823315.294273 7354 -1
1700823315.294273 7354 -1
1700823315.294273 21954 -1
1700823315.294497 54 1
1700823315.295394 5894 -1
1700823315.295425 54 1
1700823315.295554 7354 -1
1700823315.295584 54 1
1700823315.302514 54 1
1700823315.318173 7790 -1
1700823315.318286 54 1
1700823318.734733 236 1
1700823318.734912 232 1
1700823318.735849 60 -1
1700823318.739747 978 -1
1700823318.739747 815 -1
1700823318.739788 54 1
1700823318.739831 7295 -1
1700823318.739872 54 1
1700823318.740196 231 1
1700823318.740268 229 1
1700823318.741905 60 -1
1700823318.744243 1029 -1
1700823318.744243 742 -1
1700823318.744243 1988 -1
1700823318.744300 54 1
1700823318.746292 1055 -1
1700823318.746292 729 -1
1700823318.746344 54 1
1700823318.746425 7354 -1
1700823318.746467 54 1
1700823318.746874 88 -1
1700823318.746903 54 1
1700823318.755153 1049 -1
1700823318.755153 734 -1
1700823318.755230 54 1
1700823318.755277 3324 -1
1700823318.755312 54 1
1700823320.703905 232 1
1700823320.704050 231 1
1700823320.707581 230 1
1700823320.707687 230 1
1700823320.707772 231 1
1700823320.707856 230 1
1700823320.707934 232 1
1700823320.709340 60 -1
1700823320.709340 60 -1
1700823320.712234 948 -1
1700823320.712234 857 -1
1700823320.712234 4882 -1
1700823320.712326 54 1
1700823320.712406 7354 -1
1700823320.712445 54 1
1700823320.714955 988 -1
1700823320.714955 857 -1
1700823320.714955 4178 -1
1700823320.714955 928 -1
1700823320.714955 7354 -1
1700823320.714955 6403 -1
1700823320.714955 979 -1
1700823320.715286 54 1
1700823320.715352 813 -1
1700823320.715352 1052 -1
1700823320.715352 6283 -1
1700823320.715417 54 1
1700823320.720345 729 -1
1700823320.720345 10363 -1
1700823320.720345 1034 -1
1700823320.720345 737 -1
1700823320.720345 5024 -1
1700823320.720465 54 1
1700823320.720520 89 1
1700823320.762370 60 -1
1700823322.345817 54 1
1700823322.348593 78 -1
1700823322.348593 60 -1
1700823322.348728 54 1
1700823323.690532 66 1
1700823323.696422 66 -1
1700823323.696600 54 1
1700823323.698083 934 1
1700823323.700052 60 -1
1700823323.700410 318 -1
1700823323.701626 134 1
1700823323.702004 146 1
1700823323.702548 586 1
1700823323.702635 234 1
1700823323.702737 235 1
1700823323.702824 222 1
1700823323.704932 60 -1
1700823323.704932 60 -1
1700823323.704932 60 -1
1700823323.704932 60 -1
1700823323.704932 60 -1
1700823323.704932 60 -1
1700823323.704932 341 -1
1700823323.707775 115 -1
1700823323.707775 85 -1
1700823323.707775 858 -1
1700823323.707775 14654 -1
1700823323.707898 54 1
1700823323.708854 1264 -1
1700823323.708967 854 -1
1700823323.708967 3927 -1
1700823323.709012 54 1
1700823323.709101 978 -1
1700823323.709121 54 1
1700823323.713007 813 -1
1700823323.713007 4612 -1
1700823323.713007 1003 -1
1700823323.713007 816 -1
1700823323.713007 2899 -1
1700823323.713105 54 1
1700823323.714219 85 1
1700823323.733499 60 -1
1700823325.311349 224 1
1700823325.312446 60 -1
1700823325.317833 230 1
1700823325.319183 223 1
1700823325.320982 227 1
1700823325.322086 224 1
1700823325.327744 232 1
1700823325.332257 926 -1
1700823325.332257 7610 -1
1700823325.332257 310 -1
1700823325.332392 66 1
1700823325.333585 60 -1
1700823325.333585 60 -1
1700823325.333585 60 -1
1700823325.333585 60 -1
1700823325.333585 60 -1
1700823325.336763 929 -1
1700823325.336763 7158 -1
1700823325.336763 927 -1
1700823325.336763 5894 -1
1700823325.336763 4481 -1
1700823325.336867 54 1
1700823325.336925 926 -1
1700823325.336925 7354 -1
1700823325.336961 54 1
1700823325.337518 382 -1
1700823325.337701 1052 -1
1700823325.337701 728 -1
1700823325.337701 5000 -1
1700823325.337758 54 1
1700823325.338554 978 -1
1700823325.338554 813 -1
1700823325.338582 54 1
1700823325.339020 6128 -1
1700823325.339050 54 1
1700823326.963916 224 1
1700823326.964035 224 1
1700823326.964107 223 1
1700823326.964168 224 1
1700823326.964225 221 1
1700823326.964468 224 1
1700823326.964516 223 1
1700823326.965679 60 -1
1700823326.968868 928 -1
1700823326.968868 7354 -1
1700823326.968974 54 1
1700823326.969333 2568 -1
1700823326.969333 853 -1
1700823326.969368 54 1
1700823326.969414 7354 -1
1700823326.969438 54 1
1700823326.970031 732 -1
1700823326.970481 7354 -1
1700823326.970510 54 1
1700823326.971052 3215 -1
1700823326.971052 1003 -1
1700823326.971052 4046 -1
1700823326.971089 54 1
1700823326.971700 928 -1
1700823326.971700 8469 -1
1700823326.971755 54 1
1700823326.977718 811 -1
1700823326.977718 981 -1
1700823326.977808 66 1
1700823326.977874 54 1
1700823326.978336 7105 -1
1700823326.978389 54 1
1700823328.956194 221 1
1700823328.956305 222 1
1700823328.956398 222 1
1700823328.956487 223 1
1700823328.956837 224 1
1700823328.959408 60 -1
1700823328.961135 893 -1
1700823328.961448 910 -1
1700823328.961448 5827 -1
1700823328.961490 54 1
1700823328.961522 6683 -1
1700823328.961542 54 1
1700823328.962137 6578 -1
1700823328.962182 54 1
1700823328.962608 1057 -1
1700823328.962696 729 -1
1700823328.962715 54 1
1700823328.962775 10250 -1
1700823328.962821 54 1
1700823328.964425 981 -1
1700823328.964425 807 -1
1700823328.964425 10274 -1
1700823328.964506 54 1
1700823328.964660 2913 -1
1700823328.964681 54 1
1700823328.967660 89 1
1700823329.014282 60 -1
1700823332.400973 54 1
1700823332.403752 78 -1
1700823332.403752 60 -1
1700823332.403805 54 1
1700823332.563777 66 1
1700823332.564620 66 -1
1700823332.564676 54 1
1700823332.567828 966 1
1700823332.573868 60 -1
1700823332.573868 318 -1
1700823332.575415 134 1
1700823332.576779 146 1
1700823332.576886 60 -1
1700823332.576886 341 -1
1700823332.577646 585 1
1700823332.577725 222 1
1700823332.577784 224 1
1700823332.577839 224 1
1700823332.577894 224 1
1700823332.577951 225 1
1700823332.582764 60 -1
1700823332.582764 115 -1
1700823332.582764 85 -1
1700823332.582764 60 -1
1700823332.582764 60 -1
1700823332.582764 60 -1
1700823332.582764 60 -1
1700823332.582764 60 -1
1700823332.582764 60 -1
1700823332.582764 920 -1
1700823332.582764 6194 -1
1700823332.582764 926 -1
1700823332.582764 3943 -1
1700823332.582764 7245 -1
1700823332.582943 54 1
1700823332.584311 905 -1
1700823332.584311 7354 -1
1700823332.584364 54 1
1700823332.584475 4490 -1
1700823332.584524 54 1
1700823332.584712 852 -1
1700823332.584736 54 1
1700823332.588840 85 1
1700823332.589415 5675 -1
1700823332.589415 928 -1
1700823332.589415 5982 -1
1700823332.589533 54 1
1700823332.631641 60 -1
1700823334.241027 223 1
1700823334.241534 224 1
1700823334.242413 60 -1
1700823334.242413 60 -1
1700823334.245437 860 -1
1700823334.245526 7354 -1
1700823334.245568 54 1
1700823334.245917 1386 -1
1700823334.247308 949 -1
1700823334.247308 856 -1
1700823334.247346 54 1
1700823334.247409 7305 -1
1700823334.247434 54 1
1700823334.247998 222 1
1700823334.248899 60 -1
1700823334.249813 223 1
1700823334.249917 232 1
1700823334.250699 60 -1
1700823334.251784 60 -1
1700823334.254563 1049 -1
1700823334.254563 735 -1
1700823334.254617 54 1
1700823334.254734 978 -1
1700823334.254734 8867 -1
1700823334.254778 54 1
1700823334.256325 1514 -1
1700823334.256440 7354 -1
1700823334.256476 54 1
1700823334.256916 66 -1
1700823334.257171 1107 -1
1700823334.257171 660 -1
1700823334.257213 54 1
1700823334.257348 6834 -1
1700823334.257393 54 1
1700823335.830796 231 1
1700823335.830880 230 1
1700823335.830950 223 1
1700823335.831007 218 1
1700823335.833968 60 -1
1700823335.833968 60 -1
1700823335.835847 926 -1
1700823335.835847 2812 -1
1700823335.835847 852 -1
1700823335.835847 3466 -1
1700823335.835920 54 1
1700823335.838271 858 -1
1700823335.838307 54 1
1700823335.838383 10274 -1
1700823335.838425 54 1
1700823335.839298 6240 -1
1700823335.839337 54 1
1700823335.840002 85 -1
1700823335.840002 7354 -1
1700823335.840048 54 1
1700823335.840249 7354 -1
1700823335.840285 54 1
1700823335.846449 18297 -1
1700823335.846449 85 -1
1700823335.846449 5894 -1
1700823335.846449 7354 -1
1700823335.846449 7354 -1
1700823335.846449 7354 -1
1700823335.846449 7354 -1
1700823335.846449 7354 -1
1700823335.846449 6994 -1
1700823335.846717 54 1
1700823335.846846 7354 -1
1700823335.846943 54 1
1700823335.847125 54 1
1700823335.850700 7354 -1
1700823335.850700 7354 -1
1700823335.850700 2243 -1
1700823335.850824 54 1
1700823335.881923 929 -1
1700823335.881923 3916 -1
1700823335.882029 54 1
1700823337.956688 223 1
1700823337.958246 224 1
1700823337.959842 222 1
1700823337.963996 231 1
1700823337.964117 221 1
1700823337.964225 222 1
1700823337.964508 222 1
1700823337.968503 60 -1
1700823337.968503 977 -1
1700823337.968503 4900 -1
1700823337.968503 855 -1
1700823337.968503 4238 -1
1700823337.968598 54 1
1700823337.971920 89 1
1700823337.974074 60 -1
1700823337.974074 926 -1
1700823337.974074 6072 -1
1700823337.974074 856 -1
1700823337.974074 6172 -1
1700823337.974074 7354 -1
1700823337.974074 4281 -1
1700823337.974074 978 -1
1700823337.974074 814 -1
1700823337.974254 54 1
1700823337.977049 984 -1
1700823337.977049 807 -1
1700823337.977049 5346 -1
1700823337.977049 5894 -1
1700823337.977049 4434 -1
1700823337.977049 3960 -1
1700823337.977157 54 1
1700823342.422841 54 1
1700823342.435915 78 -1
1700823342.435915 60 -1
1700823342.436018 54 1
1700823342.492066 66 1
1700823342.507357 66 -1
1700823342.507716 54 1
1700823342.511887 966 1
1700823342.523494 60 -1
1700823342.523494 318 -1
1700823342.525797 134 1
1700823342.526650 146 1
1700823342.526998 60 -1
1700823342.526998 341 -1
1700823342.528439 578 1
1700823342.528545 223 1
1700823342.528628 229 1
1700823342.528704 232 1
1700823342.528811 224 1
1700823342.528910 230 1
1700823342.530457 60 -1
1700823342.530457 115 -1
1700823342.530457 85 -1
1700823342.530543 54 1
1700823342.531425 60 -1
1700823342.531425 60 -1
1700823342.531425 60 -1
1700823342.531425 60 -1
1700823342.531425 60 -1
1700823342.531425 60 -1
1700823342.531978 85 1
1700823342.532915 60 -1
1700823342.533342 928 -1
1700823342.533342 5099 -1
1700823342.533462 54 1
1700823342.533682 929 -1
1700823342.533701 54 1
1700823342.533921 7354 -1
1700823342.533947 54 1
1700823342.534456 2774 -1
1700823342.534475 54 1
1700823342.534823 4434 -1
1700823342.534872 54 1
1700823342.535276 7354 -1
1700823342.535306 54 1
1700823342.535848 7354 -1
1700823342.535984 54 1
1700823342.536422 3910 -1
1700823342.536461 54 1
1700823342.536812 1043 -1
1700823342.536812 4434 -1
1700823342.536858 54 1
1700823342.537385 7354 -1
1700823342.537422 54 1
1700823342.537822 1008 -1
1700823342.537876 979 -1
1700823342.537900 54 1
1700823342.538102 816 -1
1700823342.538156 5094 -1
1700823342.538182 54 1
1700823344.119394 225 1
1700823344.120227 224 1
1700823344.120690 223 1
1700823344.122176 223 1
1700823344.122262 231 1
1700823344.122861 223 1
1700823344.122926 224 1
1700823344.125003 60 -1
1700823344.125003 900 -1
1700823344.125003 6793 -1
1700823344.125164 54 1
1700823344.134949 980 -1
1700823344.134949 8603 -1
1700823344.134949 928 -1
1700823344.134949 8989 -1
1700823344.134949 60 -1
1700823344.134949 925 -1
1700823344.134949 2974 -1
1700823344.134949 1514 -1
1700823344.134949 5233 -1
1700823344.134949 854 -1
1700823344.134949 4517 -1
1700823344.134949 1051 -1
1700823344.134949 730 -1
1700823344.134949 980 -1
1700823344.134949 812 -1
1700823344.134949 4157 -1
1700823344.134949 4334 -1
1700823344.135273 54 1
1700823345.809804 223 1
1700823345.817379 230 1
1700823345.817501 226 1
1700823345.817592 230 1
1700823345.818068 232 1
1700823345.831463 60 -1
1700823345.831463 932 -1
1700823345.831463 5894 -1
1700823345.831463 4322 -1
1700823345.831463 977 -1
1700823345.831463 814 -1
1700823345.831463 1049 -1
1700823345.831463 731 -1
1700823345.831463 2064 -1
1700823345.831463 1514 -1
1700823345.831463 4037 -1
1700823345.831463 852 -1
1700823345.831463 2974 -1
1700823345.831463 4311 -1
1700823345.831463 983 -1
1700823345.831463 811 -1
1700823345.831463 6449 -1
1700823345.831821 54 1
1700823348.590087 232 1
1700823348.597081 856 -1
1700823348.597081 8121 -1
1700823348.597175 54 1
1700823348.612464 225 1
1700823348.626242 231 1
1700823348.628398 929 -1
1700823348.628398 3489 -1
1700823348.628465 54 1
1700823348.628497 223 1
1700823348.629508 220 1
1700823348.630382 89 1
1700823348.635440 60 -1
1700823348.638989 1032 -1
1700823348.638989 735 -1
1700823348.638989 929 -1
1700823348.638989 3321 -1
1700823348.638989 924 -1
1700823348.639090 54 1
1700823348.639181 10104 -1
1700823348.639228 54 1
1700823348.640503 2974 -1
1700823348.640503 8307 -1
1700823348.640588 54 1
1700823352.440956 54 1
1700823352.442362 78 -1
1700823352.442362 60 -1
1700823352.442538 54 1
1700823353.240363 66 1
1700823353.241481 66 -1
1700823353.241591 54 1
1700823353.243705 870 1
1700823353.244840 60 -1
1700823353.246020 318 -1
1700823353.246887 134 1
1700823353.247646 146 1
1700823353.248485 577 1
1700823353.248587 218 1
1700823353.248672 223 1
1700823353.248871 224 1
1700823353.248984 223 1
1700823353.249006 60 -1
1700823353.249006 60 -1
1700823353.249080 229 1
1700823353.249180 223 1
1700823353.249675 341 -1
1700823353.249675 115 -1
1700823353.249675 85 -1
1700823353.249675 60 -1
1700823353.249728 54 1
1700823353.249831 60 -1
1700823353.249831 60 -1
1700823353.249831 60 -1
1700823353.249945 230 1
1700823353.250111 60 -1
1700823353.250262 85 1
1700823353.250604 60 -1
1700823353.250604 60 -1
1700823353.251025 60 -1
1700823353.251353 60 -1
1700823353.253086 929 -1
1700823353.253086 5358 -1
1700823353.253144 54 1
1700823353.253184 822 -1
1700823353.253215 54 1
1700823353.253421 6857 -1
1700823353.253457 54 1
1700823353.253887 928 -1
1700823353.253887 927 -1
1700823353.253887 5329 -1
1700823353.253933 54 1
1700823353.254699 7354 -1
1700823353.254728 54 1
1700823353.255095 4242 -1
1700823353.255122 54 1
1700823353.255443 1052 -1
1700823353.255443 732 -1
1700823353.255468 54 1
1700823353.255542 858 -1
1700823353.255559 54 1
1700823353.255606 5182 -1
1700823353.255649 54 1
1700823353.255974 1514 -1
1700823353.256093 5838 -1
1700823353.256119 54 1
1700823353.256669 859 -1
1700823353.256690 54 1
1700823353.256832 16460 -1
1700823353.256885 54 1
1700823353.258178 85 -1
1700823353.258178 7354 -1
1700823353.258233 54 1
1700823353.258719 7354 -1
1700823353.258750 54 1
1700823353.260405 1860 -1
1700823353.260405 7354 -1
1700823353.260405 5894 -1
1700823353.260497 54 1
1700823353.264257 2974 -1
1700823353.264257 7354 -1
1700823353.264257 7354 -1
1700823353.264257 2299 -1
1700823353.264257 4434 -1
1700823353.264257 21954 -1
1700823353.264482 54 1
1700823353.264559 7354 -1
1700823353.264588 54 1
1700823353.264914 7354 -1
1700823353.264943 54 1
1700823353.265524 4434 -1
1700823353.265564 54 1
1700823353.268680 2974 -1
1700823353.268680 7354 -1
1700823353.268680 7354 -1
1700823353.268680 5894 -1
1700823353.268680 20494 -1
1700823353.268882 54 1
1700823353.270456 7354 -1
1700823353.270456 7354 -1
1700823353.270536 54 1
1700823353.275652 7354 -1
1700823353.275652 7354 -1
1700823353.275652 7354 -1
1700823353.275652 7354 -1
1700823353.275652 7354 -1
1700823353.275652 7354 -1
1700823353.275652 2974 -1
1700823353.275652 8814 -1
1700823353.275652 7354 -1
1700823353.275912 54 1
1700823353.281173 7354 -1
1700823353.281173 7354 -1
1700823353.281173 1514 -1
1700823353.281173 7354 -1
1700823353.281173 7354 -1
1700823353.281173 14654 -1
1700823353.281173 7354 -1
1700823353.281173 14654 -1
1700823353.281467 54 1
1700823353.283934 7354 -1
1700823353.283934 7354 -1
1700823353.283934 7354 -1
1700823353.283934 5894 -1
1700823353.283934 4434 -1
1700823353.284067 54 1
1700823353.285429 14654 -1
1700823353.285508 54 1
1700823353.287316 7354 -1
1700823353.287316 7354 -1
1700823353.287316 7354 -1
1700823353.287316 5750 -1
1700823353.287476 54 1
1700823353.289426 7354 -1
1700823353.289426 7354 -1
1700823353.289426 3118 -1
1700823353.289426 7354 -1
1700823353.289536 54 1
1700823353.289848 2974 -1
1700823353.289893 54 1
1700823353.290108 4434 -1
1700823353.290161 54 1
1700823353.290497 7354 -1
1700823353.290551 54 1
1700823353.299527 7354 -1
1700823353.299527 7354 -1
1700823353.299527 4290 -1
1700823353.299527 4434 -1
1700823353.299527 7354 -1
1700823353.299527 7354 -1
1700823353.299527 4578 -1
1700823353.299527 7354 -1
1700823353.299527 7354 -1
1700823353.299527 7354 -1
1700823353.299527 7354 -1
1700823353.299527 7354 -1
1700823353.299527 7354 -1
1700823353.299527 7354 -1
1700823353.299527 7354 -1
1700823353.299527 5894 -1
1700823353.300079 54 1
1700823353.301365 54 1
1700823353.301936 1514 -1
1700823353.301936 14654 -1
1700823353.301936 7354 -1
1700823353.301936 7354 -1
1700823353.302086 54 1
1700823353.302182 54 1
1700823353.303194 7354 -1
1700823353.303194 7354 -1
1700823353.303256 54 1
1700823353.303762 7354 -1
1700823353.303799 54 1
1700823353.320496 7354 -1
1700823353.320496 4434 -1
1700823353.320496 7354 -1
1700823353.320496 5894 -1
1700823353.320496 7354 -1
1700823353.320496 4290 -1
1700823353.320496 7354 -1
1700823353.320496 4434 -1
1700823353.320496 1514 -1
1700823353.320496 7354 -1
1700823353.320496 7210 -1
1700823353.320496 2974 -1
1700823353.320496 7354 -1
1700823353.320496 1802 -1
1700823353.320496 7354 -1
1700823353.320496 7354 -1
1700823353.320496 7354 -1
1700823353.320496 5750 -1
1700823353.320496 7354 -1
1700823353.320496 7354 -1
1700823353.320496 7354 -1
1700823353.320496 7354 -1
1700823353.320496 7498 -1
1700823353.320496 7354 -1
1700823353.320496 14654 -1
1700823353.320496 7354 -1
1700823353.320496 7354 -1
1700823353.320496 5894 -1
1700823353.320496 7354 -1
1700823353.320496 7354 -1
1700823353.321436 54 1
1700823353.321689 7354 -1
1700823353.321764 54 1
1700823353.322078 54 1
1700823353.331784 16114 -1
1700823353.331918 54 1
1700823353.332768 7354 -1
1700823353.332822 54 1
1700823353.333598 7354 -1
1700823353.333656 54 1
1700823353.333958 4434 -1
1700823353.333998 54 1
1700823353.334409 7354 -1
1700823353.334454 54 1
1700823353.334937 7354 -1
1700823353.334982 54 1
1700823353.335585 7354 -1
1700823353.335633 54 1
1700823353.336228 5880 -1
1700823353.336284 54 1
1700823353.338675 1514 -1
1700823353.338675 7354 -1
1700823353.338675 7354 -1
1700823353.338675 21954 -1
1700823353.338849 54 1
1700823353.340373 7354 -1
1700823353.340413 54 1
1700823353.341649 2974 -1
1700823353.341649 4434 -1
1700823353.341649 7354 -1
1700823353.341649 2480 -1
1700823353.341737 54 1
1700823353.341828 2008 -1
1700823353.341851 54 1
1700823353.342524 26334 -1
1700823353.342657 54 1
1700823353.344153 7354 -1
1700823353.344217 54 1
1700823353.344743 7354 -1
1700823353.344798 54 1
1700823353.349485 7354 -1
1700823353.349485 7354 -1
1700823353.349485 7354 -1
1700823353.349485 1514 -1
1700823353.349485 7354 -1
1700823353.349485 7354 -1
1700823353.349485 5894 -1
1700823353.349485 7354 -1
1700823353.349706 54 1
1700823353.353678 7354 -1
1700823353.353678 7354 -1
1700823353.353678 7354 -1
1700823353.353678 7354 -1
1700823353.353678 7354 -1
1700823353.353678 7224 -1
1700823353.353678 5894 -1
1700823353.353987 54 1
1700823353.354067 5894 -1
1700823353.354135 54 1
1700823353.361585 5894 -1
1700823353.361585 5894 -1
1700823353.361585 1514 -1
1700823353.361585 4434 -1
1700823353.361585 2974 -1
1700823353.361585 2974 -1
1700823353.361585 5894 -1
1700823353.361585 5894 -1
1700823353.361585 4434 -1
1700823353.361585 1514 -1
1700823353.361585 5894 -1
1700823353.361585 5894 -1
1700823353.361585 5894 -1
1700823353.361585 5894 -1
1700823353.361585 5894 -1
1700823353.361585 5894 -1
1700823353.361585 5894 -1
1700823353.361585 5894 -1
1700823353.361585 5894 -1
1700823353.362082 54 1
1700823353.362084 54 1
1700823353.362433 5894 -1
1700823353.362479 54 1
1700823353.362522 5894 -1
1700823353.362575 54 1
1700823353.362921 5894 -1
1700823353.362971 54 1
1700823353.363448 5894 -1
1700823353.363512 54 1
1700823353.363867 2974 -1
1700823353.363923 54 1
1700823353.364104 2974 -1
1700823353.364145 54 1
1700823353.364618 4434 -1
1700823353.364661 54 1
1700823353.364733 1514 -1
1700823353.364769 54 1
1700823353.364829 5894 -1
1700823353.364880 54 1
1700823353.365464 5894 -1
1700823353.365505 54 1
1700823353.366015 4434 -1
1700823353.366060 54 1
1700823353.368486 1514 -1
1700823353.368486 4434 -1
1700823353.368486 1514 -1
1700823353.368486 1514 -1
1700823353.368486 2974 -1
1700823353.368486 1514 -1
1700823353.368486 5894 -1
1700823353.368486 1514 -1
1700823353.368486 4434 -1
1700823353.368486 5894 -1
1700823353.368650 54 1
1700823353.370558 5894 -1
1700823353.370558 5894 -1
1700823353.370558 5894 -1
1700823353.370558 7354 -1
1700823353.370666 54 1
1700823353.370773 7354 -1
1700823353.370822 54 1
1700823353.372407 7354 -1
1700823353.372407 7354 -1
1700823353.372519 54 1
1700823353.372818 7354 -1
1700823353.372875 54 1
1700823353.374119 7354 -1
1700823353.374119 4434 -1
1700823353.374193 54 1
1700823353.374579 4434 -1
1700823353.374579 7354 -1
1700823353.374657 54 1
1700823353.375373 4434 -1
1700823353.375427 54 1
1700823353.375534 10274 -1
1700823353.375598 54 1
1700823353.376912 5894 -1
1700823353.376912 7354 -1
1700823353.376984 54 1
1700823353.377501 7354 -1
1700823353.377559 54 1
1700823353.378102 1514 -1
1700823353.378142 54 1
1700823353.379249 7354 -1
1700823353.379249 7354 -1
1700823353.379337 54 1
1700823353.379572 5894 -1
1700823353.379612 54 1
1700823353.379955 4434 -1
1700823353.379983 54 1
1700823353.380484 7354 -1
1700823353.380529 54 1
1700823353.380885 7354 -1
1700823353.380928 54 1
1700823353.381476 2974 -1
1700823353.381502 54 1
1700823353.381747 7354 -1
1700823353.381794 54 1
1700823353.396398 7354 -1
1700823353.396398 7354 -1
1700823353.396398 10274 -1
1700823353.396398 2974 -1
1700823353.396398 7354 -1
1700823353.396398 7354 -1
1700823353.396398 7354 -1
1700823353.396398 355 -1
1700823353.396588 54 1
1700823354.857086 223 1
1700823354.858076 60 -1
1700823354.859388 221 1
1700823354.860478 60 -1
1700823354.861151 222 1
1700823354.861232 229 1
1700823354.861442 222 1
1700823354.862069 60 -1
1700823354.862101 60 -1
1700823354.862410 60 -1
1700823354.862513 1001 -1
1700823354.862513 779 -1
1700823354.862553 54 1
1700823354.864192 4760 -1
1700823354.864250 54 1
1700823354.864529 222 1
1700823354.864541 930 -1
1700823354.864541 7354 -1
1700823354.864616 54 1
1700823354.865108 3181 -1
1700823354.865136 54 1
1700823354.870351 982 -1
1700823354.870351 7354 -1
1700823354.870351 2364 -1
1700823354.870351 929 -1
1700823354.870351 2583 -1
1700823354.870351 978 -1
1700823354.870351 7777 -1
1700823354.870471 54 1
1700823354.878012 959 -1
1700823354.878012 844 -1
1700823354.878012 7354 -1
1700823354.878012 934 -1
1700823354.878147 54 1
1700823356.559902 222 1
1700823356.560015 231 1
1700823356.560325 221 1
1700823356.561036 60 -1
1700823356.562589 223 1
1700823356.562681 224 1
1700823356.562756 223 1
1700823356.562775 929 -1
1700823356.562775 9693 -1
1700823356.562979 54 1
1700823356.564592 60 -1
1700823356.573541 1035 -1
1700823356.573541 735 -1
1700823356.573541 827 -1
1700823356.573541 9766 -1
1700823356.573541 4434 -1
1700823356.573541 6620 -1
1700823356.573541 972 -1
1700823356.573541 1802 -1
1700823356.573541 6527 -1
1700823356.573541 6097 -1
1700823356.573541 5891 -1
1700823356.573738 54 1
1700823359.068035 224 1
1700823359.068153 222 1
1700823359.068894 222 1
1700823359.068964 224 1
1700823359.072334 60 -1
1700823359.110835 857 -1
1700823359.110835 7354 -1
1700823359.110835 2707 -1
1700823359.110835 981 -1
1700823359.110835 7354 -1
1700823359.110835 4909 -1
1700823359.110835 7354 -1
1700823359.110835 7354 -1
1700823359.110835 939 -1
1700823359.110835 747 -1
1700823359.110835 1028 -1
1700823359.110835 7354 -1
1700823359.110835 1907 -1
1700823359.110835 447 -1
1700823359.111102 66 1
1700823359.111164 54 1
1700823359.111191 66 1
1700823359.146034 89 1
1700823359.195890 60 -1
1700823362.457052 54 1
1700823362.458258 78 -1
1700823362.458258 60 -1
1700823362.458454 54 1
1700823364.637978 66 1
1700823364.638978 66 -1
1700823364.639109 54 1
1700823364.639687 934 1
1700823364.645156 60 -1
1700823364.645714 318 -1
1700823364.647274 134 1
1700823364.648359 146 1
1700823364.648468 60 -1
1700823364.648683 341 -1
1700823364.648723 579 1
1700823364.648817 223 1
1700823364.648936 224 1
1700823364.649014 229 1
1700823364.649264 60 -1
1700823364.649646 60 -1
1700823364.649679 60 -1
1700823364.649904 60 -1
1700823364.649904 60 -1
1700823364.651537 115 -1
1700823364.651537 85 -1
1700823364.651581 54 1
1700823364.652515 85 1
1700823364.653726 60 -1
1700823364.653843 1051 -1
1700823364.654054 732 -1
1700823364.654097 54 1
1700823364.654709 4434 -1
1700823364.654709 1398 -1
1700823364.654796 54 1
1700823364.655892 1028 -1
1700823364.655892 765 -1
1700823364.655892 1053 -1
1700823364.655892 730 -1
1700823364.655945 54 1
1700823364.656053 4117 -1
1700823364.656093 54 1
1700823364.656158 5072 -1
1700823364.656200 54 1
1700823364.657899 979 -1
1700823364.657934 54 1
1700823364.657972 811 -1
1700823364.658705 6603 -1
1700823364.658746 54 1
1700823366.445447 224 1
1700823366.445746 234 1
1700823366.445901 231 1
1700823366.446097 231 1
1700823366.447661 60 -1
1700823366.451047 981 -1
1700823366.451047 814 -1
1700823366.451047 951 -1
1700823366.451047 853 -1
1700823366.451106 54 1
1700823366.451151 4195 -1
1700823366.451181 54 1
1700823366.451495 4434 -1
1700823366.451544 54 1
1700823366.451804 6688 -1
1700823366.451834 54 1
1700823366.452634 1103 -1
1700823366.452634 657 -1
1700823366.452634 978 -1
1700823366.452634 814 -1
1700823366.452634 1514 -1
1700823366.452682 54 1
1700823366.452768 1810 -1
1700823366.452790 54 1
1700823366.452886 5965 -1
1700823366.452935 54 1
1700823368.019718 232 1
1700823368.019823 223 1
1700823368.022501 60 -1
1700823368.025471 231 1
1700823368.025539 224 1
1700823368.025602 232 1
1700823368.027454 1030 -1
1700823368.027454 765 -1
1700823368.027454 4527 -1
1700823368.027454 60 -1
1700823368.027677 54 1
1700823368.034769 1105 -1
1700823368.034769 664 -1
1700823368.034769 7354 -1
1700823368.034769 6334 -1
1700823368.034769 1052 -1
1700823368.034769 728 -1
1700823368.034769 1006 -1
1700823368.034769 16460 -1
1700823368.034769 85 -1
1700823368.034769 2539 -1
1700823368.034769 6577 -1
1700823368.035093 54 1
1700823368.036502 1053 -1
1700823368.036502 729 -1
1700823368.036502 11373 -1
1700823368.036596 54 1
1700823370.493347 225 1
1700823370.504027 223 1
1700823370.504124 222 1
1700823370.504189 221 1
1700823370.506548 60 -1
1700823370.527408 1020 -1
1700823370.527408 773 -1
1700823370.527408 1051 -1
1700823370.527408 735 -1
1700823370.527408 4633 -1
1700823370.527408 4434 -1
1700823370.527408 2061 -1
1700823370.527408 977 -1
1700823370.527408 813 -1
1700823370.527408 4434 -1
1700823370.527408 3064 -1
1700823370.527408 1050 -1
1700823370.527408 732 -1
1700823370.527408 6587 -1
1700823370.527408 747 -1
1700823370.527648 66 1
1700823370.558179 89 1
1700823370.602113 60 -1
1700823372.488090 54 1
1700823372.496362 78 -1
1700823372.496362 60 -1
1700823372.496464 54 1
1700823376.153704 66 1
1700823376.154721 66 -1
1700823376.154834 54 1
1700823376.155541 934 1
1700823376.156837 60 -1
1700823376.157007 318 -1
1700823376.157594 134 1
1700823376.157893 146 1
1700823376.158451 579 1
1700823376.158542 222 1
1700823376.158618 221 1
1700823376.158619 341 -1
1700823376.158679 60 -1
1700823376.158698 54 1
1700823376.158713 232 1
1700823376.158798 232 1
1700823376.158906 60 -1
1700823376.158906 115 -1
1700823376.158906 85 -1
1700823376.158951 54 1
1700823376.159107 85 1
1700823376.159380 60 -1
1700823376.159422 60 -1
1700823376.159457 60 -1
1700823376.159533 60 -1
1700823376.159739 60 -1
1700823376.159959 60 -1
1700823376.163608 1000 -1
1700823376.163692 785 -1
1700823376.163692 3241 -1
1700823376.163738 54 1
1700823376.164489 980 -1
1700823376.164489 814 -1
1700823376.164520 54 1
1700823376.164626 7354 -1
1700823376.164667 54 1
1700823376.165318 5599 -1
1700823376.165357 54 1
1700823376.165580 977 -1
1700823376.166024 817 -1
1700823376.166024 4932 -1
1700823376.166062 54 1
1700823376.166480 732 -1
1700823376.166480 1050 -1
1700823376.166480 1514 -1
1700823376.166480 4650 -1
1700823376.166537 66 1
1700823376.166606 54 1
1700823376.166645 54 1
1700823376.166783 1053 -1
1700823376.166806 54 1
1700823376.167212 728 -1
1700823376.167212 1514 -1
1700823376.167212 7354 -1
1700823376.167264 54 1
1700823376.167897 7354 -1
1700823376.167952 54 1
1700823376.168995 221 1
1700823376.169063 225 1
1700823376.171402 284 -1
1700823376.173225 60 -1
1700823376.179465 1051 -1
1700823376.179465 732 -1
1700823376.179465 1051 -1
1700823376.179465 4959 -1
1700823376.179465 11540 -1
1700823376.179623 54 1
1700823376.187041 1320 -1
1700823376.187133 66 1
1700823377.809369 224 1
1700823377.811093 231 1
1700823377.811650 232 1
1700823377.812747 232 1
1700823377.813403 224 1
1700823377.813957 225 1
1700823377.819952 60 -1
1700823377.819952 60 -1
1700823377.819952 1051 -1
1700823377.819952 715 -1
1700823377.819952 1054 -1
1700823377.819952 731 -1
1700823377.819952 1514 -1
1700823377.819952 7354 -1
1700823377.820304 54 1
1700823377.820388 337 -1
1700823377.820388 3762 -1
1700823377.820419 54 1
1700823377.821799 1051 -1
1700823377.821799 733 -1
1700823377.821799 4434 -1
1700823377.821799 3336 -1
1700823377.821799 1048 -1
1700823377.821799 732 -1
1700823377.821872 54 1
1700823377.821920 1514 -1
1700823377.821920 4020 -1
1700823377.821953 54 1
1700823377.824035 1057 -1
1700823377.824035 729 -1
1700823377.824035 2974 -1
1700823377.824035 7354 -1
1700823377.824035 6240 -1
1700823377.824146 54 1
1700823377.824880 85 -1
1700823377.824880 3426 -1
1700823377.824880 982 -1
1700823377.824880 811 -1
1700823377.824880 7354 -1
1700823377.824950 54 1
1700823377.825163 4364 -1
1700823377.825198 54 1
1700823377.843291 1444 -1
1700823377.843339 66 1
1700823379.521478 223 1
1700823379.523472 223 1
1700823379.526458 232 1
1700823379.529471 223 1
1700823379.529529 1051 -1
1700823379.529529 730 -1
1700823379.529529 4369 -1
1700823379.529631 54 1
1700823379.531131 223 1
1700823379.531194 221 1
1700823379.531566 60 -1
1700823379.532363 60 -1
1700823379.534279 981 -1
1700823379.534739 978 -1
1700823379.534739 812 -1
1700823379.534739 811 -1
1700823379.534739 10363 -1
1700823379.534805 54 1
1700823379.535751 2478 -1
1700823379.535788 54 1
1700823379.536051 1052 -1
1700823379.536051 732 -1
1700823379.536080 54 1
1700823379.536112 3875 -1
1700823379.536129 54 1
1700823379.536863 980 -1
1700823379.536863 812 -1
1700823379.536902 54 1
1700823379.536940 4394 -1
1700823379.536966 54 1
1700823379.544439 1052 -1
1700823379.544439 730 -1
1700823379.544526 54 1
1700823379.544912 4803 -1
1700823379.544938 54 1
1700823381.219684 222 1
1700823381.219828 223 1
1700823381.220655 230 1
1700823381.220743 224 1
1700823381.221331 60 -1
1700823381.222916 60 -1
1700823381.225819 1054 -1
1700823381.226360 732 -1
1700823381.226389 54 1
1700823381.227009 1053 -1
1700823381.227009 728 -1
1700823381.227009 6578 -1
1700823381.227050 54 1
1700823381.233131 89 1
1700823381.236943 7255 -1
1700823381.236943 1415 -1
1700823381.236943 1051 -1
1700823381.236943 730 -1
1700823381.236943 2852 -1
1700823381.237052 66 1
1700823381.237128 54 1
1700823381.242564 982 -1
1700823381.242564 809 -1
1700823381.242564 4124 -1
1700823381.242660 54 1
1700823381.279255 60 -1
1700823382.522162 54 1
1700823382.525464 78 -1
1700823382.525464 60 -1
1700823382.525505 54 1
1700823383.850837 66 1
1700823383.851706 66 -1
1700823383.851804 54 1
1700823383.853541 902 1
1700823383.854633 60 -1
1700823383.855314 318 -1
1700823383.856125 134 1
1700823383.856752 146 1
1700823383.856952 60 -1
1700823383.857106 341 -1
1700823383.858073 60 -1
1700823383.858073 115 -1
1700823383.858073 85 -1
1700823383.858114 54 1
1700823383.858223 578 1
1700823383.858331 231 1
1700823383.858460 222 1
1700823383.858666 222 1
1700823383.858743 222 1
1700823383.859064 85 1
1700823383.860775 60 -1
1700823383.860775 60 -1
1700823383.860775 60 -1
1700823383.860775 60 -1
1700823383.861578 60 -1
1700823383.861578 60 -1
1700823383.863902 1051 -1
1700823383.863902 733 -1
1700823383.863956 54 1
1700823383.866644 2273 -1
1700823383.866644 1048 -1
1700823383.866644 732 -1
1700823383.866644 1052 -1
1700823383.866644 732 -1
1700823383.866644 3439 -1
1700823383.866644 976 -1
1700823383.866644 2974 -1
1700823383.866644 2974 -1
1700823383.866644 2241 -1
1700823383.866784 54 1
1700823383.867955 816 -1
1700823383.867955 3594 -1
1700823383.867955 1740 -1
1700823383.867955 7354 -1
1700823383.868036 54 1
1700823383.870238 442 -1
1700823383.870291 54 1
1700823389.950477 224 1
1700823389.951332 222 1
1700823389.951440 225 1
1700823389.953965 60 -1
1700823389.954046 223 1
1700823389.954144 237 1
1700823389.956127 60 -1
1700823389.960057 978 -1
1700823389.960057 813 -1
1700823389.960057 1051 -1
1700823389.960057 733 -1
1700823389.960138 54 1
1700823389.963755 7354 -1
1700823389.963755 147 -1
1700823389.963755 4019 -1
1700823389.963755 1739 -1
1700823389.963755 980 -1
1700823389.963755 808 -1
1700823389.963755 2247 -1
1700823389.963755 4139 -1
1700823389.963889 54 1
1700823389.965720 1022 -1
1700823389.965720 786 -1
1700823389.965720 4085 -1
1700823389.965767 54 1
1700823389.969378 89 1
1700823390.016897 60 -1
1700823391.616272 222 1
1700823391.617353 222 1
1700823391.619105 222 1
1700823391.619227 231 1
1700823391.621817 60 -1
1700823391.621817 60 -1
1700823391.624449 60 -1
1700823391.628714 60 -1
1700823391.628714 1052 -1
1700823391.628714 729 -1
1700823391.628859 54 1
1700823391.635736 4190 -1
1700823391.635736 1042 -1
1700823391.635736 781 -1
1700823391.635736 5670 -1
1700823391.635736 1071 -1
1700823391.635736 704 -1
1700823391.635736 4478 -1
1700823391.635736 1077 -1
1700823391.635736 701 -1
1700823391.635736 6260 -1
1700823391.636002 54 1
1700823392.531306 54 1
1700823392.532298 78 -1
1700823392.532298 60 -1
1700823392.532333 54 1
1700823393.296555 66 1
1700823393.308013 66 -1
1700823393.308140 54 1
1700823393.309554 870 1
1700823393.312111 60 -1
1700823393.322204 318 -1
1700823393.323089 134 1
1700823393.323439 146 1
1700823393.324113 60 -1
1700823393.324204 341 -1
1700823393.324467 60 -1
1700823393.324660 115 -1
1700823393.324660 85 -1
1700823393.324688 54 1
1700823393.325011 578 1
1700823393.325131 224 1
1700823393.325388 225 1
1700823393.325479 224 1
1700823393.325680 229 1
1700823393.325748 223 1
1700823393.326414 224 1
1700823393.326709 85 1
1700823393.333136 60 -1
1700823393.333136 60 -1
1700823393.333136 60 -1
1700823393.333136 60 -1
1700823393.333136 60 -1
1700823393.333136 60 -1
1700823393.333136 60 -1
1700823393.333136 60 -1
1700823393.339504 979 -1
1700823393.339504 815 -1
1700823393.339603 54 1
1700823393.339668 6865 -1
1700823393.339712 54 1
1700823393.340936 1051 -1
1700823393.340936 733 -1
1700823393.340936 967 -1
1700823393.340936 861 -1
1700823393.340976 54 1
1700823393.341026 1065 -1
1700823393.341026 746 -1
1700823393.341055 54 1
1700823393.341087 4956 -1
1700823393.341103 54 1
1700823393.341747 6262 -1
1700823393.341772 54 1
1700823393.341842 1051 -1
1700823393.341924 729 -1
1700823393.341943 54 1
1700823393.341976 1073 -1
1700823393.342079 6501 -1
1700823393.342096 54 1
1700823393.342618 1054 -1
1700823393.342697 5834 -1
1700823393.342728 54 1
1700823393.343206 6450 -1
1700823393.343230 54 1
1700823393.343897 1514 -1
1700823393.343897 2831 -1
1700823393.343922 54 1
1700823393.857305 54 1
