1700825505.812332 66 1
1700825505.812791 66 1
1700825505.814663 66 -1
1700825505.814760 54 1
1700825505.815931 66 1
1700825505.816437 66 1
1700825505.816879 66 1
1700825505.817305 66 1
1700825505.818063 66 1
1700825505.819760 638 1
1700825505.826629 66 -1
1700825505.826629 66 -1
1700825505.826629 66 -1
1700825505.826874 54 1
1700825505.826934 54 1
1700825505.826954 54 1
1700825505.827465 638 1
1700825505.828665 574 1
1700825505.829174 572 1
1700825505.830736 66 -1
1700825505.830844 54 1
1700825505.835257 66 -1
1700825505.835257 66 -1
1700825505.835413 54 1
1700825505.835464 54 1
1700825505.837929 638 1
1700825505.838616 638 1
1700825505.838702 60 -1
1700825505.838702 60 -1
1700825505.838702 60 -1
1700825505.838702 2779 -1
1700825505.838702 2778 -1
1700825505.838702 2778 -1
1700825505.838848 54 1
1700825505.838881 54 1
1700825505.838893 54 1
1700825505.839709 60 -1
1700825505.840487 60 -1
1700825505.840487 2780 -1
1700825505.840535 54 1
1700825505.845160 2779 -1
1700825505.845277 54 1
1700825505.846734 60 -1
1700825505.846734 2779 -1
1700825505.846819 54 1
1700825505.846898 670 1
1700825505.857786 60 -1
1700825505.859064 2780 -1
1700825505.859126 54 1
1700825505.924582 134 1
1700825505.927817 134 1
1700825505.928814 134 1
1700825505.929465 134 1
1700825505.930183 134 1
1700825505.930844 134 1
1700825505.931516 60 -1
1700825505.931550 134 1
1700825505.932571 60 -1
1700825505.932571 341 -1
1700825505.932571 357 -1
1700825505.932621 54 1
1700825505.933404 357 -1
1700825505.933404 341 -1
1700825505.933442 54 1
1700825505.939250 54 1
1700825505.939558 54 1
1700825505.939873 60 -1
1700825505.939873 357 -1
1700825505.939873 341 -1
1700825505.939928 54 1
1700825505.940572 60 -1
1700825505.940572 60 -1
1700825505.940572 341 -1
1700825505.940572 341 -1
1700825505.940572 341 -1
1700825505.940572 341 -1
1700825505.940572 60 -1
1700825505.940572 341 -1
1700825505.940572 357 -1
1700825505.940662 54 1
1700825505.940732 93 -1
1700825505.940732 78 -1
1700825505.940732 60 -1
1700825505.940760 54 1
1700825505.940780 54 1
1700825505.940793 54 1
1700825505.942303 54 1
1700825505.942876 54 1
1700825505.943527 60 -1
1700825505.943527 93 -1
1700825505.943527 78 -1
1700825505.944152 93 -1
1700825505.944152 78 -1
1700825505.944152 60 -1
1700825505.944200 54 1
1700825505.944327 54 1
1700825505.944676 60 -1
1700825505.944676 341 -1
1700825505.944676 357 -1
1700825505.944676 93 -1
1700825505.944676 78 -1
1700825505.944676 60 -1
1700825505.944727 54 1
1700825505.944804 54 1
1700825505.946803 146 1
1700825505.947210 146 1
1700825505.947860 60 -1
1700825505.947896 93 -1
1700825505.947896 78 -1
1700825505.947896 60 -1
1700825505.948607 115 -1
1700825505.948607 85 -1
1700825505.948607 60 -1
1700825505.948662 54 1
1700825505.949986 115 -1
1700825505.949986 85 -1
1700825505.950024 54 1
1700825505.950576 85 1
1700825505.950694 587 1
1700825505.959048 60 -1
1700825505.959855 480 1
1700825505.959888 60 -1
1700825505.959953 170 1
1700825505.960045 172 1
1700825505.960130 177 1
1700825505.960210 170 1
1700825505.960319 168 1
1700825505.960404 168 1
1700825505.960530 168 1
1700825505.960705 168 1
1700825505.960799 60 -1
1700825505.960875 176 1
1700825505.960921 60 -1
1700825505.960963 60 -1
1700825505.961029 180 1
1700825505.961079 60 -1
1700825505.961181 182 1
1700825505.961377 171 1
1700825505.961453 60 -1
1700825505.961453 60 -1
1700825505.961453 60 -1
1700825505.961572 171 1
1700825505.961690 166 1
1700825505.961787 171 1
1700825505.961845 172 1
1700825505.961911 172 1
1700825505.962005 195 1
1700825505.962088 60 -1
1700825505.962186 195 1
1700825505.962297 175 1
1700825505.962424 195 1
1700825505.962542 174 1
1700825505.962592 60 -1
1700825505.962711 175 1
1700825505.962827 171 1
1700825505.962928 60 -1
1700825505.962995 175 1
1700825505.963110 169 1
1700825505.963246 195 1
1700825505.963372 169 1
1700825505.963496 175 1
1700825505.963628 175 1
1700825505.963735 60 -1
1700825505.963782 175 1
1700825505.963830 1050 -1
1700825505.963830 736 -1
1700825505.963882 54 1
1700825505.964006 1514 -1
1700825505.964006 3569 -1
1700825505.964042 54 1
1700825505.964171 175 1
1700825505.964312 175 1
1700825505.964439 175 1
1700825505.964541 174 1
1700825505.964666 175 1
1700825505.964712 1045 -1
1700825505.964746 54 1
1700825505.964786 1044 -1
1700825505.964807 54 1
1700825505.964878 5760 -1
1700825505.964920 54 1
1700825505.965029 175 1
1700825505.965157 175 1
1700825505.965247 1045 -1
1700825505.965326 175 1
1700825505.965391 7354 -1
1700825505.965417 54 1
1700825505.965522 175 1
1700825505.965607 175 1
1700825505.965722 175 1
1700825505.965854 174 1
1700825505.965955 4434 -1
1700825505.965989 54 1
1700825505.966106 175 1
1700825505.966254 175 1
1700825505.966318 4780 -1
1700825505.966398 54 1
1700825505.966527 175 1
1700825505.966611 175 1
1700825505.966701 174 1
1700825505.966788 175 1
1700825505.966904 175 1
1700825505.966998 175 1
1700825505.967122 174 1
1700825505.967243 175 1
1700825505.967339 175 1
1700825505.967426 175 1
1700825505.967522 175 1
1700825505.967629 175 1
1700825505.967730 175 1
1700825505.967855 175 1
1700825505.967951 174 1
1700825505.968043 175 1
1700825505.968133 175 1
1700825505.968221 175 1
1700825505.968355 175 1
1700825505.968467 175 1
1700825505.968579 175 1
1700825505.968697 165 1
1700825505.968818 174 1
1700825505.968915 165 1
1700825505.969039 165 1
1700825505.969131 165 1
1700825505.969239 165 1
1700825505.969334 165 1
1700825505.969434 165 1
1700825505.969530 164 1
1700825505.969620 165 1
1700825505.969736 174 1
1700825505.984277 7354 -1
1700825505.984277 7354 -1
1700825505.984277 4434 -1
1700825505.984277 7354 -1
1700825505.984277 7354 -1
1700825505.984277 4434 -1
1700825505.984277 60 -1
1700825505.984277 2974 -1
1700825505.984277 7354 -1
1700825505.984277 7354 -1
1700825505.984277 1514 -1
1700825505.984277 4434 -1
1700825505.984277 7354 -1
1700825505.984277 7354 -1
1700825505.984277 1514 -1
1700825505.984277 60 -1
1700825505.984277 60 -1
1700825505.984277 5894 -1
1700825505.984277 7354 -1
1700825505.984277 7354 -1
1700825505.984277 7354 -1
1700825505.984277 4434 -1
1700825505.985036 54 1
1700825505.987866 85 1
1700825505.987973 183 1
1700825505.988043 218 1
1700825505.988120 54 1
1700825506.005125 11734 -1
1700825506.005125 60 -1
1700825506.005125 60 -1
1700825506.005125 60 -1
1700825506.005125 60 -1
1700825506.005125 60 -1
1700825506.005125 7354 -1
1700825506.005125 7354 -1
1700825506.005125 14654 -1
1700825506.005125 7354 -1
1700825506.005125 7354 -1
1700825506.005125 7354 -1
1700825506.005125 7354 -1
1700825506.005125 60 -1
1700825506.005125 5894 -1
1700825506.005125 5894 -1
1700825506.005125 7354 -1
1700825506.005125 2974 -1
1700825506.005125 7354 -1
1700825506.005125 5894 -1
1700825506.005680 54 1
1700825506.015340 54 1
1700825506.037361 4434 -1
1700825506.037361 11734 -1
1700825506.037488 54 1
1700825506.037571 5894 -1
1700825506.037606 54 1
1700825506.037725 13194 -1
1700825506.037799 54 1
1700825506.038823 7354 -1
1700825506.038862 54 1
1700825506.039569 7354 -1
1700825506.039616 54 1
1700825506.039997 7354 -1
1700825506.040052 54 1
1700825506.040661 7354 -1
1700825506.040703 54 1
1700825506.041467 7354 -1
1700825506.041523 54 1
1700825506.041869 7354 -1
1700825506.041916 54 1
1700825506.042981 54 1
1700825506.043047 7354 -1
1700825506.043098 54 1
1700825506.043438 7354 -1
1700825506.043477 54 1
1700825506.044514 5894 -1
1700825506.044514 7354 -1
1700825506.044582 54 1
1700825506.044787 7354 -1
1700825506.044826 54 1
1700825506.045507 7354 -1
1700825506.045567 54 1
1700825506.046032 7354 -1
1700825506.046095 54 1
1700825506.046642 2974 -1
1700825506.046673 54 1
1700825506.046851 4434 -1
1700825506.046888 54 1
1700825506.047279 7354 -1
1700825506.047320 54 1
1700825506.047837 7354 -1
1700825506.047885 54 1
1700825506.047908 54 1
1700825506.048535 5894 -1
1700825506.048581 54 1
1700825506.048895 7354 -1
1700825506.048933 54 1
1700825506.049490 1514 -1
1700825506.049631 5894 -1
1700825506.049663 54 1
1700825506.050118 7354 -1
1700825506.050157 54 1
1700825506.050742 7354 -1
1700825506.050772 54 1
1700825506.051400 7354 -1
1700825506.051431 54 1
1700825506.051920 7354 -1
1700825506.051961 54 1
1700825506.052536 2974 -1
1700825506.052557 54 1
1700825506.052779 2974 -1
1700825506.052804 54 1
1700825506.053006 2974 -1
1700825506.053035 54 1
1700825506.053261 2974 -1
1700825506.053288 54 1
1700825506.053627 2974 -1
1700825506.053651 54 1
1700825506.053895 2974 -1
1700825506.053933 54 1
1700825506.054515 2974 -1
1700825506.054515 2974 -1
1700825506.054515 2974 -1
1700825506.054554 54 1
1700825506.054759 1514 -1
1700825506.054784 54 1
1700825506.054902 2974 -1
1700825506.054923 54 1
1700825506.055109 1514 -1
1700825506.055255 1514 -1
1700825506.055280 54 1
1700825506.055322 54 1
1700825506.055485 2974 -1
1700825506.055518 54 1
1700825506.055568 54 1
1700825506.055706 2974 -1
1700825506.055730 54 1
1700825506.055828 2974 -1
1700825506.055844 54 1
1700825506.056087 7354 -1
1700825506.056129 54 1
1700825506.056695 4434 -1
1700825506.056733 54 1
1700825506.057076 7354 -1
1700825506.057122 54 1
1700825506.057685 4434 -1
1700825506.057745 54 1
1700825506.058070 4434 -1
1700825506.058101 54 1
1700825506.058893 7354 -1
1700825506.058958 54 1
1700825506.059017 2974 -1
1700825506.059049 54 1
1700825506.059265 7354 -1
1700825506.059313 54 1
1700825506.059994 4434 -1
1700825506.060038 54 1
1700825506.060425 1514 -1
1700825506.060425 7354 -1
1700825506.060480 54 1
1700825506.060790 234 1
1700825506.061009 7354 -1
1700825506.061055 54 1
1700825506.061557 7354 -1
1700825506.061610 54 1
1700825506.066368 7354 -1
1700825506.066368 1514 -1
1700825506.066368 1514 -1
1700825506.066368 7354 -1
1700825506.066368 890 -1
1700825506.066368 11734 -1
1700825506.066368 7354 -1
1700825506.066368 4780 -1
1700825506.066574 54 1
1700825506.066600 54 1
1700825506.073935 7354 -1
1700825506.073935 7354 -1
1700825506.073935 8814 -1
1700825506.073935 2439 -1
1700825506.073935 1514 -1
1700825506.073935 7354 -1
1700825506.073935 4434 -1
1700825506.073935 2974 -1
1700825506.073935 8814 -1
1700825506.073935 7354 -1
1700825506.073935 1514 -1
1700825506.073935 4434 -1
1700825506.073935 7354 -1
1700825506.074416 54 1
1700825506.074459 54 1
1700825506.077320 54 1
1700825506.084885 7354 -1
1700825506.084885 4434 -1
1700825506.084885 7354 -1
1700825506.084885 7354 -1
1700825506.084885 4434 -1
1700825506.084885 7354 -1
1700825506.084885 4434 -1
1700825506.084885 7354 -1
1700825506.084885 4434 -1
1700825506.084885 7354 -1
1700825506.084885 4434 -1
1700825506.084885 7354 -1
1700825506.084885 4434 -1
1700825506.084885 5894 -1
1700825506.084885 4434 -1
1700825506.084885 1514 -1
1700825506.084885 5834 -1
1700825506.089445 54 1
1700825506.089643 4434 -1
1700825506.089643 7354 -1
1700825506.089643 2974 -1
1700825506.089643 1514 -1
1700825506.089643 7354 -1
1700825506.089643 1514 -1
1700825506.089643 7354 -1
1700825506.089643 2974 -1
1700825506.089643 1514 -1
1700825506.089643 7354 -1
1700825506.089643 2974 -1
1700825506.089643 5954 -1
1700825506.089643 7354 -1
1700825506.089999 54 1
1700825506.091355 4434 -1
1700825506.091355 7354 -1
1700825506.091355 4434 -1
1700825506.091355 7354 -1
1700825506.091355 4434 -1
1700825506.091588 54 1
1700825506.108774 54 1
1700825506.108648 7354 -1
1700825506.108648 4434 -1
1700825506.108648 7354 -1
1700825506.108648 4434 -1
1700825506.108648 5894 -1
1700825506.108648 7354 -1
1700825506.108648 4434 -1
1700825506.108648 1514 -1
1700825506.108648 7354 -1
1700825506.108648 2974 -1
1700825506.108648 4434 -1
1700825506.108648 7354 -1
1700825506.108648 7354 -1
1700825506.108648 4434 -1
1700825506.108648 1514 -1
1700825506.108648 2802 -1
1700825506.124560 54 1
1700825506.124822 7354 -1
1700825506.124822 6066 -1
1700825506.124822 7354 -1
1700825506.124822 7354 -1
1700825506.124822 1514 -1
1700825506.124822 7354 -1
1700825506.124822 8814 -1
1700825506.124822 7354 -1
1700825506.124822 7354 -1
1700825506.124822 1514 -1
1700825506.124822 14654 -1
1700825506.124822 1514 -1
1700825506.124822 7354 -1
1700825506.124822 7354 -1
1700825506.124822 1514 -1
1700825506.124822 16114 -1
1700825506.124822 16114 -1
1700825506.124822 7354 -1
1700825506.124822 4434 -1
1700825506.124822 4434 -1
1700825506.125653 54 1
1700825506.125920 7354 -1
1700825506.126000 54 1
1700825506.127292 1514 -1
1700825506.127292 7354 -1
1700825506.127292 1514 -1
1700825506.127292 4434 -1
1700825506.127411 54 1
1700825506.128128 54 1
1700825506.130787 4434 -1
1700825506.130787 7354 -1
1700825506.130787 1514 -1
1700825506.130787 7354 -1
1700825506.130787 1514 -1
1700825506.130787 7354 -1
1700825506.131070 54 1
1700825506.131162 1514 -1
1700825506.131162 7354 -1
1700825506.131258 54 1
1700825506.132448 4434 -1
1700825506.132510 54 1
1700825506.140953 7354 -1
1700825506.140953 4434 -1
1700825506.140953 7354 -1
1700825506.140953 4434 -1
1700825506.140953 1514 -1
1700825506.140953 4434 -1
1700825506.140953 5894 -1
1700825506.140953 7354 -1
1700825506.140953 4434 -1
1700825506.140953 7354 -1
1700825506.140953 4434 -1
1700825506.140953 5894 -1
1700825506.140953 11734 -1
1700825506.140953 2974 -1
1700825506.140953 8814 -1
1700825506.141655 54 1
1700825506.141752 7354 -1
1700825506.141822 54 1
1700825506.142119 4434 -1
1700825506.142181 54 1
1700825506.142387 7354 -1
1700825506.142451 54 1
1700825506.143005 4434 -1
1700825506.143048 54 1
1700825506.143325 7354 -1
1700825506.143372 54 1
1700825506.143933 4434 -1
1700825506.143969 54 1
1700825506.144567 1514 -1
1700825506.144567 1514 -1
1700825506.144567 1514 -1
1700825506.144607 54 1
1700825506.144644 1514 -1
1700825506.144663 54 1
1700825506.144772 7354 -1
1700825506.144813 54 1
1700825506.145382 4434 -1
1700825506.145423 54 1
1700825506.148916 54 1
1700825506.151599 7354 -1
1700825506.151599 4434 -1
1700825506.151599 7354 -1
1700825506.151599 4434 -1
1700825506.151599 7354 -1
1700825506.151599 4434 -1
1700825506.151599 4434 -1
1700825506.151599 7354 -1
1700825506.151599 5894 -1
1700825506.151599 1514 -1
1700825506.151599 7354 -1
1700825506.151599 2974 -1
1700825506.151599 7354 -1
1700825506.151927 54 1
1700825506.151990 2974 -1
1700825506.152020 54 1
1700825506.154846 54 1
1700825506.155047 54 1
1700825506.155698 1514 -1
1700825506.155698 7354 -1
1700825506.155698 7354 -1
1700825506.155698 1514 -1
1700825506.155698 7354 -1
1700825506.155698 2974 -1
1700825506.155698 5894 -1
1700825506.155698 7354 -1
1700825506.155698 1514 -1
1700825506.155698 7354 -1
1700825506.155989 54 1
1700825506.156072 1514 -1
1700825506.156092 54 1
1700825506.156199 54 1
1700825506.156213 7354 -1
1700825506.156269 54 1
1700825506.156548 54 1
1700825506.156758 1514 -1
1700825506.156786 54 1
1700825506.156873 7354 -1
1700825506.156902 54 1
1700825506.157492 1514 -1
1700825506.157520 54 1
1700825506.157594 1514 -1
1700825506.157736 7354 -1
1700825506.157780 54 1
1700825506.158587 7354 -1
1700825506.158630 54 1
1700825506.158940 1514 -1
1700825506.158975 54 1
1700825506.159073 7354 -1
1700825506.159133 54 1
1700825506.159795 1514 -1
1700825506.159795 7354 -1
1700825506.159849 54 1
1700825506.160399 4434 -1
1700825506.160435 54 1
1700825506.160781 7354 -1
1700825506.160824 54 1
1700825506.161364 4434 -1
1700825506.161404 54 1
1700825506.161734 7354 -1
1700825506.161790 54 1
1700825506.162449 4434 -1
1700825506.162486 54 1
1700825506.162696 7354 -1
1700825506.162733 54 1
1700825506.163459 4434 -1
1700825506.163514 54 1
1700825506.163653 7354 -1
1700825506.163707 54 1
1700825506.164339 4434 -1
1700825506.164391 54 1
1700825506.164661 7354 -1
1700825506.164757 54 1
1700825506.165254 4434 -1
1700825506.165344 54 1
1700825506.165620 4434 -1
1700825506.165689 54 1
1700825506.166364 1514 -1
1700825506.166364 7354 -1
1700825506.166466 54 1
1700825506.166924 54 1
1700825506.177682 4434 -1
1700825506.177682 7354 -1
1700825506.177682 4434 -1
1700825506.177682 7354 -1
1700825506.177682 4434 -1
1700825506.177682 7354 -1
1700825506.177682 1514 -1
1700825506.177682 2974 -1
1700825506.177682 11734 -1
1700825506.177682 5894 -1
1700825506.177682 16114 -1
1700825506.177682 7354 -1
1700825506.177682 7354 -1
1700825506.177682 1514 -1
1700825506.177682 4434 -1
1700825506.177682 4434 -1
1700825506.177682 7354 -1
1700825506.177682 7354 -1
1700825506.177682 4434 -1
1700825506.177682 4434 -1
1700825506.177682 2974 -1
1700825506.177682 7354 -1
1700825506.178518 54 1
1700825506.188701 1514 -1
1700825506.188701 7354 -1
1700825506.188701 4434 -1
1700825506.188701 7354 -1
1700825506.188701 4434 -1
1700825506.188701 1514 -1
1700825506.188701 7354 -1
1700825506.188701 2974 -1
1700825506.188701 7354 -1
1700825506.188701 4434 -1
1700825506.188701 5894 -1
1700825506.188701 7354 -1
1700825506.188701 4434 -1
1700825506.188701 7354 -1
1700825506.188701 4434 -1
1700825506.188701 7354 -1
1700825506.188701 4434 -1
1700825506.188701 7354 -1
1700825506.188701 4434 -1
1700825506.188701 7354 -1
1700825506.188701 4434 -1
1700825506.188701 5894 -1
1700825506.188701 7354 -1
1700825506.188701 4434 -1
1700825506.189405 54 1
1700825506.200572 7354 -1
1700825506.200572 4434 -1
1700825506.200572 7354 -1
1700825506.200572 1514 -1
1700825506.200572 2974 -1
1700825506.200572 2974 -1
1700825506.200572 7354 -1
1700825506.200572 1514 -1
1700825506.200572 4434 -1
1700825506.200572 7354 -1
1700825506.200572 5894 -1
1700825506.200572 11734 -1
1700825506.200572 7354 -1
1700825506.200572 4434 -1
1700825506.200572 7354 -1
1700825506.200572 4434 -1
1700825506.200572 7354 -1
1700825506.200888 54 1
1700825506.201006 54 1
1700825506.205502 54 1
1700825506.211672 4434 -1
1700825506.211672 2974 -1
1700825506.211672 7354 -1
1700825506.211672 1514 -1
1700825506.211672 5894 -1
1700825506.211672 7354 -1
1700825506.211672 4434 -1
1700825506.211672 7354 -1
1700825506.211672 4434 -1
1700825506.211672 7354 -1
1700825506.211672 4434 -1
1700825506.211672 7354 -1
1700825506.211672 4434 -1
1700825506.211672 8814 -1
1700825506.211672 2974 -1
1700825506.211672 5894 -1
1700825506.211672 11734 -1
1700825506.211672 7354 -1
1700825506.211672 4434 -1
1700825506.211672 5894 -1
1700825506.211672 5894 -1
1700825506.211672 11734 -1
1700825506.212396 54 1
1700825506.214570 7354 -1
1700825506.214570 4434 -1
1700825506.214570 5894 -1
1700825506.214570 7354 -1
1700825506.214570 4434 -1
1700825506.214710 54 1
1700825506.214570 7354 -1
1700825506.214819 54 1
1700825506.215766 54 1
1700825506.216089 54 1
1700825506.228036 1514 -1
1700825506.228036 2974 -1
1700825506.228036 7354 -1
1700825506.228036 4434 -1
1700825506.228036 2974 -1
1700825506.228036 7354 -1
1700825506.228036 1514 -1
1700825506.228036 7354 -1
1700825506.228036 4434 -1
1700825506.228036 2974 -1
1700825506.228036 2974 -1
1700825506.228036 7354 -1
1700825506.228036 4434 -1
1700825506.228036 7354 -1
1700825506.228036 4434 -1
1700825506.228036 7354 -1
1700825506.228036 4434 -1
1700825506.228036 7354 -1
1700825506.228036 4434 -1
1700825506.228036 7354 -1
1700825506.228036 7354 -1
1700825506.228036 2974 -1
1700825506.228036 7354 -1
1700825506.228036 7354 -1
1700825506.228036 7354 -1
1700825506.228036 7354 -1
1700825506.228036 7354 -1
1700825506.228036 7354 -1
1700825506.228036 4434 -1
1700825506.228731 54 1
1700825506.228775 54 1
1700825506.228893 7354 -1
1700825506.228969 54 1
1700825506.229001 2974 -1
1700825506.229001 5894 -1
1700825506.229084 54 1
1700825506.230803 7354 -1
1700825506.230803 7354 -1
1700825506.230803 7354 -1
1700825506.230879 54 1
1700825506.231557 7354 -1
1700825506.231595 54 1
1700825506.232096 7354 -1
1700825506.232127 54 1
1700825506.232173 54 1
1700825506.232587 7354 -1
1700825506.232632 54 1
1700825506.233188 7354 -1
1700825506.233404 54 1
1700825506.233701 7354 -1
1700825506.233734 54 1
1700825506.234641 5894 -1
1700825506.234676 54 1
1700825506.234813 7354 -1
1700825506.234873 54 1
1700825506.235432 1514 -1
1700825506.235461 54 1
1700825506.235496 54 1
1700825506.235532 7354 -1
1700825506.235566 54 1
1700825506.236114 1514 -1
1700825506.236139 54 1
1700825506.236459 4434 -1
1700825506.236498 54 1
1700825506.236595 7354 -1
1700825506.236630 54 1
1700825506.237103 54 1
1700825506.238461 2974 -1
1700825506.238461 7354 -1
1700825506.238461 1514 -1
1700825506.238461 2974 -1
1700825506.238461 7354 -1
1700825506.238568 54 1
1700825506.239066 1514 -1
1700825506.239096 54 1
1700825506.239192 2974 -1
1700825506.239216 54 1
1700825506.239578 7354 -1
1700825506.239622 54 1
1700825506.239984 1514 -1
1700825506.240014 54 1
1700825506.240061 54 1
1700825506.240104 7354 -1
1700825506.240168 54 1
1700825506.240364 54 1
1700825506.240721 4434 -1
1700825506.240754 54 1
1700825506.241174 1514 -1
1700825506.241335 10274 -1
1700825506.241398 54 1
1700825506.242131 7354 -1
1700825506.242169 54 1
1700825506.242763 5894 -1
1700825506.242791 54 1
1700825506.245500 7354 -1
1700825506.245500 5894 -1
1700825506.245500 7354 -1
1700825506.245500 5894 -1
1700825506.245500 1514 -1
1700825506.245500 2974 -1
1700825506.245665 54 1
1700825506.245719 7354 -1
1700825506.245757 54 1
1700825506.246862 2974 -1
1700825506.246862 4434 -1
1700825506.246898 54 1
1700825506.247903 7354 -1
1700825506.247903 1514 -1
1700825506.247903 7354 -1
1700825506.247990 54 1
1700825506.248253 5894 -1
1700825506.248281 54 1
1700825506.248910 2974 -1
1700825506.248935 54 1
1700825506.248967 7354 -1
1700825506.248996 54 1
1700825506.249692 2974 -1
1700825506.249720 54 1
1700825506.249840 7354 -1
1700825506.249875 54 1
1700825506.250491 4434 -1
1700825506.250543 54 1
1700825506.250809 7354 -1
1700825506.250857 54 1
1700825506.251790 7354 -1
1700825506.251835 54 1
1700825506.252000 1514 -1
1700825506.252112 4434 -1
1700825506.252151 54 1
1700825506.252714 5894 -1
1700825506.252751 54 1
1700825506.252971 5894 -1
1700825506.253023 54 1
1700825506.253988 7354 -1
1700825506.254019 54 1
1700825506.254059 1514 -1
1700825506.254082 54 1
1700825506.254169 2974 -1
1700825506.254190 54 1
1700825506.255702 1514 -1
1700825506.255702 5894 -1
1700825506.255777 54 1
1700825506.255833 5894 -1
1700825506.255833 7354 -1
1700825506.255925 66 1
1700825506.255972 54 1
1700825506.257120 1797 -1
1700825506.257163 54 1
1700825506.258115 5894 -1
1700825506.258143 66 1
1700825506.554853 229 1
1700825506.560171 1080 -1
1700825506.560171 690 -1
1700825506.560260 54 1
1700825506.560323 8393 -1
1700825506.560366 54 1
1700825507.435931 234 1
1700825507.436081 230 1
1700825507.436194 230 1
1700825507.436335 230 1
1700825507.436454 230 1
1700825507.436572 229 1
1700825507.436684 230 1
1700825507.436782 236 1
1700825507.436902 229 1
1700825507.437857 60 -1
1700825507.437977 60 -1
1700825507.441985 852 -1
1700825507.441985 6723 -1
1700825507.441985 843 -1
1700825507.441985 2974 -1
1700825507.441985 4798 -1
1700825507.441985 6044 -1
1700825507.442146 54 1
1700825507.442464 928 -1
1700825507.442464 9032 -1
1700825507.442520 54 1
1700825507.443758 1052 -1
1700825507.443758 731 -1
1700825507.443758 1053 -1
1700825507.443758 733 -1
1700825507.443758 4753 -1
1700825507.443845 54 1
1700825507.443914 7354 -1
1700825507.443970 54 1
1700825507.444746 590 -1
1700825507.444746 4482 -1
1700825507.444783 54 1
1700825507.446354 4118 -1
1700825507.446354 948 -1
1700825507.446354 854 -1
1700825507.446354 2419 -1
1700825507.446412 54 1
1700825512.192564 54 1
1700825512.192706 54 1
1700825512.198922 78 -1
1700825512.198922 78 -1
1700825512.198922 60 -1
1700825512.198922 60 -1
1700825512.198980 54 1
1700825512.199058 54 1
1700825512.720591 66 1
1700825512.726140 66 -1
1700825512.726481 54 1
1700825512.740678 957 1
1700825512.742590 60 -1
1700825512.742590 318 -1
1700825512.743241 134 1
1700825512.744871 60 -1
1700825512.744871 357 -1
1700825512.749650 146 1
1700825512.751340 60 -1
1700825512.751340 115 -1
1700825512.751340 85 -1
1700825512.751417 54 1
1700825512.752397 489 1
1700825512.752503 175 1
1700825512.752597 175 1
1700825512.752699 174 1
1700825512.752793 175 1
1700825512.752872 175 1
1700825512.752953 175 1
1700825512.753070 175 1
1700825512.753165 175 1
1700825512.753269 175 1
1700825512.754604 60 -1
1700825512.754604 60 -1
1700825512.754862 85 1
1700825512.754960 175 1
1700825512.755048 174 1
1700825512.755118 175 1
1700825512.755177 170 1
1700825512.755609 60 -1
1700825512.755609 60 -1
1700825512.755609 60 -1
1700825512.755609 60 -1
1700825512.755609 60 -1
1700825512.755609 60 -1
1700825512.755609 60 -1
1700825512.756481 1047 -1
1700825512.756481 423 -1
1700825512.756481 1047 -1
1700825512.756481 552 -1
1700825512.756547 54 1
1700825512.757044 60 -1
1700825512.760200 1069 -1
1700825512.760200 3648 -1
1700825512.760200 994 -1
1700825512.760200 1002 -1
1700825512.760337 54 1
1700825512.760418 4294 -1
1700825512.760443 54 1
1700825512.760736 1049 -1
1700825512.760736 4197 -1
1700825512.760768 54 1
1700825512.762522 4434 -1
1700825512.762522 2810 -1
1700825512.762522 7354 -1
1700825512.762522 366 -1
1700825512.762522 4434 -1
1700825512.763253 54 1
1700825512.763428 7354 -1
1700825512.763428 7354 -1
1700825512.763494 54 1
1700825512.764472 328 -1
1700825512.764472 7354 -1
1700825512.764520 54 1
1700825512.765400 7354 -1
1700825512.765400 7354 -1
1700825512.765721 54 1
1700825512.765788 7354 -1
1700825512.765846 54 1
1700825512.766222 1514 -1
1700825512.766547 2974 -1
1700825512.766573 54 1
1700825512.766837 7354 -1
1700825512.766885 54 1
1700825512.767160 2974 -1
1700825512.767185 54 1
1700825512.767594 7354 -1
1700825512.767640 54 1
1700825512.769826 7354 -1
1700825512.769826 2974 -1
1700825512.769826 7354 -1
1700825512.769826 1514 -1
1700825512.769826 1799 -1
1700825512.769989 54 1
1700825513.055400 142 1
1700825513.058737 1051 -1
1700825513.058737 2974 -1
1700825513.058737 1514 -1
1700825513.058737 12080 -1
1700825513.058887 54 1
1700825513.059222 7354 -1
1700825513.059268 54 1
1700825513.059879 7354 -1
1700825513.059921 54 1
1700825513.060558 1891 -1
1700825513.060590 54 1
1700825513.062034 7354 -1
1700825513.062034 7354 -1
1700825513.062034 1922 -1
1700825513.062034 2974 -1
1700825513.062146 54 1
1700825513.062633 1514 -1
1700825513.062633 7354 -1
1700825513.062697 54 1
1700825513.062913 21954 -1
1700825513.062993 54 1
1700825513.065096 7354 -1
1700825513.065185 54 1
1700825513.065530 7354 -1
1700825513.065579 54 1
1700825513.066021 7354 -1
1700825513.066093 54 1
1700825513.067676 7354 -1
1700825513.067676 4434 -1
1700825513.067676 2974 -1
1700825513.068783 54 1
1700825513.068861 7354 -1
1700825513.068917 54 1
1700825513.074201 54 1
1700825513.110703 5894 -1
1700825513.110703 7354 -1
1700825513.110703 7354 -1
1700825513.110703 2974 -1
1700825513.110703 2974 -1
1700825513.110703 1514 -1
1700825513.110703 7354 -1
1700825513.110703 7354 -1
1700825513.110703 2974 -1
1700825513.110703 8814 -1
1700825513.110703 7354 -1
1700825513.110703 7354 -1
1700825513.110703 1514 -1
1700825513.110703 5894 -1
1700825513.110703 2974 -1
1700825513.110703 1514 -1
1700825513.110703 2974 -1
1700825513.110703 5837 -1
1700825513.110703 1457 -1
1700825513.111181 66 1
1700825513.111326 66 1
1700825513.111375 74 1
1700825513.111416 82 1
1700825513.111458 82 1
1700825513.111502 90 1
1700825513.112940 1514 -1
1700825513.112940 1514 -1
1700825513.112940 1514 -1
1700825513.113010 74 1
1700825513.113062 66 1
1700825513.113103 54 1
1700825513.114454 54 1
1700825513.757091 136 1
1700825513.760098 1069 -1
1700825513.760098 4434 -1
1700825513.760580 54 1
1700825513.760662 7354 -1
1700825513.760718 54 1
1700825513.760763 4780 -1
1700825513.760816 54 1
1700825513.761694 1513 -1
1700825513.761722 54 1
1700825513.958895 66 1
1700825513.960154 66 -1
1700825513.960502 54 1
1700825513.961032 902 1
1700825513.963530 60 -1
1700825513.963530 318 -1
1700825513.966556 134 1
1700825513.970201 146 1
1700825513.970868 587 1
1700825513.970949 232 1
1700825513.971022 231 1
1700825513.971114 234 1
1700825513.971184 236 1
1700825514.008805 60 -1
1700825514.008805 60 -1
1700825514.008805 60 -1
1700825514.008805 60 -1
1700825514.008805 60 -1
1700825514.008805 60 -1
1700825514.008805 60 -1
1700825514.008805 341 -1
1700825514.008805 115 -1
1700825514.008805 85 -1
1700825514.008805 853 -1
1700825514.008805 3919 -1
1700825514.008805 926 -1
1700825514.008805 3642 -1
1700825514.008805 947 -1
1700825514.008805 3330 -1
1700825514.008805 983 -1
1700825514.008805 4571 -1
1700825514.008805 980 -1
1700825514.008805 811 -1
1700825514.008805 2478 -1
1700825514.009693 54 1
1700825514.009775 54 1
1700825514.024328 85 1
1700825514.031334 60 -1
1700825516.347671 210 1
1700825516.348840 60 -1
1700825516.350257 883 -1
1700825516.350257 2425 -1
1700825516.350595 54 1
1700825517.196876 66 1
1700825517.200957 66 -1
1700825517.201096 54 1
1700825517.204334 574 1
1700825517.208459 60 -1
1700825517.211372 1514 -1
1700825517.211372 1319 -1
1700825517.211452 54 1
1700825517.212896 134 1
1700825517.214428 146 1
1700825517.214921 483 1
1700825517.226740 1319 -1
1700825517.226831 66 1
1700825517.231004 60 -1
1700825517.231004 60 -1
1700825517.231004 60 -1
1700825517.231004 357 -1
1700825517.231004 341 -1
1700825517.231004 115 -1
1700825517.231004 85 -1
1700825517.231004 1025 -1
1700825517.231004 13194 -1
1700825517.231004 3320 -1
1700825517.231260 54 1
1700825517.231413 16114 -1
1700825517.231495 54 1
1700825517.232347 85 1
1700825517.235645 431 -1
1700825517.235645 7354 -1
1700825517.235645 9222 -1
1700825517.235645 7354 -1
1700825517.235645 7354 -1
1700825517.235645 7354 -1
1700825517.235645 7354 -1
1700825517.235871 54 1
1700825517.235987 4434 -1
1700825517.236024 54 1
1700825517.236446 7354 -1
1700825517.236488 54 1
1700825517.237109 7354 -1
1700825517.237144 54 1
1700825517.237593 5894 -1
1700825517.237626 54 1
1700825517.240447 4434 -1
1700825517.240447 1514 -1
1700825517.240447 7354 -1
1700825517.240447 7354 -1
1700825517.240447 7354 -1
1700825517.240447 868 -1
1700825517.240447 60 -1
1700825517.240596 54 1
1700825519.844650 231 1
1700825519.845100 234 1
1700825519.845684 60 -1
1700825519.845955 60 -1
1700825519.847365 230 1
1700825519.847468 230 1
1700825519.847549 231 1
1700825519.849341 230 1
1700825519.849552 229 1
1700825519.850547 854 -1
1700825519.850547 1514 -1
1700825519.850547 3504 -1
1700825519.850723 54 1
1700825519.851739 60 -1
1700825519.853093 1055 -1
1700825519.853093 1603 -1
1700825519.853150 54 1
1700825519.853197 6639 -1
1700825519.853259 54 1
1700825519.853641 929 -1
1700825519.853666 54 1
1700825519.853705 8814 -1
1700825519.853766 54 1
1700825519.855533 1514 -1
1700825519.855533 2599 -1
1700825519.855533 7354 -1
1700825519.855636 54 1
1700825519.856581 4434 -1
1700825519.856631 54 1
1700825519.857627 5255 -1
1700825519.857669 54 1
1700825519.859238 4434 -1
1700825519.859278 54 1
1700825519.859545 3476 -1
1700825519.859569 54 1
1700825519.864746 89 1
1700825519.906026 60 -1
1700825521.934745 231 1
1700825521.934874 231 1
1700825521.938357 218 1
1700825521.940493 60 -1
1700825521.940493 60 -1
1700825521.940493 60 -1
1700825521.946542 853 -1
1700825521.946542 2974 -1
1700825521.946542 5757 -1
1700825521.946542 847 -1
1700825521.946542 6167 -1
1700825521.946542 982 -1
1700825521.946542 807 -1
1700825521.946542 4434 -1
1700825521.946710 54 1
1700825521.946804 2974 -1
1700825521.946830 54 1
1700825521.947926 1514 -1
1700825521.947926 5894 -1
1700825521.947926 1860 -1
1700825521.947926 7354 -1
1700825521.948010 54 1
1700825521.948308 7354 -1
1700825521.948362 54 1
1700825521.948886 1891 -1
1700825521.948908 54 1
1700825521.949258 2974 -1
1700825521.949293 54 1
1700825521.949329 4434 -1
1700825521.949499 54 1
1700825521.949801 1514 -1
1700825521.949801 7762 -1
1700825521.949827 54 1
1700825521.950437 4434 -1
1700825521.950458 54 1
1700825521.951040 21954 -1
1700825521.951145 54 1
1700825521.952605 7354 -1
1700825521.952665 54 1
1700825521.953469 7354 -1
1700825521.953681 54 1
1700825521.953875 1514 -1
1700825521.953894 54 1
1700825521.953921 7354 -1
1700825521.953947 54 1
1700825521.954978 7354 -1
1700825521.955007 54 1
1700825521.955118 7354 -1
1700825521.955189 54 1
1700825521.955836 7354 -1
1700825521.955859 54 1
1700825521.956415 5894 -1
1700825521.956444 54 1
1700825521.956895 5490 -1
1700825521.956921 54 1
1700825521.957267 7354 -1
1700825521.957458 54 1
1700825521.957913 7354 -1
1700825521.957945 54 1
1700825521.958676 5894 -1
1700825521.958709 54 1
1700825521.958979 7354 -1
1700825521.959082 54 1
1700825521.959876 7354 -1
1700825521.959920 54 1
1700825521.960188 7354 -1
1700825521.960218 54 1
1700825521.960829 4434 -1
1700825521.960863 54 1
1700825521.961146 7354 -1
1700825521.961174 54 1
1700825521.961758 7354 -1
1700825521.961795 54 1
1700825521.962505 7354 -1
1700825521.962532 54 1
1700825521.963058 1514 -1
1700825521.963085 54 1
1700825521.963119 7354 -1
1700825521.963141 54 1
1700825521.963719 7354 -1
1700825521.963758 54 1
1700825521.964394 2974 -1
1700825521.964432 54 1
1700825521.964683 7354 -1
1700825521.964715 54 1
1700825521.965203 7354 -1
1700825521.965235 54 1
1700825521.965753 7354 -1
1700825521.965783 54 1
1700825521.966495 7354 -1
1700825521.966592 54 1
1700825521.967156 7354 -1
1700825521.967199 54 1
1700825521.967999 2974 -1
1700825521.967999 7354 -1
1700825521.968043 54 1
1700825521.969834 1514 -1
1700825521.969834 7354 -1
1700825521.969834 1514 -1
1700825521.969834 4434 -1
1700825521.969834 7354 -1
1700825521.969939 54 1
1700825521.971961 7354 -1
1700825521.971961 7354 -1
1700825521.971961 1514 -1
1700825521.971961 2974 -1
1700825521.971961 4434 -1
1700825521.972090 54 1
1700825521.972237 7354 -1
1700825521.972268 54 1
1700825521.972846 5894 -1
1700825521.972889 54 1
1700825521.973317 4434 -1
1700825521.973363 54 1
1700825521.973585 54 1
1700825521.974059 7354 -1
1700825521.974109 54 1
1700825521.974310 7354 -1
1700825521.974364 54 1
1700825521.974903 1514 -1
1700825521.974931 54 1
1700825521.975008 7354 -1
1700825521.975037 54 1
1700825521.975659 7354 -1
1700825521.975694 54 1
1700825521.976791 4434 -1
1700825521.976791 7354 -1
1700825521.976839 54 1
1700825521.977256 7354 -1
1700825521.977293 54 1
1700825521.977997 7354 -1
1700825521.978036 54 1
1700825521.979163 7354 -1
1700825521.979209 54 1
1700825521.979260 1514 -1
1700825521.979260 1514 -1
1700825521.979292 54 1
1700825521.979333 7354 -1
1700825521.979380 54 1
1700825521.979912 5894 -1
1700825521.979943 54 1
1700825521.981128 429 -1
1700825521.985521 54 1
1700825522.203650 54 1
1700825522.216776 54 1
1700825522.217076 54 1
1700825522.231612 78 -1
1700825522.231612 60 -1
1700825522.231661 54 1
1700825522.232661 78 -1
1700825522.232661 60 -1
1700825522.232661 78 -1
1700825522.232661 60 -1
1700825522.233096 54 1
1700825522.233200 54 1
1700825525.758163 66 1
1700825525.759154 66 -1
1700825525.759222 54 1
1700825525.760064 870 1
1700825525.760975 60 -1
1700825525.761965 318 -1
1700825525.762630 134 1
1700825525.763290 146 1
1700825525.763770 60 -1
1700825525.763770 341 -1
1700825525.763905 586 1
1700825525.764000 231 1
1700825525.764087 231 1
1700825525.764149 231 1
1700825525.764516 60 -1
1700825525.764516 115 -1
1700825525.764516 85 -1
1700825525.764568 54 1
1700825525.765354 60 -1
1700825525.765354 60 -1
1700825525.765354 60 -1
1700825525.765354 60 -1
1700825525.767237 85 1
1700825525.776178 926 -1
1700825525.776178 1514 -1
1700825525.776178 1520 -1
1700825525.776178 905 -1
1700825525.776178 2645 -1
1700825525.776178 931 -1
1700825525.776178 8032 -1
1700825525.776178 924 -1
1700825525.776178 3973 -1
1700825525.776320 54 1
1700825525.778248 1053 -1
1700825525.778274 66 1
1700825527.641687 230 1
1700825527.646032 857 -1
1700825527.646032 4882 -1
1700825527.646135 54 1
1700825527.658050 230 1
1700825527.658204 234 1
1700825527.659470 232 1
1700825527.660410 60 -1
1700825527.664431 857 -1
1700825527.664682 4178 -1
1700825527.664721 54 1
1700825527.665159 1052 -1
1700825527.665500 729 -1
1700825527.665500 858 -1
1700825527.665500 7354 -1
1700825527.665539 54 1
1700825527.665848 7745 -1
1700825527.665878 54 1
1700825527.666603 4434 -1
1700825527.666635 54 1
1700825527.688876 7354 -1
1700825527.688876 1379 -1
1700825527.688876 1379 -1
1700825527.688966 66 1
1700825531.326693 232 1
1700825531.327984 230 1
1700825531.330518 60 -1
1700825531.332041 879 -1
1700825531.332041 3630 -1
1700825531.332107 54 1
1700825531.334396 981 -1
1700825531.334396 809 -1
1700825531.334396 1514 -1
1700825531.334396 7354 -1
1700825531.334712 54 1
1700825531.334789 1538 -1
1700825531.334816 54 1
1700825531.339151 89 1
1700825531.339292 222 1
1700825531.341114 60 -1
1700825531.346159 1053 -1
1700825531.346159 727 -1
1700825531.346159 7354 -1
1700825531.346231 54 1
1700825531.346523 4491 -1
1700825531.346554 54 1
1700825532.223193 54 1
1700825532.224587 78 -1
1700825532.224587 60 -1
1700825532.224653 54 1
1700825532.953971 66 1
1700825532.955002 66 -1
1700825532.955099 54 1
1700825532.955981 902 1
1700825532.956930 60 -1
1700825532.957546 318 -1
1700825532.958487 134 1
1700825532.960766 146 1
1700825532.961473 577 1
1700825532.961613 220 1
1700825532.961697 223 1
1700825532.961777 229 1
1700825532.961857 224 1
1700825532.974747 60 -1
1700825532.974747 341 -1
1700825532.974747 60 -1
1700825532.974747 115 -1
1700825532.974747 85 -1
1700825532.974747 85 -1
1700825532.974877 66 1
1700825532.979382 60 -1
1700825532.979382 60 -1
1700825532.979382 60 -1
1700825532.979382 60 -1
1700825532.979382 60 -1
1700825532.979382 927 -1
1700825532.979382 928 -1
1700825532.979382 8751 -1
1700825532.979382 10321 -1
1700825532.979551 54 1
1700825532.979778 928 -1
1700825532.979803 54 1
1700825532.980377 5643 -1
1700825532.980377 926 -1
1700825532.980377 7610 -1
1700825532.980453 54 1
1700825532.982991 978 -1
1700825532.982991 813 -1
1700825532.982991 6128 -1
1700825532.983096 54 1
1700825532.985261 85 1
1700825532.987792 60 -1
1700825534.642022 223 1
1700825534.646776 223 1
1700825534.646881 222 1
1700825534.649305 225 1
1700825534.652113 60 -1
1700825534.652184 60 -1
1700825534.652627 60 -1
1700825534.652627 60 -1
1700825534.660634 856 -1
1700825534.660634 928 -1
1700825534.660634 7354 -1
1700825534.660634 2568 -1
1700825534.660634 3984 -1
1700825534.660634 9780 -1
1700825534.660634 4046 -1
1700825534.660823 54 1
1700825536.890966 222 1
1700825536.891082 222 1
1700825536.891707 223 1
1700825536.891796 223 1
1700825536.891882 224 1
1700825536.901195 60 -1
1700825536.901195 933 -1
1700825536.901195 7354 -1
1700825536.901195 3594 -1
1700825536.901195 857 -1
1700825536.901195 1514 -1
1700825536.901195 7354 -1
1700825536.901370 54 1
1700825536.906766 227 1
1700825536.910490 5095 -1
1700825536.910490 910 -1
1700825536.910490 5827 -1
1700825536.910490 980 -1
1700825536.910490 812 -1
1700825536.910490 3473 -1
1700825536.910490 1017 -1
1700825536.910490 774 -1
1700825536.910490 5994 -1
1700825536.910697 54 1
1700825536.911416 154 -1
1700825536.911445 66 1
1700825536.925581 980 -1
1700825536.925581 812 -1
1700825536.925581 1514 -1
1700825536.925581 3589 -1
1700825536.925747 54 1
1700825536.936914 669 -1
1700825536.936984 66 1
1700825540.942039 221 1
1700825540.942639 232 1
1700825540.943135 231 1
1700825540.943653 225 1
1700825540.944090 60 -1
1700825540.945431 60 -1
1700825540.946827 223 1
1700825540.948758 978 -1
1700825540.948758 4543 -1
1700825540.948758 920 -1
1700825540.948758 6194 -1
1700825540.948880 54 1
1700825540.948959 1050 -1
1700825540.948959 769 -1
1700825540.948959 3259 -1
1700825540.948974 223 1
1700825540.949016 54 1
1700825540.950919 60 -1
1700825540.952032 1051 -1
1700825540.952032 729 -1
1700825540.952080 54 1
1700825540.952564 3457 -1
1700825540.952593 54 1
1700825540.952738 905 -1
1700825540.952789 7354 -1
1700825540.952824 54 1
1700825540.953760 4490 -1
1700825540.953760 6856 -1
1700825540.953831 54 1
1700825540.956453 89 1
1700825540.999134 60 -1
1700825542.249801 54 1
1700825542.251077 78 -1
1700825542.251077 60 -1
1700825542.251124 54 1
1700825542.572490 66 1
1700825542.588080 66 -1
1700825542.588407 54 1
1700825542.589157 870 1
1700825542.592426 60 -1
1700825542.592426 318 -1
1700825542.593794 134 1
1700825542.594435 146 1
1700825542.595606 578 1
1700825542.595689 224 1
1700825542.595757 221 1
1700825542.595855 222 1
1700825542.595934 231 1
1700825542.602674 60 -1
1700825542.602674 60 -1
1700825542.602674 341 -1
1700825542.602674 115 -1
1700825542.602674 85 -1
1700825542.602857 54 1
1700825542.604036 85 1
1700825542.619826 60 -1
1700825542.619826 60 -1
1700825542.619826 60 -1
1700825542.619826 60 -1
1700825542.619826 60 -1
1700825542.619826 860 -1
1700825542.619826 8686 -1
1700825542.619826 825 -1
1700825542.619826 7354 -1
1700825542.619826 776 -1
1700825542.619826 2974 -1
1700825542.619826 7354 -1
1700825542.619826 501 -1
1700825542.619826 1514 -1
1700825542.619826 2974 -1
1700825542.619826 3029 -1
1700825542.619826 1069 -1
1700825542.619826 706 -1
1700825542.619826 7354 -1
1700825542.619826 4236 -1
1700825542.619826 60 -1
1700825542.620303 54 1
1700825544.257796 230 1
1700825544.259467 231 1
1700825544.260064 60 -1
1700825544.261200 852 -1
1700825544.261200 3466 -1
1700825544.261259 54 1
1700825544.265350 926 -1
1700825544.265350 2812 -1
1700825544.265426 54 1
1700825544.267521 223 1
1700825544.268011 224 1
1700825544.270258 222 1
1700825544.273199 60 -1
1700825544.273771 929 -1
1700825544.273771 3916 -1
1700825544.273991 54 1
1700825544.275102 231 1
1700825544.275205 224 1
1700825544.283130 978 -1
1700825544.283130 814 -1
1700825544.283130 2302 -1
1700825544.283130 858 -1
1700825544.283130 7354 -1
1700825544.283130 9160 -1
1700825544.283130 7354 -1
1700825544.283130 1514 -1
1700825544.283130 2974 -1
1700825544.283130 4811 -1
1700825544.283130 7354 -1
1700825544.283130 2974 -1
1700825544.283130 6302 -1
1700825544.283130 7354 -1
1700825544.283130 7354 -1
1700825544.283130 7354 -1
1700825544.283765 54 1
1700825544.283930 1514 -1
1700825544.283930 7354 -1
1700825544.283930 7354 -1
1700825544.283930 7354 -1
1700825544.284053 54 1
1700825544.284365 54 1
1700825544.289523 1514 -1
1700825544.289523 7354 -1
1700825544.289523 7354 -1
1700825544.289523 7354 -1
1700825544.289523 1514 -1
1700825544.289523 3343 -1
1700825544.289523 60 -1
1700825544.289523 897 -1
1700825544.289523 7354 -1
1700825544.289523 1060 -1
1700825544.289523 1072 -1
1700825544.289523 735 -1
1700825544.289523 1514 -1
1700825544.289523 4480 -1
1700825544.289827 54 1
1700825546.447773 222 1
1700825546.447874 229 1
1700825546.447953 225 1
1700825546.450559 222 1
1700825546.450745 224 1
1700825546.450878 230 1
1700825546.453950 60 -1
1700825546.453950 6172 -1
1700825546.453950 856 -1
1700825546.453950 926 -1
1700825546.453950 2974 -1
1700825546.453950 3152 -1
1700825546.453950 858 -1
1700825546.453950 7354 -1
1700825546.454185 66 1
1700825546.454253 54 1
1700825546.454313 54 1
1700825546.457179 3477 -1
1700825546.457179 60 -1
1700825546.457179 854 -1
1700825546.457179 6075 -1
1700825546.457179 852 -1
1700825546.457179 7354 -1
1700825546.457331 54 1
1700825546.457463 2397 -1
1700825546.457463 860 -1
1700825546.457489 54 1
1700825546.457603 7354 -1
1700825546.457639 54 1
1700825546.460860 7354 -1
1700825546.460860 302 -1
1700825546.460860 856 -1
1700825546.460922 66 1
1700825550.612960 223 1
1700825550.613089 223 1
1700825550.613175 231 1
1700825550.614498 60 -1
1700825550.615387 230 1
1700825550.616002 231 1
1700825550.616316 925 -1
1700825550.616316 10463 -1
1700825550.616392 54 1
1700825550.621987 89 1
1700825550.625054 929 -1
1700825550.625054 7354 -1
1700825550.625054 2774 -1
1700825550.625054 60 -1
1700825550.625054 1057 -1
1700825550.625054 726 -1
1700825550.625054 7354 -1
1700825550.625054 7354 -1
1700825550.625054 532 -1
1700825550.625054 926 -1
1700825550.625054 4434 -1
1700825550.625054 1345 -1
1700825550.625054 855 -1
1700825550.625054 5825 -1
1700825550.625263 54 1
1700825550.663349 60 -1
1700825552.268429 54 1
1700825552.272519 66 1
1700825552.273307 78 -1
1700825552.273307 60 -1
1700825552.273408 54 1
1700825552.273823 66 -1
1700825552.274075 54 1
1700825552.274620 870 1
1700825552.276385 60 -1
1700825552.279724 318 -1
1700825552.281373 134 1
1700825552.281718 146 1
1700825552.282045 578 1
1700825552.293657 225 1
1700825552.297039 224 1
1700825552.300459 222 1
1700825552.300643 60 -1
1700825552.300643 60 -1
1700825552.300643 60 -1
1700825552.300643 341 -1
1700825552.300643 115 -1
1700825552.300643 85 -1
1700825552.300643 980 -1
1700825552.300643 8603 -1
1700825552.300747 54 1
1700825552.301378 85 1
1700825552.307409 60 -1
1700825552.307409 60 -1
1700825552.307409 1303 -1
1700825552.307409 926 -1
1700825552.307409 4434 -1
1700825552.307409 2290 -1
1700825552.307409 900 -1
1700825552.307409 6793 -1
1700825552.307574 66 1
1700825552.307693 54 1
1700825552.308482 60 -1
1700825552.309431 1051 -1
1700825552.309431 730 -1
1700825552.309492 54 1
1700825552.311963 4157 -1
1700825552.312073 54 1
1700825553.951426 224 1
1700825553.953559 60 -1
1700825553.958150 977 -1
1700825553.958150 814 -1
1700825553.958150 2064 -1
1700825553.958420 54 1
1700825553.965240 232 1
1700825553.965339 227 1
1700825553.965429 230 1
1700825553.967958 60 -1
1700825553.969217 925 -1
1700825553.969217 6143 -1
1700825553.969265 54 1
1700825553.981095 925 -1
1700825553.981095 4434 -1
1700825553.981095 5894 -1
1700825553.981095 6240 -1
1700825553.981095 2182 -1
1700825553.981095 983 -1
1700825553.981095 811 -1
1700825553.981095 6449 -1
1700825553.981271 54 1
1700825553.982251 609 -1
1700825553.982283 66 1
1700825556.931224 234 1
1700825556.936405 856 -1
1700825556.936405 8121 -1
1700825556.936531 54 1
1700825556.942951 223 1
1700825556.943067 230 1
1700825556.943164 235 1
1700825556.945478 60 -1
1700825556.946279 225 1
1700825556.946372 224 1
1700825556.949092 221 1
1700825556.952069 3489 -1
1700825556.952069 929 -1
1700825556.952069 927 -1
1700825556.952069 4850 -1
1700825556.952069 909 -1
1700825556.952069 4929 -1
1700825556.952069 1032 -1
1700825556.952069 735 -1
1700825556.952069 7354 -1
1700825556.952901 66 1
1700825556.953183 54 1
1700825556.953256 54 1
1700825556.953328 3927 -1
1700825556.953328 60 -1
1700825556.953352 54 1
1700825556.954244 929 -1
1700825556.954261 66 1
1700825556.955510 929 -1
1700825556.955510 3321 -1
1700825556.955546 54 1
1700825556.956612 1048 -1
1700825556.956612 730 -1
1700825556.956612 9459 -1
1700825556.956672 54 1
1700825562.285342 54 1
1700825562.286558 78 -1
1700825562.286558 60 -1
1700825562.286630 54 1
1700825562.461366 66 1
1700825562.462453 66 -1
1700825562.462529 54 1
1700825562.463922 902 1
1700825562.464877 60 -1
1700825562.465418 318 -1
1700825562.466206 134 1
1700825562.467309 60 -1
1700825562.467309 341 -1
1700825562.468799 146 1
1700825562.469941 60 -1
1700825562.469941 115 -1
1700825562.469941 85 -1
1700825562.470001 54 1
1700825562.503620 578 1
1700825562.503847 223 1
1700825562.503910 225 1
1700825562.505243 85 1
1700825562.505515 222 1
1700825562.505759 216 1
1700825562.513225 60 -1
1700825562.513225 60 -1
1700825562.513225 60 -1
1700825562.513225 822 -1
1700825562.513225 4434 -1
1700825562.513225 2477 -1
1700825562.513225 929 -1
1700825562.513225 5358 -1
1700825562.513225 1052 -1
1700825562.513225 732 -1
1700825562.513225 7298 -1
1700825562.513560 54 1
1700825562.515020 60 -1
1700825562.515020 927 -1
1700825562.515020 5329 -1
1700825562.515020 859 -1
1700825562.515020 7354 -1
1700825562.515020 7354 -1
1700825562.515234 54 1
1700825562.526809 1860 -1
1700825562.526809 7354 -1
1700825562.526809 7354 -1
1700825562.526809 1891 -1
1700825562.526809 1514 -1
1700825562.526809 7354 -1
1700825562.526809 7354 -1
1700825562.526809 7354 -1
1700825562.526809 7354 -1
1700825562.526809 7354 -1
1700825562.526809 4434 -1
1700825562.526809 7354 -1
1700825562.526809 7354 -1
1700825562.526809 7354 -1
1700825562.526809 7354 -1
1700825562.526809 4434 -1
1700825562.526809 1514 -1
1700825562.527479 54 1
1700825562.529267 54 1
1700825562.534045 2974 -1
1700825562.534045 7354 -1
1700825562.534045 2974 -1
1700825562.534045 7354 -1
1700825562.534045 7354 -1
1700825562.534045 7354 -1
1700825562.534045 7354 -1
1700825562.534045 2974 -1
1700825562.534299 54 1
1700825562.535094 7354 -1
1700825562.535137 54 1
1700825562.538881 7354 -1
1700825562.538881 7354 -1
1700825562.538881 7354 -1
1700825562.538881 7354 -1
1700825562.538881 7354 -1
1700825562.538881 7354 -1
1700825562.539065 54 1
1700825562.539147 7354 -1
1700825562.539185 54 1
1700825562.539896 7354 -1
1700825562.539926 54 1
1700825562.540283 7354 -1
1700825562.540361 54 1
1700825562.541009 7354 -1
1700825562.541054 54 1
1700825562.541579 7354 -1
1700825562.541635 54 1
1700825562.542079 54 1
1700825562.542114 5894 -1
1700825562.542158 54 1
1700825562.547107 7354 -1
1700825562.547107 7354 -1
1700825562.547107 7354 -1
1700825562.547107 7354 -1
1700825562.547107 7354 -1
1700825562.547107 7354 -1
1700825562.547107 7354 -1
1700825562.547107 7354 -1
1700825562.547343 54 1
1700825562.547574 5894 -1
1700825562.547609 54 1
1700825562.547907 7354 -1
1700825562.547940 54 1
1700825562.548506 7354 -1
1700825562.548566 54 1
1700825562.549112 7354 -1
1700825562.549145 54 1
1700825562.549843 7354 -1
1700825562.549906 54 1
1700825562.550329 7354 -1
1700825562.550387 54 1
1700825562.550937 7354 -1
1700825562.550979 54 1
1700825562.551550 1514 -1
1700825562.551663 7354 -1
1700825562.551702 54 1
1700825562.552330 1514 -1
1700825562.552442 7354 -1
1700825562.552473 54 1
1700825562.552994 2974 -1
1700825562.553037 54 1
1700825562.553218 7354 -1
1700825562.553265 54 1
1700825562.553817 2974 -1
1700825562.553843 54 1
1700825562.554060 4434 -1
1700825562.554101 54 1
1700825562.554414 4434 -1
1700825562.554443 54 1
1700825562.554911 7354 -1
1700825562.554972 54 1
1700825562.555411 7354 -1
1700825562.555441 54 1
1700825562.555997 7354 -1
1700825562.556044 54 1
1700825562.556605 7354 -1
1700825562.556662 54 1
1700825562.557323 7354 -1
1700825562.557402 54 1
1700825562.557851 7354 -1
1700825562.557904 54 1
1700825562.558497 7354 -1
1700825562.558551 54 1
1700825562.559124 13194 -1
1700825562.559207 54 1
1700825562.560168 7354 -1
1700825562.560212 54 1
1700825562.560883 7354 -1
1700825562.560912 54 1
1700825562.561378 4434 -1
1700825562.561426 54 1
1700825562.561841 4434 -1
1700825562.561881 54 1
1700825562.562102 7354 -1
1700825562.562147 54 1
1700825562.562816 5894 -1
1700825562.562844 54 1
1700825562.563221 7354 -1
1700825562.563291 54 1
1700825562.563817 7354 -1
1700825562.563854 54 1
1700825562.564403 7354 -1
1700825562.564448 54 1
1700825562.564984 5894 -1
1700825562.565033 54 1
1700825562.565477 7354 -1
1700825562.565528 54 1
1700825562.566093 7354 -1
1700825562.566130 54 1
1700825562.568930 7354 -1
1700825562.568930 7354 -1
1700825562.569048 54 1
1700825562.569228 2974 -1
1700825562.569228 7354 -1
1700825562.569228 7354 -1
1700825562.569301 54 1
1700825562.569575 7354 -1
1700825562.569617 54 1
1700825562.573567 7354 -1
1700825562.573567 2974 -1
1700825562.573567 7354 -1
1700825562.573567 2974 -1
1700825562.573567 5750 -1
1700825562.573567 7354 -1
1700825562.573567 1514 -1
1700825562.573567 7354 -1
1700825562.573567 7354 -1
1700825562.573789 54 1
1700825562.574225 7354 -1
1700825562.574260 54 1
1700825562.574833 7354 -1
1700825562.574950 54 1
1700825562.579389 4434 -1
1700825562.579389 6038 -1
1700825562.579389 2974 -1
1700825562.579389 7354 -1
1700825562.579389 7354 -1
1700825562.579389 2830 -1
1700825562.579389 7354 -1
1700825562.579389 7354 -1
1700825562.579389 4434 -1
1700825562.579665 54 1
1700825562.580170 7354 -1
1700825562.580170 2974 -1
1700825562.580248 54 1
1700825562.580294 7354 -1
1700825562.580369 54 1
1700825562.588156 7354 -1
1700825562.588156 198 -1
1700825562.588156 2974 -1
1700825562.588156 7354 -1
1700825562.588156 7354 -1
1700825562.588156 2830 -1
1700825562.588156 7354 -1
1700825562.588156 7354 -1
1700825562.588156 1514 -1
1700825562.588156 7354 -1
1700825562.588156 5894 -1
1700825562.588156 7354 -1
1700825562.588156 7354 -1
1700825562.588156 198 -1
1700825562.588156 7354 -1
1700825562.588156 7354 -1
1700825562.588156 5750 -1
1700825562.588842 54 1
1700825562.589281 7354 -1
1700825562.589281 7354 -1
1700825562.589379 54 1
1700825562.589920 4434 -1
1700825562.589947 54 1
1700825562.589972 54 1
1700825562.590080 5894 -1
1700825562.590158 54 1
1700825562.590246 54 1
1700825562.591010 7354 -1
1700825562.591069 54 1
1700825562.591409 7354 -1
1700825562.591521 54 1
1700825562.591960 4578 -1
1700825562.592034 54 1
1700825562.592169 1514 -1
1700825562.592214 54 1
1700825562.593317 2974 -1
1700825562.593317 7354 -1
1700825562.593317 7354 -1
1700825562.593448 54 1
1700825562.594038 7354 -1
1700825562.594128 54 1
1700825562.595776 38014 -1
1700825562.596027 54 1
1700825562.609092 7354 -1
1700825562.609092 7354 -1
1700825562.609092 7354 -1
1700825562.609092 7354 -1
1700825562.609092 7354 -1
1700825562.609092 7354 -1
1700825562.609092 7354 -1
1700825562.609092 1514 -1
1700825562.609092 7354 -1
1700825562.609092 4434 -1
1700825562.609092 7354 -1
1700825562.609092 7354 -1
1700825562.609092 7354 -1
1700825562.609092 7354 -1
1700825562.609092 1514 -1
1700825562.609092 7354 -1
1700825562.609092 7354 -1
1700825562.609092 7354 -1
1700825562.609092 7354 -1
1700825562.609092 4434 -1
1700825562.609092 1514 -1
1700825562.609092 8814 -1
1700825562.609985 54 1
1700825562.610075 7354 -1
1700825562.610075 7354 -1
1700825562.610173 54 1
1700825562.610335 7354 -1
1700825562.610402 54 1
1700825562.610950 7354 -1
1700825562.610987 54 1
1700825562.611541 7354 -1
1700825562.611592 54 1
1700825562.611919 54 1
1700825562.612174 7354 -1
1700825562.612223 54 1
1700825562.612820 4146 -1
1700825562.612855 54 1
1700825562.613096 6182 -1
1700825562.613141 54 1
1700825562.613246 54 1
1700825562.613607 7210 -1
1700825562.613660 54 1
1700825562.614414 7354 -1
1700825562.614450 54 1
1700825562.614958 2974 -1
1700825562.614992 54 1
1700825562.615184 7354 -1
1700825562.615229 54 1
1700825562.619271 7354 -1
1700825562.619271 1514 -1
1700825562.619271 7354 -1
1700825562.619271 7354 -1
1700825562.619271 7354 -1
1700825562.619271 1514 -1
1700825562.619271 7354 -1
1700825562.619271 198 -1
1700825562.619271 5750 -1
1700825562.619480 54 1
1700825562.619543 7354 -1
1700825562.619573 54 1
1700825562.620169 7354 -1
1700825562.620208 54 1
1700825562.621055 7354 -1
1700825562.621132 54 1
1700825562.621332 7354 -1
1700825562.621402 54 1
1700825562.621920 5894 -1
1700825562.621973 54 1
1700825562.622397 4434 -1
1700825562.622456 54 1
1700825562.623068 4434 -1
1700825562.623123 54 1
1700825562.623165 5894 -1
1700825562.623226 54 1
1700825562.623636 7354 -1
1700825562.623872 54 1
1700825562.624284 1658 -1
1700825562.624331 54 1
1700825562.624378 5894 -1
1700825562.624403 54 1
1700825562.624990 7190 -1
1700825562.625037 54 1
1700825562.625423 4434 -1
1700825562.625469 54 1
1700825562.625943 7354 -1
1700825562.625991 54 1
1700825562.626393 7354 -1
1700825562.626429 54 1
1700825562.627010 7354 -1
1700825562.627053 54 1
1700825562.627604 5894 -1
1700825562.627663 54 1
1700825562.628130 7354 -1
1700825562.628186 54 1
1700825562.628805 7354 -1
1700825562.628841 54 1
1700825562.629313 4598 -1
1700825562.629369 54 1
1700825562.629699 4434 -1
1700825562.629736 54 1
1700825562.630056 7354 -1
1700825562.630099 54 1
1700825562.630710 7354 -1
1700825562.630764 54 1
1700825562.631341 7354 -1
1700825562.631390 54 1
1700825562.631870 7354 -1
1700825562.631913 54 1
1700825562.632482 2974 -1
1700825562.632516 54 1
1700825562.632990 1514 -1
1700825562.632990 2974 -1
1700825562.633033 54 1
1700825562.633060 1514 -1
1700825562.633081 54 1
1700825562.633187 7354 -1
1700825562.633224 54 1
1700825562.633989 7354 -1
1700825562.634037 54 1
1700825562.634405 1514 -1
1700825562.634523 2974 -1
1700825562.634560 54 1
1700825562.634760 1514 -1
1700825562.634793 54 1
1700825562.634894 1514 -1
1700825562.635009 4434 -1
1700825562.635037 54 1
1700825562.635374 4434 -1
1700825562.635409 54 1
1700825562.635736 4434 -1
1700825562.635785 54 1
1700825562.636114 4434 -1
1700825562.636171 54 1
1700825562.636455 4434 -1
1700825562.636506 54 1
1700825562.636839 4434 -1
1700825562.636882 54 1
1700825562.637176 2974 -1
1700825562.637210 54 1
1700825562.637933 1514 -1
1700825562.637951 54 1
1700825562.638037 4434 -1
1700825562.638037 2974 -1
1700825562.638082 54 1
1700825562.638418 4434 -1
1700825562.638477 66 1
1700825562.638655 2974 -1
1700825562.638706 66 1
1700825562.639067 1514 -1
1700825562.639067 4434 -1
1700825562.639102 66 1
1700825562.639132 66 1
1700825562.639442 1514 -1
1700825562.639475 66 1
1700825562.639510 1514 -1
1700825562.639533 74 1
1700825562.639596 4434 -1
1700825562.639621 74 1
1700825562.639981 2974 -1
1700825562.640012 74 1
1700825562.640204 1514 -1
1700825562.640225 74 1
1700825562.640321 1514 -1
1700825562.640342 74 1
1700825562.640436 1514 -1
1700825562.640457 74 1
1700825562.640579 3671 -1
1700825562.640607 74 1
1700825562.640888 1514 -1
1700825562.640940 66 1
1700825562.641005 1514 -1
1700825562.641038 54 1
1700825564.167591 222 1
1700825564.177571 223 1
1700825564.188734 978 -1
1700825564.188734 7354 -1
1700825564.188734 477 -1
1700825564.189160 54 1
1700825564.189259 929 -1
1700825564.189259 2583 -1
1700825564.189295 54 1
1700825564.229305 1123 -1
1700825564.229453 66 1
1700825565.941409 224 1
1700825565.944987 231 1
1700825565.945097 223 1
1700825565.945168 222 1
1700825565.945241 222 1
1700825565.945317 223 1
1700825565.945388 226 1
1700825565.953805 929 -1
1700825565.953805 9693 -1
1700825565.953805 60 -1
1700825565.953967 54 1
1700825565.955884 827 -1
1700825565.955884 1514 -1
1700825565.955930 54 1
1700825565.955980 7354 -1
1700825565.956008 54 1
1700825565.956441 1006 -1
1700825565.956468 54 1
1700825565.956547 909 -1
1700825565.956626 5140 -1
1700825565.956649 54 1
1700825565.957032 7354 -1
1700825565.957061 54 1
1700825565.957652 5415 -1
1700825565.957727 54 1
1700825565.958128 972 -1
1700825565.958178 822 -1
1700825565.958198 54 1
1700825565.958262 6528 -1
1700825565.958299 54 1
1700825565.959245 1035 -1
1700825565.959245 735 -1
1700825565.959245 11000 -1
1700825565.959285 54 1
1700825565.960210 1029 -1
1700825565.960210 761 -1
1700825565.960244 54 1
1700825565.960284 7354 -1
1700825565.960326 54 1
1700825565.960692 2326 -1
1700825565.960726 54 1
1700825568.244657 225 1
1700825568.253210 223 1
1700825568.253839 225 1
1700825568.253956 223 1
1700825568.256067 60 -1
1700825568.263250 60 -1
1700825568.263250 857 -1
1700825568.263250 7354 -1
1700825568.263250 2707 -1
1700825568.263250 855 -1
1700825568.263250 7354 -1
1700825568.263250 2346 -1
1700825568.263250 828 -1
1700825568.263250 7354 -1
1700825568.263250 7354 -1
1700825568.263250 165 -1
1700825568.263250 1028 -1
1700825568.263250 747 -1
1700825568.263250 5894 -1
1700825568.264059 54 1
1700825568.264231 3367 -1
1700825568.264256 54 1
1700825568.288352 447 -1
1700825568.288418 66 1
1700825568.305087 89 1
1700825568.353389 60 -1
1700825572.301498 54 1
1700825572.318651 78 -1
1700825572.318651 60 -1
1700825572.318897 54 1
1700825572.320891 60 -1
1700825573.343617 66 1
1700825573.344550 66 -1
1700825573.344604 54 1
1700825573.346673 902 1
1700825573.347633 60 -1
1700825573.348375 318 -1
1700825573.348917 134 1
1700825573.349149 146 1
1700825573.349630 587 1
1700825573.349736 223 1
1700825573.349877 60 -1
1700825573.349883 225 1
1700825573.349934 341 -1
1700825573.349980 222 1
1700825573.350049 229 1
1700825573.350104 234 1
1700825573.350184 60 -1
1700825573.350639 115 -1
1700825573.350697 85 -1
1700825573.350697 60 -1
1700825573.350777 54 1
1700825573.351158 60 -1
1700825573.351158 60 -1
1700825573.351158 60 -1
1700825573.351158 60 -1
1700825573.351158 60 -1
1700825573.351977 85 1
1700825573.353070 978 -1
1700825573.353070 60 -1
1700825573.353122 54 1
1700825573.353157 5894 -1
1700825573.353183 54 1
1700825573.353603 7354 -1
1700825573.353653 54 1
1700825573.354235 1830 -1
1700825573.354235 927 -1
1700825573.354267 54 1
1700825573.356453 6425 -1
1700825573.356453 1514 -1
1700825573.356453 7354 -1
1700825573.356453 3426 -1
1700825573.356453 929 -1
1700825573.356453 7354 -1
1700825573.356602 54 1
1700825573.356650 5823 -1
1700825573.356671 54 1
1700825573.357926 1050 -1
1700825573.357926 730 -1
1700825573.357953 54 1
1700825573.358043 6419 -1
1700825573.358070 54 1
1700825575.075242 230 1
1700825575.082925 231 1
1700825575.099094 979 -1
1700825575.099094 3842 -1
1700825575.099094 922 -1
1700825575.099472 66 1
1700825575.117416 827 -1
1700825575.117416 7354 -1
1700825575.117416 4536 -1
1700825575.117416 156 -1
1700825575.118942 66 1
1700825576.760399 226 1
1700825576.763621 223 1
1700825576.763725 230 1
1700825576.764581 223 1
1700825576.766034 854 -1
1700825576.766034 3535 -1
1700825576.766228 54 1
1700825576.767044 60 -1
1700825576.778478 906 -1
1700825576.778478 5207 -1
1700825576.778478 905 -1
1700825576.778478 1514 -1
1700825576.778478 5894 -1
1700825576.778478 1161 -1
1700825576.778478 882 -1
1700825576.778478 7269 -1
1700825576.778888 54 1
1700825576.779637 1429 -1
1700825576.779667 66 1
1700825579.589249 234 1
1700825579.589384 223 1
1700825579.590522 230 1
1700825579.590577 224 1
1700825579.590633 222 1
1700825579.602330 60 -1
1700825579.602330 896 -1
1700825579.602330 7129 -1
1700825579.602467 54 1
1700825579.602660 1054 -1
1700825579.602660 730 -1
1700825579.602660 4010 -1
1700825579.602660 60 -1
1700825579.602660 926 -1
1700825579.602660 7234 -1
1700825579.602660 927 -1
1700825579.602660 5283 -1
1700825579.602660 1101 -1
1700825579.602660 661 -1
1700825579.602660 4423 -1
1700825579.602981 54 1
1700825579.614912 89 1
1700825579.664988 60 -1
1700825582.333156 54 1
1700825582.334616 78 -1
1700825582.334616 60 -1
1700825582.334680 54 1
1700825586.397220 66 1
1700825586.404227 66 -1
1700825586.404349 54 1
1700825586.405867 902 1
1700825586.413108 60 -1
1700825586.413108 318 -1
1700825586.414516 134 1
1700825586.414935 146 1
1700825586.416051 578 1
1700825586.416146 222 1
1700825586.416230 224 1
1700825586.416325 230 1
1700825586.431703 60 -1
1700825586.431703 60 -1
1700825586.431703 341 -1
1700825586.431703 115 -1
1700825586.431703 85 -1
1700825586.431703 60 -1
1700825586.431703 60 -1
1700825586.431703 60 -1
1700825586.431703 60 -1
1700825586.431703 976 -1
1700825586.431703 815 -1
1700825586.431703 980 -1
1700825586.431703 4519 -1
1700825586.431852 54 1
1700825586.433898 85 1
1700825586.436339 813 -1
1700825586.436339 7354 -1
1700825586.436339 5600 -1
1700825586.436339 1050 -1
1700825586.436339 732 -1
1700825586.436339 1514 -1
1700825586.436339 4650 -1
1700825586.436339 1001 -1
1700825586.436339 783 -1
1700825586.436339 3243 -1
1700825586.436514 54 1
1700825586.443905 60 -1
1700825588.165428 223 1
1700825588.166307 60 -1
1700825588.170646 1128 -1
1700825588.170646 624 -1
1700825588.170646 7354 -1
1700825588.170802 54 1
1700825588.171341 1058 -1
1700825588.171377 54 1
1700825588.179644 232 1
1700825588.179753 230 1
1700825588.181265 60 -1
1700825588.181409 234 1
1700825588.181534 222 1
1700825588.182610 60 -1
1700825588.185406 982 -1
1700825588.185406 811 -1
1700825588.185406 7354 -1
1700825588.185406 4364 -1
1700825588.185522 54 1
1700825588.186427 1054 -1
1700825588.186427 730 -1
1700825588.186469 54 1
1700825588.188629 3763 -1
1700825588.188732 54 1
1700825588.188795 1051 -1
1700825588.188819 54 1
1700825588.189080 733 -1
1700825588.193315 7354 -1
1700825588.193315 416 -1
1700825588.193315 1057 -1
1700825588.193315 729 -1
1700825588.193315 16460 -1
1700825588.193315 3457 -1
1700825588.193602 54 1
1700825589.932799 223 1
1700825589.935697 223 1
1700825589.936781 230 1
1700825589.937464 60 -1
1700825589.938461 225 1
1700825589.939365 1051 -1
1700825589.939416 730 -1
1700825589.939432 54 1
1700825589.940063 232 1
1700825589.940187 224 1
1700825589.944895 4369 -1
1700825589.945046 54 1
1700825589.945091 981 -1
1700825589.945122 54 1
1700825589.945306 810 -1
1700825589.948765 979 -1
1700825589.948765 812 -1
1700825589.948765 7354 -1
1700825589.948858 54 1
1700825589.949190 1514 -1
1700825589.949307 1604 -1
1700825589.949325 54 1
1700825589.950470 2478 -1
1700825589.950508 54 1
1700825589.950538 1051 -1
1700825589.950538 730 -1
1700825589.950552 54 1
1700825589.950578 980 -1
1700825589.950588 54 1
1700825589.950637 812 -1
1700825589.951113 1514 -1
1700825589.951140 54 1
1700825589.951188 1514 -1
1700825589.951263 1883 -1
1700825589.951280 54 1
1700825589.951356 1029 -1
1700825589.951372 54 1
1700825589.951569 5084 -1
1700825589.951609 54 1
1700825589.951877 3486 -1
1700825589.951902 54 1
1700825591.775366 225 1
1700825591.775468 224 1
1700825591.777611 60 -1
1700825591.781243 1049 -1
1700825591.781243 733 -1
1700825591.781243 7462 -1
1700825591.781321 54 1
1700825591.790787 1055 -1
1700825591.790787 730 -1
1700825591.790787 6580 -1
1700825591.790892 54 1
1700825591.815465 89 1
1700825591.858239 60 -1
1700825592.338093 54 1
1700825592.343111 78 -1
1700825592.343111 60 -1
1700825592.343191 54 1
1700825594.532613 66 1
1700825594.542946 66 -1
1700825594.543075 54 1
1700825594.543634 870 1
1700825594.550312 60 -1
1700825594.550312 318 -1
1700825594.551151 134 1
1700825594.552217 60 -1
1700825594.552597 341 -1
1700825594.552889 146 1
1700825594.553660 578 1
1700825594.553763 231 1
1700825594.553842 225 1
1700825594.554142 224 1
1700825594.554169 60 -1
1700825594.554169 115 -1
1700825594.554169 85 -1
1700825594.554218 54 1
1700825594.554232 221 1
1700825594.554415 224 1
1700825594.554974 60 -1
1700825594.554974 60 -1
1700825594.554974 60 -1
1700825594.555149 60 -1
1700825594.555239 60 -1
1700825594.555277 60 -1
1700825594.555355 85 1
1700825594.557032 60 -1
1700825594.558437 1052 -1
1700825594.558437 731 -1
1700825594.558437 2275 -1
1700825594.558492 54 1
1700825594.560222 1020 -1
1700825594.560277 774 -1
1700825594.560277 1052 -1
1700825594.560277 731 -1
1700825594.560312 54 1
1700825594.560536 7742 -1
1700825594.560580 54 1
1700825594.561072 1048 -1
1700825594.561072 8082 -1
1700825594.561132 54 1
1700825594.561721 5313 -1
1700825594.561769 54 1
1700825594.562212 7354 -1
1700825594.562249 54 1
1700825594.563085 3200 -1
1700825594.563123 54 1
1700825594.564216 1049 -1
1700825594.564216 734 -1
1700825594.564216 3850 -1
1700825594.564273 54 1
1700825595.532715 54 1
