1700828453.787772 66 1
1700828453.806486 66 -1
1700828453.806747 54 1
1700828453.844995 572 1
1700828453.862437 60 -1
1700828453.862437 1514 -1
1700828453.862437 1319 -1
1700828453.862610 54 1
1700828453.918988 66 1
1700828453.925291 66 -1
1700828453.925416 54 1
1700828453.930135 572 1
1700828453.932687 134 1
1700828453.937993 60 -1
1700828453.938736 60 -1
1700828453.939179 341 -1
1700828453.939179 341 -1
1700828453.939316 54 1
1700828453.939655 2778 -1
1700828453.939698 54 1
1700828453.940997 146 1
1700828453.941107 54 1
1700828453.941175 54 1
1700828453.943398 60 -1
1700828453.944129 115 -1
1700828453.944129 85 -1
1700828453.944165 54 1
1700828453.965488 85 1
1700828453.965648 585 1
1700828453.965713 230 1
1700828453.973563 60 -1
1700828453.973563 60 -1
1700828453.973563 60 -1
1700828453.973563 926 -1
1700828453.973563 5680 -1
1700828453.973563 890 -1
1700828453.973563 2974 -1
1700828453.973563 2974 -1
1700828453.973700 54 1
1700828453.973779 5894 -1
1700828453.973836 54 1
1700828453.990567 5894 -1
1700828453.990567 5894 -1
1700828453.990567 2785 -1
1700828453.990963 54 1
1700828454.379871 234 1
1700828454.379989 232 1
1700828454.380095 230 1
1700828454.380201 231 1
1700828454.380308 230 1
1700828454.380414 230 1
1700828454.380508 230 1
1700828454.380611 230 1
1700828454.387838 60 -1
1700828454.387838 60 -1
1700828454.387838 928 -1
1700828454.387838 1514 -1
1700828454.387838 2974 -1
1700828454.387838 4652 -1
1700828454.387838 843 -1
1700828454.387838 7354 -1
1700828454.387838 418 -1
1700828454.387838 7354 -1
1700828454.387838 1514 -1
1700828454.387838 1589 -1
1700828454.387838 7354 -1
1700828454.388107 54 1
1700828454.391516 7354 -1
1700828454.391516 2769 -1
1700828454.391516 7354 -1
1700828454.391516 5449 -1
1700828454.391655 54 1
1700828459.561304 54 1
1700828459.584959 78 -1
1700828459.584959 60 -1
1700828459.585306 54 1
1700828461.490151 66 1
1700828461.491153 66 -1
1700828461.491241 54 1
1700828461.545003 934 1
1700828461.547554 60 -1
1700828461.547554 318 -1
1700828461.554595 134 1
1700828461.561480 60 -1
1700828461.561480 341 -1
1700828461.577104 146 1
1700828461.580918 587 1
1700828461.581018 232 1
1700828461.581135 229 1
1700828461.581215 231 1
1700828461.582755 60 -1
1700828461.582755 115 -1
1700828461.582755 85 -1
1700828461.582933 54 1
1700828461.583955 85 1
1700828461.593322 60 -1
1700828461.593322 60 -1
1700828461.593322 60 -1
1700828461.593322 60 -1
1700828461.604272 60 -1
1700828461.604272 983 -1
1700828461.604272 4571 -1
1700828461.604272 4514 -1
1700828461.604272 947 -1
1700828461.604272 3330 -1
1700828461.604272 856 -1
1700828461.604272 3204 -1
1700828461.604513 54 1
1700828464.268706 209 1
1700828464.273538 883 -1
1700828464.273538 2425 -1
1700828464.273634 54 1
1700828464.514312 216 1
1700828464.514415 231 1
1700828464.514501 230 1
1700828464.514570 228 1
1700828464.514628 230 1
1700828464.514686 234 1
1700828464.517308 60 -1
1700828464.518612 854 -1
1700828464.518612 4964 -1
1700828464.518666 54 1
1700828464.519234 7354 -1
1700828464.519268 54 1
1700828464.527202 6394 -1
1700828464.527202 5088 -1
1700828464.527202 5894 -1
1700828464.527202 6061 -1
1700828464.527202 7354 -1
1700828464.527202 7354 -1
1700828464.527202 1514 -1
1700828464.527202 7354 -1
1700828464.527202 7354 -1
1700828464.527202 1514 -1
1700828464.527202 7354 -1
1700828464.527202 7354 -1
1700828464.527202 1514 -1
1700828464.527202 7354 -1
1700828464.527486 54 1
1700828464.527582 7354 -1
1700828464.527629 54 1
1700828464.527874 54 1
1700828464.535497 1514 -1
1700828464.535497 7354 -1
1700828464.535497 7354 -1
1700828464.535497 1514 -1
1700828464.535497 7354 -1
1700828464.535497 7354 -1
1700828464.535497 1514 -1
1700828464.535497 1514 -1
1700828464.535497 4434 -1
1700828464.535497 7354 -1
1700828464.535497 1514 -1
1700828464.535671 54 1
1700828464.536577 7354 -1
1700828464.536608 54 1
1700828464.543499 7354 -1
1700828464.543499 1514 -1
1700828464.543499 1514 -1
1700828464.543499 2974 -1
1700828464.543499 1514 -1
1700828464.543499 7354 -1
1700828464.543499 2974 -1
1700828464.543499 1514 -1
1700828464.543499 7354 -1
1700828464.543499 7354 -1
1700828464.543499 1514 -1
1700828464.543499 1514 -1
1700828464.543499 1514 -1
1700828464.543499 1514 -1
1700828464.543499 5894 -1
1700828464.543499 7354 -1
1700828464.543499 7354 -1
1700828464.543499 7354 -1
1700828464.543499 7354 -1
1700828464.543801 66 1
1700828464.543859 66 1
1700828464.543913 66 1
1700828464.543963 66 1
1700828464.544010 66 1
1700828464.544087 1514 -1
1700828464.544087 7354 -1
1700828464.544147 66 1
1700828464.544174 66 1
1700828464.548549 7354 -1
1700828464.548549 7354 -1
1700828464.548549 7354 -1
1700828464.548549 7354 -1
1700828464.548549 2974 -1
1700828464.548549 7354 -1
1700828464.548549 1514 -1
1700828464.548549 7354 -1
1700828464.548549 7354 -1
1700828464.548802 66 1
1700828464.548895 66 1
1700828464.548945 66 1
1700828464.548992 66 1
1700828464.549035 66 1
1700828464.549070 66 1
1700828464.549129 66 1
1700828464.549177 66 1
1700828464.549208 66 1
1700828464.549266 1514 -1
1700828464.549266 14654 -1
1700828464.549366 66 1
1700828464.549422 66 1
1700828464.553423 7354 -1
1700828464.553423 7354 -1
1700828464.553423 7354 -1
1700828464.553423 1514 -1
1700828464.553423 4434 -1
1700828464.553423 7354 -1
1700828464.553423 7354 -1
1700828464.553668 66 1
1700828464.553708 66 1
1700828464.553732 66 1
1700828464.553845 54 1
1700828464.553908 54 1
1700828464.554120 7354 -1
1700828464.554191 54 1
1700828464.554324 7354 -1
1700828464.554359 54 1
1700828464.554389 54 1
1700828464.554508 54 1
1700828464.564431 7354 -1
1700828464.564431 1514 -1
1700828464.564431 7354 -1
1700828464.564431 1514 -1
1700828464.564431 2974 -1
1700828464.564431 4434 -1
1700828464.564431 7354 -1
1700828464.564431 7354 -1
1700828464.564431 4434 -1
1700828464.564431 2974 -1
1700828464.564431 1514 -1
1700828464.564431 7354 -1
1700828464.564431 7354 -1
1700828464.564431 7354 -1
1700828464.564431 7354 -1
1700828464.564431 2974 -1
1700828464.564431 1380 -1
1700828464.564904 54 1
1700828464.564946 54 1
1700828467.936455 230 1
1700828467.939559 230 1
1700828467.939652 854 -1
1700828467.939652 8025 -1
1700828467.939714 54 1
1700828467.942403 89 1
1700828467.943796 905 -1
1700828467.943796 2645 -1
1700828467.943847 54 1
1700828469.577910 54 1
1700828469.596157 78 -1
1700828469.596157 60 -1
1700828469.596305 54 1
1700828469.813852 66 1
1700828469.818181 66 -1
1700828469.818331 54 1
1700828469.819373 966 1
1700828469.828701 60 -1
1700828469.828701 318 -1
1700828469.829843 134 1
1700828469.830312 146 1
1700828469.831024 585 1
1700828469.831110 230 1
1700828469.831211 234 1
1700828469.831298 231 1
1700828469.831396 229 1
1700828469.838451 60 -1
1700828469.838451 60 -1
1700828469.838451 66 -1
1700828469.838451 66 -1
1700828469.838451 66 -1
1700828469.838451 66 -1
1700828469.838451 353 -1
1700828469.838451 127 -1
1700828469.838451 97 -1
1700828469.838601 1293 1
1700828469.838714 54 1
1700828469.840545 85 1
1700828469.840584 66 -1
1700828469.841880 60 -1
1700828469.843278 931 -1
1700828469.843278 7354 -1
1700828469.843383 54 1
1700828469.843716 732 -1
1700828469.843716 926 -1
1700828469.843716 2980 -1
1700828469.843746 54 1
1700828469.843824 924 -1
1700828469.843846 54 1
1700828469.843957 3973 -1
1700828469.843986 54 1
1700828469.845355 854 -1
1700828469.845355 7354 -1
1700828469.845355 2150 -1
1700828469.845462 54 1
1700828469.845546 925 -1
1700828469.845570 54 1
1700828469.849315 5162 -1
1700828469.849397 54 1
1700828472.363391 231 1
1700828472.364008 229 1
1700828472.364610 230 1
1700828472.366111 230 1
1700828472.367038 231 1
1700828472.374914 60 -1
1700828472.374914 60 -1
1700828472.374914 60 -1
1700828472.374914 60 -1
1700828472.374914 60 -1
1700828472.388023 857 -1
1700828472.388023 4882 -1
1700828472.388023 855 -1
1700828472.388023 7011 -1
1700828472.388023 928 -1
1700828472.388023 13194 -1
1700828472.388023 563 -1
1700828472.388023 857 -1
1700828472.388023 4178 -1
1700828472.388023 948 -1
1700828472.388023 7354 -1
1700828472.388023 988 -1
1700828472.388252 54 1
1700828472.408132 988 -1
1700828472.408184 66 1
1700828472.545095 231 1
1700828472.549830 858 -1
1700828472.549926 7354 -1
1700828472.549978 54 1
1700828472.550433 7354 -1
1700828472.550501 54 1
1700828472.550955 445 -1
1700828472.550996 54 1
1700828476.115933 230 1
1700828476.120903 857 -1
1700828476.120903 7354 -1
1700828476.120903 3722 -1
1700828476.121027 54 1
1700828476.126850 231 1
1700828476.127014 232 1
1700828476.127103 232 1
1700828476.128414 225 1
1700828476.129556 60 -1
1700828476.131755 879 -1
1700828476.131755 3630 -1
1700828476.131807 54 1
1700828476.134486 857 -1
1700828476.134697 6174 -1
1700828476.134760 54 1
1700828476.136994 223 1
1700828476.137757 89 1
1700828476.139446 854 -1
1700828476.139446 5340 -1
1700828476.139446 858 -1
1700828476.139446 7354 -1
1700828476.139446 7104 -1
1700828476.139604 66 1
1700828476.140727 1514 -1
1700828476.140779 54 1
1700828476.144323 929 -1
1700828476.144323 5894 -1
1700828476.144323 1514 -1
1700828476.144323 2974 -1
1700828476.144438 66 1
1700828476.144504 753 -1
1700828476.144528 66 1
1700828476.146858 1514 -1
1700828476.146920 54 1
1700828477.730874 221 1
1700828477.732062 231 1
1700828477.732465 225 1
1700828477.732546 222 1
1700828477.735176 60 -1
1700828477.737374 223 1
1700828477.739360 231 1
1700828477.741632 927 -1
1700828477.741632 10321 -1
1700828477.741735 54 1
1700828477.743786 929 -1
1700828477.743786 4260 -1
1700828477.743877 54 1
1700828477.744877 926 -1
1700828477.744877 7610 -1
1700828477.744923 54 1
1700828477.746066 854 -1
1700828477.746066 6856 -1
1700828477.746124 54 1
1700828477.753841 926 -1
1700828477.753841 7682 -1
1700828477.753942 54 1
1700828477.758452 930 -1
1700828477.758452 7158 -1
1700828477.758531 54 1
1700828479.377186 223 1
1700828479.379973 223 1
1700828479.382281 853 -1
1700828479.382662 8032 -1
1700828479.382709 54 1
1700828479.390136 928 -1
1700828479.390136 4909 -1
1700828479.390262 54 1
1700828479.391089 222 1
1700828479.397492 856 -1
1700828479.397492 4179 -1
1700828479.397612 54 1
1700828479.603581 54 1
1700828479.611081 60 -1
1700828479.611081 78 -1
1700828479.611355 54 1
1700828479.611414 54 1
1700828481.422763 66 1
1700828481.424606 66 -1
1700828481.424708 54 1
1700828481.425777 934 1
1700828481.431026 60 -1
1700828481.431508 318 -1
1700828481.435083 134 1
1700828481.435838 146 1
1700828481.436059 60 -1
1700828481.436325 341 -1
1700828481.439330 60 -1
1700828481.439330 115 -1
1700828481.439330 85 -1
1700828481.439423 54 1
1700828481.441173 85 1
1700828481.441455 576 1
1700828481.441649 222 1
1700828481.441751 223 1
1700828481.441943 222 1
1700828481.442392 222 1
1700828481.442493 224 1
1700828481.442603 222 1
1700828481.444755 60 -1
1700828481.444755 60 -1
1700828481.444755 60 -1
1700828481.444755 60 -1
1700828481.444755 60 -1
1700828481.444755 60 -1
1700828481.446401 857 -1
1700828481.446401 857 -1
1700828481.446401 5571 -1
1700828481.446473 54 1
1700828481.446712 5894 -1
1700828481.446747 54 1
1700828481.446954 1514 -1
1700828481.446992 66 1
1700828481.452860 3635 -1
1700828481.452860 16721 -1
1700828481.452860 893 -1
1700828481.452860 6683 -1
1700828481.452860 856 -1
1700828481.452860 5776 -1
1700828481.452860 5612 -1
1700828481.453058 74 1
1700828481.453141 74 1
1700828481.453191 74 1
1700828481.453233 74 1
1700828481.453264 74 1
1700828481.453298 74 1
1700828481.453340 74 1
1700828481.455946 1514 -1
1700828481.455946 1514 -1
1700828481.456020 66 1
1700828481.456145 54 1
1700828485.199626 223 1
1700828485.201590 224 1
1700828485.204753 228 1
1700828485.210465 60 -1
1700828485.214850 978 -1
1700828485.214850 2974 -1
1700828485.214850 1623 -1
1700828485.214850 926 -1
1700828485.214850 3943 -1
1700828485.214850 852 -1
1700828485.214850 5675 -1
1700828485.215069 54 1
1700828485.229140 221 1
1700828485.236127 905 -1
1700828485.236127 7354 -1
1700828485.236127 4490 -1
1700828485.236368 54 1
1700828486.857538 222 1
1700828486.860029 224 1
1700828486.861304 60 -1
1700828486.862612 221 1
1700828486.862764 221 1
1700828486.863057 860 -1
1700828486.863057 7354 -1
1700828486.863057 1386 -1
1700828486.863594 54 1
1700828486.863685 825 -1
1700828486.863685 2974 -1
1700828486.863721 54 1
1700828486.863836 5156 -1
1700828486.863868 54 1
1700828486.864070 60 -1
1700828486.864926 234 1
1700828486.866199 945 -1
1700828486.866199 5894 -1
1700828486.866199 6317 -1
1700828486.866433 54 1
1700828486.866760 89 1
1700828486.867522 925 -1
1700828486.867522 7354 -1
1700828486.867585 54 1
1700828486.868451 2176 -1
1700828486.868477 54 1
1700828486.877936 857 -1
1700828486.877936 7354 -1
1700828486.877936 2317 -1
1700828486.878001 54 1
1700828486.879967 857 -1
1700828486.880010 66 1
1700828488.481379 221 1
1700828488.481662 222 1
1700828488.488751 230 1
1700828488.488853 222 1
1700828488.512730 60 -1
1700828488.512730 854 -1
1700828488.512730 3031 -1
1700828488.512730 929 -1
1700828488.512730 3916 -1
1700828488.512730 996 -1
1700828488.512730 60 -1
1700828488.512730 897 -1
1700828488.512730 7354 -1
1700828488.512730 1060 -1
1700828488.512730 948 -1
1700828488.512730 6590 -1
1700828488.512852 66 1
1700828488.512949 54 1
1700828489.618309 54 1
1700828489.619932 78 -1
1700828489.619932 60 -1
1700828489.619966 54 1
1700828490.541589 66 1
1700828490.544485 66 -1
1700828490.544608 54 1
1700828490.545344 966 1
1700828490.546777 60 -1
1700828490.547038 318 -1
1700828490.547727 134 1
1700828490.548191 146 1
1700828490.549285 578 1
1700828490.549393 223 1
1700828490.549510 60 -1
1700828490.549510 341 -1
1700828490.549510 60 -1
1700828490.549510 115 -1
1700828490.549510 85 -1
1700828490.549589 54 1
1700828490.549723 229 1
1700828490.549830 222 1
1700828490.549913 223 1
1700828490.550025 230 1
1700828490.550098 225 1
1700828490.550172 222 1
1700828490.550420 85 1
1700828490.550504 60 -1
1700828490.550504 60 -1
1700828490.550606 60 -1
1700828490.550791 60 -1
1700828490.550791 60 -1
1700828490.551090 60 -1
1700828490.551090 60 -1
1700828490.551090 60 -1
1700828490.551434 60 -1
1700828490.552612 977 -1
1700828490.552612 4900 -1
1700828490.552651 54 1
1700828490.553537 860 -1
1700828490.553537 1514 -1
1700828490.553537 7354 -1
1700828490.553577 54 1
1700828490.554018 6142 -1
1700828490.554045 54 1
1700828490.554536 926 -1
1700828490.554570 54 1
1700828490.554605 1514 -1
1700828490.554709 7354 -1
1700828490.554735 54 1
1700828490.555410 1735 -1
1700828490.555434 54 1
1700828490.555488 2974 -1
1700828490.555515 54 1
1700828490.555710 7354 -1
1700828490.555750 54 1
1700828490.556550 2673 -1
1700828490.556550 7354 -1
1700828490.556593 54 1
1700828490.557139 475 -1
1700828490.557189 4238 -1
1700828490.557213 54 1
1700828490.557511 858 -1
1700828490.557568 1514 -1
1700828490.557586 54 1
1700828490.557704 7354 -1
1700828490.557742 54 1
1700828490.558342 2017 -1
1700828490.558374 54 1
1700828494.945838 224 1
1700828494.948374 223 1
1700828494.948514 221 1
1700828494.949336 925 -1
1700828494.949524 7354 -1
1700828494.949568 54 1
1700828494.949660 231 1
1700828494.949768 223 1
1700828494.949909 3163 -1
1700828494.949933 54 1
1700828494.950612 60 -1
1700828494.951706 230 1
1700828494.955639 60 -1
1700828494.955639 928 -1
1700828494.955639 5099 -1
1700828494.955639 929 -1
1700828494.955639 4434 -1
1700828494.955639 5694 -1
1700828494.955639 923 -1
1700828494.955813 54 1
1700828494.961274 5423 -1
1700828494.961274 919 -1
1700828494.961274 1514 -1
1700828494.961274 11197 -1
1700828494.961274 855 -1
1700828494.961274 2974 -1
1700828494.961274 2905 -1
1700828494.961651 54 1
1700828496.637865 221 1
1700828496.637993 220 1
1700828496.638103 224 1
1700828496.638199 222 1
1700828496.638888 223 1
1700828496.638968 221 1
1700828496.639537 60 -1
1700828496.640072 60 -1
1700828496.655345 980 -1
1700828496.655345 8603 -1
1700828496.655345 900 -1
1700828496.655345 6793 -1
1700828496.655345 928 -1
1700828496.655345 7354 -1
1700828496.655345 1689 -1
1700828496.655345 5317 -1
1700828496.655345 926 -1
1700828496.655345 6670 -1
1700828496.655345 856 -1
1700828496.655345 5061 -1
1700828496.655811 54 1
1700828496.657631 681 -1
1700828496.657667 66 1
1700828496.662309 89 1
1700828496.706270 60 -1
1700828498.269020 221 1
1700828498.271146 223 1
1700828498.293361 232 1
1700828498.296168 60 -1
1700828498.296168 60 -1
1700828498.296168 858 -1
1700828498.296168 853 -1
1700828498.296168 1514 -1
1700828498.296168 1333 -1
1700828498.296168 5894 -1
1700828498.296168 2951 -1
1700828498.296367 54 1
1700828498.303483 230 1
1700828498.303594 225 1
1700828498.303678 232 1
1700828498.324792 1491 -1
1700828498.324792 60 -1
1700828498.324792 60 -1
1700828498.324792 60 -1
1700828498.324792 60 -1
1700828498.324792 932 -1
1700828498.324792 7354 -1
1700828498.324792 2862 -1
1700828498.324792 925 -1
1700828498.324792 6143 -1
1700828498.324792 925 -1
1700828498.324792 7354 -1
1700828498.324792 7354 -1
1700828498.324792 1860 -1
1700828498.324792 2182 -1
1700828498.324792 859 -1
1700828498.324792 7175 -1
1700828498.324977 66 1
1700828498.325262 54 1
1700828499.652136 54 1
1700828499.653772 78 -1
1700828499.653772 60 -1
1700828499.653801 54 1
1700828501.477648 66 1
1700828501.483902 66 -1
1700828501.484002 54 1
1700828501.484585 934 1
1700828501.498842 60 -1
1700828501.498842 318 -1
1700828501.499751 134 1
1700828501.500114 146 1
1700828501.500757 584 1
1700828501.500833 222 1
1700828501.500927 231 1
1700828501.501011 230 1
1700828501.501096 229 1
1700828501.501180 222 1
1700828501.514035 60 -1
1700828501.514035 60 -1
1700828501.514035 60 -1
1700828501.514035 60 -1
1700828501.514035 60 -1
1700828501.514035 60 -1
1700828501.514035 341 -1
1700828501.514035 60 -1
1700828501.514035 60 -1
1700828501.514035 115 -1
1700828501.514035 85 -1
1700828501.514035 856 -1
1700828501.514035 7354 -1
1700828501.514035 821 -1
1700828501.514035 950 -1
1700828501.514035 7228 -1
1700828501.514215 54 1
1700828501.515155 85 1
1700828501.524705 7354 -1
1700828501.524705 7354 -1
1700828501.524705 2441 -1
1700828501.524705 927 -1
1700828501.524705 4850 -1
1700828501.524705 909 -1
1700828501.524705 4929 -1
1700828501.524837 54 1
1700828501.535666 60 -1
1700828507.060129 223 1
1700828507.060245 224 1
1700828507.060538 229 1
1700828507.060960 223 1
1700828507.061201 60 -1
1700828507.061201 60 -1
1700828507.061694 60 -1
1700828507.061897 60 -1
1700828507.065677 928 -1
1700828507.065677 2974 -1
1700828507.065677 5025 -1
1700828507.065772 54 1
1700828507.066086 929 -1
1700828507.066086 5358 -1
1700828507.066122 54 1
1700828507.066992 928 -1
1700828507.066992 7354 -1
1700828507.067029 54 1
1700828507.068241 4242 -1
1700828507.068281 54 1
1700828507.068615 221 1
1700828507.069194 216 1
1700828507.069899 930 -1
1700828507.069899 4434 -1
1700828507.069899 2188 -1
1700828507.069981 54 1
1700828507.073244 89 1
1700828507.087798 60 -1
1700828507.087798 927 -1
1700828507.087798 5329 -1
1700828507.087798 859 -1
1700828507.087798 7354 -1
1700828507.087798 7354 -1
1700828507.087798 1860 -1
1700828507.087798 85 -1
1700828507.087798 1514 -1
1700828507.087798 1514 -1
1700828507.087798 5894 -1
1700828507.087798 7354 -1
1700828507.087798 400 -1
1700828507.087798 7354 -1
1700828507.087798 7354 -1
1700828507.087798 7354 -1
1700828507.087798 7354 -1
1700828507.087798 3728 -1
1700828507.087798 7354 -1
1700828507.087798 7354 -1
1700828507.087798 7354 -1
1700828507.087798 5894 -1
1700828507.088311 54 1
1700828507.089045 54 1
1700828507.091334 7354 -1
1700828507.091334 1514 -1
1700828507.091334 7354 -1
1700828507.091334 7354 -1
1700828507.091334 7354 -1
1700828507.091334 7354 -1
1700828507.091334 7354 -1
1700828507.091547 54 1
1700828507.107992 7354 -1
1700828507.107992 7354 -1
1700828507.107992 7354 -1
1700828507.107992 7354 -1
1700828507.107992 7354 -1
1700828507.107992 7354 -1
1700828507.107992 7354 -1
1700828507.107992 7354 -1
1700828507.107992 5894 -1
1700828507.107992 7354 -1
1700828507.107992 7354 -1
1700828507.107992 14654 -1
1700828507.107992 7354 -1
1700828507.107992 7354 -1
1700828507.107992 7354 -1
1700828507.107992 12940 -1
1700828507.107992 7354 -1
1700828507.107992 7354 -1
1700828507.108668 54 1
1700828507.108990 54 1
1700828507.126614 7354 -1
1700828507.126614 7354 -1
1700828507.126614 7354 -1
1700828507.126614 7354 -1
1700828507.126614 7354 -1
1700828507.126614 7354 -1
1700828507.126614 5894 -1
1700828507.126614 5894 -1
1700828507.126614 7354 -1
1700828507.126614 13194 -1
1700828507.126614 7354 -1
1700828507.126614 2974 -1
1700828507.126614 7354 -1
1700828507.126614 7354 -1
1700828507.126614 7354 -1
1700828507.126614 5894 -1
1700828507.126614 7354 -1
1700828507.126614 8814 -1
1700828507.126614 7354 -1
1700828507.126614 7354 -1
1700828507.126614 5894 -1
1700828507.126614 7354 -1
1700828507.126614 7354 -1
1700828507.126614 7354 -1
1700828507.126614 5894 -1
1700828507.127334 54 1
1700828507.127732 54 1
1700828507.127858 54 1
1700828507.130743 54 1
1700828507.134972 5894 -1
1700828507.135067 54 1
1700828507.136032 5894 -1
1700828507.136032 13194 -1
1700828507.136154 54 1
1700828507.136862 7354 -1
1700828507.136905 54 1
1700828507.137564 4434 -1
1700828507.137600 54 1
1700828507.138300 7354 -1
1700828507.138348 54 1
1700828507.138720 7354 -1
1700828507.138758 54 1
1700828507.139715 7354 -1
1700828507.139715 5894 -1
1700828507.139766 54 1
1700828507.140150 7354 -1
1700828507.140191 54 1
1700828507.140790 7354 -1
1700828507.140885 54 1
1700828507.141375 5694 -1
1700828507.141443 54 1
1700828507.147495 7354 -1
1700828507.147495 7354 -1
1700828507.147495 7354 -1
1700828507.147495 7354 -1
1700828507.147495 7354 -1
1700828507.147495 7554 -1
1700828507.147495 20494 -1
1700828507.147495 7354 -1
1700828507.147785 54 1
1700828507.153472 7354 -1
1700828507.153472 1514 -1
1700828507.153472 7354 -1
1700828507.153472 5894 -1
1700828507.153472 7354 -1
1700828507.153472 2974 -1
1700828507.153472 7354 -1
1700828507.153472 2974 -1
1700828507.153472 7354 -1
1700828507.153472 4434 -1
1700828507.153472 7354 -1
1700828507.153472 7354 -1
1700828507.153472 7354 -1
1700828507.153741 66 1
1700828507.153814 66 1
1700828507.153856 66 1
1700828507.153916 66 1
1700828507.153979 66 1
1700828507.154021 66 1
1700828507.154071 66 1
1700828507.154140 66 1
1700828507.154204 7354 -1
1700828507.154248 66 1
1700828507.154651 5894 -1
1700828507.154685 66 1
1700828507.155123 1514 -1
1700828507.155156 66 1
1700828507.155241 5894 -1
1700828507.155285 66 1
1700828507.155840 5894 -1
1700828507.155892 66 1
1700828507.156267 7354 -1
1700828507.156365 66 1
1700828507.156883 7354 -1
1700828507.156970 66 1
1700828507.160591 4434 -1
1700828507.160591 7354 -1
1700828507.160591 7354 -1
1700828507.160591 2974 -1
1700828507.160591 7354 -1
1700828507.160591 7354 -1
1700828507.160591 1514 -1
1700828507.160828 66 1
1700828507.160906 66 1
1700828507.160980 66 1
1700828507.161045 66 1
1700828507.161106 66 1
1700828507.161198 66 1
1700828507.161268 66 1
1700828507.161336 5894 -1
1700828507.161336 7354 -1
1700828507.161431 66 1
1700828507.161571 66 1
1700828507.161657 7354 -1
1700828507.161726 66 1
1700828507.162294 7354 -1
1700828507.162353 66 1
1700828507.162910 7354 -1
1700828507.162987 66 1
1700828507.163530 7354 -1
1700828507.163604 66 1
1700828507.164311 4434 -1
1700828507.164573 54 1
1700828507.164859 2974 -1
1700828507.164859 7354 -1
1700828507.164915 54 1
1700828507.165342 7354 -1
1700828507.165385 54 1
1700828507.165739 54 1
1700828507.191866 7354 -1
1700828507.191866 2952 -1
1700828507.191866 7354 -1
1700828507.191866 5894 -1
1700828507.191866 5894 -1
1700828507.191866 5894 -1
1700828507.191866 7354 -1
1700828507.191866 5894 -1
1700828507.191866 7354 -1
1700828507.191866 2974 -1
1700828507.191866 2974 -1
1700828507.191866 1514 -1
1700828507.191866 4434 -1
1700828507.191866 5772 -1
1700828507.191866 1636 -1
1700828507.191866 2974 -1
1700828507.191866 2974 -1
1700828507.191866 5894 -1
1700828507.191866 7354 -1
1700828507.191866 7354 -1
1700828507.191866 7354 -1
1700828507.191866 5894 -1
1700828507.191866 7354 -1
1700828507.191866 7354 -1
1700828507.191866 7354 -1
1700828507.191866 2974 -1
1700828507.191866 7354 -1
1700828507.191866 7354 -1
1700828507.191866 7354 -1
1700828507.191866 7354 -1
1700828507.191866 7354 -1
1700828507.191866 2974 -1
1700828507.191866 1514 -1
1700828507.192595 54 1
1700828507.192689 54 1
1700828507.192919 54 1
1700828507.196971 7354 -1
1700828507.196971 7354 -1
1700828507.197089 54 1
1700828507.198969 8814 -1
1700828507.198969 21954 -1
1700828507.199162 54 1
1700828507.200605 7354 -1
1700828507.200605 7354 -1
1700828507.200661 54 1
1700828507.204370 2974 -1
1700828507.204370 7354 -1
1700828507.204370 7354 -1
1700828507.204370 7354 -1
1700828507.204370 1996 -1
1700828507.204370 7354 -1
1700828507.204370 7354 -1
1700828507.204553 54 1
1700828507.204742 7354 -1
1700828507.204787 54 1
1700828507.205794 7354 -1
1700828507.205838 54 1
1700828507.205883 7354 -1
1700828507.205920 54 1
1700828507.212310 2974 -1
1700828507.212310 7354 -1
1700828507.212310 7354 -1
1700828507.212310 7354 -1
1700828507.212310 2974 -1
1700828507.212310 10274 -1
1700828507.212310 1514 -1
1700828507.212310 7354 -1
1700828507.212310 7354 -1
1700828507.212310 7354 -1
1700828507.212310 7354 -1
1700828507.212310 7354 -1
1700828507.212656 66 1
1700828507.212730 66 1
1700828507.212762 66 1
1700828507.214606 7354 -1
1700828507.214606 7354 -1
1700828507.214606 8814 -1
1700828507.214703 66 1
1700828507.214768 66 1
1700828507.214806 66 1
1700828507.215213 5894 -1
1700828507.215213 1514 -1
1700828507.215256 74 1
1700828507.215320 82 1
1700828507.217767 2974 -1
1700828507.217767 7354 -1
1700828507.217767 7354 -1
1700828507.217767 7354 -1
1700828507.217767 7354 -1
1700828507.217909 90 1
1700828507.217984 90 1
1700828507.218341 90 1
1700828507.218386 90 1
1700828507.218450 90 1
1700828507.220117 7354 -1
1700828507.220117 2974 -1
1700828507.220117 1514 -1
1700828507.220117 1514 -1
1700828507.220117 7354 -1
1700828507.220117 7354 -1
1700828507.220215 90 1
1700828507.220292 90 1
1700828507.220355 90 1
1700828507.220382 90 1
1700828507.220692 90 1
1700828507.220743 90 1
1700828507.220805 1514 -1
1700828507.220805 4434 -1
1700828507.220938 82 1
1700828507.220970 82 1
1700828507.222706 4434 -1
1700828507.222706 4434 -1
1700828507.222706 4434 -1
1700828507.222706 4434 -1
1700828507.222706 1514 -1
1700828507.222706 2974 -1
1700828507.222706 1514 -1
1700828507.222810 82 1
1700828507.222865 82 1
1700828507.222893 82 1
1700828507.222916 82 1
1700828507.222959 82 1
1700828507.222999 82 1
1700828507.223049 74 1
1700828507.225283 1514 -1
1700828507.225283 4434 -1
1700828507.225283 4434 -1
1700828507.225283 1514 -1
1700828507.225283 4434 -1
1700828507.225283 7354 -1
1700828507.225283 1514 -1
1700828507.225283 7354 -1
1700828507.225405 66 1
1700828507.225497 66 1
1700828507.225557 66 1
1700828507.225645 54 1
1700828507.225688 54 1
1700828507.227480 54 1
1700828507.227631 54 1
1700828507.228577 5894 -1
1700828507.228577 1514 -1
1700828507.228577 5894 -1
1700828507.228577 5894 -1
1700828507.228577 7354 -1
1700828507.228577 5894 -1
1700828507.228577 7354 -1
1700828507.228722 54 1
1700828507.228777 2974 -1
1700828507.228799 54 1
1700828507.251472 2974 -1
1700828507.251472 7354 -1
1700828507.251472 4434 -1
1700828507.251472 7354 -1
1700828507.251472 2711 -1
1700828507.251472 1251 -1
1700828507.251654 54 1
1700828507.251745 66 1
1700828508.764624 222 1
1700828508.765594 223 1
1700828508.765691 222 1
1700828508.765767 222 1
1700828508.768085 60 -1
1700828508.772921 835 -1
1700828508.772921 7354 -1
1700828508.772921 1693 -1
1700828508.772921 928 -1
1700828508.772921 7354 -1
1700828508.772921 2064 -1
1700828508.772921 7354 -1
1700828508.772921 1401 -1
1700828508.772921 1053 -1
1700828508.772921 732 -1
1700828508.772921 1936 -1
1700828508.773119 54 1
1700828509.660467 54 1
1700828509.661803 78 -1
1700828509.661842 54 1
1700828509.661894 60 -1
1700828510.536717 66 1
1700828510.540386 66 -1
1700828510.540624 54 1
1700828510.541485 902 1
1700828510.545041 60 -1
1700828510.545041 318 -1
1700828510.546981 134 1
1700828510.547540 146 1
1700828510.547856 577 1
1700828510.557763 222 1
1700828510.558271 222 1
1700828510.559096 225 1
1700828510.562188 223 1
1700828510.565109 60 -1
1700828510.565109 60 -1
1700828510.565109 60 -1
1700828510.565109 60 -1
1700828510.565109 60 -1
1700828510.565109 60 -1
1700828510.565109 60 -1
1700828510.565319 341 -1
1700828510.567714 222 1
1700828510.568209 115 -1
1700828510.568361 85 -1
1700828510.568361 929 -1
1700828510.568361 2974 -1
1700828510.568401 54 1
1700828510.569018 85 1
1700828510.588839 6773 -1
1700828510.588839 827 -1
1700828510.588839 5894 -1
1700828510.588839 3926 -1
1700828510.588839 7354 -1
1700828510.588839 4708 -1
1700828510.588839 5140 -1
1700828510.588839 60 -1
1700828510.588839 857 -1
1700828510.588839 7354 -1
1700828510.588839 4612 -1
1700828510.588839 856 -1
1700828510.588839 5860 -1
1700828510.589124 54 1
1700828510.594620 60 -1
1700828513.073741 222 1
1700828513.073872 223 1
1700828513.077828 223 1
1700828513.077931 223 1
1700828513.078009 227 1
1700828513.078884 225 1
1700828513.078968 221 1
1700828513.092914 60 -1
1700828513.092914 60 -1
1700828513.092914 60 -1
1700828513.092914 60 -1
1700828513.092914 60 -1
1700828513.092914 60 -1
1700828513.092914 60 -1
1700828513.093744 857 -1
1700828513.093744 4434 -1
1700828513.093744 5627 -1
1700828513.093744 855 -1
1700828513.093744 2974 -1
1700828513.093744 6726 -1
1700828513.093744 7354 -1
1700828513.093744 5836 -1
1700828513.093744 7354 -1
1700828513.093744 7354 -1
1700828513.093744 7354 -1
1700828513.093744 6319 -1
1700828513.093744 7354 -1
1700828513.093744 937 -1
1700828513.093744 1052 -1
1700828513.093744 732 -1
1700828513.093744 3310 -1
1700828513.094091 54 1
1700828513.105517 54 1
1700828519.153081 230 1
1700828519.154148 60 -1
1700828519.156085 978 -1
1700828519.156201 7354 -1
1700828519.156274 54 1
1700828519.156379 225 1
1700828519.156680 7354 -1
1700828519.156776 54 1
1700828519.160086 370 -1
1700828519.160086 926 -1
1700828519.160086 7064 -1
1700828519.160197 54 1
1700828519.160419 222 1
1700828519.163429 231 1
1700828519.175899 220 1
1700828519.178428 222 1
1700828519.200932 89 1
1700828519.202961 60 -1
1700828519.202961 905 -1
1700828519.202961 5752 -1
1700828519.202961 1051 -1
1700828519.202961 732 -1
1700828519.202961 5778 -1
1700828519.202961 855 -1
1700828519.202961 7329 -1
1700828519.202961 929 -1
1700828519.202961 4762 -1
1700828519.203151 54 1
1700828519.250030 382 -1
1700828519.250098 66 1
1700828519.303066 60 -1
1700828519.665491 54 1
1700828519.678683 78 -1
1700828519.678683 60 -1
1700828519.678795 54 1
1700828520.935155 66 1
1700828520.939900 66 -1
1700828520.940027 54 1
1700828520.942485 934 1
1700828520.943652 60 -1
1700828520.944128 318 -1
1700828520.944823 134 1
1700828520.945189 146 1
1700828520.945874 60 -1
1700828520.946086 578 1
1700828520.946189 223 1
1700828520.946270 234 1
1700828520.946356 230 1
1700828520.946440 223 1
1700828520.946534 223 1
1700828520.946616 232 1
1700828520.946708 234 1
1700828520.948775 341 -1
1700828520.948775 60 -1
1700828520.948775 115 -1
1700828520.948775 85 -1
1700828520.948825 54 1
1700828520.949102 85 1
1700828520.951550 60 -1
1700828520.951550 60 -1
1700828520.951550 60 -1
1700828520.951550 60 -1
1700828520.951550 60 -1
1700828520.951550 60 -1
1700828520.951550 60 -1
1700828520.951550 60 -1
1700828520.956258 60 -1
1700828520.956258 930 -1
1700828520.956258 4434 -1
1700828520.956258 1635 -1
1700828520.956258 854 -1
1700828520.956258 6694 -1
1700828520.956258 930 -1
1700828520.956258 11006 -1
1700828520.956258 927 -1
1700828520.956258 4778 -1
1700828520.956258 7354 -1
1700828520.956486 54 1
1700828520.957752 1827 -1
1700828520.957752 4767 -1
1700828520.957752 951 -1
1700828520.957752 853 -1
1700828520.957752 7354 -1
1700828520.957805 54 1
1700828520.969001 3768 -1
1700828520.969001 858 -1
1700828520.969001 4924 -1
1700828520.969143 54 1
1700828520.969341 54 1
1700828522.639308 223 1
1700828522.642843 234 1
1700828522.642936 230 1
1700828522.643367 232 1
1700828522.643449 222 1
1700828522.643541 221 1
1700828522.643621 230 1
1700828522.646691 60 -1
1700828522.646691 60 -1
1700828522.646691 60 -1
1700828522.646691 60 -1
1700828522.646691 60 -1
1700828522.646691 60 -1
1700828522.649165 981 -1
1700828522.649165 2974 -1
1700828522.649165 7354 -1
1700828522.649243 54 1
1700828522.657494 3993 -1
1700828522.657494 897 -1
1700828522.657494 5324 -1
1700828522.657494 882 -1
1700828522.657494 854 -1
1700828522.657494 3535 -1
1700828522.657494 1514 -1
1700828522.657494 5809 -1
1700828522.657494 905 -1
1700828522.657494 4434 -1
1700828522.657494 4081 -1
1700828522.657494 1052 -1
1700828522.657494 728 -1
1700828522.657494 4434 -1
1700828522.657494 7354 -1
1700828522.657494 4780 -1
1700828522.657494 1847 -1
1700828522.658002 54 1
1700828522.949690 230 1
1700828522.968415 930 -1
1700828522.968548 2974 -1
1700828522.968584 54 1
1700828522.968627 9097 -1
1700828522.968687 54 1
1700828525.133380 223 1
1700828525.137196 981 -1
1700828525.137290 5773 -1
1700828525.137338 54 1
1700828525.158120 222 1
1700828525.162893 927 -1
1700828525.163148 5283 -1
1700828525.163185 54 1
1700828525.170710 221 1
1700828525.171335 222 1
1700828525.182700 60 -1
1700828525.182700 858 -1
1700828525.182700 7354 -1
1700828525.182700 2924 -1
1700828525.182700 926 -1
1700828525.182700 7234 -1
1700828525.182899 54 1
1700828529.700661 54 1
1700828529.706837 78 -1
1700828529.706837 60 -1
1700828529.706906 54 1
1700828532.206098 66 1
1700828532.209549 66 -1
1700828532.209866 54 1
1700828532.211335 934 1
1700828532.224172 60 -1
1700828532.224172 318 -1
1700828532.225071 134 1
1700828532.225413 146 1
1700828532.226160 578 1
1700828532.226249 222 1
1700828532.226344 222 1
1700828532.226458 230 1
1700828532.227200 231 1
1700828532.227700 220 1
1700828532.228188 222 1
1700828532.228692 223 1
1700828532.240473 60 -1
1700828532.240473 60 -1
1700828532.240473 60 -1
1700828532.240473 60 -1
1700828532.240473 60 -1
1700828532.240473 60 -1
1700828532.240473 60 -1
1700828532.240473 60 -1
1700828532.240473 60 -1
1700828532.240473 60 -1
1700828532.240473 341 -1
1700828532.240473 115 -1
1700828532.240473 85 -1
1700828532.240473 926 -1
1700828532.240473 6757 -1
1700828532.240473 854 -1
1700828532.240473 4434 -1
1700828532.240473 1284 -1
1700828532.240473 7354 -1
1700828532.240473 4496 -1
1700828532.240473 5894 -1
1700828532.240473 2974 -1
1700828532.240473 4299 -1
1700828532.240473 4434 -1
1700828532.240473 7354 -1
1700828532.240473 7354 -1
1700828532.240473 1514 -1
1700828532.240473 2185 -1
1700828532.240473 980 -1
1700828532.240473 7354 -1
1700828532.240473 6359 -1
1700828532.241392 54 1
1700828532.241759 54 1
1700828532.245646 85 1
1700828532.246903 60 -1
1700828534.010296 223 1
1700828534.011361 60 -1
1700828534.013399 928 -1
1700828534.014537 7354 -1
1700828534.014730 54 1
1700828534.015967 2427 -1
1700828534.016021 54 1
1700828534.023184 223 1
1700828534.023279 230 1
1700828534.023693 230 1
1700828534.024691 232 1
1700828534.025934 221 1
1700828534.025992 60 -1
1700828534.025992 60 -1
1700828534.025992 60 -1
1700828534.025992 60 -1
1700828534.026967 60 -1
1700828534.028971 858 -1
1700828534.028971 1514 -1
1700828534.028971 7354 -1
1700828534.029062 54 1
1700828534.042603 3630 -1
1700828534.042603 980 -1
1700828534.042603 814 -1
1700828534.042603 1048 -1
1700828534.042603 732 -1
1700828534.042603 1514 -1
1700828534.042603 3020 -1
1700828534.042603 5480 -1
1700828534.042603 927 -1
1700828534.042603 7354 -1
1700828534.042603 1064 -1
1700828534.042603 1054 -1
1700828534.042603 730 -1
1700828534.042603 3763 -1
1700828534.043374 54 1
1700828535.768437 222 1
1700828535.770909 222 1
1700828535.771456 229 1
1700828535.773444 60 -1
1700828535.775750 235 1
1700828535.776133 222 1
1700828535.776220 225 1
1700828535.776580 224 1
1700828535.778020 927 -1
1700828535.778020 5014 -1
1700828535.778101 54 1
1700828535.779671 854 -1
1700828535.779671 3205 -1
1700828535.779740 54 1
1700828535.783650 905 -1
1700828535.783650 4145 -1
1700828535.783738 54 1
1700828535.785136 857 -1
1700828535.785136 2974 -1
1700828535.785178 54 1
1700828535.785225 7354 -1
1700828535.785269 54 1
1700828535.785928 869 -1
1700828535.785928 1052 -1
1700828535.785928 731 -1
1700828535.785973 54 1
1700828535.786960 5804 -1
1700828535.787014 54 1
1700828535.787338 928 -1
1700828535.787424 4522 -1
1700828535.787473 54 1
1700828535.806242 979 -1
1700828535.806242 814 -1
1700828535.806242 4392 -1
1700828535.806242 1472 -1
1700828535.806331 66 1
1700828537.561951 221 1
1700828537.567092 1050 -1
1700828537.567227 3528 -1
1700828537.567259 54 1
1700828537.567400 221 1
1700828537.567501 220 1
1700828537.569891 221 1
1700828537.569971 230 1
1700828537.570083 223 1
1700828537.571118 89 1
1700828537.583624 60 -1
1700828537.583624 1048 -1
1700828537.583624 733 -1
1700828537.583624 7354 -1
1700828537.583624 1386 -1
1700828537.583624 8773 -1
1700828537.583840 54 1
1700828537.595962 60 -1
1700828537.595962 931 -1
1700828537.595962 7225 -1
1700828537.595962 857 -1
1700828537.595962 4848 -1
1700828537.595962 1049 -1
1700828537.595962 733 -1
1700828537.595962 7354 -1
1700828537.595962 162 -1
1700828537.596302 54 1
1700828539.721537 54 1
1700828539.729182 78 -1
1700828539.729182 60 -1
1700828539.729471 54 1
1700828540.396355 66 1
1700828540.407995 66 -1
1700828540.408148 54 1
1700828540.411874 934 1
1700828540.432378 60 -1
1700828540.432378 318 -1
1700828540.433062 134 1
1700828540.433365 146 1
1700828540.433868 577 1
1700828540.433948 224 1
1700828540.434011 222 1
1700828540.434764 223 1
1700828540.435316 231 1
1700828540.436122 229 1
1700828540.443168 60 -1
1700828540.443168 60 -1
1700828540.443168 60 -1
1700828540.443168 60 -1
1700828540.443297 60 -1
1700828540.443297 60 -1
1700828540.443297 60 -1
1700828540.443297 60 -1
1700828540.443297 341 -1
1700828540.444967 115 -1
1700828540.444967 85 -1
1700828540.445029 54 1
1700828540.445906 925 -1
1700828540.445906 4499 -1
1700828540.445906 924 -1
1700828540.445906 4086 -1
1700828540.445999 54 1
1700828540.455454 85 1
1700828540.456902 976 -1
1700828540.456902 815 -1
1700828540.456902 928 -1
1700828540.456902 3595 -1
1700828540.456902 7354 -1
1700828540.456902 1428 -1
1700828540.456902 1051 -1
1700828540.456902 731 -1
1700828540.456902 7354 -1
1700828540.456902 3200 -1
1700828540.456902 928 -1
1700828540.456902 2921 -1
1700828540.457112 54 1
1700828540.465907 60 -1
1700828540.470578 222 1
1700828540.483813 60 -1
1700828540.483813 896 -1
1700828540.483813 8431 -1
1700828540.483944 54 1
1700828546.820285 54 1
