1700829788.449721 66 1
1700829788.451194 66 -1
1700829788.451261 54 1
1700829788.455210 572 1
1700829788.456615 60 -1
1700829788.464805 2779 -1
1700829788.464864 54 1
1700829788.487243 134 1
1700829788.490779 60 -1
1700829788.490779 341 -1
1700829788.490779 341 -1
1700829788.490872 54 1
1700829788.513687 146 1
1700829788.518475 60 -1
1700829788.518475 115 -1
1700829788.518475 85 -1
1700829788.518523 54 1
1700829788.540326 585 1
1700829788.541413 60 -1
1700829788.554672 1050 -1
1700829788.554738 736 -1
1700829788.554778 54 1
1700829788.556377 5029 -1
1700829788.556416 54 1
1700829788.559393 85 1
1700829788.602305 60 -1
1700829788.868746 231 1
1700829788.869032 231 1
1700829788.869154 234 1
1700829788.869254 232 1
1700829788.869345 231 1
1700829788.869466 232 1
1700829788.869573 234 1
1700829788.869692 232 1
1700829788.869828 230 1
1700829788.869938 230 1
1700829788.870035 230 1
1700829788.870627 60 -1
1700829788.870627 60 -1
1700829788.870627 60 -1
1700829788.870627 60 -1
1700829788.870722 60 -1
1700829788.870722 60 -1
1700829788.870722 60 -1
1700829788.888099 60 -1
1700829788.888099 60 -1
1700829788.888099 60 -1
1700829788.888099 60 -1
1700829788.888099 1052 -1
1700829788.888099 731 -1
1700829788.888099 976 -1
1700829788.888099 814 -1
1700829788.888099 970 -1
1700829788.888099 822 -1
1700829788.888099 5994 -1
1700829788.888245 54 1
1700829788.888561 978 -1
1700829788.888561 814 -1
1700829788.888561 1053 -1
1700829788.888561 6109 -1
1700829788.888561 1083 -1
1700829788.888561 682 -1
1700829788.888561 4118 -1
1700829788.888561 7948 -1
1700829788.888561 7354 -1
1700829788.888561 684 -1
1700829788.888561 854 -1
1700829788.888561 7354 -1
1700829788.888561 1101 -1
1700829788.888561 1055 -1
1700829788.888561 1514 -1
1700829788.888561 1514 -1
1700829788.888561 167 -1
1700829788.888561 5437 -1
1700829788.888851 54 1
1700829788.920344 7354 -1
1700829788.920344 7354 -1
1700829788.920344 939 -1
1700829788.920344 735 -1
1700829788.920344 3233 -1
1700829788.920344 313 -1
1700829788.920553 66 1
1700829788.924119 54 1
1700829795.083051 228 1
1700829795.083163 232 1
1700829795.083254 231 1
1700829795.083458 232 1
1700829795.083559 232 1
1700829795.083617 232 1
1700829795.086338 60 -1
1700829795.086338 60 -1
1700829795.086338 60 -1
1700829795.086338 60 -1
1700829795.086338 60 -1
1700829795.086338 60 -1
1700829795.103707 977 -1
1700829795.103953 812 -1
1700829795.103953 980 -1
1700829795.103953 811 -1
1700829795.103953 1022 -1
1700829795.103953 3192 -1
1700829795.103953 2478 -1
1700829795.103953 807 -1
1700829795.103953 1072 -1
1700829795.103953 698 -1
1700829795.103953 8814 -1
1700829795.103953 2449 -1
1700829795.103953 2717 -1
1700829795.103953 1051 -1
1700829795.103953 730 -1
1700829795.103953 7354 -1
1700829795.103953 211 -1
1700829795.103953 1109 -1
1700829795.103953 653 -1
1700829795.104139 54 1
1700829795.108086 4003 -1
1700829795.108134 54 1
1700829795.117266 89 1
1700829795.126660 60 -1
1700829795.138855 54 1
1700829795.167650 78 -1
1700829795.167712 54 1
1700829795.168381 60 -1
1700829798.010112 66 1
1700829798.012389 66 -1
1700829798.012477 54 1
1700829798.070298 966 1
1700829798.083393 60 -1
1700829798.083393 318 -1
1700829798.140028 134 1
1700829798.140429 146 1
1700829798.140740 564 1
1700829798.145073 60 -1
1700829798.145073 341 -1
1700829798.146689 60 -1
1700829798.146689 60 -1
1700829798.147389 115 -1
1700829798.147389 85 -1
1700829798.147430 54 1
1700829798.151227 883 -1
1700829798.151227 2425 -1
1700829798.151312 54 1
1700829798.187123 85 1
1700829798.198987 60 -1
1700829799.424465 232 1
1700829799.424595 230 1
1700829799.427825 228 1
1700829799.428460 230 1
1700829799.429225 234 1
1700829799.429308 230 1
1700829799.433379 60 -1
1700829799.433490 60 -1
1700829799.433490 60 -1
1700829799.433490 60 -1
1700829799.433490 60 -1
1700829799.433490 60 -1
1700829799.446743 982 -1
1700829799.446836 809 -1
1700829799.446860 54 1
1700829799.450472 5894 -1
1700829799.450544 54 1
1700829799.450842 4533 -1
1700829799.450889 54 1
1700829799.451516 1514 -1
1700829799.451564 1925 -1
1700829799.451582 54 1
1700829799.452056 1514 -1
1700829799.452077 54 1
1700829799.452168 2105 -1
1700829799.452201 54 1
1700829799.452557 3863 -1
1700829799.452591 54 1
1700829799.456606 1052 -1
1700829799.456606 729 -1
1700829799.456657 54 1
1700829799.459155 5995 -1
1700829799.459211 54 1
1700829799.459520 1057 -1
1700829799.459591 723 -1
1700829799.459616 54 1
1700829799.468453 7354 -1
1700829799.468511 54 1
1700829799.469767 4881 -1
1700829799.469831 54 1
1700829799.471795 1056 -1
1700829799.471851 54 1
1700829799.471902 730 -1
1700829799.472064 2550 -1
1700829799.472090 54 1
1700829802.286908 232 1
1700829802.287061 230 1
1700829802.287144 229 1
1700829802.287234 232 1
1700829802.300983 60 -1
1700829802.307324 980 -1
1700829802.307324 812 -1
1700829802.307383 54 1
1700829802.309177 6350 -1
1700829802.309236 54 1
1700829802.314567 1031 -1
1700829802.314567 755 -1
1700829802.314567 5828 -1
1700829802.314567 967 -1
1700829802.314567 857 -1
1700829802.314567 6946 -1
1700829802.314567 1054 -1
1700829802.314567 722 -1
1700829802.314567 3005 -1
1700829802.314739 54 1
1700829803.906426 230 1
1700829803.906610 230 1
1700829803.911082 60 -1
1700829803.920849 1030 -1
1700829803.920849 742 -1
1700829803.921192 54 1
1700829803.921261 1988 -1
1700829803.921286 54 1
1700829803.923400 89 1
1700829803.930763 979 -1
1700829803.930763 814 -1
1700829803.930852 54 1
1700829803.939097 7296 -1
1700829803.939200 54 1
1700829805.132741 54 1
1700829805.133857 78 -1
1700829805.133897 54 1
1700829805.138424 60 -1
1700829805.632861 66 1
1700829805.648316 66 -1
1700829805.648735 54 1
1700829805.649279 902 1
1700829805.659155 60 -1
1700829805.660173 318 -1
1700829805.661358 134 1
1700829805.662215 146 1
1700829805.662543 341 -1
1700829805.662704 585 1
1700829805.662787 231 1
1700829805.663094 234 1
1700829805.663181 230 1
1700829805.663207 60 -1
1700829805.663254 115 -1
1700829805.663254 85 -1
1700829805.663281 54 1
1700829805.663446 85 1
1700829805.672239 60 -1
1700829805.672239 60 -1
1700829805.672239 60 -1
1700829805.672239 60 -1
1700829805.672239 1050 -1
1700829805.672239 731 -1
1700829805.672613 54 1
1700829805.683233 2334 -1
1700829805.683233 1049 -1
1700829805.683233 732 -1
1700829805.683233 4515 -1
1700829805.683233 978 -1
1700829805.683233 814 -1
1700829805.683233 7354 -1
1700829805.683233 1421 -1
1700829805.683233 1055 -1
1700829805.683233 729 -1
1700829805.683233 7354 -1
1700829805.683233 88 -1
1700829805.683445 54 1
1700829807.151709 231 1
1700829807.154428 229 1
1700829807.155672 60 -1
1700829807.156652 230 1
1700829807.157243 230 1
1700829807.158730 60 -1
1700829807.161284 981 -1
1700829807.161284 810 -1
1700829807.161346 54 1
1700829807.162744 4157 -1
1700829807.162773 54 1
1700829807.162897 981 -1
1700829807.162918 54 1
1700829807.162989 811 -1
1700829807.164214 231 1
1700829807.167224 3452 -1
1700829807.167423 54 1
1700829807.173330 812 -1
1700829807.173330 979 -1
1700829807.173330 729 -1
1700829807.173330 1053 -1
1700829807.173330 6284 -1
1700829807.173330 7354 -1
1700829807.173330 3063 -1
1700829807.173566 66 1
1700829807.173659 54 1
1700829807.173696 66 1
1700829807.173734 54 1
1700829807.173781 54 1
1700829807.173869 1072 -1
1700829807.173869 701 -1
1700829807.173869 7672 -1
1700829807.173901 54 1
1700829810.612158 232 1
1700829810.612394 232 1
1700829810.615714 60 -1
1700829810.616746 225 1
1700829810.622404 982 -1
1700829810.622404 811 -1
1700829810.622404 7354 -1
1700829810.622486 54 1
1700829810.622621 4434 -1
1700829810.622659 54 1
1700829810.622821 1514 -1
1700829810.622960 1998 -1
1700829810.622984 54 1
1700829810.628806 978 -1
1700829810.628806 813 -1
1700829810.628806 4612 -1
1700829810.628806 982 -1
1700829810.628806 810 -1
1700829810.628806 5449 -1
1700829810.628936 54 1
1700829812.263700 221 1
1700829812.265186 231 1
1700829812.266893 60 -1
1700829812.268213 221 1
1700829812.268296 225 1
1700829812.268670 222 1
1700829812.268759 223 1
1700829812.268820 224 1
1700829812.268899 231 1
1700829812.269916 60 -1
1700829812.276299 1051 -1
1700829812.276299 728 -1
1700829812.276299 980 -1
1700829812.276299 804 -1
1700829812.276411 54 1
1700829812.276555 7354 -1
1700829812.276621 54 1
1700829812.276926 2378 -1
1700829812.276957 54 1
1700829812.277790 6137 -1
1700829812.277824 54 1
1700829812.281150 1053 -1
1700829812.281150 728 -1
1700829812.281150 1050 -1
1700829812.281150 731 -1
1700829812.281232 54 1
1700829812.281859 5000 -1
1700829812.281907 54 1
1700829812.281947 1056 -1
1700829812.282419 7705 -1
1700829812.282455 54 1
1700829812.289593 1728 -1
1700829812.289593 6513 -1
1700829812.289593 3622 -1
1700829812.289705 54 1
1700829812.294280 89 1
1700829812.295208 1051 -1
1700829812.295208 731 -1
1700829812.295286 54 1
1700829812.304225 6964 -1
1700829812.304335 54 1
1700829812.366929 1053 -1
1700829812.366929 730 -1
1700829812.367138 54 1
1700829812.372612 4434 -1
1700829812.372612 3726 -1
1700829812.372759 54 1
1700829813.885945 221 1
1700829813.887416 223 1
1700829813.888658 223 1
1700829813.897921 222 1
1700829813.898056 221 1
1700829813.898156 226 1
1700829813.905256 60 -1
1700829813.905256 1052 -1
1700829813.905256 730 -1
1700829813.905256 7354 -1
1700829813.905256 1923 -1
1700829813.905256 1052 -1
1700829813.905256 730 -1
1700829813.905256 1514 -1
1700829813.905256 2804 -1
1700829813.905475 54 1
1700829813.912011 60 -1
1700829813.912011 1344 -1
1700829813.912180 66 1
1700829813.914007 984 -1
1700829813.914007 802 -1
1700829813.914074 54 1
1700829813.914506 7114 -1
1700829813.914582 54 1
1700829813.916680 980 -1
1700829813.916680 812 -1
1700829813.916680 3257 -1
1700829813.916742 54 1
1700829813.923471 978 -1
1700829813.923471 810 -1
1700829813.923561 54 1
1700829813.923630 1053 -1
1700829813.923630 731 -1
1700829813.923665 54 1
1700829813.925956 7354 -1
1700829813.926026 54 1
1700829813.926502 523 -1
1700829813.926529 54 1
1700829813.939461 7307 -1
1700829813.939538 54 1
1700829815.156860 54 1
1700829815.165585 78 -1
1700829815.165673 54 1
1700829815.165758 60 -1
1700829815.937552 66 1
1700829815.938711 66 -1
1700829815.938816 54 1
1700829815.939702 934 1
1700829815.940763 60 -1
1700829815.941528 318 -1
1700829815.941985 134 1
1700829815.942862 146 1
1700829815.943069 60 -1
1700829815.943069 341 -1
1700829815.943826 60 -1
1700829815.943872 576 1
1700829815.943959 115 -1
1700829815.943960 222 1
1700829815.943959 85 -1
1700829815.944002 54 1
1700829815.944104 224 1
1700829815.944199 222 1
1700829815.944274 222 1
1700829815.944355 224 1
1700829815.944936 85 1
1700829815.944940 60 -1
1700829815.944940 60 -1
1700829815.945387 60 -1
1700829815.945387 60 -1
1700829815.945387 60 -1
1700829815.945387 60 -1
1700829815.945854 60 -1
1700829815.950906 1017 -1
1700829815.950906 774 -1
1700829815.950961 54 1
1700829815.951007 981 -1
1700829815.951007 813 -1
1700829815.951057 54 1
1700829815.951146 5994 -1
1700829815.951185 54 1
1700829815.951577 4843 -1
1700829815.951615 54 1
1700829815.951913 1034 -1
1700829815.951933 54 1
1700829815.952016 738 -1
1700829815.952462 1057 -1
1700829815.952462 729 -1
1700829815.952490 54 1
1700829815.953336 7354 -1
1700829815.953378 54 1
1700829815.953488 2950 -1
1700829815.953515 54 1
1700829815.954481 5174 -1
1700829815.954519 54 1
1700829815.956980 982 -1
1700829815.956980 807 -1
1700829815.957014 54 1
1700829815.957217 5054 -1
1700829815.957238 54 1
1700829815.960067 983 -1
1700829815.960067 801 -1
1700829815.960110 54 1
1700829815.960756 3484 -1
1700829815.960787 54 1
1700829819.441552 223 1
1700829819.441691 230 1
1700829819.443120 229 1
1700829819.443875 224 1
1700829819.443972 224 1
1700829819.444249 228 1
1700829819.444872 221 1
1700829819.445279 60 -1
1700829819.456638 1053 -1
1700829819.456638 725 -1
1700829819.456638 1044 -1
1700829819.456638 775 -1
1700829819.456697 54 1
1700829819.457050 1050 -1
1700829819.457050 3461 -1
1700829819.457101 54 1
1700829819.457147 5504 -1
1700829819.457185 54 1
1700829819.457574 769 -1
1700829819.457574 1071 -1
1700829819.457603 54 1
1700829819.457677 701 -1
1700829819.457712 3259 -1
1700829819.457730 54 1
1700829819.461624 1103 -1
1700829819.461624 663 -1
1700829819.461663 54 1
1700829819.461818 5736 -1
1700829819.461851 54 1
1700829819.462233 977 -1
1700829819.462233 816 -1
1700829819.462233 1029 -1
1700829819.462273 54 1
1700829819.462299 763 -1
1700829819.462311 54 1
1700829819.464453 3965 -1
1700829819.464482 54 1
1700829819.464725 4944 -1
1700829819.464760 54 1
1700829819.465515 7354 -1
1700829819.465583 54 1
1700829819.465665 3812 -1
1700829819.465688 54 1
1700829821.044912 222 1
1700829821.051644 984 -1
1700829821.051644 811 -1
1700829821.051736 54 1
1700829821.051787 5894 -1
1700829821.051818 54 1
1700829821.051960 2120 -1
1700829821.051987 54 1
1700829821.055778 224 1
1700829821.057253 221 1
1700829821.058298 234 1
1700829821.059064 60 -1
1700829821.060169 89 1
1700829821.060303 223 1
1700829821.061863 60 -1
1700829821.064899 949 -1
1700829821.064899 856 -1
1700829821.064947 54 1
1700829821.065584 7305 -1
1700829821.065637 54 1
1700829821.066042 1069 -1
1700829821.066090 54 1
1700829821.066200 706 -1
1700829821.066778 1514 -1
1700829821.066805 54 1
1700829821.066834 1514 -1
1700829821.066907 7354 -1
1700829821.066956 54 1
1700829821.067473 1316 -1
1700829821.067572 980 -1
1700829821.067594 54 1
1700829821.067648 812 -1
1700829821.067698 1052 -1
1700829821.067712 54 1
1700829821.067787 730 -1
1700829821.072274 7354 -1
1700829821.072274 1590 -1
1700829821.072274 4434 -1
1700829821.072274 4825 -1
1700829821.072426 54 1
1700829822.703626 234 1
1700829822.703752 235 1
1700829822.703853 217 1
1700829822.703955 232 1
1700829822.704054 230 1
1700829822.704162 222 1
1700829822.714969 60 -1
1700829822.725666 1051 -1
1700829822.725666 729 -1
1700829822.725666 1021 -1
1700829822.725666 773 -1
1700829822.725785 54 1
1700829822.732594 976 -1
1700829822.732860 813 -1
1700829822.732860 1050 -1
1700829822.732860 733 -1
1700829822.732860 982 -1
1700829822.732860 809 -1
1700829822.732860 2164 -1
1700829822.733074 54 1
1700829822.733336 4484 -1
1700829822.733385 54 1
1700829822.733555 7672 -1
1700829822.733602 54 1
1700829822.742962 2738 -1
1700829822.743049 54 1
1700829822.743134 7354 -1
1700829822.743177 54 1
1700829822.743675 7354 -1
1700829822.743719 54 1
1700829822.744288 1860 -1
1700829822.744326 54 1
1700829822.744442 85 -1
1700829822.744442 10274 -1
1700829822.744489 54 1
1700829822.745229 6240 -1
1700829822.745270 54 1
1700829822.745747 16522 -1
1700829822.745813 54 1
1700829822.747111 11734 -1
1700829822.747288 54 1
1700829822.748052 4811 -1
1700829822.748111 54 1
1700829822.748443 1514 -1
1700829822.748478 54 1
1700829822.748564 7354 -1
1700829822.748591 54 1
1700829822.749561 2974 -1
1700829822.749561 7354 -1
1700829822.749619 54 1
1700829822.750023 2974 -1
1700829822.750063 54 1
1700829822.750355 7354 -1
1700829822.750386 54 1
1700829822.750893 7354 -1
1700829822.750952 54 1
1700829822.751526 7354 -1
1700829822.751560 54 1
1700829822.752236 5534 -1
1700829822.752276 54 1
1700829822.752537 6982 -1
1700829822.752577 54 1
1700829822.753138 1073 -1
1700829822.753202 735 -1
1700829822.753225 54 1
1700829822.755830 5940 -1
1700829822.755889 54 1
1700829824.831701 223 1
1700829824.832279 225 1
1700829824.832792 222 1
1700829824.833272 230 1
1700829824.833739 222 1
1700829824.835165 229 1
1700829824.845352 60 -1
1700829824.845678 979 -1
1700829824.845678 811 -1
1700829824.845678 976 -1
1700829824.845678 814 -1
1700829824.845678 3512 -1
1700829824.845756 54 1
1700829824.847367 7354 -1
1700829824.847367 1668 -1
1700829824.847367 1054 -1
1700829824.847367 723 -1
1700829824.847367 2974 -1
1700829824.847367 2514 -1
1700829824.847511 54 1
1700829824.858410 1101 -1
1700829824.858410 664 -1
1700829824.858410 4321 -1
1700829824.858410 981 -1
1700829824.858410 809 -1
1700829824.858410 5448 -1
1700829824.858410 983 -1
1700829824.858410 808 -1
1700829824.858531 54 1
1700829824.871380 2974 -1
1700829824.871380 7134 -1
1700829824.871501 54 1
1700829825.168764 54 1
1700829825.170637 78 -1
1700829825.170637 60 -1
1700829825.170672 54 1
1700829828.959976 66 1
1700829828.961402 66 -1
1700829828.961507 54 1
1700829828.963116 870 1
1700829828.964489 60 -1
1700829828.965003 318 -1
1700829828.965543 134 1
1700829828.966614 60 -1
1700829828.966680 146 1
1700829828.966794 341 -1
1700829828.967780 60 -1
1700829828.967780 115 -1
1700829828.967780 85 -1
1700829828.967811 54 1
1700829828.967885 85 1
1700829828.968015 579 1
1700829828.968118 230 1
1700829828.968216 231 1
1700829828.972815 60 -1
1700829828.972815 60 -1
1700829828.973701 223 1
1700829828.974370 60 -1
1700829828.974370 60 -1
1700829829.004623 60 -1
1700829829.004623 1057 -1
1700829829.004623 726 -1
1700829829.004623 2974 -1
1700829829.004623 7354 -1
1700829829.004623 2974 -1
1700829829.004623 1992 -1
1700829829.004623 1047 -1
1700829829.004623 733 -1
1700829829.004623 1044 -1
1700829829.004623 776 -1
1700829829.004623 4775 -1
1700829829.004623 1050 -1
1700829829.004623 768 -1
1700829829.004623 7354 -1
1700829829.004623 4666 -1
1700829829.004623 2974 -1
1700829829.004623 6860 -1
1700829829.004623 1020 -1
1700829829.005074 66 1
1700829830.625863 220 1
1700829830.626746 222 1
1700829830.626826 223 1
1700829830.626903 223 1
1700829830.626977 221 1
1700829830.628961 60 -1
1700829830.646958 1053 -1
1700829830.646958 731 -1
1700829830.646958 980 -1
1700829830.646958 812 -1
1700829830.647069 54 1
1700829830.648408 7354 -1
1700829830.648451 54 1
1700829830.649439 1043 -1
1700829830.649439 1082 -1
1700829830.649439 688 -1
1700829830.649439 1052 -1
1700829830.649439 730 -1
1700829830.649439 979 -1
1700829830.649439 817 -1
1700829830.649439 4334 -1
1700829830.649539 54 1
1700829830.656858 1514 -1
1700829830.656858 2697 -1
1700829830.656858 3785 -1
1700829830.656965 54 1
1700829830.657111 6067 -1
1700829830.657161 54 1
1700829832.242792 221 1
1700829832.248384 223 1
1700829832.250552 60 -1
1700829832.255646 982 -1
1700829832.255646 812 -1
1700829832.255720 54 1
1700829832.255796 7354 -1
1700829832.255842 54 1
1700829832.256241 222 1
1700829832.256314 224 1
1700829832.256369 230 1
1700829832.256443 225 1
1700829832.256513 764 -1
1700829832.257452 232 1
1700829832.257714 60 -1
1700829832.269853 978 -1
1700829832.269853 811 -1
1700829832.269853 976 -1
1700829832.269853 816 -1
1700829832.269853 2067 -1
1700829832.269971 54 1
1700829832.272226 2974 -1
1700829832.272291 54 1
1700829832.272644 3580 -1
1700829832.272644 1050 -1
1700829832.272644 731 -1
1700829832.272644 984 -1
1700829832.272808 54 1
1700829832.281203 811 -1
1700829832.281203 6449 -1
1700829832.281203 980 -1
1700829832.281203 812 -1
1700829832.281203 5497 -1
1700829832.281203 1050 -1
1700829832.281203 740 -1
1700829832.281203 4434 -1
1700829832.281203 1514 -1
1700829832.281203 7354 -1
1700829832.281203 3320 -1
1700829832.281203 1527 -1
1700829832.281203 2469 -1
1700829832.281437 54 1
1700829835.149486 222 1
1700829835.149590 231 1
1700829835.149656 230 1
1700829835.150684 60 -1
1700829835.150965 229 1
1700829835.151046 222 1
1700829835.151119 224 1
1700829835.152811 60 -1
1700829835.157217 1053 -1
1700829835.157217 733 -1
1700829835.157217 2673 -1
1700829835.157217 1035 -1
1700829835.157293 54 1
1700829835.157351 727 -1
1700829835.157366 54 1
1700829835.157685 8814 -1
1700829835.157737 54 1
1700829835.158497 2475 -1
1700829835.158497 1033 -1
1700829835.158497 737 -1
1700829835.158497 1514 -1
1700829835.158551 54 1
1700829835.158656 2817 -1
1700829835.158686 54 1
1700829835.159127 1074 -1
1700829835.159127 699 -1
1700829835.159158 54 1
1700829835.159545 6614 -1
1700829835.159581 54 1
1700829835.159874 1082 -1
1700829835.159874 688 -1
1700829835.159904 54 1
1700829835.159942 4247 -1
1700829835.159966 54 1
1700829835.177039 1055 -1
1700829835.177039 730 -1
1700829835.177039 2844 -1
1700829835.177130 54 1
1700829835.187918 54 1
1700829835.189796 78 -1
1700829835.189796 60 -1
1700829835.189948 54 1
1700829839.747957 66 1
1700829839.749029 66 -1
1700829839.749113 54 1
1700829839.750150 902 1
1700829839.751191 60 -1
1700829839.752004 318 -1
1700829839.752318 134 1
1700829839.752490 146 1
1700829839.752915 584 1
1700829839.752999 223 1
1700829839.753089 216 1
1700829839.753171 221 1
1700829839.753283 220 1
1700829839.753582 60 -1
1700829839.753582 60 -1
1700829839.754190 341 -1
1700829839.754365 115 -1
1700829839.754365 60 -1
1700829839.754365 85 -1
1700829839.754365 60 -1
1700829839.754365 60 -1
1700829839.754412 54 1
1700829839.754738 60 -1
1700829839.754738 60 -1
1700829839.756045 85 1
1700829839.757035 60 -1
1700829839.759240 1052 -1
1700829839.759240 730 -1
1700829839.759286 54 1
1700829839.760075 7354 -1
1700829839.760113 54 1
1700829839.760577 3597 -1
1700829839.760606 54 1
1700829839.764342 1051 -1
1700829839.764342 731 -1
1700829839.764398 54 1
1700829839.764454 4683 -1
1700829839.764491 54 1
1700829839.772922 983 -1
1700829839.772922 812 -1
1700829839.772922 4455 -1
1700829839.773051 54 1
1700829839.780796 947 -1
1700829839.780796 858 -1
1700829839.780796 984 -1
1700829839.780796 807 -1
1700829839.780912 54 1
1700829839.781102 6084 -1
1700829839.781133 54 1
1700829839.783909 7354 -1
1700829839.783909 7354 -1
1700829839.783909 1860 -1
1700829839.783909 85 -1
1700829839.783909 2974 -1
1700829839.783909 7354 -1
1700829839.783909 1514 -1
1700829839.783909 4780 -1
1700829839.784070 54 1
1700829839.785055 10274 -1
1700829839.785055 1514 -1
1700829839.785134 54 1
1700829839.786711 7354 -1
1700829839.786711 7354 -1
1700829839.786711 6648 -1
1700829839.786811 54 1
1700829839.787059 5894 -1
1700829839.787100 54 1
1700829839.788195 7354 -1
1700829839.788195 3351 -1
1700829839.788289 54 1
1700829839.789626 85 -1
1700829839.789626 8814 -1
1700829839.789626 7354 -1
1700829839.789626 7354 -1
1700829839.789726 54 1
1700829839.791332 2974 -1
1700829839.791332 1514 -1
1700829839.791332 7354 -1
1700829839.791332 7354 -1
1700829839.791432 54 1
1700829839.791894 7354 -1
1700829839.791945 54 1
1700829839.803764 10274 -1
1700829839.803764 7354 -1
1700829839.803764 7354 -1
1700829839.803764 7354 -1
1700829839.803764 7354 -1
1700829839.803764 2974 -1
1700829839.803764 7354 -1
1700829839.803764 7354 -1
1700829839.803764 7354 -1
1700829839.803764 7354 -1
1700829839.803764 7354 -1
1700829839.803764 7354 -1
1700829839.803764 7354 -1
1700829839.803764 2974 -1
1700829839.803764 1514 -1
1700829839.803764 2974 -1
1700829839.803764 5894 -1
1700829839.803764 7354 -1
1700829839.803764 7354 -1
1700829839.803764 7354 -1
1700829839.803764 7354 -1
1700829839.804656 54 1
1700829839.805042 54 1
1700829839.805051 54 1
1700829839.805176 7354 -1
1700829839.805176 7354 -1
1700829839.805176 5894 -1
1700829839.805277 54 1
1700829839.805447 54 1
1700829839.806870 7354 -1
1700829839.806870 7354 -1
1700829839.806870 7354 -1
1700829839.806959 54 1
1700829839.807477 1514 -1
1700829839.807477 7354 -1
1700829839.807525 54 1
1700829839.808558 1514 -1
1700829839.808558 7354 -1
1700829839.808624 54 1
1700829839.808873 7354 -1
1700829839.808916 54 1
1700829839.809528 1514 -1
1700829839.809528 7354 -1
1700829839.809582 54 1
1700829839.810223 5894 -1
1700829839.810264 54 1
1700829839.811918 1514 -1
1700829839.811918 1514 -1
1700829839.811918 5894 -1
1700829839.811918 7354 -1
1700829839.812015 54 1
1700829839.812072 5894 -1
1700829839.812120 54 1
1700829839.821802 2974 -1
1700829839.821802 7354 -1
1700829839.821802 7354 -1
1700829839.821802 7354 -1
1700829839.821802 2974 -1
1700829839.821802 7354 -1
1700829839.821802 5894 -1
1700829839.821802 1514 -1
1700829839.821802 962 -1
1700829839.821802 5894 -1
1700829839.821802 7354 -1
1700829839.821802 1514 -1
1700829839.821802 7354 -1
1700829839.821802 30714 -1
1700829839.821802 7354 -1
1700829839.821802 4434 -1
1700829839.821802 7354 -1
1700829839.822366 54 1
1700829839.822488 7354 -1
1700829839.822525 54 1
1700829839.822859 54 1
1700829839.822988 54 1
1700829839.823472 7354 -1
1700829839.823472 7354 -1
1700829839.823529 54 1
1700829839.823837 7354 -1
1700829839.823884 54 1
1700829839.825640 7354 -1
1700829839.825640 7354 -1
1700829839.825640 7354 -1
1700829839.825743 54 1
1700829839.826806 5894 -1
1700829839.826806 7354 -1
1700829839.826857 54 1
1700829839.829094 7354 -1
1700829839.829094 7354 -1
1700829839.829094 7354 -1
1700829839.829244 54 1
1700829839.829394 4434 -1
1700829839.829436 54 1
1700829839.831572 7354 -1
1700829839.831572 14654 -1
1700829839.831572 7354 -1
1700829839.831723 54 1
1700829839.831936 1257 -1
1700829839.831969 54 1
1700829839.832071 7354 -1
1700829839.832114 54 1
1700829839.832648 2974 -1
1700829839.832682 54 1
1700829839.832972 2974 -1
1700829839.833015 54 1
1700829839.833181 7354 -1
1700829839.833235 54 1
1700829839.838249 7354 -1
1700829839.838249 7354 -1
1700829839.838249 7354 -1
1700829839.838249 7354 -1
1700829839.838249 1514 -1
1700829839.838249 7354 -1
1700829839.838249 5894 -1
1700829839.838249 413 -1
1700829839.838249 16460 -1
1700829839.838520 54 1
1700829839.838837 85 -1
1700829839.838837 16460 -1
1700829839.838943 54 1
1700829839.840782 14654 -1
1700829839.840858 54 1
1700829839.841384 1891 -1
1700829839.841428 54 1
1700829839.841538 85 -1
1700829839.841538 7354 -1
1700829839.841596 54 1
1700829839.842187 7354 -1
1700829839.842253 54 1
1700829839.842767 7354 -1
1700829839.842822 54 1
1700829839.843418 7354 -1
1700829839.843496 54 1
1700829839.843962 3697 -1
1700829839.843991 54 1
1700829839.844266 2974 -1
1700829839.844307 54 1
1700829839.844514 7354 -1
1700829839.844553 54 1
1700829839.845171 7354 -1
1700829839.845250 54 1
1700829839.845771 20494 -1
1700829839.845874 54 1
1700829839.847431 7354 -1
1700829839.847481 54 1
1700829839.848031 7354 -1
1700829839.848088 54 1
1700829839.848650 7354 -1
1700829839.848688 54 1
1700829839.849289 4434 -1
1700829839.849331 54 1
1700829839.849605 7354 -1
1700829839.849640 54 1
1700829839.850225 7354 -1
1700829839.850269 54 1
1700829839.850876 7354 -1
1700829839.850932 54 1
1700829839.851413 7354 -1
1700829839.851450 54 1
1700829839.852015 7354 -1
1700829839.852053 54 1
1700829839.852615 1514 -1
1700829839.852655 54 1
1700829839.852735 7354 -1
1700829839.852792 54 1
1700829839.853421 5894 -1
1700829839.853473 54 1
1700829839.853896 7354 -1
1700829839.853959 54 1
1700829839.855234 7354 -1
1700829839.855299 54 1
1700829839.855341 5894 -1
1700829839.855386 54 1
1700829839.856291 2974 -1
1700829839.856291 7354 -1
1700829839.856364 54 1
1700829839.856608 7354 -1
1700829839.856648 54 1
1700829839.857155 1514 -1
1700829839.857193 54 1
1700829839.857408 7354 -1
1700829839.857444 54 1
1700829839.857878 4434 -1
1700829839.857922 54 1
1700829839.858501 7354 -1
1700829839.858543 54 1
1700829839.858975 7354 -1
1700829839.859091 54 1
1700829839.859542 7354 -1
1700829839.859638 54 1
1700829839.860057 7354 -1
1700829839.860100 54 1
1700829839.860744 7354 -1
1700829839.860785 54 1
1700829839.861604 4434 -1
1700829839.861640 54 1
1700829839.861709 4434 -1
1700829839.861726 54 1
1700829839.862070 7354 -1
1700829839.862100 54 1
1700829839.862700 7354 -1
1700829839.862738 54 1
1700829839.863396 164 -1
1700829839.863418 54 1
1700829839.863452 7354 -1
1700829839.863493 54 1
1700829839.863897 2974 -1
1700829839.863931 54 1
1700829839.864144 7354 -1
1700829839.864182 54 1
1700829839.864773 4434 -1
1700829839.864814 54 1
1700829839.865117 7354 -1
1700829839.865175 54 1
1700829839.865737 7354 -1
1700829839.865832 54 1
1700829839.866402 2974 -1
1700829839.866423 54 1
1700829839.866570 5894 -1
1700829839.866609 54 1
1700829839.867068 7354 -1
1700829839.867104 54 1
1700829839.867668 7354 -1
1700829839.867718 54 1
1700829839.868422 4434 -1
1700829839.868475 54 1
1700829839.868632 7354 -1
1700829839.868776 54 1
1700829839.869473 7354 -1
1700829839.869515 54 1
1700829839.871449 2974 -1
1700829839.871449 7354 -1
1700829839.871449 7354 -1
1700829839.871449 2974 -1
1700829839.871577 54 1
1700829839.871630 1514 -1
1700829839.871815 4434 -1
1700829839.871861 54 1
1700829839.872061 7354 -1
1700829839.872110 54 1
1700829839.875960 7354 -1
1700829839.875960 2974 -1
1700829839.875960 1514 -1
1700829839.875960 4434 -1
1700829839.875960 7354 -1
1700829839.875960 7354 -1
1700829839.875960 1514 -1
1700829839.875960 7354 -1
1700829839.875960 7354 -1
1700829839.876183 54 1
1700829839.876952 1514 -1
1700829839.876952 7354 -1
1700829839.877001 54 1
1700829839.877380 7354 -1
1700829839.877425 54 1
1700829839.877727 54 1
1700829839.880522 7354 -1
1700829839.880522 5894 -1
1700829839.880522 4434 -1
1700829839.880522 7354 -1
1700829839.880522 7354 -1
1700829839.880653 54 1
1700829839.880713 2974 -1
1700829839.880734 54 1
1700829839.880819 1514 -1
1700829839.880892 7354 -1
1700829839.880916 54 1
1700829839.881903 5894 -1
1700829839.881950 54 1
1700829839.882022 7354 -1
1700829839.882077 54 1
1700829839.882905 2974 -1
1700829839.882905 2974 -1
1700829839.882941 54 1
1700829839.883168 2974 -1
1700829839.883189 54 1
1700829839.883652 7354 -1
1700829839.883687 54 1
1700829839.884048 1514 -1
1700829839.884884 4434 -1
1700829839.884884 1514 -1
1700829839.884884 1514 -1
1700829839.884936 54 1
1700829839.884971 7354 -1
1700829839.885033 54 1
1700829839.885551 5894 -1
1700829839.885596 54 1
1700829839.885799 1514 -1
1700829839.885829 54 1
1700829839.885871 7354 -1
1700829839.885923 54 1
1700829839.886564 1514 -1
1700829839.886608 54 1
1700829839.886657 7354 -1
1700829839.886693 54 1
1700829839.887580 1514 -1
1700829839.887608 54 1
1700829839.887980 7354 -1
1700829839.887980 7354 -1
1700829839.888052 54 1
1700829839.889319 5894 -1
1700829839.889319 7354 -1
1700829839.889421 54 1
1700829839.893245 4434 -1
1700829839.893245 7354 -1
1700829839.893245 4434 -1
1700829839.893245 2974 -1
1700829839.893245 1514 -1
1700829839.893245 4434 -1
1700829839.893245 4434 -1
1700829839.893245 4434 -1
1700829839.893245 1514 -1
1700829839.893245 2974 -1
1700829839.893245 4434 -1
1700829839.893621 54 1
1700829839.894863 4434 -1
1700829839.894863 4434 -1
1700829839.894863 4434 -1
1700829839.894863 4434 -1
1700829839.894863 4434 -1
1700829839.894987 54 1
1700829839.895861 4434 -1
1700829839.895861 4434 -1
1700829839.895861 4434 -1
1700829839.895947 54 1
1700829839.896260 4434 -1
1700829839.896302 54 1
1700829839.898015 4434 -1
1700829839.898015 4434 -1
1700829839.898015 4434 -1
1700829839.898015 4434 -1
1700829839.898015 4434 -1
1700829839.898139 54 1
1700829839.899433 4434 -1
1700829839.899433 2187 -1
1700829839.899433 4434 -1
1700829839.899433 4434 -1
1700829839.899518 54 1
1700829839.899573 4434 -1
1700829839.899628 54 1
1700829839.899994 7354 -1
1700829839.900034 54 1
1700829839.900594 3918 -1
1700829839.900627 54 1
1700829841.460716 221 1
1700829841.461142 223 1
1700829841.461626 220 1
1700829841.462017 60 -1
1700829841.462368 60 -1
1700829841.462813 60 -1
1700829841.463471 223 1
1700829841.464017 222 1
1700829841.464699 222 1
1700829841.464850 60 -1
1700829841.465241 60 -1
1700829841.465867 60 -1
1700829841.476207 1054 -1
1700829841.476207 727 -1
1700829841.476207 7354 -1
1700829841.476207 2539 -1
1700829841.476207 950 -1
1700829841.476207 848 -1
1700829841.476207 7245 -1
1700829841.476207 959 -1
1700829841.476207 843 -1
1700829841.476207 1052 -1
1700829841.476207 730 -1
1700829841.476549 54 1
1700829841.481954 7354 -1
1700829841.481954 1419 -1
1700829841.482055 54 1
1700829841.489724 7354 -1
1700829841.489724 935 -1
1700829841.489847 54 1
1700829841.489979 1003 -1
1700829841.489979 774 -1
1700829841.489979 1514 -1
1700829841.489979 3305 -1
1700829841.490029 54 1
1700829841.496737 1054 -1
1700829841.496737 732 -1
1700829841.496820 54 1
1700829841.498440 1936 -1
1700829841.498485 54 1
1700829843.163880 230 1
1700829843.163980 222 1
1700829843.165256 223 1
1700829843.165501 222 1
1700829843.167049 60 -1
1700829843.174540 1037 -1
1700829843.174540 727 -1
1700829843.174540 983 -1
1700829843.174540 805 -1
1700829843.174540 1514 -1
1700829843.174540 7354 -1
1700829843.174540 2248 -1
1700829843.174540 1029 -1
1700829843.174540 5847 -1
1700829843.174540 1514 -1
1700829843.174540 2974 -1
1700829843.174763 54 1
1700829843.174845 5246 -1
1700829843.174893 54 1
1700829843.179139 985 -1
1700829843.179139 802 -1
1700829843.179256 54 1
1700829843.179414 7354 -1
1700829843.179494 54 1
1700829843.179654 3895 -1
1700829843.179689 54 1
1700829845.245367 54 1
1700829845.258551 78 -1
1700829845.258551 60 -1
1700829845.258652 54 1
1700829845.701866 66 1
1700829845.727645 66 -1
1700829845.728722 54 1
1700829845.731614 870 1
1700829845.734684 60 -1
1700829845.735587 318 -1
1700829845.736283 134 1
1700829845.737146 146 1
1700829845.737902 577 1
1700829845.738007 223 1
1700829845.738067 223 1
1700829845.743696 227 1
1700829845.743768 225 1
1700829845.743830 221 1
1700829845.747614 60 -1
1700829845.747614 60 -1
1700829845.747614 60 -1
1700829845.747614 60 -1
1700829845.747614 60 -1
1700829845.747614 341 -1
1700829845.747614 115 -1
1700829845.747614 85 -1
1700829845.747995 54 1
1700829845.748551 85 1
1700829845.756006 60 -1
1700829845.756006 60 -1
1700829845.756006 60 -1
1700829845.756006 981 -1
1700829845.756006 811 -1
1700829845.756006 1105 -1
1700829845.756006 657 -1
1700829845.756523 54 1
1700829845.758871 60 -1
1700829845.760910 4434 -1
1700829845.760956 54 1
1700829845.761431 4901 -1
1700829845.761456 54 1
1700829845.762524 2974 -1
1700829845.762557 54 1
1700829845.762761 1514 -1
1700829845.762780 54 1
1700829845.762995 7257 -1
1700829845.763028 54 1
1700829845.766692 1053 -1
1700829845.766723 54 1
1700829845.766785 730 -1
1700829845.768284 3312 -1
1700829845.768311 54 1
1700829845.772053 980 -1
1700829845.772053 810 -1
1700829845.772116 54 1
1700829845.775037 7354 -1
1700829845.775037 1621 -1
1700829845.775193 54 1
1700829845.782489 1051 -1
1700829845.782489 730 -1
1700829845.782489 953 -1
1700829845.782489 851 -1
1700829845.782489 6721 -1
1700829845.782730 54 1
1700829845.793643 2974 -1
1700829845.793643 4434 -1
1700829845.793643 4434 -1
1700829845.793643 2319 -1
1700829845.794152 54 1
1700829850.864738 235 1
1700829850.869008 926 -1
1700829850.869008 5432 -1
1700829850.869162 54 1
1700829850.912218 230 1
1700829850.912349 225 1
1700829850.912436 222 1
1700829850.912515 231 1
1700829850.912590 230 1
1700829850.913492 222 1
1700829850.914548 89 1
1700829850.922563 60 -1
1700829850.925068 60 -1
1700829850.929564 908 -1
1700829850.929564 1514 -1
1700829850.929630 54 1
1700829850.930590 4292 -1
1700829850.930590 932 -1
1700829850.930590 5894 -1
1700829850.930590 7283 -1
1700829850.930684 54 1
1700829850.931172 5637 -1
1700829850.931200 54 1
1700829850.934656 730 -1
1700829850.934656 927 -1
1700829850.934656 6425 -1
1700829850.934656 6419 -1
1700829850.934656 1102 -1
1700829850.934656 656 -1
1700829850.934656 14399 -1
1700829850.934821 66 1
1700829850.934900 66 1
1700829850.934955 66 1
1700829850.935017 66 1
1700829850.935046 66 1
1700829850.935084 66 1
1700829850.935111 66 1
1700829850.940524 1050 -1
1700829850.940635 54 1
1700829852.573925 223 1
1700829852.575706 230 1
1700829852.601796 223 1
1700829852.601926 223 1
1700829852.603530 232 1
1700829852.603637 234 1
1700829852.609213 60 -1
1700829852.609213 857 -1
1700829852.609213 4924 -1
1700829852.609213 930 -1
1700829852.609213 11006 -1
1700829852.609213 979 -1
1700829852.609213 3842 -1
1700829852.609860 54 1
1700829852.640630 951 -1
1700829852.640630 853 -1
1700829852.640630 933 -1
1700829852.640630 6015 -1
1700829852.640630 7354 -1
1700829852.640630 3768 -1
1700829852.640630 927 -1
1700829852.640630 4778 -1
1700829852.640630 398 -1
1700829852.640842 66 1
1700829854.386879 234 1
1700829854.387018 223 1
1700829854.390047 230 1
1700829854.390231 232 1
1700829854.390331 222 1
1700829854.390430 230 1
1700829854.390620 60 -1
1700829854.391877 60 -1
1700829854.398834 981 -1
1700829854.398834 7354 -1
1700829854.398834 6913 -1
1700829854.398834 928 -1
1700829854.398834 7354 -1
1700829854.398834 7354 -1
1700829854.398834 1860 -1
1700829854.398834 2490 -1
1700829854.398834 4434 -1
1700829854.398834 1648 -1
1700829854.398834 1029 -1
1700829854.398834 762 -1
1700829854.398834 7784 -1
1700829854.399052 54 1
1700829854.399750 1053 -1
1700829854.399750 729 -1
1700829854.399788 54 1
1700829854.402096 7354 -1
1700829854.402096 4073 -1
1700829854.402200 54 1
1700829854.412932 1007 -1
1700829854.412932 777 -1
1700829854.412932 6577 -1
1700829854.413074 54 1
1700829855.263855 54 1
1700829855.281726 78 -1
1700829855.281726 60 -1
1700829855.281831 54 1
1700829856.814811 66 1
1700829856.816151 66 -1
1700829856.816289 54 1
1700829856.817010 902 1
1700829856.820739 60 -1
1700829856.826769 318 -1
1700829856.827748 134 1
1700829856.828118 146 1
1700829856.828481 586 1
1700829856.833159 221 1
1700829856.833885 60 -1
1700829856.833885 60 -1
1700829856.833885 60 -1
1700829856.833885 341 -1
1700829856.834756 115 -1
1700829856.834756 85 -1
1700829856.834756 60 -1
1700829856.834799 54 1
1700829856.835076 85 1
1700829856.836261 60 -1
1700829856.837390 230 1
1700829856.837734 222 1
1700829856.837807 221 1
1700829856.837886 222 1
1700829856.844844 1054 -1
1700829856.844844 730 -1
1700829856.844844 4010 -1
1700829856.844844 1023 -1
1700829856.844844 765 -1
1700829856.844844 6449 -1
1700829856.844964 54 1
1700829856.845774 60 -1
1700829856.850119 1053 -1
1700829856.850119 724 -1
1700829856.850171 54 1
1700829856.850798 1051 -1
1700829856.850798 734 -1
1700829856.850798 982 -1
1700829856.850798 810 -1
1700829856.850844 54 1
1700829856.850884 6595 -1
1700829856.850920 54 1
1700829856.851643 9499 -1
1700829856.851705 54 1
1700829856.852573 1101 -1
1700829856.852573 661 -1
1700829856.852604 54 1
1700829856.852744 4634 -1
1700829856.852778 54 1
1700829856.853538 4423 -1
1700829856.853567 54 1
1700829862.404194 223 1
1700829862.409009 230 1
1700829862.409101 222 1
1700829862.409175 231 1
1700829862.409274 220 1
1700829862.410871 60 -1
1700829862.423075 979 -1
1700829862.423075 807 -1
1700829862.423172 54 1
1700829862.425394 1001 -1
1700829862.425394 783 -1
1700829862.425394 4527 -1
1700829862.425394 3243 -1
1700829862.425501 54 1
1700829862.428352 89 1
1700829862.437884 979 -1
1700829862.437884 815 -1
1700829862.437967 54 1
1700829862.439580 981 -1
1700829862.439580 813 -1
1700829862.439635 54 1
1700829862.440044 7354 -1
1700829862.440079 54 1
1700829862.440624 2974 -1
1700829862.440655 54 1
1700829862.440755 2680 -1
1700829862.440790 54 1
1700829862.444698 1514 -1
1700829862.444698 3474 -1
1700829862.444698 1054 -1
1700829862.444798 54 1
1700829862.444871 728 -1
1700829862.456770 7354 -1
1700829862.456871 54 1
1700829862.457178 7354 -1
1700829862.457220 54 1
1700829862.457761 1744 -1
1700829862.457801 54 1
1700829864.261761 223 1
1700829864.261887 224 1
1700829864.261982 223 1
1700829864.262053 230 1
1700829864.263714 230 1
1700829864.264363 232 1
1700829864.264655 222 1
1700829864.266612 60 -1
1700829864.266823 60 -1
1700829864.278913 1052 -1
1700829864.278913 713 -1
1700829864.278913 7354 -1
1700829864.278913 1799 -1
1700829864.278913 1131 -1
1700829864.278913 616 -1
1700829864.278913 1054 -1
1700829864.278913 5894 -1
1700829864.278913 2526 -1
1700829864.278913 730 -1
1700829864.278913 1051 -1
1700829864.278913 4442 -1
1700829864.278913 7354 -1
1700829864.278913 416 -1
1700829864.278913 1057 -1
1700829864.278913 729 -1
1700829864.278913 7354 -1
1700829864.278913 2974 -1
1700829864.278913 6240 -1
1700829864.279280 54 1
1700829864.279445 85 -1
1700829864.279445 3426 -1
1700829864.279491 54 1
1700829864.291359 980 -1
1700829864.291359 814 -1
1700829864.291359 4480 -1
1700829864.291359 983 -1
1700829864.291359 811 -1
1700829864.291359 8814 -1
1700829864.291359 2904 -1
1700829864.291499 54 1
1700829865.284629 54 1
1700829865.291710 78 -1
1700829865.291710 60 -1
1700829865.291786 54 1
1700829865.879602 66 1
1700829865.886728 66 -1
1700829865.886890 54 1
1700829865.887470 902 1
1700829865.889689 60 -1
1700829865.890723 318 -1
1700829865.891953 134 1
1700829865.892449 146 1
1700829865.893272 60 -1
1700829865.893272 341 -1
1700829865.893506 577 1
1700829865.893629 223 1
1700829865.894361 60 -1
1700829865.894361 115 -1
1700829865.894361 85 -1
1700829865.894413 54 1
1700829865.894651 60 -1
1700829865.894664 229 1
1700829865.894761 235 1
1700829865.894802 60 -1
1700829865.894870 225 1
1700829865.894963 222 1
1700829865.895881 60 -1
1700829865.895881 60 -1
1700829865.895881 60 -1
1700829865.896062 60 -1
1700829865.896108 85 1
1700829865.902871 60 -1
1700829865.909579 981 -1
1700829865.909579 804 -1
1700829865.909579 1514 -1
1700829865.909579 1026 -1
1700829865.909579 981 -1
1700829865.909579 810 -1
1700829865.909579 1029 -1
1700829865.909579 744 -1
1700829865.909579 7354 -1
1700829865.909579 3064 -1
1700829865.909579 3486 -1
1700829865.909579 1052 -1
1700829865.909579 731 -1
1700829865.909579 4434 -1
1700829865.909579 1424 -1
1700829865.909579 980 -1
1700829865.909579 812 -1
1700829865.909579 4394 -1
1700829865.909579 1052 -1
1700829865.909579 730 -1
1700829865.909579 4803 -1
1700829865.909876 54 1
1700829867.644015 221 1
1700829867.644162 221 1
1700829867.644266 220 1
1700829867.644351 228 1
1700829867.644455 224 1
1700829867.646383 60 -1
1700829867.646383 60 -1
1700829867.646383 60 -1
1700829867.646383 60 -1
1700829867.646383 60 -1
1700829867.652283 1056 -1
1700829867.652283 1051 -1
1700829867.652283 725 -1
1700829867.652283 720 -1
1700829867.652339 54 1
1700829867.652603 7354 -1
1700829867.652650 54 1
1700829867.652870 1394 -1
1700829867.652892 54 1
1700829867.652979 7263 -1
1700829867.653023 54 1
1700829867.653705 1050 -1
1700829867.653724 54 1
1700829867.653819 732 -1
1700829867.653819 5075 -1
1700829867.653863 54 1
1700829867.654127 1052 -1
1700829867.654159 54 1
1700829867.654418 732 -1
1700829867.654418 5345 -1
1700829867.654462 54 1
1700829867.654897 1050 -1
1700829867.654897 730 -1
1700829867.654924 54 1
1700829867.655052 2852 -1
1700829867.655071 54 1
1700829870.198175 222 1
1700829870.198278 224 1
1700829870.199711 60 -1
1700829870.205349 1051 -1
1700829870.208948 731 -1
1700829870.208948 10274 -1
1700829870.208948 280 -1
1700829870.208948 976 -1
1700829870.208948 815 -1
1700829870.208948 3595 -1
1700829870.209094 54 1
1700829870.226826 231 1
1700829870.227900 229 1
1700829870.232248 222 1
1700829870.232253 60 -1
1700829870.232365 221 1
1700829870.238805 1049 -1
1700829870.238805 734 -1
1700829870.238910 54 1
1700829870.241336 3850 -1
1700829870.241387 54 1
1700829870.250302 1049 -1
1700829870.250302 732 -1
1700829870.250302 1050 -1
1700829870.250302 734 -1
1700829870.250404 54 1
1700829870.252546 2974 -1
1700829870.252586 54 1
1700829870.252631 519 -1
1700829870.252660 54 1
1700829870.252737 2959 -1
1700829870.252759 54 1
1700829870.271726 1051 -1
1700829870.273999 734 -1
1700829870.273999 7782 -1
1700829870.274118 54 1
1700829875.299411 54 1
1700829875.311377 78 -1
1700829875.311377 60 -1
1700829875.311449 54 1
1700829876.640161 66 1
1700829876.641312 66 -1
1700829876.641424 54 1
1700829876.642273 934 1
1700829876.643260 60 -1
1700829876.643964 318 -1
1700829876.645152 134 1
1700829876.646208 60 -1
1700829876.647392 146 1
1700829876.647579 341 -1
1700829876.648499 60 -1
1700829876.648891 578 1
1700829876.648993 229 1
1700829876.650220 60 -1
1700829876.650220 60 -1
1700829876.650428 234 1
1700829876.650537 232 1
1700829876.651770 60 -1
1700829876.651770 60 -1
1700829876.652822 115 -1
1700829876.652915 85 -1
1700829876.652944 54 1
1700829876.657635 85 1
1700829876.658745 60 -1
1700829876.660344 1049 -1
1700829876.660344 732 -1
1700829876.660402 54 1
1700829876.660445 999 -1
1700829876.660498 804 -1
1700829876.660498 1023 -1
1700829876.660531 54 1
1700829876.660983 785 -1
1700829876.660983 3960 -1
1700829876.661014 54 1
1700829876.662885 978 -1
1700829876.662885 813 -1
1700829876.662935 54 1
1700829876.663019 7354 -1
1700829876.663047 54 1
1700829876.663455 293 -1
1700829876.663833 4086 -1
1700829876.663870 54 1
1700829876.666706 7354 -1
1700829876.666706 147 -1
1700829876.666793 54 1
1700829877.891196 54 1
