1700831865.984262 66 1
1700831865.992625 66 -1
1700831865.994381 54 1
1700831866.028194 572 1
1700831866.032316 60 -1
1700831866.037993 2779 -1
1700831866.039166 54 1
1700831866.057719 134 1
1700831866.059329 60 -1
1700831866.059329 341 -1
1700831866.059329 341 -1
1700831866.059388 54 1
1700831866.139159 146 1
1700831866.143882 60 -1
1700831866.143882 115 -1
1700831866.143882 85 -1
1700831866.144023 54 1
1700831866.174296 586 1
1700831866.185906 60 -1
1700831866.191961 85 1
1700831866.196554 1051 -1
1700831866.196554 736 -1
1700831866.196554 2974 -1
1700831866.197145 54 1
1700831866.204596 2109 -1
1700831866.205532 54 1
1700831866.245192 60 -1
1700831866.641675 232 1
1700831866.653638 230 1
1700831866.653787 232 1
1700831866.653884 232 1
1700831866.654841 66 -1
1700831866.655222 66 -1
1700831866.655222 66 -1
1700831866.655264 764 1
1700831866.656441 66 -1
1700831866.663338 231 1
1700831866.663479 230 1
1700831866.663588 234 1
1700831866.663725 229 1
1700831866.663834 230 1
1700831866.665903 60 -1
1700831866.665903 981 -1
1700831866.666031 60 -1
1700831866.666031 812 -1
1700831866.666196 54 1
1700831866.666238 60 -1
1700831866.666261 54 1
1700831866.668536 1080 -1
1700831866.668931 690 -1
1700831866.668931 1052 -1
1700831866.668931 6350 -1
1700831866.669020 66 1
1700831866.669687 1514 -1
1700831866.669687 6933 -1
1700831866.669745 66 1
1700831866.669816 66 1
1700831866.681314 4118 -1
1700831866.681314 731 -1
1700831866.681314 1732 -1
1700831866.681314 4434 -1
1700831866.681424 66 1
1700831866.681500 54 1
1700831866.681533 54 1
1700831866.691505 4434 -1
1700831866.691505 7354 -1
1700831866.691505 10052 -1
1700831866.691658 54 1
1700831866.748717 977 -1
1700831866.748717 814 -1
1700831866.748717 4434 -1
1700831866.748717 1514 -1
1700831866.748717 857 -1
1700831866.748717 6946 -1
1700831866.748876 66 1
1700831866.748925 66 1
1700831866.748953 74 1
1700831866.748976 74 1
1700831866.750484 968 -1
1700831866.750484 154 -1
1700831866.750527 66 1
1700831866.757398 54 1
1700831872.922485 54 1
1700831872.925082 78 -1
1700831872.925082 60 -1
1700831872.925315 54 1
1700831873.539023 66 1
1700831873.540587 66 -1
1700831873.540846 54 1
1700831873.542766 902 1
1700831873.550302 60 -1
1700831873.550302 318 -1
1700831873.551997 134 1
1700831873.553363 60 -1
1700831873.553582 341 -1
1700831873.556550 146 1
1700831873.557961 587 1
1700831873.558078 231 1
1700831873.558219 231 1
1700831873.558321 231 1
1700831873.558432 231 1
1700831873.558501 60 -1
1700831873.558501 115 -1
1700831873.558501 85 -1
1700831873.558567 54 1
1700831873.559022 85 1
1700831873.560489 60 -1
1700831873.560489 60 -1
1700831873.560489 60 -1
1700831873.560489 60 -1
1700831873.560616 60 -1
1700831873.560616 60 -1
1700831873.564912 1051 -1
1700831873.564912 730 -1
1700831873.564951 54 1
1700831873.565003 4434 -1
1700831873.565030 54 1
1700831873.565870 3131 -1
1700831873.565904 54 1
1700831873.568430 655 -1
1700831873.568430 1107 -1
1700831873.568664 66 1
1700831873.568724 54 1
1700831873.572320 1514 -1
1700831873.572320 2541 -1
1700831873.572410 54 1
1700831873.586991 1023 -1
1700831873.586991 807 -1
1700831873.586991 7354 -1
1700831873.586991 3909 -1
1700831873.586991 1072 -1
1700831873.586991 700 -1
1700831873.586991 2715 -1
1700831873.587316 54 1
1700831873.605319 981 -1
1700831873.605319 811 -1
1700831873.605872 54 1
1700831873.619917 2478 -1
1700831873.620000 54 1
1700831876.853951 231 1
1700831876.866356 234 1
1700831876.866469 232 1
1700831876.868001 232 1
1700831876.868100 231 1
1700831876.868208 231 1
1700831876.868283 231 1
1700831876.869717 66 -1
1700831876.869717 66 -1
1700831876.869717 66 -1
1700831876.891785 991 -1
1700831876.891785 822 -1
1700831876.891785 1067 -1
1700831876.891785 742 -1
1700831876.891900 54 1
1700831876.903444 1514 -1
1700831876.903444 2803 -1
1700831876.903557 54 1
1700831876.903636 2562 -1
1700831876.903673 54 1
1700831876.903737 1064 -1
1700831876.903767 54 1
1700831876.910326 741 -1
1700831876.910424 54 1
1700831876.920648 2962 -1
1700831876.920648 3111 -1
1700831876.920709 54 1
1700831877.175650 763 1
1700831877.187819 66 -1
1700831877.187819 1106 -1
1700831877.187819 654 -1
1700831877.187819 3863 -1
1700831877.187984 54 1
1700831877.201705 1055 -1
1700831877.201705 732 -1
1700831877.201705 3565 -1
1700831877.201819 54 1
1700831877.209869 983 -1
1700831877.209869 808 -1
1700831877.209869 7354 -1
1700831877.209869 3074 -1
1700831877.209940 54 1
1700831877.221617 1054 -1
1700831877.221617 731 -1
1700831877.221617 4434 -1
1700831877.221617 7354 -1
1700831877.221617 493 -1
1700831877.223685 54 1
1700831882.925241 54 1
1700831882.940823 78 -1
1700831882.940823 60 -1
1700831882.941229 54 1
1700831883.546551 66 1
1700831883.550522 66 -1
1700831883.550643 54 1
1700831883.552518 902 1
1700831883.553698 60 -1
1700831883.554542 318 -1
1700831883.555033 134 1
1700831883.555441 146 1
1700831883.556061 587 1
1700831883.556181 231 1
1700831883.556276 234 1
1700831883.556363 231 1
1700831883.556445 231 1
1700831883.556466 60 -1
1700831883.556466 341 -1
1700831883.556466 60 -1
1700831883.556535 230 1
1700831883.556847 115 -1
1700831883.556847 85 -1
1700831883.556880 54 1
1700831883.557229 85 1
1700831883.557596 60 -1
1700831883.557596 60 -1
1700831883.557744 60 -1
1700831883.557744 60 -1
1700831883.557744 60 -1
1700831883.557744 60 -1
1700831883.558804 60 -1
1700831883.561861 978 -1
1700831883.561897 814 -1
1700831883.561914 54 1
1700831883.562582 7296 -1
1700831883.562620 54 1
1700831883.570285 1048 -1
1700831883.570341 54 1
1700831883.579360 734 -1
1700831883.579360 1055 -1
1700831883.579360 729 -1
1700831883.579360 1029 -1
1700831883.579360 3324 -1
1700831883.579360 742 -1
1700831883.579360 2974 -1
1700831883.579360 4468 -1
1700831883.579360 1988 -1
1700831883.579561 54 1
1700831883.612225 528 -1
1700831883.612225 1050 -1
1700831883.612225 732 -1
1700831883.612225 4515 -1
1700831883.612292 66 1
1700831883.612377 54 1
1700831883.616517 980 -1
1700831883.616517 810 -1
1700831883.616517 3337 -1
1700831883.616609 54 1
1700831885.469272 232 1
1700831885.470710 231 1
1700831885.470791 231 1
1700831885.471303 231 1
1700831885.471379 231 1
1700831885.495440 60 -1
1700831885.495440 982 -1
1700831885.495440 810 -1
1700831885.495440 7354 -1
1700831885.495579 54 1
1700831885.498578 1514 -1
1700831885.498578 5560 -1
1700831885.498687 54 1
1700831885.504273 1034 -1
1700831885.504273 735 -1
1700831885.504273 981 -1
1700831885.504273 810 -1
1700831885.504273 5026 -1
1700831885.504273 4157 -1
1700831885.504406 54 1
1700831885.513561 1073 -1
1700831885.513561 701 -1
1700831885.513663 54 1
1700831885.518729 980 -1
1700831885.518729 812 -1
1700831885.518729 5894 -1
1700831885.518729 1832 -1
1700831885.518729 4434 -1
1700831885.518729 1904 -1
1700831885.519403 54 1
1700831889.203524 232 1
1700831889.204618 231 1
1700831889.204722 230 1
1700831889.205350 223 1
1700831889.205469 223 1
1700831889.212490 60 -1
1700831889.212490 60 -1
1700831889.219241 810 -1
1700831889.219331 66 1
1700831889.230447 7354 -1
1700831889.230447 7354 -1
1700831889.230447 539 -1
1700831889.230447 982 -1
1700831889.230447 810 -1
1700831889.230447 5449 -1
1700831889.230447 1031 -1
1700831889.230447 763 -1
1700831889.230447 7354 -1
1700831889.230447 354 -1
1700831889.230447 1054 -1
1700831889.230447 727 -1
1700831889.230447 5894 -1
1700831889.230447 5951 -1
1700831889.230447 979 -1
1700831889.230447 814 -1
1700831889.230674 66 1
1700831889.230727 66 1
1700831889.230772 66 1
1700831889.230818 66 1
1700831889.230867 66 1
1700831889.230915 66 1
1700831889.230958 66 1
1700831889.231006 66 1
1700831889.231032 66 1
1700831889.231054 66 1
1700831889.231075 66 1
1700831889.231100 66 1
1700831889.231125 66 1
1700831889.231156 66 1
1700831889.231188 66 1
1700831889.231227 66 1
1700831889.231310 3198 -1
1700831889.231342 66 1
1700831889.231846 983 -1
1700831889.231970 54 1
1700831889.234709 89 1
1700831889.278760 60 -1
1700831890.824401 226 1
1700831890.827889 60 -1
1700831890.828961 227 1
1700831890.829531 222 1
1700831890.830064 223 1
1700831890.837980 60 -1
1700831890.837980 60 -1
1700831890.837980 60 -1
1700831890.837980 1050 -1
1700831890.837980 731 -1
1700831890.838083 54 1
1700831890.844161 6964 -1
1700831890.844161 978 -1
1700831890.844161 812 -1
1700831890.844161 1514 -1
1700831890.844161 4669 -1
1700831890.844161 1050 -1
1700831890.844161 731 -1
1700831890.844304 54 1
1700831890.845865 2974 -1
1700831890.845865 2974 -1
1700831890.845865 1196 -1
1700831890.845865 1053 -1
1700831890.845865 731 -1
1700831890.845940 54 1
1700831890.847473 3614 -1
1700831890.847538 54 1
1700831892.472465 224 1
1700831892.472681 224 1
1700831892.474927 225 1
1700831892.475411 60 -1
1700831892.475411 60 -1
1700831892.475516 223 1
1700831892.479591 60 -1
1700831892.479591 60 -1
1700831892.479829 222 1
1700831892.502070 60 -1
1700831892.507756 977 -1
1700831892.507756 810 -1
1700831892.507851 54 1
1700831892.521082 1053 -1
1700831892.521082 730 -1
1700831892.521082 2974 -1
1700831892.521176 54 1
1700831892.521962 4387 -1
1700831892.522028 54 1
1700831892.538875 1514 -1
1700831892.538875 6303 -1
1700831892.538875 1053 -1
1700831892.538875 730 -1
1700831892.538875 1053 -1
1700831892.538875 731 -1
1700831892.538875 982 -1
1700831892.538875 2974 -1
1700831892.539053 66 1
1700831892.539091 66 1
1700831892.539116 66 1
1700831892.539132 66 1
1700831892.539161 66 1
1700831892.539182 66 1
1700831892.539201 66 1
1700831892.540523 810 -1
1700831892.540562 74 1
1700831892.542253 1514 -1
1700831892.542253 1344 -1
1700831892.542339 66 1
1700831892.542491 54 1
1700831892.556937 4434 -1
1700831892.556937 3443 -1
1700831892.556937 7106 -1
1700831892.557073 54 1
1700831892.589355 1266 -1
1700831892.589428 66 1
1700831892.941608 54 1
1700831892.951027 78 -1
1700831892.951027 60 -1
1700831892.951128 54 1
1700831894.666108 66 1
1700831894.671966 66 -1
1700831894.672107 54 1
1700831894.702920 902 1
1700831894.733877 60 -1
1700831894.733877 318 -1
1700831894.739076 134 1
1700831894.739565 146 1
1700831894.740472 577 1
1700831894.740554 225 1
1700831894.740629 223 1
1700831894.740709 222 1
1700831894.740802 221 1
1700831894.740919 224 1
1700831894.741029 221 1
1700831894.741134 223 1
1700831894.745547 60 -1
1700831894.745547 60 -1
1700831894.745547 60 -1
1700831894.745547 60 -1
1700831894.745547 60 -1
1700831894.745547 60 -1
1700831894.745547 60 -1
1700831894.745547 60 -1
1700831894.745547 60 -1
1700831894.745547 341 -1
1700831894.745547 60 -1
1700831894.745547 85 -1
1700831894.745547 115 -1
1700831894.745804 66 1
1700831894.745891 54 1
1700831894.746152 85 1
1700831894.747463 60 -1
1700831894.748874 980 -1
1700831894.748874 810 -1
1700831894.748933 54 1
1700831894.751617 980 -1
1700831894.751617 812 -1
1700831894.751617 1017 -1
1700831894.751711 54 1
1700831894.751777 774 -1
1700831894.751796 54 1
1700831894.761039 5049 -1
1700831894.761039 4085 -1
1700831894.761039 5894 -1
1700831894.761039 154 -1
1700831894.761039 982 -1
1700831894.761039 1035 -1
1700831894.761039 1489 -1
1700831894.761039 1738 -1
1700831894.761039 982 -1
1700831894.761039 1514 -1
1700831894.761039 4434 -1
1700831894.761039 5894 -1
1700831894.761039 5894 -1
1700831894.761039 5894 -1
1700831894.761039 3862 -1
1700831894.761339 54 1
1700831894.772007 1058 -1
1700831894.772007 729 -1
1700831894.772112 54 1
1700831894.773787 2974 -1
1700831894.773787 4434 -1
1700831894.773847 54 1
1700831894.775922 2950 -1
1700831894.775970 54 1
1700831898.723253 222 1
1700831898.740189 230 1
1700831898.740312 230 1
1700831898.740415 222 1
1700831898.740498 224 1
1700831898.740978 225 1
1700831898.741067 223 1
1700831898.741524 60 -1
1700831898.742210 60 -1
1700831898.751979 1103 -1
1700831898.751979 663 -1
1700831898.752088 54 1
1700831898.754786 3965 -1
1700831898.754843 54 1
1700831898.754983 1051 -1
1700831898.755006 54 1
1700831898.755036 1725 -1
1700831898.755058 54 1
1700831898.755182 1514 -1
1700831898.755310 992 -1
1700831898.755328 54 1
1700831898.756471 1514 -1
1700831898.756471 1997 -1
1700831898.756471 3259 -1
1700831898.756515 54 1
1700831898.758823 4945 -1
1700831898.758878 54 1
1700831898.762333 1029 -1
1700831898.762333 763 -1
1700831898.762414 54 1
1700831898.764057 4434 -1
1700831898.764057 6732 -1
1700831898.764128 54 1
1700831898.769640 1053 -1
1700831898.769640 729 -1
1700831898.769725 54 1
1700831898.770136 1514 -1
1700831898.770239 1514 -1
1700831898.770257 54 1
1700831898.770308 2418 -1
1700831898.770333 54 1
1700831898.771475 1045 -1
1700831898.771475 775 -1
1700831898.771525 54 1
1700831898.777583 5504 -1
1700831898.777664 54 1
1700831900.478243 224 1
1700831900.480517 224 1
1700831900.480641 222 1
1700831900.480725 221 1
1700831900.484511 222 1
1700831900.484623 230 1
1700831900.486079 60 -1
1700831900.497556 984 -1
1700831900.497556 810 -1
1700831900.497556 949 -1
1700831900.497556 855 -1
1700831900.497673 54 1
1700831900.500845 7354 -1
1700831900.500845 661 -1
1700831900.500845 5894 -1
1700831900.500958 54 1
1700831900.501149 1466 -1
1700831900.501194 1730 -1
1700831900.501217 54 1
1700831900.503273 8826 -1
1700831900.503375 54 1
1700831900.506110 1052 -1
1700831900.506110 730 -1
1700831900.506110 1107 -1
1700831900.506110 659 -1
1700831900.506110 9205 -1
1700831900.506110 2974 -1
1700831900.506325 54 1
1700831900.506695 3915 -1
1700831900.506732 54 1
1700831900.515644 1070 -1
1700831900.515644 706 -1
1700831900.515644 2974 -1
1700831900.515644 5894 -1
1700831900.515771 54 1
1700831900.525504 2776 -1
1700831900.525504 1316 -1
1700831900.525570 66 1
1700831900.547023 89 1
1700831900.590249 60 -1
1700831902.168616 229 1
1700831902.169000 221 1
1700831902.169840 60 -1
1700831902.170165 60 -1
1700831902.170683 224 1
1700831902.171896 60 -1
1700831902.178790 234 1
1700831902.178907 232 1
1700831902.179768 1050 -1
1700831902.180196 733 -1
1700831902.180196 2164 -1
1700831902.180196 60 -1
1700831902.180196 60 -1
1700831902.180253 54 1
1700831902.185652 979 -1
1700831902.185652 813 -1
1700831902.185652 2303 -1
1700831902.185733 54 1
1700831902.197417 1054 -1
1700831902.197417 730 -1
1700831902.197417 1051 -1
1700831902.197417 729 -1
1700831902.197417 4484 -1
1700831902.197417 3271 -1
1700831902.197417 1022 -1
1700831902.197417 773 -1
1700831902.197417 7672 -1
1700831902.197579 54 1
1700831902.955788 54 1
1700831902.960073 78 -1
1700831902.960073 60 -1
1700831902.960145 54 1
1700831904.487067 66 1
1700831904.515967 66 -1
1700831904.516109 54 1
1700831904.517328 902 1
1700831904.530241 60 -1
1700831904.530241 318 -1
1700831904.530936 134 1
1700831904.531334 146 1
1700831904.532037 576 1
1700831904.532103 224 1
1700831904.532161 230 1
1700831904.532217 222 1
1700831904.532273 232 1
1700831904.532363 226 1
1700831904.532461 224 1
1700831904.536276 60 -1
1700831904.536276 60 -1
1700831904.536276 60 -1
1700831904.536276 60 -1
1700831904.536276 60 -1
1700831904.536276 60 -1
1700831904.536276 60 -1
1700831904.536276 60 -1
1700831904.536276 60 -1
1700831904.540260 341 -1
1700831904.540260 115 -1
1700831904.540260 85 -1
1700831904.540371 54 1
1700831904.548287 85 1
1700831904.557726 60 -1
1700831904.560620 1102 -1
1700831904.560620 664 -1
1700831904.560700 54 1
1700831904.573694 979 -1
1700831904.573694 1736 -1
1700831904.573694 4321 -1
1700831904.573694 4434 -1
1700831904.573694 2655 -1
1700831904.573694 7354 -1
1700831904.573694 1514 -1
1700831904.573694 4324 -1
1700831904.573694 8814 -1
1700831904.573694 1295 -1
1700831904.573694 5448 -1
1700831904.573694 3513 -1
1700831904.573952 54 1
1700831904.575880 1051 -1
1700831904.575880 733 -1
1700831904.575928 54 1
1700831904.579198 2974 -1
1700831904.579254 54 1
1700831904.580360 2504 -1
1700831904.580391 54 1
1700831909.834231 223 1
1700831909.835002 224 1
1700831909.836095 60 -1
1700831909.836095 60 -1
1700831909.836631 231 1
1700831909.836748 230 1
1700831909.837331 232 1
1700831909.837898 60 -1
1700831909.837898 60 -1
1700831909.838546 60 -1
1700831909.844379 1083 -1
1700831909.844379 691 -1
1700831909.844452 54 1
1700831909.844951 4493 -1
1700831909.844997 54 1
1700831909.845588 1043 -1
1700831909.845588 776 -1
1700831909.845624 54 1
1700831909.845742 4434 -1
1700831909.845785 54 1
1700831909.850028 5894 -1
1700831909.850028 286 -1
1700831909.850028 979 -1
1700831909.850028 815 -1
1700831909.850028 2974 -1
1700831909.850028 2175 -1
1700831909.850125 66 1
1700831909.850175 66 1
1700831909.850209 66 1
1700831909.850246 66 1
1700831909.850282 66 1
1700831909.850302 66 1
1700831909.851206 1514 -1
1700831909.851270 54 1
1700831909.851901 1058 -1
1700831909.851901 726 -1
1700831909.851901 7354 -1
1700831909.851963 54 1
1700831909.852370 89 1
1700831909.852571 4434 -1
1700831909.852616 54 1
1700831909.852716 3452 -1
1700831909.852742 54 1
1700831909.862789 1086 -1
1700831909.862789 686 -1
1700831909.862875 54 1
1700831909.862942 5894 -1
1700831909.862989 54 1
1700831909.863213 3633 -1
1700831909.863238 54 1
1700831911.617215 225 1
1700831911.617357 221 1
1700831911.617460 224 1
1700831911.617540 223 1
1700831911.617621 222 1
1700831911.617734 232 1
1700831911.617829 224 1
1700831911.617915 222 1
1700831911.622912 60 -1
1700831911.624573 60 -1
1700831911.630304 1104 -1
1700831911.630304 657 -1
1700831911.630420 54 1
1700831911.631098 7354 -1
1700831911.631144 54 1
1700831911.631594 731 -1
1700831911.631594 980 -1
1700831911.631627 54 1
1700831911.631866 811 -1
1700831911.631866 4335 -1
1700831911.631912 54 1
1700831911.632126 1082 -1
1700831911.632148 54 1
1700831911.632202 687 -1
1700831911.632311 1514 -1
1700831911.632335 54 1
1700831911.632396 2974 -1
1700831911.632446 66 1
1700831911.634967 978 -1
1700831911.634967 816 -1
1700831911.634967 3786 -1
1700831911.635050 74 1
1700831911.635104 74 1
1700831911.635157 74 1
1700831911.637063 1514 -1
1700831911.637063 228 -1
1700831911.637144 66 1
1700831911.637196 54 1
1700831911.637981 4434 -1
1700831911.638044 66 1
1700831911.638275 1024 -1
1700831911.638275 765 -1
1700831911.638275 1733 -1
1700831911.638311 66 1
1700831911.638354 54 1
1700831911.638392 54 1
1700831911.644928 1049 -1
1700831911.644928 732 -1
1700831911.644928 5894 -1
1700831911.645036 54 1
1700831911.646984 2974 -1
1700831911.646984 1882 -1
1700831911.647034 54 1
1700831911.651671 8343 -1
1700831911.651778 54 1
1700831911.652695 1052 -1
1700831911.652695 730 -1
1700831911.652731 54 1
1700831911.652772 4157 -1
1700831911.652812 54 1
1700831912.983270 54 1
1700831912.987205 78 -1
1700831912.987205 60 -1
1700831912.987243 54 1
1700831913.271587 66 1
1700831913.533885 66 1
1700831913.535573 66 -1
1700831913.535687 54 1
1700831913.536360 902 1
1700831913.537760 60 -1
1700831913.538695 318 -1
1700831913.539704 134 1
1700831913.540141 146 1
1700831913.540932 578 1
1700831913.541045 231 1
1700831913.541054 60 -1
1700831913.541151 225 1
1700831913.541234 341 -1
1700831913.541245 232 1
1700831913.541343 226 1
1700831913.541451 225 1
1700831913.541494 60 -1
1700831913.542289 115 -1
1700831913.542289 85 -1
1700831913.542289 60 -1
1700831913.542289 60 -1
1700831913.542289 60 -1
1700831913.542289 60 -1
1700831913.542349 54 1
1700831913.542692 85 1
1700831913.542821 60 -1
1700831913.542821 60 -1
1700831913.543799 60 -1
1700831913.547917 979 -1
1700831913.547917 811 -1
1700831913.548105 54 1
1700831913.549968 982 -1
1700831913.549968 811 -1
1700831913.549968 1514 -1
1700831913.550009 54 1
1700831913.551048 7354 -1
1700831913.551110 66 1
1700831913.551276 765 -1
1700831913.551305 66 1
1700831913.552165 1049 -1
1700831913.552165 739 -1
1700831913.552165 7354 -1
1700831913.552242 66 1
1700831913.552293 66 1
1700831913.552351 66 1
1700831913.552674 7354 -1
1700831913.552727 66 1
1700831913.553167 1860 -1
1700831913.553195 66 1
1700831913.553313 1528 -1
1700831913.553346 66 1
1700831913.553632 1010 -1
1700831913.553683 54 1
1700831913.555273 976 -1
1700831913.555273 815 -1
1700831913.555487 54 1
1700831913.557773 4434 -1
1700831913.557773 2121 -1
1700831913.557852 54 1
1700831913.568902 984 -1
1700831913.568902 810 -1
1700831913.568976 54 1
1700831913.598961 6450 -1
1700831913.598961 1050 -1
1700831913.598961 731 -1
1700831913.598961 731 -1
1700831913.598961 2974 -1
1700831913.598961 2577 -1
1700831913.599101 66 1
1700831913.599161 54 1
1700831914.288659 66 1
1700831914.291793 66 -1
1700831914.291980 54 1
1700831914.292921 870 1
1700831914.294037 60 -1
1700831914.295021 318 -1
1700831914.297431 134 1
1700831914.300418 60 -1
1700831914.303986 341 -1
1700831914.349170 54 1
1700831916.232732 230 1
1700831916.233568 225 1
1700831916.236214 60 -1
1700831916.238145 60 -1
1700831916.240700 234 1
1700831916.241394 230 1
1700831916.241921 60 -1
1700831916.242605 60 -1
1700831916.243004 230 1
1700831916.244362 60 -1
1700831916.244601 225 1
1700831916.244702 221 1
1700831916.245702 60 -1
1700831916.245834 60 -1
1700831916.251249 981 -1
1700831916.251988 811 -1
1700831916.252017 54 1
1700831916.256673 7354 -1
1700831916.256824 54 1
1700831916.257065 95 -1
1700831916.257065 1075 -1
1700831916.257106 54 1
1700831916.257146 699 -1
1700831916.257188 54 1
1700831916.260773 6614 -1
1700831916.260850 54 1
1700831916.263526 1083 -1
1700831916.263566 54 1
1700831916.268596 4248 -1
1700831916.268670 66 1
1700831916.268925 1049 -1
1700831916.268925 730 -1
1700831916.268960 66 1
1700831916.269015 66 1
1700831916.270200 687 -1
1700831916.270260 54 1
1700831916.273636 1054 -1
1700831916.273636 732 -1
1700831916.273636 2974 -1
1700831916.273716 54 1
1700831916.283676 4434 -1
1700831916.283676 2159 -1
1700831916.283676 2842 -1
1700831916.283676 1054 -1
1700831916.283676 733 -1
1700831916.283676 2673 -1
1700831916.283676 1033 -1
1700831916.283676 734 -1
1700831916.283676 7354 -1
1700831916.283676 3928 -1
1700831916.283864 54 1
1700831921.703637 221 1
1700831921.705218 223 1
1700831921.707392 236 1
1700831921.710207 60 -1
1700831921.710432 226 1
1700831921.710671 221 1
1700831921.710756 222 1
1700831921.710970 217 1
1700831921.713242 60 -1
1700831921.721178 1053 -1
1700831921.721178 730 -1
1700831921.721178 946 -1
1700831921.721178 856 -1
1700831921.721178 1051 -1
1700831921.721178 731 -1
1700831921.721290 54 1
1700831921.722009 7354 -1
1700831921.722047 54 1
1700831921.727227 89 1
1700831921.729897 1514 -1
1700831921.729897 677 -1
1700831921.729897 4434 -1
1700831921.729897 4683 -1
1700831921.729897 1053 -1
1700831921.729897 732 -1
1700831921.730062 66 1
1700831921.730140 66 1
1700831921.730180 74 1
1700831921.730226 74 1
1700831921.730275 74 1
1700831921.739793 1514 -1
1700831921.739793 1706 -1
1700831921.739793 5894 -1
1700831921.739921 66 1
1700831921.740042 54 1
1700831921.740088 54 1
1700831921.740958 2974 -1
1700831921.740994 54 1
1700831921.741729 2974 -1
1700831921.741776 54 1
1700831921.741882 7354 -1
1700831921.741927 54 1
1700831921.742363 5894 -1
1700831921.742422 54 1
1700831921.742798 7354 -1
1700831921.742835 54 1
1700831921.743408 10274 -1
1700831921.743495 54 1
1700831921.744336 7354 -1
1700831921.744386 54 1
1700831921.744866 1514 -1
1700831921.744894 54 1
1700831921.745004 10274 -1
1700831921.745086 66 1
1700831921.745850 2974 -1
1700831921.745874 66 1
1700831921.746073 4434 -1
1700831921.746116 66 1
1700831921.746594 7354 -1
1700831921.746654 66 1
1700831921.747823 7354 -1
1700831921.747823 7354 -1
1700831921.747921 66 1
1700831921.747972 66 1
1700831921.748319 5894 -1
1700831921.748370 66 1
1700831921.756386 7354 -1
1700831921.756386 2974 -1
1700831921.756386 7354 -1
1700831921.756386 2974 -1
1700831921.756386 2974 -1
1700831921.756386 7354 -1
1700831921.756386 1514 -1
1700831921.756386 2974 -1
1700831921.756386 1514 -1
1700831921.756386 1514 -1
1700831921.756386 5894 -1
1700831921.756386 2974 -1
1700831921.756386 7354 -1
1700831921.756386 1514 -1
1700831921.756386 5894 -1
1700831921.756386 7354 -1
1700831921.756386 5894 -1
1700831921.756386 7354 -1
1700831921.756386 2974 -1
1700831921.756386 7354 -1
1700831921.757122 66 1
1700831921.757171 66 1
1700831921.757203 66 1
1700831921.757257 66 1
1700831921.757294 66 1
1700831921.757334 66 1
1700831921.757370 66 1
1700831921.757405 66 1
1700831921.757587 66 1
1700831921.757727 66 1
1700831921.757779 74 1
1700831921.757803 74 1
1700831921.757835 74 1
1700831921.758125 82 1
1700831921.758163 90 1
1700831921.758198 90 1
1700831921.758248 90 1
1700831921.758296 90 1
1700831921.758328 90 1
1700831921.758376 90 1
1700831921.758963 2974 -1
1700831921.758963 7354 -1
1700831921.758963 7354 -1
1700831921.758963 4434 -1
1700831921.758963 5894 -1
1700831921.758963 5894 -1
1700831921.759075 90 1
1700831921.759138 90 1
1700831921.759199 90 1
1700831921.759290 90 1
1700831921.759417 90 1
1700831921.759477 90 1
1700831921.759526 1514 -1
1700831921.759526 5894 -1
1700831921.759578 90 1
1700831921.759655 90 1
1700831921.760105 5894 -1
1700831921.760142 90 1
1700831921.760226 2974 -1
1700831921.760255 90 1
1700831921.760484 2974 -1
1700831921.760960 90 1
1700831921.761004 5894 -1
1700831921.761064 90 1
1700831921.761262 7354 -1
1700831921.761297 90 1
1700831921.761873 7354 -1
1700831921.761938 90 1
1700831921.762558 2974 -1
1700831921.762586 90 1
1700831921.762861 1514 -1
1700831921.762861 2974 -1
1700831921.763003 90 1
1700831921.763035 90 1
1700831921.763146 5894 -1
1700831921.763187 90 1
1700831921.763544 2974 -1
1700831921.763583 90 1
1700831921.763843 1514 -1
1700831921.764618 90 1
1700831921.764666 2974 -1
1700831921.764666 1514 -1
1700831921.764666 4434 -1
1700831921.764666 2285 -1
1700831921.764707 90 1
1700831921.764968 90 1
1700831921.765013 90 1
1700831921.765048 90 1
1700831921.765098 4434 -1
1700831921.765155 90 1
1700831921.765209 2974 -1
1700831921.765232 90 1
1700831921.765687 4434 -1
1700831921.765720 90 1
1700831921.765836 3519 -1
1700831921.765870 90 1
1700831921.766121 1514 -1
1700831921.766185 90 1
1700831921.766255 1514 -1
1700831921.766349 90 1
1700831921.766390 1514 -1
1700831921.766435 82 1
1700831921.766761 1514 -1
1700831921.766761 1514 -1
1700831921.766761 1514 -1
1700831921.766846 74 1
1700831921.766965 66 1
1700831921.767018 74 1
1700831921.767391 8814 -1
1700831921.767427 82 1
1700831921.767863 7354 -1
1700831921.767922 82 1
1700831921.768136 5894 -1
1700831921.768169 82 1
1700831921.768420 82 1
1700831921.768681 1514 -1
1700831921.768705 90 1
1700831921.768755 1514 -1
1700831921.768812 90 1
1700831921.768951 5894 -1
1700831921.768988 90 1
1700831921.769346 1514 -1
1700831921.769380 90 1
1700831921.770302 7354 -1
1700831921.770302 969 -1
1700831921.770302 7354 -1
1700831921.770370 90 1
1700831921.770413 90 1
1700831921.770485 90 1
1700831921.771183 4434 -1
1700831921.771183 1514 -1
1700831921.771377 90 1
1700831921.771946 90 1
1700831921.778580 2974 -1
1700831921.778580 4434 -1
1700831921.778580 7354 -1
1700831921.778580 6439 -1
1700831921.778580 1514 -1
1700831921.778580 2974 -1
1700831921.778580 7354 -1
1700831921.778580 7354 -1
1700831921.778580 2974 -1
1700831921.778580 7354 -1
1700831921.778580 969 -1
1700831921.778580 5894 -1
1700831921.778580 7354 -1
1700831921.778580 7354 -1
1700831921.778580 7354 -1
1700831921.778580 7354 -1
1700831921.779024 90 1
1700831921.779122 90 1
1700831921.779151 90 1
1700831921.779196 90 1
1700831921.779290 90 1
1700831921.779315 90 1
1700831921.779369 90 1
1700831921.779417 90 1
1700831921.779459 90 1
1700831921.779498 90 1
1700831921.779551 90 1
1700831921.779600 90 1
1700831921.779680 90 1
1700831921.779727 90 1
1700831921.779773 90 1
1700831921.779819 90 1
1700831921.780286 7354 -1
1700831921.780286 7354 -1
1700831921.780286 2974 -1
1700831921.780286 1514 -1
1700831921.780286 1514 -1
1700831921.780286 4434 -1
1700831921.780426 90 1
1700831921.780709 90 1
1700831921.780733 90 1
1700831921.780778 90 1
1700831921.780805 90 1
1700831921.780827 90 1
1700831921.780864 4434 -1
1700831921.780910 90 1
1700831921.784788 7354 -1
1700831921.784788 7354 -1
1700831921.784923 90 1
1700831921.785015 90 1
1700831921.790125 2059 -1
1700831921.790125 1514 -1
1700831921.790125 1514 -1
1700831921.790125 4434 -1
1700831921.790125 7354 -1
1700831921.790125 16114 -1
1700831921.790125 2974 -1
1700831921.790125 11734 -1
1700831921.790125 1514 -1
1700831921.790125 1514 -1
1700831921.790125 1514 -1
1700831921.790125 1514 -1
1700831921.790125 1514 -1
1700831921.790125 1514 -1
1700831921.790125 7354 -1
1700831921.790125 4434 -1
1700831921.790125 2728 -1
1700831921.790125 4536 -1
1700831921.791005 90 1
1700831921.791120 90 1
1700831921.791162 90 1
1700831921.791196 90 1
1700831921.791258 90 1
1700831921.791333 90 1
1700831921.791358 90 1
1700831921.791391 90 1
1700831921.791418 90 1
1700831921.791461 90 1
1700831921.791505 82 1
1700831921.791567 74 1
1700831921.791764 66 1
1700831921.791800 66 1
1700831921.791854 66 1
1700831921.791911 74 1
1700831921.791951 82 1
1700831921.792020 82 1
1700831921.793987 2974 -1
1700831921.794031 82 1
1700831921.794384 11734 -1
1700831921.794644 82 1
1700831921.795555 7354 -1
1700831921.795633 82 1
1700831921.800018 4434 -1
1700831921.800018 1514 -1
1700831921.800018 2974 -1
1700831921.800018 2974 -1
1700831921.800018 4434 -1
1700831921.800018 4434 -1
1700831921.800018 7354 -1
1700831921.800018 10172 -1
1700831921.800018 5451 -1
1700831921.800195 82 1
1700831921.800306 74 1
1700831921.800336 74 1
1700831921.800363 74 1
1700831921.800391 82 1
1700831921.800413 82 1
1700831921.800462 82 1
1700831921.800496 82 1
1700831921.800525 82 1
1700831921.800592 2974 -1
1700831921.800592 5894 -1
1700831921.800641 82 1
1700831921.800669 82 1
1700831921.800700 7354 -1
1700831921.800700 7354 -1
1700831921.800764 82 1
1700831921.800819 82 1
1700831921.801215 7354 -1
1700831921.801270 82 1
1700831921.801830 5894 -1
1700831921.801871 82 1
1700831921.802204 7354 -1
1700831921.802303 82 1
1700831921.803208 7354 -1
1700831921.803338 82 1
1700831921.804641 5894 -1
1700831921.804641 497 -1
1700831921.804641 7354 -1
1700831921.804743 82 1
1700831921.804796 90 1
1700831921.804839 90 1
1700831921.804894 7354 -1
1700831921.804937 90 1
1700831921.805117 7354 -1
1700831921.805164 90 1
1700831921.806136 7354 -1
1700831921.806189 90 1
1700831921.806830 2974 -1
1700831921.806830 5894 -1
1700831921.806895 90 1
1700831921.806984 90 1
1700831921.807118 7354 -1
1700831921.807225 90 1
1700831921.807822 14654 -1
1700831921.807901 90 1
1700831921.809341 4434 -1
1700831921.809341 1514 -1
1700831921.809408 90 1
1700831921.809476 82 1
1700831921.809511 13194 -1
1700831921.809604 82 1
1700831921.810870 4434 -1
1700831921.810870 2974 -1
1700831921.810931 82 1
1700831921.810969 82 1
1700831921.811180 5894 -1
1700831921.811234 82 1
1700831921.811728 7354 -1
1700831921.811784 82 1
1700831921.812149 3076 -1
1700831921.812190 82 1
1700831921.813340 1514 -1
1700831921.813340 2974 -1
1700831921.813340 2974 -1
1700831921.813340 2974 -1
1700831921.813340 1514 -1
1700831921.813408 74 1
1700831921.813456 74 1
1700831921.813536 74 1
1700831921.813592 74 1
1700831921.813626 74 1
1700831921.813694 2974 -1
1700831921.813694 2974 -1
1700831921.813726 74 1
1700831921.813767 74 1
1700831921.814266 2974 -1
1700831921.814266 1514 -1
1700831921.814266 1514 -1
1700831921.814347 74 1
1700831921.814430 74 1
1700831921.814623 74 1
1700831921.814683 1514 -1
1700831921.814683 1514 -1
1700831921.814683 1514 -1
1700831921.814771 66 1
1700831921.814798 66 1
1700831921.815108 54 1
1700831921.826754 7354 -1
1700831921.826754 5894 -1
1700831921.826754 4434 -1
1700831921.826754 7252 -1
1700831921.826754 1514 -1
1700831921.826754 5894 -1
1700831921.826754 5894 -1
1700831921.826754 1514 -1
1700831921.826754 11734 -1
1700831921.826754 5894 -1
1700831921.826754 7354 -1
1700831921.826754 2974 -1
1700831921.826754 10274 -1
1700831921.826754 1514 -1
1700831921.826754 7354 -1
1700831921.826754 2974 -1
1700831921.827369 54 1
1700831921.827404 54 1
1700831921.827516 5894 -1
1700831921.827516 7354 -1
1700831921.827516 2974 -1
1700831921.827516 7354 -1
1700831921.827516 2974 -1
1700831921.827516 7354 -1
1700831921.827516 5894 -1
1700831921.827516 7354 -1
1700831921.827699 54 1
1700831921.827816 54 1
1700831921.827875 5894 -1
1700831921.828146 54 1
1700831921.828260 54 1
1700831921.829254 7354 -1
1700831921.829254 1514 -1
1700831921.829254 2974 -1
1700831921.829356 54 1
1700831921.829578 7354 -1
1700831921.829647 54 1
1700831921.829844 2974 -1
1700831921.829897 54 1
1700831921.830310 2974 -1
1700831921.830350 54 1
1700831921.830637 7354 -1
1700831921.830697 54 1
1700831921.830893 5894 -1
1700831921.830928 54 1
1700831921.831839 7354 -1
1700831921.831872 54 1
1700831921.838904 5894 -1
1700831921.838904 7354 -1
1700831921.838904 5894 -1
1700831921.838904 7354 -1
1700831921.838904 1514 -1
1700831921.838904 2974 -1
1700831921.838904 7354 -1
1700831921.838904 4434 -1
1700831921.838904 1514 -1
1700831921.838904 2974 -1
1700831921.838904 7354 -1
1700831921.838904 2974 -1
1700831921.838904 4434 -1
1700831921.838904 7354 -1
1700831921.838904 1514 -1
1700831921.838904 2974 -1
1700831921.838904 7354 -1
1700831921.838904 2974 -1
1700831921.839277 54 1
1700831921.839359 7354 -1
1700831921.839415 54 1
1700831921.839577 54 1
1700831921.839628 4434 -1
1700831921.839676 54 1
1700831921.839887 54 1
1700831921.839951 2974 -1
1700831921.839988 54 1
1700831921.840281 7354 -1
1700831921.840461 54 1
1700831921.840872 4434 -1
1700831921.840904 54 1
1700831921.841233 1514 -1
1700831921.841258 54 1
1700831921.841337 7354 -1
1700831921.841383 54 1
1700831921.842124 5894 -1
1700831921.842187 66 1
1700831921.843275 4434 -1
1700831921.843275 7354 -1
1700831921.843354 74 1
1700831921.843431 74 1
1700831921.844289 4434 -1
1700831921.844289 7354 -1
1700831921.844373 74 1
1700831921.844424 74 1
1700831921.844639 7354 -1
1700831921.844683 74 1
1700831921.845857 1514 -1
1700831921.845857 7354 -1
1700831921.845917 74 1
1700831921.845963 74 1
1700831921.846822 7354 -1
1700831921.846863 74 1
1700831921.847054 1514 -1
1700831921.847094 74 1
1700831921.848290 4434 -1
1700831921.848290 7354 -1
1700831921.848290 1514 -1
1700831921.848290 2974 -1
1700831921.848361 74 1
1700831921.848404 74 1
1700831921.848428 74 1
1700831921.848460 74 1
1700831921.849732 7354 -1
1700831921.849732 1514 -1
1700831921.849782 74 1
1700831921.849841 74 1
1700831921.850850 7354 -1
1700831921.850850 7354 -1
1700831921.850850 1514 -1
1700831921.850926 74 1
1700831921.850995 74 1
1700831921.851041 74 1
1700831921.851090 7354 -1
1700831921.851124 74 1
1700831921.851194 7354 -1
1700831921.851229 74 1
1700831921.851839 5894 -1
1700831921.851935 74 1
1700831921.852775 7354 -1
1700831921.852813 74 1
1700831921.853114 5894 -1
1700831921.853154 74 1
1700831921.853413 1514 -1
1700831921.854362 66 1
1700831921.855663 1514 -1
1700831921.855663 4434 -1
1700831921.855663 1514 -1
1700831921.855663 2974 -1
1700831921.855663 1514 -1
1700831921.855663 2974 -1
1700831921.855663 5894 -1
1700831921.855663 7354 -1
1700831921.855905 54 1
1700831921.855982 54 1
1700831921.856502 54 1
1700831921.856624 7354 -1
1700831921.856624 4434 -1
1700831921.856680 54 1
1700831921.856840 7354 -1
1700831921.856878 54 1
1700831921.856924 54 1
1700831921.857025 54 1
1700831921.857594 4434 -1
1700831921.857635 54 1
1700831921.857798 1514 -1
1700831921.857834 54 1
1700831921.857872 1514 -1
1700831921.857975 2974 -1
1700831921.857994 54 1
1700831921.858211 1514 -1
1700831921.858245 54 1
1700831921.858331 2974 -1
1700831921.858785 54 1
1700831921.858829 2974 -1
1700831921.858829 2974 -1
1700831921.858906 66 1
1700831921.859062 7354 -1
1700831921.859124 66 1
1700831921.859653 1514 -1
1700831921.859692 66 1
1700831921.859784 4434 -1
1700831921.859826 66 1
1700831921.860144 1514 -1
1700831921.860175 74 1
1700831921.860275 7354 -1
1700831921.860614 74 1
1700831921.860958 1514 -1
1700831921.860999 74 1
1700831921.861040 10274 -1
1700831921.861113 74 1
1700831921.861847 1514 -1
1700831921.861873 74 1
1700831921.861947 2974 -1
1700831921.862146 74 1
1700831921.862221 5894 -1
1700831921.862260 74 1
1700831921.862674 2974 -1
1700831921.862703 74 1
1700831921.862916 1514 -1
1700831921.862947 74 1
1700831921.863029 2974 -1
1700831921.863071 74 1
1700831921.863369 4434 -1
1700831921.863421 74 1
1700831921.863657 1514 -1
1700831921.863687 74 1
1700831921.863786 2974 -1
1700831921.863814 74 1
1700831921.864034 2974 -1
1700831921.864062 74 1
1700831921.864653 4434 -1
1700831921.864653 7354 -1
1700831921.864725 82 1
1700831921.864771 82 1
1700831921.865218 1514 -1
1700831921.865245 82 1
1700831921.865341 8814 -1
1700831921.865382 82 1
1700831921.866127 7354 -1
1700831921.866162 82 1
1700831921.866747 1514 -1
1700831921.866778 82 1
1700831921.866818 2974 -1
1700831921.866853 82 1
1700831921.867041 1514 -1
1700831921.867192 82 1
1700831921.867218 7354 -1
1700831921.867246 82 1
1700831921.867766 2974 -1
1700831921.867796 90 1
1700831921.868010 4434 -1
1700831921.868045 90 1
1700831921.868420 7354 -1
1700831921.868541 90 1
1700831921.868971 490 -1
1700831921.868988 90 1
1700831921.869013 1514 -1
1700831921.869074 82 1
1700831921.869125 1514 -1
1700831921.869351 74 1
1700831921.869435 1514 -1
1700831921.869435 1514 -1
1700831921.869602 66 1
1700831921.869647 54 1
1700831923.000170 54 1
1700831923.001286 54 1
1700831923.009775 78 -1
1700831923.009775 60 -1
1700831923.009849 54 1
1700831923.011188 93 -1
1700831923.011188 78 -1
1700831923.011188 60 -1
1700831923.011263 54 1
1700831923.389700 66 1
1700831923.402232 66 -1
1700831923.402390 54 1
1700831923.403651 870 1
1700831923.443191 60 -1
1700831923.443931 318 -1
1700831923.444596 134 1
1700831923.444948 146 1
1700831923.446552 579 1
1700831923.446674 223 1
1700831923.446772 221 1
1700831923.446884 225 1
1700831923.447159 60 -1
1700831923.447159 60 -1
1700831923.447731 230 1
1700831923.447833 224 1
1700831923.447998 60 -1
1700831923.447998 60 -1
1700831923.448088 341 -1
1700831923.448234 60 -1
1700831923.448377 60 -1
1700831923.448985 60 -1
1700831923.449082 60 -1
1700831923.451958 115 -1
1700831923.451958 85 -1
1700831923.452022 54 1
1700831923.454918 85 1
1700831923.455086 1054 -1
1700831923.455086 727 -1
1700831923.455141 54 1
1700831923.456288 60 -1
1700831923.456728 5894 -1
1700831923.456768 54 1
1700831923.457087 3999 -1
1700831923.457124 54 1
1700831923.458594 959 -1
1700831923.458594 842 -1
1700831923.458594 1514 -1
1700831923.458637 54 1
1700831923.458689 1514 -1
1700831923.458827 5316 -1
1700831923.458860 54 1
1700831923.464195 1002 -1
1700831923.464195 779 -1
1700831923.464285 54 1
1700831923.464370 1053 -1
1700831923.464370 5436 -1
1700831923.464413 54 1
1700831923.469864 7354 -1
1700831923.469864 1419 -1
1700831923.469864 948 -1
1700831923.469864 855 -1
1700831923.469864 4434 -1
1700831923.469864 2858 -1
1700831923.469988 54 1
1700831923.471834 1107 -1
1700831923.471834 655 -1
1700831923.471891 54 1
1700831923.473100 1514 -1
1700831923.473136 54 1
1700831923.473405 7354 -1
1700831923.473480 54 1
1700831923.482136 334 -1
1700831923.482237 54 1
1700831925.125841 222 1
1700831925.126353 222 1
1700831925.126919 225 1
1700831925.128205 225 1
1700831925.132271 60 -1
1700831925.143768 951 -1
1700831925.143768 853 -1
1700831925.143768 2974 -1
1700831925.143768 6078 -1
1700831925.143768 981 -1
1700831925.143768 809 -1
1700831925.143768 11188 -1
1700831925.143768 1029 -1
1700831925.143768 761 -1
1700831925.143768 7354 -1
1700831925.143768 2326 -1
1700831925.143941 54 1
1700831925.158744 973 -1
1700831925.158744 821 -1
1700831925.158854 54 1
1700831925.159641 6529 -1
1700831925.159727 54 1
1700831927.663495 223 1
1700831927.682112 224 1
1700831927.682156 981 -1
1700831927.682156 811 -1
1700831927.682225 54 1
1700831927.692702 223 1
1700831927.700605 7354 -1
1700831927.700605 1981 -1
1700831927.700707 54 1
1700831927.714787 980 -1
1700831927.714787 813 -1
1700831927.714906 54 1
1700831927.716760 5894 -1
1700831927.716760 3078 -1
1700831927.716831 54 1
1700831927.732888 1050 -1
1700831927.732888 734 -1
1700831927.732888 1514 -1
1700831927.732888 1514 -1
1700831927.732888 2337 -1
1700831927.733025 66 1
1700831927.748476 1514 -1
1700831927.748774 54 1
1700831933.015174 54 1
1700831933.017327 78 -1
1700831933.017327 60 -1
1700831933.017387 54 1
1700831933.875104 66 1
1700831933.882256 66 -1
1700831933.882385 54 1
1700831933.883197 870 1
1700831933.885612 60 -1
1700831933.885612 318 -1
1700831933.886766 134 1
1700831933.887265 146 1
1700831933.888767 585 1
1700831933.888855 229 1
1700831933.888939 223 1
1700831933.902173 60 -1
1700831933.902173 60 -1
1700831933.902173 60 -1
1700831933.902173 60 -1
1700831933.902173 60 -1
1700831933.902173 341 -1
1700831933.902173 115 -1
1700831933.902173 85 -1
1700831933.902290 54 1
1700831933.903111 85 1
1700831933.914676 979 -1
1700831933.914676 810 -1
1700831933.914676 6604 -1
1700831933.914676 1050 -1
1700831933.914676 732 -1
1700831933.914676 1029 -1
1700831933.914676 763 -1
1700831933.914676 4785 -1
1700831933.914676 1514 -1
1700831933.914676 3614 -1
1700831933.914676 60 -1
1700831933.914882 54 1
1700831935.570878 222 1
1700831935.574018 230 1
1700831935.576413 224 1
1700831935.579590 226 1
1700831935.579988 236 1
1700831935.594949 60 -1
1700831935.595137 60 -1
1700831935.595137 60 -1
1700831935.595137 60 -1
1700831935.595137 60 -1
1700831935.604835 981 -1
1700831935.604835 813 -1
1700831935.604835 978 -1
1700831935.604835 813 -1
1700831935.604835 4196 -1
1700831935.604835 5966 -1
1700831935.604835 1054 -1
1700831935.604835 731 -1
1700831935.604965 54 1
1700831935.608436 1054 -1
1700831935.608436 726 -1
1700831935.608436 5369 -1
1700831935.608436 10365 -1
1700831935.608589 54 1
1700831935.611303 1051 -1
1700831935.611303 730 -1
1700831935.611380 54 1
1700831935.616079 4133 -1
1700831935.616161 54 1
1700831937.372924 222 1
1700831937.374262 231 1
1700831937.374361 223 1
1700831937.389737 60 -1
1700831937.389737 60 -1
1700831937.389737 60 -1
1700831937.389737 814 -1
1700831937.389737 978 -1
1700831937.389737 2806 -1
1700831937.389905 66 1
1700831937.389993 54 1
1700831937.390063 54 1
1700831937.391087 230 1
1700831937.391198 230 1
1700831937.398756 1000 -1
1700831937.398756 806 -1
1700831937.398756 4486 -1
1700831937.398756 1106 -1
1700831937.398756 664 -1
1700831937.398756 8814 -1
1700831937.398756 4434 -1
1700831937.398756 494 -1
1700831937.398914 54 1
1700831937.399264 60 -1
1700831937.415315 1053 -1
1700831937.415315 729 -1
1700831937.415424 54 1
1700831937.415532 7354 -1
1700831937.415777 54 1
1700831937.415895 4073 -1
1700831937.415932 54 1
1700831937.422214 1053 -1
1700831937.422214 728 -1
1700831937.422298 54 1
1700831937.426271 4434 -1
1700831937.426271 2974 -1
1700831937.426347 54 1
1700831937.426445 9160 -1
1700831937.426497 54 1
1700831937.427723 85 -1
1700831937.427723 1816 -1
1700831937.427761 54 1
1700831940.069423 235 1
1700831940.070817 223 1
1700831940.071429 234 1
1700831940.072196 227 1
1700831940.072952 224 1
1700831940.074338 221 1
1700831940.077706 60 -1
1700831940.079623 66 -1
1700831940.079623 66 -1
1700831940.114952 1117 -1
1700831940.114952 667 -1
1700831940.114952 3767 -1
1700831940.114952 1514 -1
1700831940.114952 1067 -1
1700831940.114952 742 -1
1700831940.114952 4022 -1
1700831940.114952 1126 -1
1700831940.115162 66 1
1700831940.115228 54 1
1700831940.115296 66 1
1700831940.209965 89 1
1700831940.211448 66 -1
1700831940.211514 779 1
1700831940.217603 66 -1
1700831940.226868 1051 -1
1700831940.226868 734 -1
1700831940.226960 54 1
1700831940.228748 4634 -1
1700831940.228748 1050 -1
1700831940.229007 54 1
1700831940.241966 732 -1
1700831940.241966 6587 -1
1700831940.241966 977 -1
1700831940.241966 812 -1
1700831940.241966 7354 -1
1700831940.241966 145 -1
1700831940.242174 54 1
1700831940.282958 1102 -1
1700831940.282958 661 -1
1700831940.282958 2963 -1
1700831940.283086 66 1
1700831940.305519 1503 -1
1700831940.305590 74 1
1700831940.316146 1514 -1
1700831940.316250 54 1
1700831943.035374 54 1
1700831943.042040 78 -1
1700831943.042040 60 -1
1700831943.042122 54 1
1700831946.321399 66 1
1700831946.339244 66 -1
1700831946.339360 54 1
1700831946.340220 870 1
1700831946.359413 60 -1
1700831946.359413 318 -1
1700831946.360399 134 1
1700831946.360872 146 1
1700831946.362499 577 1
1700831946.362553 234 1
1700831946.362656 221 1
1700831946.362714 224 1
1700831946.362793 222 1
1700831946.362863 222 1
1700831946.363143 230 1
1700831946.364296 60 -1
1700831946.364296 341 -1
1700831946.365090 60 -1
1700831946.365090 60 -1
1700831946.365223 60 -1
1700831946.365223 60 -1
1700831946.365223 60 -1
1700831946.365304 60 -1
1700831946.365304 60 -1
1700831946.365304 60 -1
1700831946.369999 115 -1
1700831946.369999 85 -1
1700831946.370076 54 1
1700831946.370351 85 1
1700831946.372086 60 -1
1700831946.372589 978 -1
1700831946.372589 814 -1
1700831946.372767 54 1
1700831946.374744 1052 -1
1700831946.374744 728 -1
1700831946.374744 980 -1
1700831946.374744 812 -1
1700831946.374744 1514 -1
1700831946.374815 54 1
1700831946.377041 2974 -1
1700831946.377041 1514 -1
1700831946.377041 1514 -1
1700831946.377041 2974 -1
1700831946.377041 2974 -1
1700831946.377041 2974 -1
1700831946.377041 2974 -1
1700831946.377181 54 1
1700831946.377855 2974 -1
1700831946.377890 54 1
1700831946.379025 7354 -1
1700831946.379132 54 1
1700831946.380942 7354 -1
1700831946.380942 2974 -1
1700831946.380942 7354 -1
1700831946.381072 54 1
1700831946.381156 7354 -1
1700831946.381202 54 1
1700831946.381556 943 -1
1700831946.381580 54 1
1700831946.383048 977 -1
1700831946.383048 814 -1
1700831946.383087 54 1
1700831946.392275 4520 -1
1700831946.392372 54 1
1700831946.397584 1002 -1
1700831946.397711 782 -1
1700831946.397748 54 1
1700831946.402331 2974 -1
1700831946.402331 324 -1
1700831946.402428 54 1
1700831948.105993 224 1
1700831948.106527 224 1
1700831948.110052 232 1
1700831948.110170 225 1
1700831948.119578 60 -1
1700831948.131361 981 -1
1700831948.131361 813 -1
1700831948.131361 1051 -1
1700831948.131361 733 -1
1700831948.131361 933 -1
1700831948.131361 8814 -1
1700831948.131361 7700 -1
1700831948.131361 2974 -1
1700831948.131361 1592 -1
1700831948.131361 4070 -1
1700831948.131361 1128 -1
1700831948.131361 624 -1
1700831948.131361 4434 -1
1700831948.131361 3336 -1
1700831948.131579 54 1
1700831948.144960 2974 -1
1700831948.145027 54 1
1700831948.145091 5438 -1
1700831948.145124 54 1
1700831949.795467 224 1
1700831949.796210 223 1
1700831949.800941 230 1
1700831949.803366 221 1
1700831949.807728 60 -1
1700831949.807728 66 -1
1700831949.819760 1064 -1
1700831949.819760 742 -1
1700831949.819760 4381 -1
1700831949.819760 991 -1
1700831949.819760 824 -1
1700831949.819760 1514 -1
1700831949.819910 54 1
1700831949.820168 1042 -1
1700831949.868405 54 1
1700831950.034168 397 1
1700831950.036249 66 -1
1700831950.040276 928 -1
1700831950.040276 6450 -1
1700831950.040397 54 1
1700831950.042182 981 -1
1700831950.042182 809 -1
1700831950.042963 54 1
1700831950.043021 7354 -1
1700831950.043021 3065 -1
1700831950.043052 54 1
1700831951.520066 222 1
1700831951.520204 221 1
1700831951.522108 224 1
1700831951.532802 224 1
1700831951.533854 60 -1
1700831951.555627 1051 -1
1700831951.555627 730 -1
1700831951.555627 1048 -1
1700831951.555627 733 -1
1700831951.555751 54 1
1700831951.569098 7226 -1
1700831951.569098 1050 -1
1700831951.569098 733 -1
1700831951.569227 66 1
1700831951.569282 66 1
1700831951.569394 66 1
1700831951.571116 1514 -1
1700831951.571195 54 1
1700831951.574035 89 1
1700831951.574248 2974 -1
1700831951.574248 4542 -1
1700831951.574320 54 1
1700831951.575686 2852 -1
1700831951.575725 54 1
1700831951.583983 1056 -1
1700831951.583983 730 -1
1700831951.584055 54 1
1700831951.598599 6580 -1
1700831951.598822 54 1
1700831953.060137 54 1
1700831953.064074 78 -1
1700831953.064074 60 -1
1700831953.064127 54 1
1700831954.217941 66 1
1700831954.220602 66 -1
1700831954.220711 54 1
1700831954.221406 902 1
1700831954.222584 60 -1
1700831954.223296 318 -1
1700831954.223907 134 1
1700831954.224291 146 1
1700831954.225473 577 1
1700831954.225555 230 1
1700831954.225651 222 1
1700831954.225749 222 1
1700831954.225839 222 1
1700831954.225983 231 1
1700831954.233058 60 -1
1700831954.233058 60 -1
1700831954.233058 60 -1
1700831954.233058 60 -1
1700831954.233058 60 -1
1700831954.233137 60 -1
1700831954.233137 60 -1
1700831954.233137 60 -1
1700831954.233137 341 -1
1700831954.235124 85 -1
1700831954.235169 66 1
1700831954.241609 976 -1
1700831954.241609 814 -1
1700831954.241609 3596 -1
1700831954.241609 1048 -1
1700831954.241609 732 -1
1700831954.241609 3439 -1
1700831954.241812 66 1
1700831954.242015 66 1
1700831954.242069 66 1
1700831954.242094 66 1
1700831954.242138 66 1
1700831954.242161 66 1
1700831954.247935 1052 -1
1700831954.247935 115 -1
1700831954.247935 731 -1
1700831954.247935 1049 -1
1700831954.247935 734 -1
1700831954.247935 2275 -1
1700831954.247935 3850 -1
1700831954.248038 66 1
1700831954.248152 54 1
1700831954.248189 54 1
1700831954.251041 85 1
1700831954.251056 1051 -1
1700831954.251056 734 -1
1700831954.251106 54 1
1700831954.253191 7782 -1
1700831954.253280 54 1
1700831954.265232 1050 -1
1700831954.265232 734 -1
1700831954.265301 54 1
1700831954.268918 2959 -1
1700831954.268992 54 1
1700831960.264928 54 1
