1700833339.434640 66 1
1700833339.435155 66 1
1700833339.437387 66 -1
1700833339.437483 54 1
1700833339.440055 66 -1
1700833339.440174 54 1
1700833339.447951 572 1
1700833339.449326 631 1
1700833339.450537 60 -1
1700833339.453468 60 -1
1700833339.460794 2974 -1
1700833339.460828 54 1
1700833339.461443 958 -1
1700833339.461603 2974 -1
1700833339.461663 54 1
1700833339.461831 958 -1
1700833339.511241 54 1
1700833339.511496 54 1
1700833339.622209 134 1
1700833339.622860 134 1
1700833339.623589 60 -1
1700833339.628972 341 -1
1700833339.628972 341 -1
1700833339.629009 60 -1
1700833339.629009 341 -1
1700833339.629009 341 -1
1700833339.629047 54 1
1700833339.629176 54 1
1700833339.651070 54 1
1700833339.652506 93 -1
1700833339.652560 54 1
1700833339.652656 78 -1
1700833339.652656 60 -1
1700833339.664635 146 1
1700833339.666227 60 -1
1700833339.666227 115 -1
1700833339.666227 85 -1
1700833339.666280 54 1
1700833339.681405 551 1
1700833339.681679 197 1
1700833339.686647 85 1
1700833339.692465 60 -1
1700833339.692465 60 -1
1700833339.692465 60 -1
1700833339.701394 1126 -1
1700833339.701394 528 -1
1700833339.702012 54 1
1700833339.702067 2974 -1
1700833339.702098 54 1
1700833339.703086 11734 -1
1700833339.703086 400 -1
1700833339.703086 85 -1
1700833339.703086 7354 -1
1700833339.703194 66 1
1700833339.703245 66 1
1700833339.703269 66 1
1700833339.703303 66 1
1700833339.703688 7354 -1
1700833339.703743 66 1
1700833339.703830 1860 -1
1700833339.703868 66 1
1700833339.704206 7354 -1
1700833339.704257 66 1
1700833339.704715 7354 -1
1700833339.704777 66 1
1700833339.705332 2974 -1
1700833339.705369 66 1
1700833339.706537 7354 -1
1700833339.706537 7354 -1
1700833339.706592 66 1
1700833339.706643 66 1
1700833339.707055 2748 -1
1700833339.707087 66 1
1700833339.707430 1514 -1
1700833339.707531 54 1
1700833339.715292 1102 -1
1700833339.715292 560 -1
1700833339.715292 2974 -1
1700833339.715292 7354 -1
1700833339.715292 6240 -1
1700833339.715506 54 1
1700833339.717117 85 -1
1700833339.717117 7354 -1
1700833339.717221 54 1
1700833339.718489 1514 -1
1700833339.718489 7354 -1
1700833339.718489 400 -1
1700833339.718489 5894 -1
1700833339.718642 54 1
1700833339.719348 7354 -1
1700833339.719403 54 1
1700833339.720941 7354 -1
1700833339.720997 54 1
1700833339.724182 1514 -1
1700833339.724182 7354 -1
1700833339.724182 3728 -1
1700833339.724182 1514 -1
1700833339.724266 54 1
1700833339.724608 4060 -1
1700833339.724640 54 1
1700833341.736025 54 1
1700833341.740272 78 -1
1700833341.740272 60 -1
1700833341.740413 54 1
1700833345.980166 66 1
1700833345.980939 66 1
1700833345.982523 66 1
1700833345.982850 66 -1
1700833345.982937 54 1
1700833345.983335 66 1
1700833345.984083 66 1
1700833345.985700 66 1
1700833345.987379 66 -1
1700833345.987497 54 1
1700833345.992342 631 1
1700833345.993573 66 -1
1700833345.993573 66 -1
1700833345.993673 54 1
1700833345.993766 54 1
1700833345.994470 60 -1
1700833345.995377 663 1
1700833345.999825 572 1
1700833346.000304 599 1
1700833346.004002 2778 -1
1700833346.004099 54 1
1700833346.005279 60 -1
1700833346.005485 60 -1
1700833346.005485 60 -1
1700833346.015876 66 -1
1700833346.015876 66 -1
1700833346.016016 54 1
1700833346.016074 54 1
1700833346.017325 2779 -1
1700833346.017325 1514 -1
1700833346.017325 1318 -1
1700833346.017407 54 1
1700833346.017470 54 1
1700833346.028312 2778 -1
1700833346.028409 54 1
1700833346.055743 599 1
1700833346.056412 599 1
1700833346.058285 60 -1
1700833346.069500 60 -1
1700833346.072497 2779 -1
1700833346.072497 2778 -1
1700833346.072630 54 1
1700833346.072674 54 1
1700833346.080620 134 1
1700833346.081635 134 1
1700833346.082342 134 1
1700833346.082980 134 1
1700833346.084360 134 1
1700833346.085445 134 1
1700833346.095438 54 1
1700833346.095669 54 1
1700833346.095898 54 1
1700833346.096090 54 1
1700833346.096225 54 1
1700833346.107989 60 -1
1700833346.107989 341 -1
1700833346.107989 341 -1
1700833346.108111 54 1
1700833346.108232 60 -1
1700833346.108232 60 -1
1700833346.108232 341 -1
1700833346.108232 341 -1
1700833346.108232 341 -1
1700833346.108287 66 1
1700833346.108352 54 1
1700833346.108418 60 -1
1700833346.108418 341 -1
1700833346.108418 341 -1
1700833346.108617 54 1
1700833346.110393 60 -1
1700833346.110393 341 -1
1700833346.110393 341 -1
1700833346.110450 54 1
1700833346.111109 93 -1
1700833346.111109 78 -1
1700833346.111109 60 -1
1700833346.111327 66 1
1700833346.111354 66 1
1700833346.111394 66 1
1700833346.113059 146 1
1700833346.115889 60 -1
1700833346.115889 93 -1
1700833346.115889 341 -1
1700833346.115889 78 -1
1700833346.115889 60 -1
1700833346.115889 341 -1
1700833346.115986 54 1
1700833346.115896 341 -1
1700833346.116140 93 -1
1700833346.116140 60 -1
1700833346.116479 66 1
1700833346.119122 93 -1
1700833346.119122 78 -1
1700833346.119122 60 -1
1700833346.122445 341 -1
1700833346.122542 54 1
1700833346.126602 621 1
1700833346.126720 264 1
1700833346.126833 265 1
1700833346.126931 264 1
1700833346.127029 265 1
1700833346.127132 258 1
1700833346.128431 60 -1
1700833346.128431 115 -1
1700833346.128431 85 -1
1700833346.128560 54 1
1700833346.136329 60 -1
1700833346.136329 60 -1
1700833346.136329 60 -1
1700833346.136329 60 -1
1700833346.136329 60 -1
1700833346.136329 60 -1
1700833346.139281 85 1
1700833346.147717 860 -1
1700833346.147717 7354 -1
1700833346.147717 7354 -1
1700833346.147717 1860 -1
1700833346.147717 85 -1
1700833346.147717 7354 -1
1700833346.147717 4434 -1
1700833346.147717 4780 -1
1700833346.147717 7354 -1
1700833346.147717 1514 -1
1700833346.147717 1514 -1
1700833346.147717 5894 -1
1700833346.147717 4434 -1
1700833346.147717 7354 -1
1700833346.147717 5894 -1
1700833346.147717 7354 -1
1700833346.147717 4434 -1
1700833346.147717 8814 -1
1700833346.148027 66 1
1700833346.148094 74 1
1700833346.148119 82 1
1700833346.148141 82 1
1700833346.148171 82 1
1700833346.148202 82 1
1700833346.148241 82 1
1700833346.148265 82 1
1700833346.153436 16114 -1
1700833346.153527 82 1
1700833346.162714 256 1
1700833346.163216 7354 -1
1700833346.163216 1514 -1
1700833346.163216 1514 -1
1700833346.163216 4434 -1
1700833346.163216 2974 -1
1700833346.163216 7354 -1
1700833346.163216 7354 -1
1700833346.163216 1514 -1
1700833346.163216 1514 -1
1700833346.163216 5894 -1
1700833346.163216 8814 -1
1700833346.163216 1514 -1
1700833346.163216 4434 -1
1700833346.163216 2974 -1
1700833346.163216 1514 -1
1700833346.163216 7354 -1
1700833346.163216 5894 -1
1700833346.163464 82 1
1700833346.163530 82 1
1700833346.163565 82 1
1700833346.163596 82 1
1700833346.163628 90 1
1700833346.163656 90 1
1700833346.163685 90 1
1700833346.163736 82 1
1700833346.163767 74 1
1700833346.163817 74 1
1700833346.163869 74 1
1700833346.163898 74 1
1700833346.163926 74 1
1700833346.163962 74 1
1700833346.163990 82 1
1700833346.164016 82 1
1700833346.164041 82 1
1700833346.174277 1514 -1
1700833346.174277 8814 -1
1700833346.174277 1514 -1
1700833346.174364 82 1
1700833346.174490 90 1
1700833346.174516 90 1
1700833346.185246 7354 -1
1700833346.185246 1514 -1
1700833346.185246 1514 -1
1700833346.185246 4434 -1
1700833346.185246 1514 -1
1700833346.185246 1514 -1
1700833346.185246 7354 -1
1700833346.185246 1514 -1
1700833346.185246 1514 -1
1700833346.185246 5894 -1
1700833346.185246 7354 -1
1700833346.185246 1514 -1
1700833346.185246 2974 -1
1700833346.185246 4434 -1
1700833346.185246 5894 -1
1700833346.185246 7354 -1
1700833346.185246 4434 -1
1700833346.185246 2974 -1
1700833346.185246 7354 -1
1700833346.185246 1514 -1
1700833346.185246 7354 -1
1700833346.185246 1514 -1
1700833346.185246 7354 -1
1700833346.185246 1514 -1
1700833346.185246 7354 -1
1700833346.185246 4434 -1
1700833346.185633 90 1
1700833346.185709 90 1
1700833346.185744 90 1
1700833346.185786 90 1
1700833346.185818 90 1
1700833346.185845 90 1
1700833346.185874 90 1
1700833346.186006 82 1
1700833346.186080 74 1
1700833346.186119 82 1
1700833346.186151 82 1
1700833346.186181 82 1
1700833346.186212 82 1
1700833346.186245 90 1
1700833346.186291 90 1
1700833346.186368 90 1
1700833346.186406 90 1
1700833346.186438 90 1
1700833346.186492 90 1
1700833346.186553 90 1
1700833346.186627 90 1
1700833346.186694 90 1
1700833346.186783 90 1
1700833346.186842 90 1
1700833346.186922 90 1
1700833346.186979 90 1
1700833346.187421 90 1
1700833346.205544 1514 -1
1700833346.205544 1514 -1
1700833346.205544 1514 -1
1700833346.205544 5750 -1
1700833346.205544 2974 -1
1700833346.205544 1514 -1
1700833346.205544 7354 -1
1700833346.205544 4434 -1
1700833346.205544 7354 -1
1700833346.205544 2974 -1
1700833346.205544 1514 -1
1700833346.205544 1514 -1
1700833346.205544 2974 -1
1700833346.205544 7354 -1
1700833346.205544 1658 -1
1700833346.205544 4434 -1
1700833346.205544 7354 -1
1700833346.205544 7354 -1
1700833346.205544 2974 -1
1700833346.205544 1514 -1
1700833346.205544 1514 -1
1700833346.207142 90 1
1700833346.207177 90 1
1700833346.207227 90 1
1700833346.207260 90 1
1700833346.207301 82 1
1700833346.207329 82 1
1700833346.207356 82 1
1700833346.207383 82 1
1700833346.207415 82 1
1700833346.207441 82 1
1700833346.207465 82 1
1700833346.207545 74 1
1700833346.207592 66 1
1700833346.207623 66 1
1700833346.207653 66 1
1700833346.207700 66 1
1700833346.207893 66 1
1700833346.207920 66 1
1700833346.207942 66 1
1700833346.207971 74 1
1700833346.207998 74 1
1700833346.208059 7354 -1
1700833346.208059 1514 -1
1700833346.208059 2974 -1
1700833346.208191 74 1
1700833346.208226 74 1
1700833346.208263 74 1
1700833346.216504 7354 -1
1700833346.216504 4434 -1
1700833346.216504 1514 -1
1700833346.216504 2974 -1
1700833346.216504 10274 -1
1700833346.216504 1514 -1
1700833346.216504 11734 -1
1700833346.216504 11734 -1
1700833346.216911 74 1
1700833346.217093 74 1
1700833346.217281 66 1
1700833346.217315 66 1
1700833346.217353 66 1
1700833346.217386 66 1
1700833346.217430 74 1
1700833346.217462 74 1
1700833346.219598 10274 -1
1700833346.219598 2974 -1
1700833346.219598 8814 -1
1700833346.219756 74 1
1700833346.219816 74 1
1700833346.219847 74 1
1700833346.220482 1514 -1
1700833346.220589 66 1
1700833346.220854 66 1
1700833346.227156 3465 -1
1700833346.227156 4434 -1
1700833346.227156 7354 -1
1700833346.227156 7354 -1
1700833346.227156 1514 -1
1700833346.227156 2974 -1
1700833346.227156 5894 -1
1700833346.227156 7354 -1
1700833346.227422 66 1
1700833346.227504 66 1
1700833346.227558 66 1
1700833346.227598 66 1
1700833346.227627 66 1
1700833346.227655 74 1
1700833346.227684 74 1
1700833346.227710 74 1
1700833346.238361 7354 -1
1700833346.238361 1514 -1
1700833346.238361 2974 -1
1700833346.238361 1514 -1
1700833346.238361 7354 -1
1700833346.238361 1514 -1
1700833346.238361 3799 -1
1700833346.238361 689 -1
1700833346.238361 1514 -1
1700833346.238361 7354 -1
1700833346.238361 4434 -1
1700833346.238361 2974 -1
1700833346.238361 7354 -1
1700833346.238361 2974 -1
1700833346.238361 1514 -1
1700833346.238361 5894 -1
1700833346.238361 2974 -1
1700833346.238361 4434 -1
1700833346.238361 2974 -1
1700833346.238361 2974 -1
1700833346.238361 1514 -1
1700833346.238729 74 1
1700833346.238863 74 1
1700833346.238894 74 1
1700833346.238917 74 1
1700833346.238941 74 1
1700833346.238965 74 1
1700833346.238999 74 1
1700833346.239028 74 1
1700833346.239051 74 1
1700833346.239072 74 1
1700833346.239104 74 1
1700833346.239131 74 1
1700833346.239157 74 1
1700833346.239181 74 1
1700833346.239289 66 1
1700833346.239327 66 1
1700833346.239356 66 1
1700833346.239386 66 1
1700833346.239415 66 1
1700833346.239440 74 1
1700833346.239468 82 1
1700833346.240103 2974 -1
1700833346.240103 2974 -1
1700833346.240103 2974 -1
1700833346.240154 82 1
1700833346.240211 82 1
1700833346.240262 82 1
1700833346.245721 1514 -1
1700833346.245721 2974 -1
1700833346.245721 2974 -1
1700833346.245721 1514 -1
1700833346.245721 2974 -1
1700833346.245721 2974 -1
1700833346.245721 2974 -1
1700833346.245721 2974 -1
1700833346.245721 1514 -1
1700833346.245721 2974 -1
1700833346.245721 2974 -1
1700833346.245721 2974 -1
1700833346.245721 1514 -1
1700833346.245721 2974 -1
1700833346.245721 2974 -1
1700833346.246631 82 1
1700833346.246668 82 1
1700833346.246709 82 1
1700833346.246756 82 1
1700833346.246816 90 1
1700833346.246859 90 1
1700833346.246890 90 1
1700833346.246918 90 1
1700833346.246947 90 1
1700833346.246991 90 1
1700833346.247032 90 1
1700833346.247060 90 1
1700833346.247216 90 1
1700833346.247279 90 1
1700833346.247323 90 1
1700833346.247510 1514 -1
1700833346.247510 1514 -1
1700833346.247510 2974 -1
1700833346.247584 90 1
1700833346.247621 90 1
1700833346.247666 90 1
1700833346.248068 1514 -1
1700833346.248068 1514 -1
1700833346.248097 90 1
1700833346.248140 90 1
1700833346.255126 1514 -1
1700833346.255126 1514 -1
1700833346.255126 2974 -1
1700833346.255126 4434 -1
1700833346.255126 1514 -1
1700833346.255126 1514 -1
1700833346.255126 5894 -1
1700833346.255126 1514 -1
1700833346.255126 1514 -1
1700833346.255126 2974 -1
1700833346.255126 1514 -1
1700833346.255126 1514 -1
1700833346.255126 2974 -1
1700833346.255126 2974 -1
1700833346.256279 82 1
1700833346.256371 74 1
1700833346.256394 74 1
1700833346.256414 74 1
1700833346.256441 66 1
1700833346.256508 54 1
1700833346.256531 66 1
1700833346.256543 66 1
1700833346.256555 66 1
1700833346.256577 66 1
1700833346.256606 66 1
1700833346.256633 66 1
1700833346.256656 66 1
1700833346.256679 66 1
1700833346.257006 5894 -1
1700833346.257006 5894 -1
1700833346.257084 66 1
1700833346.257114 66 1
1700833346.267630 4434 -1
1700833346.267630 1514 -1
1700833346.267630 5894 -1
1700833346.267630 5894 -1
1700833346.267630 1514 -1
1700833346.267630 4434 -1
1700833346.267630 1514 -1
1700833346.267630 1514 -1
1700833346.267630 1514 -1
1700833346.267630 4434 -1
1700833346.267630 1514 -1
1700833346.267630 5894 -1
1700833346.267630 5894 -1
1700833346.267630 1514 -1
1700833346.267630 4434 -1
1700833346.267630 4434 -1
1700833346.267630 5894 -1
1700833346.267630 5894 -1
1700833346.267630 5894 -1
1700833346.267630 5894 -1
1700833346.268039 66 1
1700833346.268164 66 1
1700833346.268189 66 1
1700833346.268219 66 1
1700833346.268251 66 1
1700833346.268282 66 1
1700833346.268330 66 1
1700833346.268361 74 1
1700833346.268387 74 1
1700833346.268416 74 1
1700833346.268443 74 1
1700833346.268474 74 1
1700833346.268505 74 1
1700833346.268542 74 1
1700833346.268574 74 1
1700833346.268599 74 1
1700833346.268639 82 1
1700833346.268668 82 1
1700833346.268696 82 1
1700833346.268726 82 1
1700833346.276870 5894 -1
1700833346.276870 5894 -1
1700833346.276870 5894 -1
1700833346.276870 1514 -1
1700833346.276870 5894 -1
1700833346.276870 5894 -1
1700833346.276870 5894 -1
1700833346.276870 2974 -1
1700833346.276870 2974 -1
1700833346.276870 5894 -1
1700833346.276870 5894 -1
1700833346.276870 5894 -1
1700833346.276870 2974 -1
1700833346.276870 2974 -1
1700833346.277206 82 1
1700833346.277349 82 1
1700833346.277406 82 1
1700833346.277514 74 1
1700833346.277549 74 1
1700833346.277596 74 1
1700833346.277631 74 1
1700833346.277659 74 1
1700833346.277682 74 1
1700833346.277714 74 1
1700833346.277742 74 1
1700833346.277811 74 1
1700833346.277850 74 1
1700833346.277888 74 1
1700833346.278120 4434 -1
1700833346.278120 1514 -1
1700833346.278120 2974 -1
1700833346.278219 74 1
1700833346.278269 74 1
1700833346.278321 74 1
1700833346.287498 2974 -1
1700833346.287498 5894 -1
1700833346.287498 1514 -1
1700833346.287498 1514 -1
1700833346.287498 2974 -1
1700833346.287498 1514 -1
1700833346.287498 5894 -1
1700833346.287498 5894 -1
1700833346.287498 5894 -1
1700833346.287498 5894 -1
1700833346.287498 4434 -1
1700833346.287498 5894 -1
1700833346.287498 5894 -1
1700833346.287498 5894 -1
1700833346.287498 1514 -1
1700833346.287498 4434 -1
1700833346.287968 74 1
1700833346.288045 74 1
1700833346.288082 74 1
1700833346.288111 74 1
1700833346.288138 74 1
1700833346.288235 66 1
1700833346.288271 66 1
1700833346.288302 66 1
1700833346.288343 66 1
1700833346.288372 66 1
1700833346.288404 74 1
1700833346.288436 74 1
1700833346.288471 74 1
1700833346.288532 74 1
1700833346.288564 74 1
1700833346.288595 74 1
1700833346.299213 5894 -1
1700833346.299213 5894 -1
1700833346.299213 4434 -1
1700833346.299213 1514 -1
1700833346.299213 2974 -1
1700833346.299213 2974 -1
1700833346.299213 5894 -1
1700833346.299213 4434 -1
1700833346.299213 5894 -1
1700833346.299213 1514 -1
1700833346.299213 4434 -1
1700833346.299213 4434 -1
1700833346.299213 5894 -1
1700833346.299213 5894 -1
1700833346.299213 1514 -1
1700833346.299213 4434 -1
1700833346.299213 1514 -1
1700833346.299213 4434 -1
1700833346.299213 5894 -1
1700833346.299213 2974 -1
1700833346.299692 74 1
1700833346.299835 74 1
1700833346.299867 74 1
1700833346.299911 74 1
1700833346.299945 74 1
1700833346.299972 74 1
1700833346.300002 74 1
1700833346.300034 74 1
1700833346.300067 82 1
1700833346.300103 82 1
1700833346.300135 82 1
1700833346.300164 82 1
1700833346.300205 90 1
1700833346.300235 90 1
1700833346.300264 90 1
1700833346.300293 90 1
1700833346.300322 90 1
1700833346.300366 90 1
1700833346.300398 90 1
1700833346.300426 90 1
1700833346.303348 2974 -1
1700833346.303348 5894 -1
1700833346.303348 5894 -1
1700833346.303348 2974 -1
1700833346.303348 2974 -1
1700833346.303348 1514 -1
1700833346.303348 1514 -1
1700833346.303348 5894 -1
1700833346.303598 90 1
1700833346.303767 90 1
1700833346.303810 90 1
1700833346.303836 90 1
1700833346.303857 90 1
1700833346.304013 82 1
1700833346.304088 74 1
1700833346.304130 74 1
1700833346.305534 74 1
1700833346.314267 2974 -1
1700833346.314267 2974 -1
1700833346.314267 5894 -1
1700833346.314267 5894 -1
1700833346.314267 1514 -1
1700833346.314267 1514 -1
1700833346.314267 5894 -1
1700833346.314267 5894 -1
1700833346.314267 2974 -1
1700833346.314267 7354 -1
1700833346.314267 1514 -1
1700833346.314267 7354 -1
1700833346.314267 1514 -1
1700833346.314267 2974 -1
1700833346.314267 5894 -1
1700833346.314267 7354 -1
1700833346.314672 74 1
1700833346.314808 74 1
1700833346.314943 74 1
1700833346.314989 74 1
1700833346.315086 66 1
1700833346.315181 54 1
1700833346.315500 54 1
1700833346.315512 54 1
1700833346.315700 1514 -1
1700833346.315700 5894 -1
1700833346.315764 54 1
1700833346.316040 54 1
1700833346.317230 2974 -1
1700833346.317230 1514 -1
1700833346.317230 4434 -1
1700833346.317230 7354 -1
1700833346.317541 66 1
1700833346.317575 74 1
1700833346.317603 74 1
1700833346.320066 1514 -1
1700833346.320066 7354 -1
1700833346.320066 1514 -1
1700833346.320419 74 1
1700833346.320447 74 1
1700833346.320472 74 1
1700833346.361690 7354 -1
1700833346.361690 1514 -1
1700833346.361690 2974 -1
1700833346.361690 5894 -1
1700833346.361690 4434 -1
1700833346.361690 4434 -1
1700833346.361690 4434 -1
1700833346.361690 4434 -1
1700833346.361690 2974 -1
1700833346.361690 7354 -1
1700833346.361690 2974 -1
1700833346.361690 4434 -1
1700833346.361690 7354 -1
1700833346.361690 1514 -1
1700833346.361690 1514 -1
1700833346.361690 7354 -1
1700833346.361690 2974 -1
1700833346.361690 4434 -1
1700833346.361690 7354 -1
1700833346.361690 7354 -1
1700833346.361690 7354 -1
1700833346.361690 5894 -1
1700833346.361690 7354 -1
1700833346.361690 7354 -1
1700833346.361690 1514 -1
1700833346.361690 5894 -1
1700833346.361690 7354 -1
1700833346.361690 7354 -1
1700833346.361690 4434 -1
1700833346.361690 2974 -1
1700833346.361690 4434 -1
1700833346.361690 2974 -1
1700833346.361690 5894 -1
1700833346.361690 1514 -1
1700833346.361690 2974 -1
1700833346.361690 2974 -1
1700833346.361690 7354 -1
1700833346.361690 5894 -1
1700833346.362506 74 1
1700833346.362614 74 1
1700833346.362665 74 1
1700833346.362717 74 1
1700833346.362800 74 1
1700833346.362853 74 1
1700833346.362901 74 1
1700833346.362950 74 1
1700833346.362994 74 1
1700833346.363043 74 1
1700833346.363087 74 1
1700833346.363135 74 1
1700833346.363174 74 1
1700833346.363227 66 1
1700833346.363308 54 1
1700833346.363415 54 1
1700833346.363772 54 1
1700833346.364002 1514 -1
1700833346.364002 7354 -1
1700833346.364079 54 1
1700833346.364391 54 1
1700833346.371323 1514 -1
1700833346.371323 1514 -1
1700833346.371323 5894 -1
1700833346.371323 1514 -1
1700833346.371323 7354 -1
1700833346.371323 1514 -1
1700833346.371323 7354 -1
1700833346.371323 7354 -1
1700833346.371323 7354 -1
1700833346.371323 1514 -1
1700833346.371323 4434 -1
1700833346.371723 54 1
1700833346.372251 2974 -1
1700833346.372251 4434 -1
1700833346.372300 54 1
1700833346.372707 7354 -1
1700833346.372752 54 1
1700833346.373576 1514 -1
1700833346.384176 1514 -1
1700833346.384176 2974 -1
1700833346.384176 1514 -1
1700833346.384176 4434 -1
1700833346.384176 2974 -1
1700833346.384176 2974 -1
1700833346.384176 4434 -1
1700833346.384176 7354 -1
1700833346.384176 1514 -1
1700833346.384176 5894 -1
1700833346.384176 1514 -1
1700833346.384176 2974 -1
1700833346.384176 2974 -1
1700833346.384176 2974 -1
1700833346.384176 4434 -1
1700833346.384176 1514 -1
1700833346.384176 5894 -1
1700833346.384176 7354 -1
1700833346.384618 66 1
1700833346.384701 66 1
1700833346.384728 66 1
1700833346.384750 66 1
1700833346.384798 66 1
1700833346.384829 66 1
1700833346.384857 66 1
1700833346.384888 66 1
1700833346.384920 66 1
1700833346.384954 66 1
1700833346.384982 66 1
1700833346.385012 66 1
1700833346.385046 66 1
1700833346.385079 66 1
1700833346.385134 66 1
1700833346.385168 66 1
1700833346.391824 7354 -1
1700833346.391824 1514 -1
1700833346.391824 1514 -1
1700833346.391824 4434 -1
1700833346.391824 1514 -1
1700833346.391824 5894 -1
1700833346.391824 5894 -1
1700833346.391824 1514 -1
1700833346.391824 7354 -1
1700833346.392069 66 1
1700833346.392297 66 1
1700833346.392326 66 1
1700833346.392358 66 1
1700833346.392400 66 1
1700833346.392449 66 1
1700833346.392499 66 1
1700833346.392545 66 1
1700833346.392580 66 1
1700833346.394001 4434 -1
1700833346.394001 1514 -1
1700833346.394138 66 1
1700833346.394218 66 1
1700833346.394311 1514 -1
1700833346.394342 66 1
1700833346.415727 4434 -1
1700833346.415727 1514 -1
1700833346.415727 1514 -1
1700833346.415727 4434 -1
1700833346.415727 7354 -1
1700833346.415727 4434 -1
1700833346.415727 2974 -1
1700833346.415727 7354 -1
1700833346.415727 7354 -1
1700833346.415727 7354 -1
1700833346.415727 1514 -1
1700833346.415727 1514 -1
1700833346.415727 2974 -1
1700833346.415727 2974 -1
1700833346.415727 4589 -1
1700833346.415727 2974 -1
1700833346.415727 5894 -1
1700833346.415727 1514 -1
1700833346.415727 2974 -1
1700833346.415727 4434 -1
1700833346.415727 5894 -1
1700833346.415727 1514 -1
1700833346.415727 1514 -1
1700833346.415727 7354 -1
1700833346.415727 7354 -1
1700833346.415727 1514 -1
1700833346.415727 2974 -1
1700833346.416390 66 1
1700833346.416481 66 1
1700833346.416509 66 1
1700833346.416537 74 1
1700833346.416566 74 1
1700833346.416594 74 1
1700833346.416623 74 1
1700833346.416655 74 1
1700833346.416684 74 1
1700833346.416708 74 1
1700833346.416847 66 1
1700833346.416879 66 1
1700833346.416907 66 1
1700833346.416931 66 1
1700833346.416959 66 1
1700833346.416989 66 1
1700833346.417024 66 1
1700833346.417058 66 1
1700833346.417097 66 1
1700833346.417127 66 1
1700833346.417155 66 1
1700833346.417210 74 1
1700833346.417239 74 1
1700833346.417270 74 1
1700833346.417299 74 1
1700833346.417326 74 1
1700833346.417354 74 1
1700833346.418110 1514 -1
1700833346.418110 1514 -1
1700833346.418110 7354 -1
1700833346.418110 1514 -1
1700833346.418110 2974 -1
1700833346.418224 82 1
1700833346.418258 90 1
1700833346.418286 90 1
1700833346.418315 90 1
1700833346.418386 90 1
1700833346.418628 7354 -1
1700833346.418700 90 1
1700833346.419475 1514 -1
1700833346.419520 90 1
1700833346.419646 7354 -1
1700833346.419719 90 1
1700833346.423028 1514 -1
1700833346.423028 2974 -1
1700833346.423028 1514 -1
1700833346.423028 1514 -1
1700833346.423028 4434 -1
1700833346.423028 1514 -1
1700833346.423224 90 1
1700833346.423299 90 1
1700833346.423327 90 1
1700833346.423356 90 1
1700833346.423390 90 1
1700833346.423422 90 1
1700833346.423509 1514 -1
1700833346.423609 82 1
1700833346.433348 1514 -1
1700833346.433348 7354 -1
1700833346.433348 7354 -1
1700833346.433348 1514 -1
1700833346.433348 1514 -1
1700833346.433348 1514 -1
1700833346.433348 7354 -1
1700833346.433348 5894 -1
1700833346.433348 1514 -1
1700833346.433348 1514 -1
1700833346.433348 1514 -1
1700833346.433348 1514 -1
1700833346.433348 5894 -1
1700833346.433348 4434 -1
1700833346.433348 2974 -1
1700833346.433348 2292 -1
1700833346.433771 82 1
1700833346.433835 82 1
1700833346.433876 82 1
1700833346.433946 74 1
1700833346.433993 66 1
1700833346.434074 54 1
1700833346.434125 66 1
1700833346.434154 66 1
1700833346.434182 66 1
1700833346.434217 66 1
1700833346.434247 66 1
1700833346.434273 66 1
1700833346.434441 66 1
1700833346.443026 1514 -1
1700833346.443386 54 1
1700833351.276848 260 1
1700833351.293538 259 1
1700833351.296360 982 -1
1700833351.296360 806 -1
1700833351.296413 54 1
1700833351.298473 256 1
1700833351.298559 257 1
1700833351.300327 60 -1
1700833351.307431 7354 -1
1700833351.307512 54 1
1700833351.307760 7354 -1
1700833351.307802 54 1
1700833351.308492 7354 -1
1700833351.308548 54 1
1700833351.312000 4434 -1
1700833351.312000 1514 -1
1700833351.312000 7354 -1
1700833351.312000 7354 -1
1700833351.312195 66 1
1700833351.312259 66 1
1700833351.312309 66 1
1700833351.318170 2974 -1
1700833351.318170 2974 -1
1700833351.318170 7354 -1
1700833351.318170 659 -1
1700833351.318170 910 -1
1700833351.318170 4434 -1
1700833351.318170 4434 -1
1700833351.318170 4434 -1
1700833351.318367 66 1
1700833351.318421 74 1
1700833351.318448 82 1
1700833351.318466 82 1
1700833351.318498 82 1
1700833351.318528 82 1
1700833351.318553 82 1
1700833351.318581 82 1
1700833351.321227 4434 -1
1700833351.321227 4434 -1
1700833351.321227 1514 -1
1700833351.321227 4434 -1
1700833351.321227 4434 -1
1700833351.321371 82 1
1700833351.321434 82 1
1700833351.321514 74 1
1700833351.321561 74 1
1700833351.321590 74 1
1700833351.321781 7354 -1
1700833351.321839 74 1
1700833351.322649 2974 -1
1700833351.322679 74 1
1700833351.323101 2974 -1
1700833351.323150 74 1
1700833351.323741 1514 -1
1700833351.323785 66 1
1700833351.323942 1514 -1
1700833351.324049 54 1
1700833351.324167 1514 -1
1700833351.324167 7354 -1
1700833351.324233 54 1
1700833351.331068 7354 -1
1700833351.331068 1514 -1
1700833351.331068 5894 -1
1700833351.331068 5894 -1
1700833351.331068 1514 -1
1700833351.331068 4431 -1
1700833351.331068 2974 -1
1700833351.331068 4434 -1
1700833351.331068 7354 -1
1700833351.331515 54 1
1700833351.331570 7354 -1
1700833351.331610 54 1
1700833351.334133 7354 -1
1700833351.334133 4434 -1
1700833351.334133 2974 -1
1700833351.334375 54 1
1700833351.334491 7354 -1
1700833351.334523 54 1
1700833351.335249 2974 -1
1700833351.335343 54 1
1700833351.335643 4434 -1
1700833351.335667 54 1
1700833351.337062 7354 -1
1700833351.337098 54 1
1700833351.338779 7354 -1
1700833351.338779 7354 -1
1700833351.338929 54 1
1700833351.342530 89 1
1700833351.342539 7354 -1
1700833351.342539 7354 -1
1700833351.342539 1514 -1
1700833351.342539 4434 -1
1700833351.342539 1514 -1
1700833351.342788 54 1
1700833351.342911 5894 -1
1700833351.342943 66 1
1700833351.343597 8814 -1
1700833351.343637 66 1
1700833351.345511 4434 -1
1700833351.345547 66 1
1700833351.348421 4434 -1
1700833351.348421 4434 -1
1700833351.348421 4434 -1
1700833351.348421 1514 -1
1700833351.348421 4434 -1
1700833351.348761 66 1
1700833351.348803 66 1
1700833351.348977 66 1
1700833351.349035 54 1
1700833351.349068 54 1
1700833351.349317 5894 -1
1700833351.349369 54 1
1700833351.350295 2974 -1
1700833351.350334 54 1
1700833351.351031 4434 -1
1700833351.351099 54 1
1700833351.359232 2974 -1
1700833351.359232 1514 -1
1700833351.359232 2974 -1
1700833351.359232 1514 -1
1700833351.359232 2974 -1
1700833351.359232 1514 -1
1700833351.359232 7354 -1
1700833351.359232 5894 -1
1700833351.359232 1514 -1
1700833351.359232 7354 -1
1700833351.359232 7354 -1
1700833351.359232 7354 -1
1700833351.359232 5894 -1
1700833351.359232 1514 -1
1700833351.359232 2974 -1
1700833351.359232 1514 -1
1700833351.359232 2974 -1
1700833351.359232 1514 -1
1700833351.359232 5894 -1
1700833351.359232 4434 -1
1700833351.359683 54 1
1700833351.359787 2974 -1
1700833351.359787 4434 -1
1700833351.359876 54 1
1700833351.360134 2974 -1
1700833351.360179 54 1
1700833351.360640 54 1
1700833351.368217 4434 -1
1700833351.368217 2974 -1
1700833351.368217 2974 -1
1700833351.368217 7354 -1
1700833351.368217 7354 -1
1700833351.368217 1514 -1
1700833351.368217 2974 -1
1700833351.368217 7354 -1
1700833351.368217 7354 -1
1700833351.368217 5894 -1
1700833351.368217 2974 -1
1700833351.368217 2974 -1
1700833351.368217 1514 -1
1700833351.368381 66 1
1700833351.368433 66 1
1700833351.368487 66 1
1700833351.368525 74 1
1700833351.368565 82 1
1700833351.368607 82 1
1700833351.368656 82 1
1700833351.368703 82 1
1700833351.368740 82 1
1700833351.368778 82 1
1700833351.368828 82 1
1700833351.368967 4434 -1
1700833351.368967 2974 -1
1700833351.369007 82 1
1700833351.369036 82 1
1700833351.369347 7354 -1
1700833351.369390 82 1
1700833351.370531 7354 -1
1700833351.370578 82 1
1700833351.371152 7354 -1
1700833351.371216 82 1
1700833351.386534 1514 -1
1700833351.386534 1514 -1
1700833351.386534 1514 -1
1700833351.386534 5894 -1
1700833351.386534 1514 -1
1700833351.386534 7354 -1
1700833351.386534 1514 -1
1700833351.386534 7354 -1
1700833351.386534 1514 -1
1700833351.386534 2974 -1
1700833351.386534 7354 -1
1700833351.386534 1514 -1
1700833351.386534 2974 -1
1700833351.386534 5894 -1
1700833351.386534 8814 -1
1700833351.386534 7354 -1
1700833351.386534 1514 -1
1700833351.386534 2974 -1
1700833351.386534 4434 -1
1700833351.386845 74 1
1700833351.386921 66 1
1700833351.387003 54 1
1700833351.387110 66 1
1700833351.390702 66 1
1700833351.405769 1514 -1
1700833351.405769 2974 -1
1700833351.405769 4434 -1
1700833351.405769 1514 -1
1700833351.405769 4434 -1
1700833351.405769 4434 -1
1700833351.405769 332 -1
1700833351.405769 4434 -1
1700833351.405769 4434 -1
1700833351.405769 4434 -1
1700833351.405769 1514 -1
1700833351.405769 2974 -1
1700833351.405769 4434 -1
1700833351.405769 4259 -1
1700833351.406010 74 1
1700833351.406084 74 1
1700833351.406118 74 1
1700833351.406173 66 1
1700833351.406199 66 1
1700833351.406230 66 1
1700833351.406251 66 1
1700833351.406274 66 1
1700833351.406297 66 1
1700833351.406318 66 1
1700833351.406337 66 1
1700833351.406355 66 1
1700833351.406378 66 1
1700833351.406416 66 1
1700833351.418657 1514 -1
1700833351.418766 54 1
1700833351.758886 54 1
1700833351.764527 78 -1
1700833351.764527 60 -1
1700833351.764870 54 1
1700833354.954702 66 1
1700833354.955924 66 -1
1700833354.956046 54 1
1700833354.957952 870 1
1700833354.960275 60 -1
1700833354.961032 318 -1
1700833354.962647 134 1
1700833354.963116 146 1
1700833354.963748 614 1
1700833354.963823 257 1
1700833354.963907 230 1
1700833354.963965 231 1
1700833354.964021 230 1
1700833354.964083 255 1
1700833354.965433 60 -1
1700833354.965433 60 -1
1700833354.965433 60 -1
1700833354.965433 60 -1
1700833354.965433 60 -1
1700833354.965433 60 -1
1700833354.965433 60 -1
1700833354.965433 60 -1
1700833354.965433 341 -1
1700833354.968137 115 -1
1700833354.968137 85 -1
1700833354.968322 54 1
1700833354.968679 85 1
1700833354.969660 60 -1
1700833354.970319 986 -1
1700833354.970319 16460 -1
1700833354.970402 54 1
1700833354.983494 85 -1
1700833354.983494 2974 -1
1700833354.983494 7354 -1
1700833354.983494 2974 -1
1700833354.983494 3320 -1
1700833354.983494 7354 -1
1700833354.983494 7354 -1
1700833354.983494 7354 -1
1700833354.983494 7354 -1
1700833354.983494 3728 -1
1700833354.983494 1514 -1
1700833354.983494 7354 -1
1700833354.983748 54 1
1700833354.984411 5080 -1
1700833354.984465 54 1
1700833354.984635 1048 -1
1700833354.984656 54 1
1700833354.984816 733 -1
1700833354.984816 1071 -1
1700833354.984851 54 1
1700833354.985054 737 -1
1700833354.985631 979 -1
1700833354.985631 812 -1
1700833354.985631 16045 -1
1700833354.985693 54 1
1700833354.988014 5554 -1
1700833354.988069 54 1
1700833355.002059 8611 -1
1700833355.002059 804 -1
1700833355.002059 7354 -1
1700833355.002059 1514 -1
1700833355.002059 7354 -1
1700833355.002059 21954 -1
1700833355.002059 7354 -1
1700833355.002059 7354 -1
1700833355.002059 7354 -1
1700833355.002059 7354 -1
1700833355.002059 1514 -1
1700833355.002059 4434 -1
1700833355.002432 54 1
1700833355.002737 7354 -1
1700833355.002770 54 1
1700833355.002785 54 1
1700833355.003738 7354 -1
1700833355.003783 54 1
1700833355.006220 54 1
1700833355.009144 11734 -1
1700833355.009144 7354 -1
1700833355.009144 1514 -1
1700833355.009144 7354 -1
1700833355.009144 7354 -1
1700833355.009144 7354 -1
1700833355.009305 54 1
1700833355.010094 2974 -1
1700833355.010094 4434 -1
1700833355.010142 54 1
1700833355.011711 7354 -1
1700833355.011711 7354 -1
1700833355.011711 2974 -1
1700833355.011787 54 1
1700833355.011850 4434 -1
1700833355.011923 66 1
1700833355.012081 7354 -1
1700833355.012143 66 1
1700833355.012576 7354 -1
1700833355.012625 66 1
1700833355.013404 7354 -1
1700833355.013454 66 1
1700833355.017925 7354 -1
1700833355.017925 7354 -1
1700833355.017925 4434 -1
1700833355.017925 2974 -1
1700833355.017925 7354 -1
1700833355.017925 7354 -1
1700833355.017925 7354 -1
1700833355.017925 5894 -1
1700833355.018100 66 1
1700833355.018189 66 1
1700833355.018218 66 1
1700833355.018240 66 1
1700833355.018277 66 1
1700833355.018316 66 1
1700833355.018347 66 1
1700833355.018382 66 1
1700833355.018428 7354 -1
1700833355.018480 66 1
1700833355.021013 7354 -1
1700833355.021013 7354 -1
1700833355.021013 7354 -1
1700833355.021013 1514 -1
1700833355.021013 1514 -1
1700833355.021013 703 -1
1700833355.021013 7354 -1
1700833355.021126 66 1
1700833355.021209 66 1
1700833355.021232 66 1
1700833355.021248 66 1
1700833355.021264 66 1
1700833355.021296 66 1
1700833355.021327 66 1
1700833355.030372 2974 -1
1700833355.030372 6381 -1
1700833355.030372 1514 -1
1700833355.030466 66 1
1700833355.030524 66 1
1700833355.030682 54 1
1700833358.698121 260 1
1700833358.698300 257 1
1700833358.698406 258 1
1700833358.699637 60 -1
1700833358.706627 60 -1
1700833358.706627 60 -1
1700833358.707138 258 1
1700833358.707537 256 1
1700833358.707925 257 1
1700833358.709885 60 -1
1700833358.709885 60 -1
1700833358.709885 60 -1
1700833358.764883 1109 -1
1700833358.764883 651 -1
1700833358.764974 54 1
1700833358.777264 7354 -1
1700833358.777264 2974 -1
1700833358.777264 4780 -1
1700833358.777264 85 -1
1700833358.777264 7354 -1
1700833358.777264 1514 -1
1700833358.777264 4780 -1
1700833358.777264 7354 -1
1700833358.785132 66 1
1700833358.785208 66 1
1700833358.785242 66 1
1700833358.785274 66 1
1700833358.785306 74 1
1700833358.785351 74 1
1700833358.785462 7354 -1
1700833358.785462 7354 -1
1700833358.785462 7354 -1
1700833358.785462 2268 -1
1700833358.785462 1514 -1
1700833358.785462 4434 -1
1700833358.785462 5894 -1
1700833358.785462 1514 -1
1700833358.785462 4026 -1
1700833358.785462 1730 -1
1700833358.785630 74 1
1700833358.785670 74 1
1700833358.785718 74 1
1700833358.785761 82 1
1700833358.785805 82 1
1700833358.785847 82 1
1700833358.785908 82 1
1700833358.785961 82 1
1700833358.786031 82 1
1700833358.786073 82 1
1700833358.806058 1115 -1
1700833358.806058 642 -1
1700833358.806058 960 -1
1700833358.806058 840 -1
1700833358.806058 7354 -1
1700833358.806058 7354 -1
1700833358.806058 1860 -1
1700833358.806058 85 -1
1700833358.806058 1514 -1
1700833358.806058 7354 -1
1700833358.806058 7354 -1
1700833358.806058 400 -1
1700833358.806058 7354 -1
1700833358.806058 7354 -1
1700833358.806058 7354 -1
1700833358.806058 7354 -1
1700833358.806058 3728 -1
1700833358.806058 85 -1
1700833358.806058 4470 -1
1700833358.806332 82 1
1700833358.806468 82 1
1700833358.806504 82 1
1700833358.806540 82 1
1700833358.806574 82 1
1700833358.806613 82 1
1700833358.806639 82 1
1700833358.806658 82 1
1700833358.806702 82 1
1700833358.806732 82 1
1700833358.806760 82 1
1700833358.806795 82 1
1700833358.807819 82 1
1700833358.807847 82 1
1700833358.807898 82 1
1700833358.807926 82 1
1700833358.807970 82 1
1700833358.808005 82 1
1700833358.808057 82 1
1700833358.813246 7354 -1
1700833358.813246 9160 -1
1700833358.813246 85 -1
1700833358.813246 4434 -1
1700833358.813246 7354 -1
1700833358.813246 4780 -1
1700833358.813246 7354 -1
1700833358.813246 7354 -1
1700833358.813246 7354 -1
1700833358.813246 4017 -1
1700833358.813246 1030 -1
1700833358.813246 1514 -1
1700833358.813246 740 -1
1700833358.813246 2974 -1
1700833358.813246 1514 -1
1700833358.813246 7354 -1
1700833358.813246 7354 -1
1700833358.813246 5894 -1
1700833358.813246 7354 -1
1700833358.813246 5894 -1
1700833358.813246 1514 -1
1700833358.813246 2974 -1
1700833358.813246 4434 -1
1700833358.813246 2974 -1
1700833358.813246 663 -1
1700833358.813246 4663 -1
1700833358.813757 82 1
1700833358.813946 82 1
1700833358.813971 82 1
1700833358.813997 82 1
1700833358.814030 82 1
1700833358.814073 82 1
1700833358.814126 82 1
1700833358.814156 82 1
1700833358.814210 82 1
1700833358.814244 82 1
1700833358.814270 82 1
1700833358.814328 74 1
1700833358.814354 74 1
1700833358.814414 66 1
1700833358.814670 54 1
1700833358.814732 66 1
1700833358.814791 66 1
1700833358.814822 74 1
1700833358.814850 74 1
1700833358.814894 82 1
1700833358.814938 82 1
1700833358.816798 82 1
1700833358.822802 2974 -1
1700833358.822802 7354 -1
1700833358.822802 4811 -1
1700833358.822802 5894 -1
1700833358.822802 1514 -1
1700833358.822802 7354 -1
1700833358.822802 7354 -1
1700833358.822802 7354 -1
1700833358.822802 4780 -1
1700833358.823032 82 1
1700833358.823187 82 1
1700833358.823214 82 1
1700833358.823237 90 1
1700833358.823258 90 1
1700833358.823277 90 1
1700833358.823295 90 1
1700833358.823314 90 1
1700833358.823339 90 1
1700833358.829228 2974 -1
1700833358.829228 7354 -1
1700833358.829228 2251 -1
1700833358.829228 7354 -1
1700833358.829228 2974 -1
1700833358.829228 4434 -1
1700833358.829228 2974 -1
1700833358.829228 4434 -1
1700833358.829228 7354 -1
1700833358.829228 5894 -1
1700833358.829228 7354 -1
1700833358.829228 2974 -1
1700833358.829228 7354 -1
1700833358.829228 2974 -1
1700833358.829228 1514 -1
1700833358.829228 1514 -1
1700833358.829228 1154 -1
1700833358.829228 4434 -1
1700833358.829472 90 1
1700833358.829585 90 1
1700833358.829616 90 1
1700833358.829633 90 1
1700833358.829648 90 1
1700833358.829696 90 1
1700833358.829734 90 1
1700833358.829765 90 1
1700833358.829786 90 1
1700833358.829810 90 1
1700833358.829836 90 1
1700833358.829861 90 1
1700833358.829908 90 1
1700833358.829943 90 1
1700833358.829992 90 1
1700833358.830029 90 1
1700833358.830064 90 1
1700833358.830088 90 1
1700833358.830177 616 -1
1700833358.830177 1061 -1
1700833358.830177 720 -1
1700833358.830207 90 1
1700833358.830234 90 1
1700833358.830254 90 1
1700833358.834621 1514 -1
1700833358.834621 1514 -1
1700833358.834721 90 1
1700833358.834948 82 1
1700833358.835588 1514 -1
1700833358.835588 1514 -1
1700833358.835627 74 1
1700833358.835685 66 1
1700833358.835767 1514 -1
1700833358.835804 54 1
1700833358.836446 7354 -1
1700833358.836501 54 1
1700833358.837159 2974 -1
1700833358.837159 6240 -1
1700833358.837211 54 1
1700833358.839217 85 -1
1700833358.839217 7354 -1
1700833358.839217 7354 -1
1700833358.839217 400 -1
1700833358.839217 2974 -1
1700833358.839217 7354 -1
1700833358.839306 66 1
1700833358.839353 66 1
1700833358.839388 66 1
1700833358.839441 66 1
1700833358.839486 66 1
1700833358.840052 7354 -1
1700833358.840104 66 1
1700833358.840385 7354 -1
1700833358.840434 66 1
1700833358.840979 7354 -1
1700833358.841050 66 1
1700833358.844173 808 -1
1700833358.844173 7354 -1
1700833358.844173 7354 -1
1700833358.844173 1922 -1
1700833358.844173 7354 -1
1700833358.844173 7354 -1
1700833358.844264 66 1
1700833358.844313 66 1
1700833358.844368 66 1
1700833358.844420 66 1
1700833358.844452 66 1
1700833358.844480 66 1
1700833358.844528 7354 -1
1700833358.844575 66 1
1700833358.844834 7354 -1
1700833358.845061 66 1
1700833358.845443 5319 -1
1700833358.845489 66 1
1700833358.845878 1514 -1
1700833358.846057 54 1
1700833360.333826 247 1
1700833360.339463 60 -1
1700833360.344811 256 1
1700833360.345425 230 1
1700833360.346391 259 1
1700833360.347771 258 1
1700833360.352495 1036 -1
1700833360.352495 733 -1
1700833360.352495 16460 -1
1700833360.352495 85 -1
1700833360.352495 4434 -1
1700833360.352495 10620 -1
1700833360.352495 7354 -1
1700833360.352495 7354 -1
1700833360.352733 66 1
1700833360.352785 66 1
1700833360.352817 66 1
1700833360.353607 7354 -1
1700833360.353607 1514 -1
1700833360.353652 66 1
1700833360.353683 66 1
1700833360.353782 4434 -1
1700833360.353808 66 1
1700833360.356531 89 1
1700833360.359122 3728 -1
1700833360.359122 85 -1
1700833360.359122 10274 -1
1700833360.359122 4434 -1
1700833360.359122 7354 -1
1700833360.359122 2813 -1
1700833360.359122 1514 -1
1700833360.359122 1055 -1
1700833360.359122 727 -1
1700833360.359228 74 1
1700833360.359267 74 1
1700833360.359308 74 1
1700833360.359349 82 1
1700833360.359393 90 1
1700833360.359427 90 1
1700833360.359500 82 1
1700833360.359543 82 1
1700833360.359581 82 1
1700833360.359803 7354 -1
1700833360.359841 82 1
1700833360.360370 4780 -1
1700833360.360404 82 1
1700833360.361366 1514 -1
1700833360.361412 74 1
1700833360.361478 1514 -1
1700833360.361503 66 1
1700833360.361846 431 -1
1700833360.362082 54 1
1700833360.362577 984 -1
1700833360.362577 807 -1
1700833360.362606 54 1
1700833360.362724 4434 -1
1700833360.362748 54 1
1700833360.362999 7354 -1
1700833360.363021 54 1
1700833360.364212 1514 -1
1700833360.364960 3320 -1
1700833360.364999 54 1
1700833360.365226 85 -1
1700833360.365226 8814 -1
1700833360.365289 54 1
1700833360.366562 7354 -1
1700833360.366598 54 1
1700833360.367830 400 -1
1700833360.367957 7354 -1
1700833360.367995 54 1
1700833360.369131 7354 -1
1700833360.369188 54 1
1700833360.370108 7354 -1
1700833360.370163 54 1
1700833360.389935 5894 -1
1700833360.389935 5188 -1
1700833360.389935 2121 -1
1700833360.389935 1707 -1
1700833360.389935 7354 -1
1700833360.389935 1514 -1
1700833360.389935 7354 -1
1700833360.389935 400 -1
1700833360.389935 5894 -1
1700833360.389935 5894 -1
1700833360.389935 4811 -1
1700833360.389935 7354 -1
1700833360.389935 7354 -1
1700833360.389935 1922 -1
1700833360.389935 7354 -1
1700833360.389935 2974 -1
1700833360.389935 7354 -1
1700833360.389935 7354 -1
1700833360.389935 2974 -1
1700833360.389935 7354 -1
1700833360.389935 2772 -1
1700833360.389935 1108 -1
1700833360.389935 653 -1
1700833360.389935 5894 -1
1700833360.389935 7354 -1
1700833360.389935 1860 -1
1700833360.389935 7354 -1
1700833360.389935 7354 -1
1700833360.389935 1891 -1
1700833360.389935 7354 -1
1700833360.389935 9222 -1
1700833360.389935 7354 -1
1700833360.389935 10274 -1
1700833360.389935 4434 -1
1700833360.389935 4434 -1
1700833360.389935 1514 -1
1700833360.389935 7354 -1
1700833360.389935 2974 -1
1700833360.389935 4074 -1
1700833360.390732 66 1
1700833360.390788 66 1
1700833360.390816 66 1
1700833360.390840 66 1
1700833360.390864 66 1
1700833360.390903 66 1
1700833360.390933 66 1
1700833360.390972 66 1
1700833360.390995 66 1
1700833360.391090 74 1
1700833360.391116 74 1
1700833360.391145 82 1
1700833360.391181 90 1
1700833360.391207 90 1
1700833360.391232 90 1
1700833360.391264 90 1
1700833360.391346 13194 -1
1700833360.391346 1514 -1
1700833360.391346 1526 -1
1700833360.391346 66 -1
1700833360.391402 90 1
1700833360.391450 90 1
1700833360.391470 90 1
1700833360.391487 90 1
1700833360.408743 90 1
1700833360.420377 1514 -1
1700833360.420377 1514 -1
1700833360.420377 1514 -1
1700833360.420377 4434 -1
1700833360.420377 1514 -1
1700833360.421316 90 1
1700833360.421403 82 1
1700833360.421442 74 1
1700833360.421494 66 1
1700833360.421539 54 1
1700833360.421974 54 1
1700833361.762734 54 1
1700833361.764234 78 -1
1700833361.764234 60 -1
1700833361.764284 54 1
1700833361.954679 66 1
1700833361.958674 66 -1
1700833361.958805 54 1
1700833361.960388 966 1
1700833361.961521 60 -1
1700833361.962290 318 -1
1700833361.963046 134 1
1700833361.964013 60 -1
1700833361.965117 146 1
1700833361.965459 341 -1
1700833361.966203 60 -1
1700833361.966664 115 -1
1700833361.966664 85 -1
1700833361.966692 54 1
1700833361.967503 85 1
1700833361.967645 614 1
1700833361.967899 256 1
1700833361.968075 258 1
1700833361.968329 223 1
1700833361.968451 258 1
1700833361.968880 260 1
1700833361.969169 60 -1
1700833361.969169 60 -1
1700833361.969255 60 -1
1700833361.969255 60 -1
1700833361.969441 60 -1
1700833361.970317 60 -1
1700833361.970394 60 -1
1700833361.978294 1110 -1
1700833361.978294 1583 -1
1700833361.978294 803 -1
1700833361.978294 1514 -1
1700833361.978294 7354 -1
1700833361.978294 7354 -1
1700833361.978294 400 -1
1700833361.978294 5894 -1
1700833361.978294 7354 -1
1700833361.978294 2974 -1
1700833361.978294 7354 -1
1700833361.978763 66 1
1700833361.979501 7354 -1
1700833361.979591 66 1
1700833361.984316 5894 -1
1700833361.984316 7354 -1
1700833361.984463 66 1
1700833361.984520 66 1
1700833361.984687 7354 -1
1700833361.984687 7354 -1
1700833361.984765 66 1
1700833361.984793 66 1
1700833362.004429 4434 -1
1700833362.004429 1232 -1
1700833362.004429 85 -1
1700833362.004429 2974 -1
1700833362.004429 431 -1
1700833362.004429 7354 -1
1700833362.004429 7354 -1
1700833362.004429 4434 -1
1700833362.004429 7354 -1
1700833362.004429 7354 -1
1700833362.004429 7354 -1
1700833362.004429 4434 -1
1700833362.004429 7354 -1
1700833362.004429 5894 -1
1700833362.004429 5571 -1
1700833362.004429 1514 -1
1700833362.005247 66 1
1700833362.005274 66 1
1700833362.005292 66 1
1700833362.005337 66 1
1700833362.005424 54 1
1700833362.005487 54 1
1700833362.006234 54 1
1700833362.007309 7354 -1
1700833362.007309 2974 -1
1700833362.007309 4434 -1
1700833362.007397 54 1
1700833362.008743 54 1
1700833362.008878 54 1
1700833362.010664 2974 -1
1700833362.010664 1514 -1
1700833362.010664 5894 -1
1700833362.010664 7354 -1
1700833362.010664 7354 -1
1700833362.010664 1514 -1
1700833362.010664 7354 -1
1700833362.010811 54 1
1700833362.013634 7354 -1
1700833362.013634 7354 -1
1700833362.013634 5894 -1
1700833362.013634 7354 -1
1700833362.013634 7354 -1
1700833362.013799 54 1
1700833362.013854 7354 -1
1700833362.013904 54 1
1700833362.018262 7354 -1
1700833362.018262 7354 -1
1700833362.018262 7354 -1
1700833362.018262 7354 -1
1700833362.018262 4434 -1
1700833362.018262 2974 -1
1700833362.018262 7354 -1
1700833362.019354 54 1
1700833362.028372 4434 -1
1700833362.028372 7354 -1
1700833362.028372 7354 -1
1700833362.028372 2974 -1
1700833362.028372 1514 -1
1700833362.028372 2974 -1
1700833362.028372 7354 -1
1700833362.028372 7354 -1
1700833362.028372 2974 -1
1700833362.028372 4434 -1
1700833362.028372 5894 -1
1700833362.028372 7354 -1
1700833362.028372 8814 -1
1700833362.028372 11734 -1
1700833362.028372 6231 -1
1700833362.028372 4434 -1
1700833362.028372 14654 -1
1700833362.028372 8814 -1
1700833362.028372 7354 -1
1700833362.028372 2974 -1
1700833362.030486 66 1
1700833362.030578 66 1
1700833362.030612 66 1
1700833362.030681 66 1
1700833362.030718 66 1
1700833362.030749 66 1
1700833362.030791 66 1
1700833362.030834 74 1
1700833362.030907 82 1
1700833362.030939 82 1
1700833362.030965 82 1
1700833362.031040 7354 -1
1700833362.031040 7354 -1
1700833362.031040 2871 -1
1700833362.031198 82 1
1700833362.031224 82 1
1700833362.031248 82 1
1700833362.035623 1514 -1
1700833362.035623 1514 -1
1700833362.035623 1514 -1
1700833362.035756 74 1
1700833362.035877 74 1
1700833362.035968 66 1
1700833362.036083 1514 -1
1700833362.036137 54 1
1700833362.036214 54 1
1700833363.592420 257 1
1700833363.597224 231 1
1700833363.597671 231 1
1700833363.598137 257 1
1700833363.598551 230 1
1700833363.605519 229 1
1700833363.605633 230 1
1700833363.612310 936 -1
1700833363.612310 11734 -1
1700833363.612310 1860 -1
1700833363.612310 1514 -1
1700833363.612310 7354 -1
1700833363.612310 7731 -1
1700833363.612310 7354 -1
1700833363.612310 7354 -1
1700833363.612310 1922 -1
1700833363.612310 4434 -1
1700833363.612310 4434 -1
1700833363.612310 4434 -1
1700833363.612310 5894 -1
1700833363.612310 1514 -1
1700833363.612310 7354 -1
1700833363.612310 7354 -1
1700833363.612310 7354 -1
1700833363.612310 1514 -1
1700833363.612310 7354 -1
1700833363.612310 7354 -1
1700833363.613177 66 1
1700833363.613283 66 1
1700833363.613351 66 1
1700833363.613400 66 1
1700833363.613441 66 1
1700833363.613468 66 1
1700833363.613506 66 1
1700833363.613533 66 1
1700833363.613574 66 1
1700833363.613601 74 1
1700833363.613673 74 1
1700833363.613717 82 1
1700833363.613772 82 1
1700833363.613814 82 1
1700833363.613854 82 1
1700833363.613970 82 1
1700833363.614016 90 1
1700833363.614048 90 1
1700833363.614092 7354 -1
1700833363.614092 1514 -1
1700833363.614092 5894 -1
1700833363.614092 7354 -1
1700833363.614158 90 1
1700833363.614196 90 1
1700833363.614222 90 1
1700833363.614250 90 1
1700833363.614390 7354 -1
1700833363.614432 90 1
1700833363.616105 1216 -1
1700833363.616105 7354 -1
1700833363.616105 2974 -1
1700833363.616105 4341 -1
1700833363.616105 60 -1
1700833363.616105 1053 -1
1700833363.616105 731 -1
1700833363.616105 983 -1
1700833363.616159 90 1
1700833363.616215 90 1
1700833363.616237 90 1
1700833363.616267 90 1
1700833363.616319 90 1
1700833363.616366 90 1
1700833363.616427 90 1
1700833363.616479 813 -1
1700833363.616479 7618 -1
1700833363.616523 90 1
1700833363.616593 90 1
1700833363.620978 1514 -1
1700833363.620978 1514 -1
1700833363.620978 10000 -1
1700833363.620978 1514 -1
1700833363.620978 2614 -1
1700833363.620978 1514 -1
1700833363.620978 2974 -1
1700833363.620978 947 -1
1700833363.620978 853 -1
1700833363.620978 6771 -1
1700833363.620978 1514 -1
1700833363.620978 1051 -1
1700833363.620978 733 -1
1700833363.620978 6829 -1
1700833363.621129 90 1
1700833363.621193 90 1
1700833363.621248 90 1
1700833363.621275 90 1
1700833363.621312 90 1
1700833363.621360 82 1
1700833363.621387 74 1
1700833363.621430 74 1
1700833363.621461 74 1
1700833363.621509 74 1
1700833363.621532 66 1
1700833363.621572 66 1
1700833363.621603 66 1
1700833363.621634 66 1
1700833363.621686 1015 -1
1700833363.621686 764 -1
1700833363.621712 66 1
1700833363.621755 66 1
1700833363.639734 7354 -1
1700833363.639734 2974 -1
1700833363.639734 6240 -1
1700833363.639734 85 -1
1700833363.639734 7354 -1
1700833363.639734 7354 -1
1700833363.639734 1860 -1
1700833363.639734 10274 -1
1700833363.639734 6302 -1
1700833363.639734 1514 -1
1700833363.639734 7354 -1
1700833363.639734 5894 -1
1700833363.639734 1891 -1
1700833363.639734 5337 -1
1700833363.639734 1514 -1
1700833363.639734 1514 -1
1700833363.639965 66 1
1700833363.640009 66 1
1700833363.640068 66 1
1700833363.640117 66 1
1700833363.640157 66 1
1700833363.640197 66 1
1700833363.640247 66 1
1700833363.640292 66 1
1700833363.640334 66 1
1700833363.640376 66 1
1700833363.640404 66 1
1700833363.640450 66 1
1700833363.640475 66 1
1700833363.640514 66 1
1700833363.640556 66 1
1700833363.640920 54 1
1700833363.642840 7354 -1
1700833363.642927 54 1
1700833363.643746 4434 -1
1700833363.643746 8814 -1
1700833363.643844 66 1
1700833363.645067 7354 -1
1700833363.645114 66 1
1700833363.645157 66 1
1700833363.645195 24874 -1
1700833363.645318 66 1
1700833363.647320 7354 -1
1700833363.647376 66 1
1700833363.647771 1514 -1
1700833363.647798 66 1
1700833363.647837 7354 -1
1700833363.647885 66 1
1700833363.648423 7354 -1
1700833363.648462 66 1
1700833363.649214 7354 -1
1700833363.649261 66 1
1700833363.649887 7354 -1
1700833363.649941 66 1
1700833363.650275 7354 -1
1700833363.650308 66 1
1700833363.650943 1514 -1
1700833363.650971 66 1
1700833363.651521 7354 -1
1700833363.651558 66 1
1700833363.651594 1514 -1
1700833363.651617 66 1
1700833363.651727 10374 -1
1700833363.651781 66 1
1700833363.652574 1514 -1
1700833363.652725 54 1
1700833365.215647 230 1
1700833365.216420 223 1
1700833365.221128 229 1
1700833365.225203 230 1
1700833365.251267 60 -1
1700833365.261146 808 -1
1700833365.261223 66 1
1700833365.261284 1052 -1
1700833365.261284 727 -1
1700833365.261284 984 -1
1700833365.261330 66 1
1700833365.261364 66 1
1700833365.261395 54 1
1700833365.285549 1052 -1
1700833365.285549 729 -1
1700833365.285549 9627 -1
1700833365.285549 1054 -1
1700833365.285549 7354 -1
1700833365.285549 4434 -1
1700833365.285549 1860 -1
1700833365.285549 3004 -1
1700833365.285549 729 -1
1700833365.285549 8814 -1
1700833365.285549 7700 -1
1700833365.285549 1394 -1
1700833365.285549 1514 -1
1700833365.285549 5309 -1
1700833365.285856 66 1
1700833365.285934 74 1
1700833365.285964 74 1
1700833365.285999 74 1
1700833365.286054 74 1
1700833365.286104 74 1
1700833365.286130 74 1
1700833365.286148 74 1
1700833365.286173 74 1
1700833365.290538 1514 -1
1700833365.290623 66 1
1700833365.300409 1514 -1
1700833365.300560 54 1
1700833369.443254 229 1
1700833369.443759 259 1
1700833369.444646 221 1
1700833369.445185 258 1
1700833369.445682 232 1
1700833369.446180 259 1
1700833369.449352 60 -1
1700833369.449352 60 -1
1700833369.456240 1059 -1
1700833369.456240 722 -1
1700833369.456240 7354 -1
1700833369.456240 5894 -1
1700833369.456240 3320 -1
1700833369.456240 7354 -1
1700833369.456390 54 1
1700833369.456447 7354 -1
1700833369.456483 54 1
1700833369.456885 1891 -1
1700833369.456913 54 1
1700833369.457106 4434 -1
1700833369.457133 54 1
1700833369.457371 7354 -1
1700833369.457416 54 1
1700833369.457993 4842 -1
1700833369.458041 54 1
1700833369.458594 7354 -1
1700833369.458640 54 1
1700833369.459128 7354 -1
1700833369.459150 54 1
1700833369.459590 1891 -1
1700833369.459616 54 1
1700833369.459733 2974 -1
1700833369.459762 54 1
1700833369.459856 89 1
1700833369.460214 11734 -1
1700833369.460301 66 1
1700833369.461065 5503 -1
1700833369.461103 66 1
1700833369.461406 1055 -1
1700833369.461427 66 1
1700833369.461512 730 -1
1700833369.461545 66 1
1700833369.461592 7065 -1
1700833369.461620 66 1
1700833369.462290 985 -1
1700833369.462320 66 1
1700833369.463239 799 -1
1700833369.463239 7354 -1
1700833369.463239 7354 -1
1700833369.463298 66 1
1700833369.463344 66 1
1700833369.463369 66 1
1700833369.463578 1043 -1
1700833369.463578 1051 -1
1700833369.463606 66 1
1700833369.463640 66 1
1700833369.463671 734 -1
1700833369.463692 66 1
1700833369.463771 3717 -1
1700833369.463794 66 1
1700833369.464021 1059 -1
1700833369.464049 66 1
1700833369.464112 723 -1
1700833369.464137 66 1
1700833369.464195 1514 -1
1700833369.464215 66 1
1700833369.464260 2974 -1
1700833369.464276 66 1
1700833369.464516 2974 -1
1700833369.464563 74 1
1700833369.464768 6240 -1
1700833369.464806 74 1
1700833369.465296 85 -1
1700833369.465296 1514 -1
1700833369.465316 74 1
1700833369.465344 74 1
1700833369.465412 7354 -1
1700833369.465434 74 1
1700833369.466933 1514 -1
1700833369.466933 6240 -1
1700833369.466933 85 -1
1700833369.466933 7354 -1
1700833369.467205 74 1
1700833369.467245 74 1
1700833369.467278 74 1
1700833369.467304 74 1
1700833369.467353 1514 -1
1700833369.467380 74 1
1700833369.467453 7354 -1
1700833369.467484 74 1
1700833369.468070 431 -1
1700833369.468094 74 1
1700833369.468133 7354 -1
1700833369.468168 74 1
1700833369.468698 2974 -1
1700833369.468718 74 1
1700833369.468965 4434 -1
1700833369.469029 82 1
1700833369.469373 7354 -1
1700833369.469414 82 1
1700833369.469963 1514 -1
1700833369.470012 82 1
1700833369.470129 7354 -1
1700833369.470181 82 1
1700833369.470649 777 -1
1700833369.470680 82 1
1700833369.470743 224 -1
1700833369.470743 1514 -1
1700833369.470772 82 1
1700833369.470993 74 1
1700833369.471399 1107 -1
1700833369.471399 653 -1
1700833369.471399 7354 -1
1700833369.471486 74 1
1700833369.471529 74 1
1700833369.471560 74 1
1700833369.472263 7354 -1
1700833369.472263 1860 -1
1700833369.472319 74 1
1700833369.472358 74 1
1700833369.472399 85 -1
1700833369.472399 7354 -1
1700833369.472454 74 1
1700833369.472719 74 1
1700833369.473317 7354 -1
1700833369.473363 74 1
1700833369.478619 1860 -1
1700833369.478619 2974 -1
1700833369.478619 7354 -1
1700833369.478619 2974 -1
1700833369.478619 7354 -1
1700833369.478619 7354 -1
1700833369.478619 1514 -1
1700833369.478619 1514 -1
1700833369.478619 7354 -1
1700833369.478619 1514 -1
1700833369.478619 7354 -1
1700833369.478619 1514 -1
1700833369.478619 2974 -1
1700833369.478619 4012 -1
1700833369.478619 1514 -1
1700833369.478802 74 1
1700833369.478861 74 1
1700833369.478894 74 1
1700833369.478919 74 1
1700833369.478966 74 1
1700833369.478997 74 1
1700833369.479021 74 1
1700833369.479040 74 1
1700833369.479061 74 1
1700833369.479085 74 1
1700833369.479117 74 1
1700833369.479146 74 1
1700833369.479258 66 1
1700833369.479310 66 1
1700833369.479433 54 1
1700833371.062096 259 1
1700833371.064223 257 1
1700833371.064321 230 1
1700833371.064507 222 1
1700833371.066639 230 1
1700833371.066735 256 1
1700833371.067048 232 1
1700833371.067738 60 -1
1700833371.071730 60 -1
1700833371.090136 1058 -1
1700833371.090136 718 -1
1700833371.090136 1029 -1
1700833371.090136 767 -1
1700833371.090136 1048 -1
1700833371.090136 733 -1
1700833371.090136 7354 -1
1700833371.090136 1752 -1
1700833371.090136 1514 -1
1700833371.090136 4945 -1
1700833371.090136 984 -1
1700833371.090136 808 -1
1700833371.090136 1050 -1
1700833371.090136 732 -1
1700833371.090136 4182 -1
1700833371.090136 2974 -1
1700833371.090136 7354 -1
1700833371.090136 6240 -1
1700833371.090136 1514 -1
1700833371.090136 7354 -1
1700833371.090136 7731 -1
1700833371.090136 85 -1
1700833371.090136 7354 -1
1700833371.090136 2974 -1
1700833371.090136 4434 -1
1700833371.090136 3028 -1
1700833371.090136 2974 -1
1700833371.090136 7354 -1
1700833371.090136 6240 -1
1700833371.090136 85 -1
1700833371.090136 7354 -1
1700833371.090670 66 1
1700833371.090724 66 1
1700833371.090756 66 1
1700833371.090789 66 1
1700833371.090819 66 1
1700833371.090864 66 1
1700833371.090902 66 1
1700833371.090926 66 1
1700833371.090968 66 1
1700833371.090998 74 1
1700833371.091052 82 1
1700833371.091095 82 1
1700833371.091120 82 1
1700833371.091162 82 1
1700833371.091195 82 1
1700833371.091221 82 1
1700833371.091250 82 1
1700833371.100523 1514 -1
1700833371.100523 7354 -1
1700833371.100523 400 -1
1700833371.100523 7354 -1
1700833371.100523 7354 -1
1700833371.100523 7354 -1
1700833371.100523 7354 -1
1700833371.100523 3728 -1
1700833371.100523 5894 -1
1700833371.100523 7354 -1
1700833371.100523 7354 -1
1700833371.100523 1514 -1
1700833371.100523 5894 -1
1700833371.100523 2974 -1
1700833371.100523 7354 -1
1700833371.100523 7354 -1
1700833371.100523 7354 -1
1700833371.100523 5894 -1
1700833371.100523 4434 -1
1700833371.100523 4434 -1
1700833371.100523 8814 -1
1700833371.100951 82 1
1700833371.101126 82 1
1700833371.101154 82 1
1700833371.101197 82 1
1700833371.101226 82 1
1700833371.101281 82 1
1700833371.101312 82 1
1700833371.101343 82 1
1700833371.101377 82 1
1700833371.101418 82 1
1700833371.101470 82 1
1700833371.101502 82 1
1700833371.101536 90 1
1700833371.101570 90 1
1700833371.101601 90 1
1700833371.101649 90 1
1700833371.101697 90 1
1700833371.101748 90 1
1700833371.101781 90 1
1700833371.101809 90 1
1700833371.101854 90 1
1700833371.107853 1514 -1
1700833371.107853 5894 -1
1700833371.107853 7354 -1
1700833371.107853 7354 -1
1700833371.107853 7354 -1
1700833371.107853 2974 -1
1700833371.107853 1514 -1
1700833371.107853 4434 -1
1700833371.107853 4434 -1
1700833371.107853 7354 -1
1700833371.108066 90 1
1700833371.108250 90 1
1700833371.108307 90 1
1700833371.108339 90 1
1700833371.108370 90 1
1700833371.108431 90 1
1700833371.108573 90 1
1700833371.108613 90 1
1700833371.108653 90 1
1700833371.108720 90 1
1700833371.114396 7354 -1
1700833371.114396 1514 -1
1700833371.114396 2974 -1
1700833371.114396 5894 -1
1700833371.114396 8814 -1
1700833371.114396 2974 -1
1700833371.114396 1514 -1
1700833371.114396 1514 -1
1700833371.114396 4434 -1
1700833371.114396 1514 -1
1700833371.114396 4434 -1
1700833371.114396 14654 -1
1700833371.114396 4434 -1
1700833371.114396 7354 -1
1700833371.114396 1514 -1
1700833371.114396 5894 -1
1700833371.114396 2974 -1
1700833371.114396 1514 -1
1700833371.114396 4434 -1
1700833371.114396 7354 -1
1700833371.114396 4434 -1
1700833371.114396 1514 -1
1700833371.114396 2974 -1
1700833371.114396 1514 -1
1700833371.114396 5894 -1
1700833371.114810 90 1
1700833371.114920 90 1
1700833371.114995 90 1
1700833371.115028 90 1
1700833371.115056 90 1
1700833371.115081 90 1
1700833371.115128 90 1
1700833371.115251 90 1
1700833371.115299 90 1
1700833371.115324 90 1
1700833371.115392 90 1
1700833371.115449 90 1
1700833371.115524 90 1
1700833371.115556 90 1
1700833371.115603 90 1
1700833371.115681 90 1
1700833371.115729 90 1
1700833371.115772 90 1
1700833371.115826 90 1
1700833371.115860 90 1
1700833371.115914 90 1
1700833371.115952 90 1
1700833371.117623 90 1
1700833371.117693 90 1
1700833371.117753 90 1
1700833371.118186 7354 -1
1700833371.118186 7354 -1
1700833371.118186 7354 -1
1700833371.118186 2974 -1
1700833371.118186 1514 -1
1700833371.118186 1514 -1
1700833371.118186 2974 -1
1700833371.118186 4434 -1
1700833371.118186 2974 -1
1700833371.118186 1514 -1
1700833371.118186 7354 -1
1700833371.118333 90 1
1700833371.118374 90 1
1700833371.118411 90 1
1700833371.118439 90 1
1700833371.118473 90 1
1700833371.118507 90 1
1700833371.118551 90 1
1700833371.118587 90 1
1700833371.118630 90 1
1700833371.118763 90 1
1700833371.118809 90 1
1700833371.118936 1514 -1
1700833371.118936 7354 -1
1700833371.118997 90 1
1700833371.119042 90 1
1700833371.123138 4434 -1
1700833371.123138 7354 -1
1700833371.123138 1121 -1
1700833371.123138 1514 -1
1700833371.123138 1514 -1
1700833371.123138 1514 -1
1700833371.123138 1514 -1
1700833371.123138 1514 -1
1700833371.123138 1514 -1
1700833371.123138 1514 -1
1700833371.123138 1514 -1
1700833371.123286 90 1
1700833371.123386 90 1
1700833371.123442 90 1
1700833371.123501 90 1
1700833371.123563 90 1
1700833371.123695 90 1
1700833371.123725 90 1
1700833371.123798 82 1
1700833371.123855 74 1
1700833371.123990 66 1
1700833371.124063 54 1
1700833371.124532 54 1
1700833371.779309 54 1
1700833371.783066 78 -1
1700833371.783066 60 -1
1700833371.783142 54 1
1700833372.629052 66 1
1700833372.631932 66 -1
1700833372.632360 54 1
1700833372.635097 870 1
1700833372.636503 60 -1
1700833372.636932 318 -1
1700833372.637914 134 1
1700833372.639100 60 -1
1700833372.639302 341 -1
1700833372.640126 146 1
1700833372.641047 577 1
1700833372.641111 230 1
1700833372.641209 222 1
1700833372.641304 230 1
1700833372.641446 60 -1
1700833372.641446 115 -1
1700833372.641446 85 -1
1700833372.641488 54 1
1700833372.642383 60 -1
1700833372.642383 60 -1
1700833372.642383 60 -1
1700833372.642416 60 -1
1700833372.643173 85 1
1700833372.644814 60 -1
1700833372.646320 222 1
1700833372.647617 1018 -1
1700833372.647640 54 1
1700833372.647712 772 -1
1700833372.647739 54 1
1700833372.647788 1004 -1
1700833372.647832 4744 -1
1700833372.647854 54 1
1700833372.648827 814 -1
1700833372.648892 54 1
1700833372.648930 7354 -1
1700833372.648960 54 1
1700833372.649869 4434 -1
1700833372.649907 54 1
1700833372.651106 3320 -1
1700833372.651141 66 1
1700833372.651232 5330 -1
1700833372.651267 66 1
1700833372.652132 1728 -1
1700833372.652162 66 1
1700833372.652288 7354 -1
1700833372.652313 66 1
1700833372.653439 4434 -1
1700833372.653466 66 1
1700833372.654426 1000 -1
1700833372.654458 74 1
1700833372.654534 5924 -1
1700833372.654534 784 -1
1700833372.654562 82 1
1700833372.654601 74 1
1700833372.655378 1514 -1
1700833372.655436 66 1
1700833372.655543 1390 -1
1700833372.655568 54 1
1700833372.659277 1056 -1
1700833372.659331 7354 -1
1700833372.659368 66 1
1700833372.659924 2974 -1
1700833372.659962 66 1
1700833372.660139 2209 -1
1700833372.660162 66 1
1700833372.661189 729 -1
1700833372.661239 54 1
1700833374.275893 223 1
1700833374.277395 230 1
1700833374.282577 223 1
1700833374.283671 226 1
1700833374.283704 60 -1
1700833374.283773 258 1
1700833374.294823 60 -1
1700833374.294823 982 -1
1700833374.294823 810 -1
1700833374.294823 7354 -1
1700833374.294886 54 1
1700833374.310721 4486 -1
1700833374.310721 1740 -1
1700833374.310721 2974 -1
1700833374.310721 2614 -1
1700833374.310721 1051 -1
1700833374.310721 732 -1
1700833374.310721 4324 -1
1700833374.310721 1052 -1
1700833374.310721 733 -1
1700833374.310721 984 -1
1700833374.310721 3509 -1
1700833374.310721 809 -1
1700833374.310721 7354 -1
1700833374.310721 9160 -1
1700833374.310721 7354 -1
1700833374.310721 7354 -1
1700833374.310721 1891 -1
1700833374.310721 85 -1
1700833374.310721 7354 -1
1700833374.310721 7354 -1
1700833374.310721 7354 -1
1700833374.310721 7354 -1
1700833374.311359 54 1
1700833374.311421 54 1
1700833374.313033 2411 -1
1700833374.313072 54 1
1700833379.448530 231 1
1700833379.456542 1052 -1
1700833379.456542 731 -1
1700833379.456628 54 1
1700833379.457211 6898 -1
1700833379.457259 54 1
1700833379.458919 262 1
1700833379.458991 222 1
1700833379.459894 221 1
1700833379.460266 225 1
1700833379.460367 223 1
1700833379.460466 222 1
1700833379.460565 224 1
1700833379.461094 89 1
1700833379.461419 60 -1
1700833379.463913 60 -1
1700833379.490527 1037 -1
1700833379.490527 733 -1
1700833379.490527 1051 -1
1700833379.490527 733 -1
1700833379.490527 1026 -1
1700833379.490527 1763 -1
1700833379.490527 3469 -1
1700833379.490527 730 -1
1700833379.490527 1084 -1
1700833379.490527 2974 -1
1700833379.490527 5894 -1
1700833379.490527 2974 -1
1700833379.490527 1035 -1
1700833379.490527 85 -1
1700833379.490527 16491 -1
1700833379.490527 7354 -1
1700833379.490527 7354 -1
1700833379.490527 7354 -1
1700833379.490527 7354 -1
1700833379.490527 3697 -1
1700833379.490527 7354 -1
1700833379.490527 7354 -1
1700833379.490527 7354 -1
1700833379.495646 66 1
1700833379.495745 74 1
1700833379.495786 82 1
1700833379.495808 82 1
1700833379.495875 82 1
1700833379.495937 82 1
1700833379.495993 82 1
1700833379.496159 82 1
1700833379.496211 82 1
1700833379.496285 82 1
1700833379.496336 82 1
1700833379.496389 82 1
1700833379.496443 82 1
1700833379.502399 7157 -1
1700833379.502399 4857 -1
1700833379.502399 7354 -1
1700833379.502399 1658 -1
1700833379.502399 3869 -1
1700833379.502399 5894 -1
1700833379.502399 1514 -1
1700833379.502399 3440 -1
1700833379.502399 1108 -1
1700833379.502399 655 -1
1700833379.502399 3517 -1
1700833379.502609 82 1
1700833379.502767 82 1
1700833379.502797 82 1
1700833379.502824 82 1
1700833379.502854 82 1
1700833379.502883 82 1
1700833379.502912 82 1
1700833379.502942 82 1
1700833379.502970 82 1
1700833379.503003 82 1
1700833379.503054 82 1
1700833379.503157 1514 -1
1700833379.503157 1514 -1
1700833379.503157 1514 -1
1700833379.503226 74 1
1700833379.503280 66 1
1700833379.503420 54 1
1700833381.120713 222 1
1700833381.136660 1053 -1
1700833381.136660 730 -1
1700833381.136660 4434 -1
1700833381.136660 1550 -1
1700833381.136804 54 1
1700833381.181525 223 1
1700833381.183941 224 1
1700833381.184060 222 1
1700833381.200575 60 -1
1700833381.200575 1051 -1
1700833381.200575 732 -1
1700833381.200575 1048 -1
1700833381.200575 729 -1
1700833381.200575 7354 -1
1700833381.200575 1790 -1
1700833381.200575 7354 -1
1700833381.200575 2314 -1
1700833381.200767 54 1
1700833381.224886 1058 -1
1700833381.224886 727 -1
1700833381.224886 7354 -1
1700833381.224996 54 1
1700833381.229842 7354 -1
1700833381.229842 1536 -1
1700833381.229954 54 1
1700833381.804312 54 1
1700833381.813168 78 -1
1700833381.813168 60 -1
1700833381.813235 54 1
1700833382.754342 66 1
1700833382.759913 66 -1
1700833382.760004 54 1
1700833382.761814 870 1
1700833382.763000 60 -1
1700833382.763980 318 -1
1700833382.764936 134 1
1700833382.765513 146 1
1700833382.766620 60 -1
1700833382.766620 60 -1
1700833382.766959 577 1
1700833382.767085 222 1
1700833382.767190 222 1
1700833382.767281 258 1
1700833382.767361 223 1
1700833382.767629 341 -1
1700833382.768600 60 -1
1700833382.768600 60 -1
1700833382.768600 60 -1
1700833382.768600 115 -1
1700833382.768656 54 1
1700833382.768753 85 -1
1700833382.768753 60 -1
1700833382.768753 60 -1
1700833382.768814 85 1
1700833382.770287 60 -1
1700833382.785673 980 -1
1700833382.785673 814 -1
1700833382.785673 981 -1
1700833382.785673 812 -1
1700833382.785794 54 1
1700833382.786341 2974 -1
1700833382.786341 2812 -1
1700833382.786341 7597 -1
1700833382.786428 66 1
1700833382.786626 66 1
1700833382.786678 1053 -1
1700833382.786698 66 1
1700833382.786742 732 -1
1700833382.786772 66 1
1700833382.790454 1060 -1
1700833382.790454 723 -1
1700833382.790454 5626 -1
1700833382.790454 1514 -1
1700833382.790454 7354 -1
1700833382.790454 7354 -1
1700833382.790454 400 -1
1700833382.790454 5894 -1
1700833382.790454 7354 -1
1700833382.790454 3351 -1
1700833382.790454 7354 -1
1700833382.790632 66 1
1700833382.790699 66 1
1700833382.790728 66 1
1700833382.798032 66 1
1700833382.798133 66 1
1700833382.798157 66 1
1700833382.798177 66 1
1700833382.798208 66 1
1700833382.798231 66 1
1700833382.798255 66 1
1700833382.798279 66 1
1700833382.798817 7354 -1
1700833382.798817 7354 -1
1700833382.798817 7354 -1
1700833382.798817 6017 -1
1700833382.798817 1514 -1
1700833382.798817 733 -1
1700833382.798934 66 1
1700833382.798959 66 1
1700833382.798984 66 1
1700833382.799018 66 1
1700833382.799169 54 1
1700833382.799218 66 1
1700833382.829447 2974 -1
1700833382.829447 6106 -1
1700833382.829447 1054 -1
1700833382.829908 66 1
1700833382.830196 66 1
1700833382.830327 54 1
1700833384.428573 221 1
1700833384.429266 221 1
1700833384.429976 66 1
1700833384.430918 222 1
1700833384.431062 222 1
1700833384.431065 66 -1
1700833384.431141 54 1
1700833384.431729 870 1
1700833384.432788 60 -1
1700833384.434010 318 -1
1700833384.434702 134 1
1700833384.434988 146 1
1700833384.435438 576 1
1700833384.435534 219 1
1700833384.435629 220 1
1700833384.435743 60 -1
1700833384.435917 341 -1
1700833384.435999 60 -1
1700833384.436346 115 -1
1700833384.436346 85 -1
1700833384.436388 54 1
1700833384.436522 60 -1
1700833384.436570 60 -1
1700833384.436748 60 -1
1700833384.437031 85 1
1700833384.438081 60 -1
1700833384.439071 60 -1
1700833384.448279 1051 -1
1700833384.448279 731 -1
1700833384.448279 1514 -1
1700833384.448279 5763 -1
1700833384.448408 54 1
1700833384.448905 977 -1
1700833384.448933 54 1
1700833384.449001 811 -1
1700833384.449001 8180 -1
1700833384.449034 54 1
1700833384.449849 1052 -1
1700833384.449849 728 -1
1700833384.449884 54 1
1700833384.449984 7354 -1
1700833384.450040 1175 -1
1700833384.450040 478 -1
1700833384.450040 5178 -1
1700833384.450103 54 1
1700833384.450659 54 1
1700833384.450722 2974 -1
1700833384.450752 54 1
1700833384.450868 4947 -1
1700833384.450903 54 1
1700833384.454184 1178 -1
1700833384.454184 477 -1
1700833384.454263 54 1
1700833384.455039 10768 -1
1700833384.455105 54 1
1700833384.462939 982 -1
1700833384.462939 813 -1
1700833384.463008 54 1
1700833384.463240 7354 -1
1700833384.463282 54 1
1700833384.463616 7354 -1
1700833384.463655 54 1
1700833384.464288 1860 -1
1700833384.464288 3024 -1
1700833384.464340 54 1
1700833384.478291 1174 -1
1700833384.478291 478 -1
1700833384.478291 7354 -1
1700833384.478291 3197 -1
1700833384.478421 54 1
1700833384.489203 277 -1
1700833384.489271 66 1
1700833389.668734 229 1
1700833389.669782 219 1
1700833389.669880 60 -1
1700833389.670942 60 -1
1700833389.681292 222 1
1700833389.682130 223 1
1700833389.682200 222 1
1700833389.728100 60 -1
1700833389.728100 982 -1
1700833389.728100 811 -1
1700833389.728100 1057 -1
1700833389.728100 729 -1
1700833389.728100 1514 -1
1700833389.728100 7354 -1
1700833389.728100 4434 -1
1700833389.728100 1353 -1
1700833389.728100 4434 -1
1700833389.728100 7354 -1
1700833389.728100 2562 -1
1700833389.728100 1037 -1
1700833389.728100 739 -1
1700833389.728100 2974 -1
1700833389.728100 3827 -1
1700833389.730214 54 1
1700833389.741205 907 -1
1700833389.741289 66 1
1700833389.743349 1197 -1
1700833389.743349 446 -1
1700833389.743349 2974 -1
1700833389.743349 7354 -1
1700833389.743349 4782 -1
1700833389.743349 402 -1
1700833389.743349 1171 -1
1700833389.743349 485 -1
1700833389.743349 5862 -1
1700833389.743491 66 1
1700833389.743549 54 1
1700833389.750969 222 1
1700833389.751610 223 1
1700833389.755348 89 1
1700833389.755449 224 1
1700833389.759964 89 1
1700833389.763612 60 -1
1700833389.764354 60 -1
1700833389.775052 1053 -1
1700833389.775052 728 -1
1700833389.775052 1082 -1
1700833389.775052 692 -1
1700833389.775052 7354 -1
1700833389.775052 8814 -1
1700833389.775052 400 -1
1700833389.775052 2974 -1
1700833389.775052 2238 -1
1700833389.775052 3983 -1
1700833389.775052 1728 -1
1700833389.775052 7354 -1
1700833389.775052 7354 -1
1700833389.775052 1860 -1
1700833389.775052 5894 -1
1700833389.775351 54 1
1700833389.781763 3404 -1
1700833389.781846 54 1
1700833389.801736 60 -1
1700833391.272461 219 1
1700833391.279710 60 -1
1700833391.291264 219 1
1700833391.294206 60 -1
1700833391.294779 1194 -1
1700833391.294779 450 -1
1700833391.294836 54 1
1700833391.296401 222 1
1700833391.311662 7354 -1
1700833391.311662 1466 -1
1700833391.311662 1175 -1
1700833391.311662 480 -1
1700833391.311662 12213 -1
1700833391.311804 54 1
1700833391.331782 960 -1
1700833391.331782 842 -1
1700833391.331782 2974 -1
1700833391.331782 7354 -1
1700833391.331782 2771 -1
1700833391.331782 1311 -1
1700833391.331935 66 1
1700833391.338124 221 1
1700833391.338253 227 1
1700833391.338380 220 1
1700833391.338458 223 1
1700833391.338529 219 1
1700833391.348425 60 -1
1700833391.348425 60 -1
1700833391.348633 1171 -1
1700833391.348708 483 -1
1700833391.348740 54 1
1700833391.348785 2974 -1
1700833391.348785 2577 -1
1700833391.348853 66 1
1700833391.350590 1198 -1
1700833391.350590 443 -1
1700833391.350668 66 1
1700833391.350714 66 1
1700833391.350747 14017 -1
1700833391.350831 66 1
1700833391.360368 1514 -1
1700833391.360368 1162 -1
1700833391.360368 493 -1
1700833391.360368 1169 -1
1700833391.360368 487 -1
1700833391.360368 7354 -1
1700833391.360368 624 -1
1700833391.360368 1514 -1
1700833391.360517 54 1
1700833391.360591 54 1
1700833391.361844 7354 -1
1700833391.361905 54 1
1700833391.362332 2263 -1
1700833391.362363 54 1
1700833391.362807 7354 -1
1700833391.362841 54 1
1700833391.363341 3649 -1
1700833391.363361 54 1
1700833391.821563 54 1
1700833391.821935 54 1
1700833391.823051 78 -1
1700833391.823051 60 -1
1700833391.823116 54 1
1700833391.823874 78 -1
1700833391.823874 60 -1
1700833391.823907 54 1
1700833392.995554 66 1
1700833393.002513 66 -1
1700833393.002647 54 1
1700833393.004593 934 1
1700833393.005852 60 -1
1700833393.007105 318 -1
1700833393.007807 134 1
1700833393.008484 146 1
1700833393.009361 574 1
1700833393.009475 219 1
1700833393.009577 219 1
1700833393.009682 219 1
1700833393.009804 228 1
1700833393.009909 220 1
1700833393.010009 221 1
1700833393.010132 222 1
1700833393.015650 60 -1
1700833393.015650 60 -1
1700833393.015650 341 -1
1700833393.015650 115 -1
1700833393.015650 85 -1
1700833393.015752 54 1
1700833393.016396 85 1
1700833393.017028 60 -1
1700833393.017028 60 -1
1700833393.017028 60 -1
1700833393.017028 60 -1
1700833393.017028 60 -1
1700833393.017028 60 -1
1700833393.017028 60 -1
1700833393.017501 60 -1
1700833393.029378 1192 -1
1700833393.029378 458 -1
1700833393.029378 1204 -1
1700833393.029378 440 -1
1700833393.029378 5399 -1
1700833393.029498 54 1
1700833393.030727 5634 -1
1700833393.030794 54 1
1700833393.031049 1171 -1
1700833393.031141 484 -1
1700833393.031164 54 1
1700833393.031218 1195 -1
1700833393.031467 2974 -1
1700833393.031467 450 -1
1700833393.031517 66 1
1700833393.031578 54 1
1700833393.031645 2750 -1
1700833393.031668 54 1
1700833393.031892 1514 -1
1700833393.031892 3344 -1
1700833393.031923 54 1
1700833393.032858 1172 -1
1700833393.032858 485 -1
1700833393.032889 54 1
1700833393.033916 6388 -1
1700833393.033961 54 1
1700833393.034301 1171 -1
1700833393.035480 482 -1
1700833393.035480 1514 -1
1700833393.035480 6871 -1
1700833393.035536 54 1
1700833393.039334 1170 -1
1700833393.039334 485 -1
1700833393.039410 54 1
1700833393.042307 1514 -1
1700833393.042307 1317 -1
1700833393.042371 54 1
1700833393.045098 1162 -1
1700833393.045098 489 -1
1700833393.045183 54 1
1700833393.045303 6424 -1
1700833393.045352 54 1
1700833394.677357 219 1
1700833394.677467 219 1
1700833394.680969 228 1
1700833394.681061 220 1
1700833394.681139 221 1
1700833394.681303 220 1
1700833394.682211 60 -1
1700833394.682211 60 -1
1700833394.682666 220 1
1700833394.683141 221 1
1700833394.684101 60 -1
1700833394.684101 60 -1
1700833394.684101 60 -1
1700833394.684101 60 -1
1700833394.684101 60 -1
1700833394.690501 60 -1
1700833394.693848 1191 -1
1700833394.693848 449 -1
1700833394.693848 1193 -1
1700833394.693848 449 -1
1700833394.693848 1514 -1
1700833394.693848 2974 -1
1700833394.693993 54 1
1700833394.694081 1514 -1
1700833394.694268 66 1
1700833394.697775 1196 -1
1700833394.697775 451 -1
1700833394.697775 1225 -1
1700833394.697775 8174 -1
1700833394.697914 74 1
1700833394.697966 74 1
1700833394.697994 74 1
1700833394.698044 74 1
1700833394.698375 408 -1
1700833394.698403 74 1
1700833394.698583 2974 -1
1700833394.698583 4167 -1
1700833394.698619 74 1
1700833394.698668 74 1
1700833394.699464 7354 -1
1700833394.699523 74 1
1700833394.699816 1280 -1
1700833394.699892 74 1
1700833394.700676 1514 -1
1700833394.700676 483 -1
1700833394.700721 66 1
1700833394.700810 54 1
1700833394.704390 1193 -1
1700833394.704390 448 -1
1700833394.704472 54 1
1700833394.709694 1174 -1
1700833394.709694 480 -1
1700833394.709694 4434 -1
1700833394.709694 2974 -1
1700833394.709694 6240 -1
1700833394.709694 1049 -1
1700833394.709694 2974 -1
1700833394.709694 5114 -1
1700833394.709844 66 1
1700833394.709907 74 1
1700833394.709941 74 1
1700833394.709963 74 1
1700833394.709989 74 1
1700833394.719396 734 -1
1700833394.719468 82 1
1700833394.719602 1514 -1
1700833394.719602 1514 -1
1700833394.719682 66 1
1700833394.719754 54 1
1700833394.724485 1177 -1
1700833394.724485 478 -1
1700833394.724571 54 1
1700833394.726870 7354 -1
1700833394.726870 4766 -1
1700833394.726986 54 1
1700833394.728812 1169 -1
1700833394.728812 490 -1
1700833394.728878 54 1
1700833394.730687 7354 -1
1700833394.730687 1495 -1
1700833394.730768 54 1
1700833401.833890 54 1
1700833401.837767 78 -1
1700833401.837825 54 1
1700833401.838543 60 -1
1700833401.905490 66 1
1700833401.906927 66 -1
1700833401.907034 54 1
1700833401.908040 934 1
1700833401.914206 60 -1
1700833401.914455 318 -1
1700833401.916411 134 1
1700833401.916781 146 1
1700833401.917462 576 1
1700833401.917544 220 1
1700833401.917601 220 1
1700833401.917727 219 1
1700833401.917793 228 1
1700833401.917851 224 1
1700833401.917907 222 1
1700833401.917975 222 1
1700833401.918308 60 -1
1700833401.918308 341 -1
1700833401.918308 60 -1
1700833401.918308 115 -1
1700833401.918308 85 -1
1700833401.918394 54 1
1700833401.918888 85 1
1700833401.922502 60 -1
1700833401.922502 60 -1
1700833401.922502 60 -1
1700833401.922502 60 -1
1700833401.922502 60 -1
1700833401.922502 60 -1
1700833401.922502 60 -1
1700833401.922502 60 -1
1700833401.922502 60 -1
1700833401.924916 1172 -1
1700833401.924916 489 -1
1700833401.924916 1514 -1
1700833401.924916 4434 -1
1700833401.925027 54 1
1700833401.925102 2903 -1
1700833401.925134 54 1
1700833401.927146 1171 -1
1700833401.927146 481 -1
1700833401.927146 7354 -1
1700833401.927249 54 1
1700833401.927872 5208 -1
1700833401.927931 54 1
1700833401.928388 1171 -1
1700833401.928388 487 -1
1700833401.928388 1199 -1
1700833401.928388 1514 -1
1700833401.928446 54 1
1700833401.928527 2974 -1
1700833401.928559 54 1
1700833401.928780 1981 -1
1700833401.928806 54 1
1700833401.928851 437 -1
1700833401.928873 54 1
1700833401.928922 2974 -1
1700833401.928948 54 1
1700833401.938889 5323 -1
1700833401.938889 1167 -1
1700833401.938889 488 -1
1700833401.938889 2974 -1
1700833401.938889 1797 -1
1700833401.938889 1173 -1
1700833401.938889 484 -1
1700833401.938889 5894 -1
1700833401.938889 6165 -1
1700833401.938889 1194 -1
1700833401.938889 451 -1
1700833401.938889 7354 -1
1700833401.938889 1456 -1
1700833401.939110 54 1
1700833401.940781 1175 -1
1700833401.940781 484 -1
1700833401.940834 54 1
1700833401.942588 13194 -1
1700833401.942588 1229 -1
1700833401.942712 54 1
1700833403.651878 220 1
1700833403.656838 60 -1
1700833403.662132 221 1
1700833403.662277 222 1
1700833403.662361 225 1
1700833403.662448 221 1
1700833403.662529 228 1
1700833403.662607 221 1
1700833403.662819 220 1
1700833403.665490 60 -1
1700833403.665490 60 -1
1700833403.665490 60 -1
1700833403.665490 60 -1
1700833403.665490 60 -1
1700833403.665490 60 -1
1700833403.665490 60 -1
1700833403.670592 1193 -1
1700833403.670592 455 -1
1700833403.670592 1192 -1
1700833403.670592 450 -1
1700833403.670696 54 1
1700833403.670922 5505 -1
1700833403.670968 54 1
1700833403.671364 1514 -1
1700833403.671364 7354 -1
1700833403.671432 54 1
1700833403.673026 4557 -1
1700833403.673101 54 1
1700833403.674077 1172 -1
1700833403.674077 489 -1
1700833403.674134 54 1
1700833403.689666 1172 -1
1700833403.689666 482 -1
1700833403.689666 1514 -1
1700833403.689666 4605 -1
1700833403.689666 1205 -1
1700833403.689666 438 -1
1700833403.689666 1514 -1
1700833403.689666 4434 -1
1700833403.689666 4434 -1
1700833403.689666 3334 -1
1700833403.689666 1198 -1
1700833403.689666 452 -1
1700833403.689666 1170 -1
1700833403.689666 5894 -1
1700833403.689666 4861 -1
1700833403.689666 488 -1
1700833403.689666 1173 -1
1700833403.689666 483 -1
1700833403.689666 7561 -1
1700833403.689666 10256 -1
1700833403.689666 7354 -1
1700833403.689666 2739 -1
1700833403.690046 66 1
1700833403.690130 66 1
1700833403.690155 66 1
1700833403.690178 66 1
1700833403.690218 66 1
1700833403.690252 66 1
1700833403.690279 66 1
1700833403.690303 66 1
1700833403.690451 66 1
1700833403.691333 66 1
1700833403.691415 66 1
1700833403.691493 66 1
1700833403.691539 66 1
1700833403.691588 66 1
1700833403.691641 66 1
1700833403.691701 66 1
1700833403.691757 66 1
1700833403.691811 66 1
1700833403.691870 66 1
1700833403.712556 1514 -1
1700833403.712756 54 1
1700833405.371900 230 1
1700833405.373094 218 1
1700833405.373177 219 1
1700833405.373280 223 1
1700833405.374106 221 1
1700833405.374194 218 1
1700833405.374447 221 1
1700833405.374515 227 1
1700833405.379728 60 -1
1700833405.379728 60 -1
1700833405.395313 1192 -1
1700833405.395313 450 -1
1700833405.395313 1168 -1
1700833405.395313 1514 -1
1700833405.395313 7354 -1
1700833405.395313 2629 -1
1700833405.395313 491 -1
1700833405.395313 5420 -1
1700833405.395313 1166 -1
1700833405.395313 490 -1
1700833405.395313 4434 -1
1700833405.395313 503 -1
1700833405.395313 1203 -1
1700833405.395313 4434 -1
1700833405.395313 1514 -1
1700833405.395313 1354 -1
1700833405.395313 1195 -1
1700833405.395313 454 -1
1700833405.395313 7354 -1
1700833405.395313 520 -1
1700833405.395699 66 1
1700833405.395797 66 1
1700833405.395876 74 1
1700833405.395952 74 1
1700833405.395991 74 1
1700833405.396014 74 1
1700833405.396034 74 1
1700833405.396065 74 1
1700833405.396086 74 1
1700833405.396153 1193 -1
1700833405.396153 454 -1
1700833405.396182 74 1
1700833405.396219 74 1
1700833405.397701 1514 -1
1700833405.397701 5566 -1
1700833405.397770 74 1
1700833405.397860 74 1
1700833405.398755 1514 -1
1700833405.398755 443 -1
1700833405.398808 66 1
1700833405.398866 54 1
1700833405.406422 1194 -1
1700833405.406422 451 -1
1700833405.406570 54 1
1700833405.406780 8005 -1
1700833405.406852 54 1
1700833405.410722 1204 -1
1700833405.410722 439 -1
1700833405.410722 4434 -1
1700833405.410722 7354 -1
1700833405.410722 1109 -1
1700833405.410911 54 1
1700833407.032790 228 1
1700833407.032912 230 1
1700833407.033445 230 1
1700833407.033969 222 1
1700833407.034497 219 1
1700833407.038551 60 -1
1700833407.041322 226 1
1700833407.041915 227 1
1700833407.041999 218 1
1700833407.044973 1176 -1
1700833407.044973 479 -1
1700833407.044973 1170 -1
1700833407.044973 7354 -1
1700833407.045095 54 1
1700833407.045613 2981 -1
1700833407.045613 489 -1
1700833407.045668 54 1
1700833407.047149 1514 -1
1700833407.047213 6427 -1
1700833407.047255 89 1
1700833407.047411 54 1
1700833407.050185 480 -1
1700833407.050674 66 1
1700833407.050755 1174 -1
1700833407.050755 488 -1
1700833407.050755 7354 -1
1700833407.050814 66 1
1700833407.050950 66 1
1700833407.051006 66 1
1700833407.051103 7354 -1
1700833407.051161 66 1
1700833407.051998 1860 -1
1700833407.051998 7354 -1
1700833407.052054 66 1
1700833407.052107 66 1
1700833407.052576 1514 -1
1700833407.052576 2232 -1
1700833407.052612 66 1
1700833407.052664 66 1
1700833407.052775 1173 -1
1700833407.052833 54 1
1700833407.054672 1173 -1
1700833407.054672 479 -1
1700833407.054732 54 1
1700833407.060237 7354 -1
1700833407.060237 3253 -1
1700833407.060237 1174 -1
1700833407.060237 486 -1
1700833407.060237 1514 -1
1700833407.060237 6295 -1
1700833407.060237 1197 -1
1700833407.060237 445 -1
1700833407.060422 66 1
1700833407.060491 66 1
1700833407.060515 66 1
1700833407.061188 4811 -1
1700833407.061495 66 1
1700833407.062600 1514 -1
1700833407.062678 54 1
1700833407.067829 1172 -1
1700833407.067829 489 -1
1700833407.067829 6196 -1
1700833407.067955 54 1
1700833408.716778 221 1
1700833408.717876 220 1
1700833408.718046 234 1
1700833408.721157 219 1
1700833408.721296 220 1
1700833408.721382 218 1
1700833408.723628 220 1
1700833408.724086 219 1
1700833408.725983 60 -1
1700833408.729987 60 -1
1700833408.734691 1171 -1
1700833408.734815 1174 -1
1700833408.734815 487 -1
1700833408.734815 487 -1
1700833408.734864 54 1
1700833408.735224 5894 -1
1700833408.735224 1140 -1
1700833408.735476 66 1
1700833408.735532 54 1
1700833408.735607 3167 -1
1700833408.735651 54 1
1700833408.735693 2974 -1
1700833408.735732 54 1
1700833408.738005 7354 -1
1700833408.738005 2974 -1
1700833408.738005 2250 -1
1700833408.738005 526 -1
1700833408.738005 2974 -1
1700833408.738005 7354 -1
1700833408.738005 1514 -1
1700833408.738005 4780 -1
1700833408.738188 54 1
1700833408.738639 85 -1
1700833408.738639 2876 -1
1700833408.738639 1590 -1
1700833408.738694 54 1
1700833408.738732 1140 -1
1700833408.738755 66 1
1700833408.738906 7354 -1
1700833408.738949 54 1
1700833408.739972 7354 -1
1700833408.740030 54 1
1700833408.740075 1514 -1
1700833408.740075 5894 -1
1700833408.740119 54 1
1700833408.740618 7354 -1
1700833408.740668 54 1
1700833408.741465 7354 -1
1700833408.741518 54 1
1700833408.741761 5894 -1
1700833408.741817 54 1
1700833408.742264 11734 -1
1700833408.742331 54 1
1700833408.752746 7354 -1
1700833408.752746 3735 -1
1700833408.752880 54 1
1700833408.756490 815 -1
1700833408.756490 1195 -1
1700833408.756490 449 -1
1700833408.756563 66 1
1700833408.756670 54 1
1700833408.760855 6951 -1
1700833408.760961 54 1
1700833411.848053 54 1
1700833411.858532 78 -1
1700833411.858532 60 -1
1700833411.858637 54 1
1700833416.383751 66 1
1700833416.384963 66 -1
1700833416.385104 54 1
1700833416.386418 870 1
1700833416.399574 60 -1
1700833416.399574 318 -1
1700833416.401082 134 1
1700833416.401933 146 1
1700833416.402684 60 -1
1700833416.402955 341 -1
1700833416.402955 60 -1
1700833416.403228 115 -1
1700833416.403228 85 -1
1700833416.403257 54 1
1700833416.403630 581 1
1700833416.403734 222 1
1700833416.403814 219 1
1700833416.403896 219 1
1700833416.403985 222 1
1700833416.404075 222 1
1700833416.404356 85 1
1700833416.405954 60 -1
1700833416.405954 60 -1
1700833416.405954 60 -1
1700833416.405954 60 -1
1700833416.405954 60 -1
1700833416.405954 60 -1
1700833416.405954 60 -1
1700833416.413951 1201 -1
1700833416.413951 449 -1
1700833416.414038 54 1
1700833416.414527 1514 -1
1700833416.414611 2974 -1
1700833416.414644 54 1
1700833416.414711 1395 -1
1700833416.414734 54 1
1700833416.415590 1175 -1
1700833416.415590 486 -1
1700833416.415590 1193 -1
1700833416.415653 54 1
1700833416.415735 454 -1
1700833416.415735 2974 -1
1700833416.415766 54 1
1700833416.415850 1766 -1
1700833416.415911 66 1
1700833416.416160 7354 -1
1700833416.416223 66 1
1700833416.416667 5080 -1
1700833416.417324 74 1
1700833416.417544 1168 -1
1700833416.417544 489 -1
1700833416.417544 2974 -1
1700833416.417590 74 1
1700833416.417620 74 1
1700833416.417651 74 1
1700833416.417740 5190 -1
1700833416.417803 82 1
1700833416.417842 1171 -1
1700833416.417890 82 1
1700833416.418028 490 -1
1700833416.418028 1514 -1
1700833416.418061 82 1
1700833416.418128 74 1
1700833416.418181 5894 -1
1700833416.418210 74 1
1700833416.419021 1514 -1
1700833416.419021 4434 -1
1700833416.419067 66 1
1700833416.419120 66 1
1700833416.419201 688 -1
1700833416.419201 1514 -1
1700833416.419225 66 1
1700833416.419297 54 1
1700833416.426603 1172 -1
1700833416.426603 482 -1
1700833416.426701 54 1
1700833416.428046 7354 -1
1700833416.428113 54 1
1700833416.428676 1831 -1
1700833416.428711 54 1
1700833416.434752 230 1
1700833416.434863 219 1
1700833416.448422 60 -1
1700833416.448422 1170 -1
1700833416.448422 490 -1
1700833416.448422 4434 -1
1700833416.448422 1514 -1
1700833416.448422 2772 -1
1700833416.448422 1199 -1
1700833416.448422 451 -1
1700833416.448422 7354 -1
1700833416.448422 3048 -1
1700833416.448606 54 1
1700833418.063923 229 1
1700833418.070373 220 1
1700833418.070517 223 1
1700833418.070635 221 1
1700833418.074540 226 1
1700833418.074633 229 1
1700833418.074702 223 1
1700833418.074792 227 1
1700833418.076083 60 -1
1700833418.076965 60 -1
1700833418.084914 1176 -1
1700833418.084914 1198 -1
1700833418.084914 446 -1
1700833418.084914 484 -1
1700833418.085032 66 1
1700833418.085083 66 1
1700833418.085118 54 1
1700833418.088932 7354 -1
1700833418.088932 5894 -1
1700833418.088932 3320 -1
1700833418.089058 54 1
1700833418.100335 85 -1
1700833418.100335 7354 -1
1700833418.100335 532 -1
1700833418.100335 7189 -1
1700833418.100335 1175 -1
1700833418.100335 485 -1
1700833418.100335 1174 -1
1700833418.100335 489 -1
1700833418.100335 7354 -1
1700833418.100335 2871 -1
1700833418.100335 1175 -1
1700833418.100335 5685 -1
1700833418.100335 2974 -1
1700833418.100335 2974 -1
1700833418.100335 7354 -1
1700833418.100335 3320 -1
1700833418.100335 6508 -1
1700833418.100335 1173 -1
1700833418.100335 484 -1
1700833418.100335 2974 -1
1700833418.100335 6045 -1
1700833418.100683 54 1
1700833418.112652 1173 -1
1700833418.112652 487 -1
1700833418.112756 54 1
1700833418.113230 1171 -1
1700833418.113230 489 -1
1700833418.113266 54 1
1700833418.114877 7354 -1
1700833418.114945 54 1
1700833418.115584 7354 -1
1700833418.115627 54 1
1700833418.115864 1860 -1
1700833418.115891 54 1
1700833418.116085 85 -1
1700833418.116085 7354 -1
1700833418.116122 54 1
1700833418.125511 1263 -1
1700833418.125511 7354 -1
1700833418.125511 1547 -1
1700833418.125630 54 1
1700833419.731587 221 1
1700833419.732210 230 1
1700833419.734521 60 -1
1700833419.752284 228 1
1700833419.762679 1174 -1
1700833419.762679 481 -1
1700833419.762679 1145 -1
1700833419.762679 7646 -1
1700833419.762679 523 -1
1700833419.762679 7354 -1
1700833419.762679 137 -1
1700833419.762846 54 1
1700833419.774631 227 1
1700833419.778188 228 1
1700833419.778325 223 1
1700833419.778430 220 1
1700833419.778762 220 1
1700833419.790489 1193 -1
1700833419.790489 448 -1
1700833419.790489 7354 -1
1700833419.790489 4862 -1
1700833419.790489 60 -1
1700833419.790642 54 1
1700833419.815035 1172 -1
1700833419.815035 487 -1
1700833419.815035 1514 -1
1700833419.815035 4434 -1
1700833419.815035 2160 -1
1700833419.815035 1204 -1
1700833419.815035 447 -1
1700833419.815035 1205 -1
1700833419.815035 446 -1
1700833419.815035 5992 -1
1700833419.815035 3095 -1
1700833419.815035 1173 -1
1700833419.815035 486 -1
1700833419.815035 5412 -1
1700833419.815035 1172 -1
1700833419.815035 7354 -1
1700833419.815035 204 -1
1700833419.815526 66 1
1700833419.815593 66 1
1700833419.823377 486 -1
1700833419.823504 54 1
1700833421.451539 219 1
1700833421.451697 221 1
1700833421.451805 220 1
1700833421.451942 220 1
1700833421.453063 66 -1
1700833421.454716 219 1
1700833421.454855 222 1
1700833421.455439 221 1
1700833421.455534 219 1
1700833421.456003 66 -1
1700833421.456003 66 -1
1700833421.456082 1051 1
1700833421.456531 66 -1
1700833421.456624 66 -1
1700833421.457228 66 -1
1700833421.464811 1172 -1
1700833421.464811 481 -1
1700833421.464811 1194 -1
1700833421.464811 444 -1
1700833421.464811 1174 -1
1700833421.464811 478 -1
1700833421.464945 54 1
1700833421.465146 7354 -1
1700833421.465178 54 1
1700833421.465787 1806 -1
1700833421.465787 1171 -1
1700833421.465787 5894 -1
1700833421.465861 54 1
1700833421.469047 89 1
1700833421.510538 11045 -1
1700833421.510538 1514 -1
1700833421.510538 4434 -1
1700833421.510538 4768 -1
1700833421.510538 1172 -1
1700833421.510538 478 -1
1700833421.510538 1194 -1
1700833421.510538 444 -1
1700833421.510538 7354 -1
1700833421.510538 1124 -1
1700833421.510538 5713 -1
1700833421.510538 5088 -1
1700833421.510538 1172 -1
1700833421.510538 480 -1
1700833421.510538 5521 -1
1700833421.510538 1141 -1
1700833421.510869 66 1
1700833421.510961 66 1
1700833421.510993 66 1
1700833421.511019 66 1
1700833421.511070 66 1
1700833421.511107 66 1
1700833421.511148 66 1
1700833421.511181 66 1
1700833421.511268 66 1
1700833421.511333 66 1
1700833421.511369 66 1
1700833421.511397 66 1
1700833421.511449 66 1
1700833421.511492 74 1
1700833421.525951 423 -1
1700833421.526113 54 1
1700833421.789483 1215 -1
1700833421.789483 304 -1
1700833421.789483 6225 -1
1700833421.789661 54 1
1700833421.853191 54 1
1700833421.854538 78 -1
1700833421.854538 60 -1
1700833421.854598 54 1
