1700839864.018701 66 1
1700839864.027099 66 -1
1700839864.027226 54 1
1700839864.028752 663 1
1700839864.030468 60 -1
1700839864.040836 2974 -1
1700839864.040876 54 1
1700839864.040999 957 -1
1700839864.074818 134 1
1700839864.078331 60 -1
1700839864.078331 341 -1
1700839864.078331 341 -1
1700839864.078440 54 1
1700839864.097215 146 1
1700839864.102376 551 1
1700839864.104270 60 -1
1700839864.104270 115 -1
1700839864.104270 85 -1
1700839864.104333 54 1
1700839864.112603 60 -1
1700839864.112603 897 -1
1700839864.112603 7354 -1
1700839864.112603 7354 -1
1700839864.112603 1860 -1
1700839864.112603 85 -1
1700839864.112603 7354 -1
1700839864.112742 54 1
1700839864.118398 85 1
1700839864.127824 7354 -1
1700839864.127824 1860 -1
1700839864.127824 7354 -1
1700839864.127824 7354 -1
1700839864.127824 7354 -1
1700839864.127824 4434 -1
1700839864.128064 54 1
1700839864.133205 1514 -1
1700839864.133205 7354 -1
1700839864.133205 271 -1
1700839864.133316 54 1
1700839864.177683 60 -1
1700839864.298713 196 1
1700839864.320619 60 -1
1700839864.327934 994 -1
1700839864.327934 703 -1
1700839864.327934 7354 -1
1700839864.327934 7354 -1
1700839864.328111 54 1
1700839864.332285 1860 -1
1700839864.332285 85 -1
1700839864.332285 7354 -1
1700839864.332285 7354 -1
1700839864.332285 1860 -1
1700839864.332285 1514 -1
1700839864.332285 2974 -1
1700839864.332285 4434 -1
1700839864.332285 7354 -1
1700839864.332285 2974 -1
1700839864.332285 4434 -1
1700839864.332285 7354 -1
1700839864.332718 66 1
1700839864.332799 66 1
1700839864.332843 66 1
1700839864.332890 74 1
1700839864.332934 74 1
1700839864.342633 4671 -1
1700839864.342712 74 1
1700839864.348130 1514 -1
1700839864.348130 1514 -1
1700839864.348233 66 1
1700839864.348335 54 1
1700839865.746302 54 1
1700839865.757837 78 -1
1700839865.757837 60 -1
1700839865.757877 54 1
1700839872.783413 66 1
1700839872.784212 66 1
1700839872.784996 66 1
1700839872.785672 66 1
1700839872.787048 66 1
1700839872.787193 66 -1
1700839872.787291 54 1
1700839872.790023 66 -1
1700839872.790168 54 1
1700839872.793116 66 1
1700839872.795612 66 -1
1700839872.796057 54 1
1700839872.797976 66 -1
1700839872.797976 66 -1
1700839872.798114 54 1
1700839872.798148 54 1
1700839872.804942 599 1
1700839872.805439 631 1
1700839872.806241 60 -1
1700839872.807276 599 1
1700839872.807868 572 1
1700839872.808894 572 1
1700839872.812621 60 -1
1700839872.815460 60 -1
1700839872.817721 2778 -1
1700839872.818028 54 1
1700839872.818390 2778 -1
1700839872.818426 54 1
1700839872.824589 134 1
1700839872.825690 134 1
1700839872.826013 54 1
1700839872.826166 146 1
1700839872.826244 54 1
1700839872.826422 54 1
1700839872.826584 54 1
1700839872.827671 622 1
1700839872.827766 267 1
1700839872.827859 266 1
1700839872.827950 265 1
1700839872.828073 264 1
1700839872.828179 259 1
1700839872.830730 2777 -1
1700839872.831135 60 -1
1700839872.831135 341 -1
1700839872.831193 54 1
1700839872.831912 341 -1
1700839872.832077 60 -1
1700839872.832077 60 -1
1700839872.832077 60 -1
1700839872.832077 66 -1
1700839872.832077 74 -1
1700839872.832077 74 -1
1700839872.832077 361 -1
1700839872.832077 361 -1
1700839872.832369 54 1
1700839872.832551 1105 1
1700839872.832603 54 1
1700839872.833032 60 -1
1700839872.838838 66 -1
1700839872.838838 60 -1
1700839872.838838 2779 -1
1700839872.838838 60 -1
1700839872.838976 54 1
1700839872.842269 135 -1
1700839872.842269 105 -1
1700839872.842269 880 -1
1700839872.842269 7274 -1
1700839872.842269 1514 -1
1700839872.842269 7840 -1
1700839872.842269 7274 -1
1700839872.842269 1514 -1
1700839872.842269 4394 -1
1700839872.842269 1514 -1
1700839872.842269 2954 -1
1700839872.842269 1514 -1
1700839872.842269 7274 -1
1700839872.842269 7274 -1
1700839872.842269 1514 -1
1700839872.842269 2954 -1
1700839872.842269 2954 -1
1700839872.842269 1514 -1
1700839872.844750 54 1
1700839872.844886 66 -1
1700839872.854123 60 -1
1700839872.862006 85 1
1700839872.866669 5894 -1
1700839872.866669 7354 -1
1700839872.866669 4434 -1
1700839872.866669 7354 -1
1700839872.866669 4434 -1
1700839872.866669 4434 -1
1700839872.866669 7354 -1
1700839872.866669 7354 -1
1700839872.866669 834 -1
1700839872.866669 1514 -1
1700839872.866669 7354 -1
1700839872.866669 1514 -1
1700839872.866669 1514 -1
1700839872.866669 2974 -1
1700839872.866669 5894 -1
1700839872.866669 2974 -1
1700839872.866669 1514 -1
1700839872.866669 7354 -1
1700839872.866669 7354 -1
1700839872.866669 4434 -1
1700839872.866669 4434 -1
1700839872.866669 5894 -1
1700839872.866669 5354 -1
1700839872.866669 7354 -1
1700839872.866669 4434 -1
1700839872.866669 1514 -1
1700839872.866669 5894 -1
1700839872.867230 66 1
1700839872.867298 66 1
1700839872.867330 66 1
1700839872.867367 74 1
1700839872.867391 74 1
1700839872.867420 74 1
1700839872.867452 74 1
1700839872.867478 74 1
1700839872.867543 74 1
1700839872.867584 74 1
1700839872.867646 82 1
1700839872.867714 82 1
1700839872.867769 82 1
1700839872.867823 82 1
1700839872.867899 82 1
1700839872.867969 82 1
1700839872.871976 60 -1
1700839872.873715 1514 -1
1700839872.873715 4434 -1
1700839872.873715 2974 -1
1700839872.873864 90 1
1700839872.873936 90 1
1700839872.874001 90 1
1700839872.874122 1514 -1
1700839872.874122 4434 -1
1700839872.874206 90 1
1700839872.874265 90 1
1700839872.874333 5894 -1
1700839872.874382 90 1
1700839872.875090 1514 -1
1700839872.875090 1514 -1
1700839872.875090 1514 -1
1700839872.875090 1514 -1
1700839872.875138 90 1
1700839872.875212 90 1
1700839872.875270 82 1
1700839872.875363 74 1
1700839872.875546 1514 -1
1700839872.875546 7354 -1
1700839872.875584 74 1
1700839872.875621 74 1
1700839872.875915 2974 -1
1700839872.875946 74 1
1700839872.876317 5894 -1
1700839872.876432 74 1
1700839872.877017 1514 -1
1700839872.877017 1514 -1
1700839872.877095 74 1
1700839872.877136 74 1
1700839872.877355 1514 -1
1700839872.877355 5894 -1
1700839872.877404 74 1
1700839872.877460 82 1
1700839872.877599 4434 -1
1700839872.877638 82 1
1700839872.878041 10274 -1
1700839872.878840 82 1
1700839872.878904 2974 -1
1700839872.878940 82 1
1700839872.884397 341 -1
1700839872.884684 82 1
1700839872.892436 1514 -1
1700839872.892436 1514 -1
1700839872.892436 7354 -1
1700839872.892436 5894 -1
1700839872.892436 7354 -1
1700839872.892436 2974 -1
1700839872.892436 2974 -1
1700839872.892436 7354 -1
1700839872.892436 2974 -1
1700839872.892436 7354 -1
1700839872.892436 5894 -1
1700839872.892436 1514 -1
1700839872.892436 5894 -1
1700839872.892436 5894 -1
1700839872.892436 5894 -1
1700839872.892436 1514 -1
1700839872.892436 7354 -1
1700839872.892436 1514 -1
1700839872.892793 74 1
1700839872.892948 66 1
1700839872.893013 66 1
1700839872.893052 66 1
1700839872.893082 66 1
1700839872.893121 66 1
1700839872.893198 66 1
1700839872.893220 66 1
1700839872.893237 66 1
1700839872.893253 74 1
1700839872.893281 74 1
1700839872.893350 66 1
1700839872.893385 66 1
1700839872.893419 74 1
1700839872.893451 74 1
1700839872.893483 74 1
1700839872.893515 74 1
1700839872.893562 74 1
1700839872.903245 2974 -1
1700839872.903416 74 1
1700839872.904290 1514 -1
1700839872.904290 1514 -1
1700839872.904290 7354 -1
1700839872.904431 74 1
1700839872.904469 74 1
1700839872.904652 74 1
1700839872.905062 2974 -1
1700839872.905094 74 1
1700839872.905230 1514 -1
1700839872.905290 66 1
1700839872.905995 1514 -1
1700839872.905995 2974 -1
1700839872.906077 54 1
1700839872.906126 66 1
1700839872.906869 7354 -1
1700839872.906917 66 1
1700839872.907255 5894 -1
1700839872.907298 66 1
1700839872.908778 7354 -1
1700839872.908778 5894 -1
1700839872.908886 66 1
1700839872.908924 66 1
1700839872.909443 7354 -1
1700839872.909500 66 1
1700839872.910291 5894 -1
1700839872.910291 7354 -1
1700839872.910352 66 1
1700839872.910388 66 1
1700839872.910977 7354 -1
1700839872.911017 66 1
1700839872.911356 1514 -1
1700839872.911608 66 1
1700839872.911886 2974 -1
1700839872.911929 66 1
1700839872.912437 2974 -1
1700839872.912466 66 1
1700839872.914011 2974 -1
1700839872.914055 66 1
1700839872.914362 1514 -1
1700839872.914412 66 1
1700839872.914915 4434 -1
1700839872.914970 66 1
1700839872.915065 1514 -1
1700839872.915117 66 1
1700839872.935773 5894 -1
1700839872.935773 1514 -1
1700839872.935773 5894 -1
1700839872.935773 7354 -1
1700839872.935773 1514 -1
1700839872.935773 7354 -1
1700839872.935773 1514 -1
1700839872.935773 2974 -1
1700839872.935773 5894 -1
1700839872.935773 7354 -1
1700839872.935773 2974 -1
1700839872.935773 5894 -1
1700839872.935773 2974 -1
1700839872.935773 2974 -1
1700839872.935773 5894 -1
1700839872.935773 8814 -1
1700839872.935773 7354 -1
1700839872.935773 1514 -1
1700839872.935773 7354 -1
1700839872.935773 1514 -1
1700839872.935773 4434 -1
1700839872.935773 4434 -1
1700839872.935773 1514 -1
1700839872.935773 2974 -1
1700839872.935773 2974 -1
1700839872.935773 1514 -1
1700839872.935773 5894 -1
1700839872.935773 2974 -1
1700839872.935773 7354 -1
1700839872.935773 1514 -1
1700839872.935773 7354 -1
1700839872.935773 1514 -1
1700839872.935773 7354 -1
1700839872.935773 1514 -1
1700839872.935773 4434 -1
1700839872.935773 2974 -1
1700839872.936402 66 1
1700839872.936975 54 1
1700839872.937119 66 1
1700839872.937151 66 1
1700839872.937189 66 1
1700839872.937224 66 1
1700839872.937262 66 1
1700839872.937296 66 1
1700839872.937334 66 1
1700839872.937368 66 1
1700839872.937399 66 1
1700839872.937425 66 1
1700839872.938022 66 1
1700839872.938056 66 1
1700839872.938107 66 1
1700839872.938140 66 1
1700839872.938166 66 1
1700839872.938191 74 1
1700839872.938221 74 1
1700839872.938257 82 1
1700839872.938286 82 1
1700839872.938327 82 1
1700839872.938420 82 1
1700839872.938478 82 1
1700839872.938544 82 1
1700839872.938729 82 1
1700839872.938792 82 1
1700839872.938859 82 1
1700839872.938926 82 1
1700839872.942770 5894 -1
1700839872.942770 2974 -1
1700839872.942770 1514 -1
1700839872.942881 82 1
1700839872.943116 82 1
1700839872.943164 90 1
1700839872.950687 2974 -1
1700839872.950687 2974 -1
1700839872.950687 5894 -1
1700839872.950687 7354 -1
1700839872.950687 1514 -1
1700839872.950687 1514 -1
1700839872.950687 1514 -1
1700839872.950687 1514 -1
1700839872.950687 7354 -1
1700839872.950687 7354 -1
1700839872.950687 1514 -1
1700839872.950687 7354 -1
1700839872.950687 1514 -1
1700839872.950687 7354 -1
1700839872.950687 1514 -1
1700839872.950687 7354 -1
1700839872.950687 1514 -1
1700839872.950687 2974 -1
1700839872.950687 4434 -1
1700839872.951077 90 1
1700839872.951150 90 1
1700839872.951184 90 1
1700839872.951216 90 1
1700839872.951300 82 1
1700839872.951341 74 1
1700839872.951433 66 1
1700839872.951477 66 1
1700839872.951574 66 1
1700839872.951610 66 1
1700839872.951664 66 1
1700839872.951692 66 1
1700839872.951715 66 1
1700839872.951741 66 1
1700839872.951769 66 1
1700839872.951807 66 1
1700839872.951854 66 1
1700839872.951886 66 1
1700839872.951921 66 1
1700839872.952220 1514 -1
1700839872.952220 8814 -1
1700839872.952290 66 1
1700839872.952321 66 1
1700839872.963950 1514 -1
1700839872.963950 2974 -1
1700839872.963950 2974 -1
1700839872.963950 4434 -1
1700839872.963950 4434 -1
1700839872.963950 4434 -1
1700839872.963950 2974 -1
1700839872.963950 4434 -1
1700839872.963950 7354 -1
1700839872.963950 1514 -1
1700839872.963950 2974 -1
1700839872.963950 7354 -1
1700839872.963950 7354 -1
1700839872.963950 4434 -1
1700839872.963950 5894 -1
1700839872.963950 7354 -1
1700839872.963950 1514 -1
1700839872.964295 54 1
1700839872.964443 66 1
1700839872.964486 66 1
1700839872.964533 66 1
1700839872.964573 66 1
1700839872.964606 74 1
1700839872.964637 74 1
1700839872.964670 74 1
1700839872.964702 74 1
1700839872.964733 82 1
1700839872.964762 82 1
1700839872.964792 82 1
1700839872.964825 82 1
1700839872.964854 90 1
1700839872.964880 90 1
1700839872.965485 90 1
1700839872.970875 2974 -1
1700839872.970875 4434 -1
1700839872.970875 5894 -1
1700839872.970875 2974 -1
1700839872.970875 5894 -1
1700839872.970875 5894 -1
1700839872.970875 5894 -1
1700839872.970875 5894 -1
1700839872.970875 2862 -1
1700839872.971117 90 1
1700839872.971245 90 1
1700839872.971286 90 1
1700839872.971332 90 1
1700839872.971360 90 1
1700839872.971388 90 1
1700839872.971416 90 1
1700839872.971446 90 1
1700839872.971482 90 1
1700839872.983203 1514 -1
1700839872.983203 1514 -1
1700839872.983203 1514 -1
1700839872.983203 1514 -1
1700839872.983203 5894 -1
1700839872.983203 1514 -1
1700839872.983203 1626 -1
1700839872.983203 7354 -1
1700839872.983203 1514 -1
1700839872.983203 4434 -1
1700839872.983203 2974 -1
1700839872.983203 1514 -1
1700839872.983203 7354 -1
1700839872.983203 1514 -1
1700839872.983203 4434 -1
1700839872.983203 2974 -1
1700839872.983203 1514 -1
1700839872.983203 2974 -1
1700839872.983203 4434 -1
1700839872.983203 4434 -1
1700839872.983203 1514 -1
1700839872.983203 7354 -1
1700839872.983714 90 1
1700839872.983778 82 1
1700839872.983836 74 1
1700839872.983888 66 1
1700839872.983926 66 1
1700839872.983960 66 1
1700839872.984001 74 1
1700839872.984032 74 1
1700839872.984062 74 1
1700839872.984090 74 1
1700839872.984120 82 1
1700839872.984190 74 1
1700839872.984221 74 1
1700839872.984251 74 1
1700839872.984281 74 1
1700839872.984314 82 1
1700839872.984344 82 1
1700839872.984373 82 1
1700839872.984403 82 1
1700839872.984432 90 1
1700839872.984465 90 1
1700839872.984496 90 1
1700839872.992449 1514 -1
1700839872.992449 1514 -1
1700839872.992449 1514 -1
1700839872.992449 7354 -1
1700839872.992449 1514 -1
1700839872.992449 8814 -1
1700839872.992449 1514 -1
1700839872.992449 5894 -1
1700839872.992449 4434 -1
1700839872.992679 90 1
1700839872.992837 90 1
1700839872.992867 90 1
1700839872.992899 90 1
1700839872.992927 90 1
1700839872.992955 90 1
1700839872.992982 90 1
1700839872.993015 90 1
1700839872.993047 90 1
1700839872.996448 90 1
1700839872.996773 2974 -1
1700839872.996773 2974 -1
1700839872.996773 2974 -1
1700839872.996773 2974 -1
1700839872.996773 7354 -1
1700839872.996773 1514 -1
1700839872.996925 90 1
1700839872.997014 90 1
1700839872.997046 90 1
1700839872.997072 90 1
1700839872.997108 90 1
1700839872.997164 90 1
1700839873.003255 1514 -1
1700839873.003255 1514 -1
1700839873.003255 1514 -1
1700839873.003255 1514 -1
1700839873.003255 1514 -1
1700839873.003255 1514 -1
1700839873.003255 7354 -1
1700839873.003255 1514 -1
1700839873.003255 7354 -1
1700839873.003255 1514 -1
1700839873.003255 2974 -1
1700839873.003255 2974 -1
1700839873.003255 7354 -1
1700839873.003453 90 1
1700839873.003562 90 1
1700839873.003616 82 1
1700839873.003651 74 1
1700839873.003717 66 1
1700839873.003749 66 1
1700839873.003777 74 1
1700839873.003807 82 1
1700839873.003835 82 1
1700839873.003863 82 1
1700839873.003894 82 1
1700839873.003923 82 1
1700839873.003951 90 1
1700839873.011471 90 1
1700839873.011667 90 1
1700839873.014478 1514 -1
1700839873.014478 1514 -1
1700839873.014478 7354 -1
1700839873.014478 1514 -1
1700839873.014478 2974 -1
1700839873.014478 1514 -1
1700839873.014478 2974 -1
1700839873.014478 4434 -1
1700839873.014478 2974 -1
1700839873.014478 2974 -1
1700839873.014478 5894 -1
1700839873.014478 2974 -1
1700839873.014478 1514 -1
1700839873.014478 2974 -1
1700839873.014478 1514 -1
1700839873.014478 1514 -1
1700839873.014478 1514 -1
1700839873.014478 7354 -1
1700839873.014478 1514 -1
1700839873.014478 7354 -1
1700839873.014731 90 1
1700839873.014886 82 1
1700839873.014920 82 1
1700839873.014950 82 1
1700839873.014977 82 1
1700839873.015005 82 1
1700839873.015030 90 1
1700839873.015064 90 1
1700839873.015093 90 1
1700839873.015124 90 1
1700839873.015156 90 1
1700839873.015181 90 1
1700839873.015210 90 1
1700839873.015239 90 1
1700839873.015261 90 1
1700839873.015284 90 1
1700839873.015317 90 1
1700839873.015347 90 1
1700839873.015377 90 1
1700839873.015421 90 1
1700839873.016805 1514 -1
1700839873.016805 7354 -1
1700839873.016805 1514 -1
1700839873.016805 5894 -1
1700839873.016949 90 1
1700839873.017086 90 1
1700839873.017117 90 1
1700839873.017165 90 1
1700839873.019047 2974 -1
1700839873.019047 2974 -1
1700839873.019194 90 1
1700839873.019270 90 1
1700839873.030115 4434 -1
1700839873.030115 1514 -1
1700839873.030115 4434 -1
1700839873.030115 1514 -1
1700839873.030115 2974 -1
1700839873.030115 2718 -1
1700839873.030115 1514 -1
1700839873.030115 1514 -1
1700839873.030115 2974 -1
1700839873.030115 7354 -1
1700839873.030115 1514 -1
1700839873.030115 7354 -1
1700839873.030115 310 -1
1700839873.030115 7354 -1
1700839873.030115 1514 -1
1700839873.030115 2974 -1
1700839873.030115 2974 -1
1700839873.030115 2974 -1
1700839873.030115 5894 -1
1700839873.030115 1514 -1
1700839873.030438 90 1
1700839873.030557 90 1
1700839873.030594 90 1
1700839873.030622 90 1
1700839873.030652 90 1
1700839873.030681 90 1
1700839873.030718 90 1
1700839873.030755 90 1
1700839873.030809 90 1
1700839873.030842 90 1
1700839873.030885 90 1
1700839873.030927 90 1
1700839873.030956 90 1
1700839873.030986 90 1
1700839873.031015 90 1
1700839873.031052 90 1
1700839873.031083 90 1
1700839873.031113 90 1
1700839873.031148 90 1
1700839873.031194 90 1
1700839873.035366 572 1
1700839873.036679 90 1
1700839873.037285 1514 -1
1700839873.037285 1514 -1
1700839873.037285 7354 -1
1700839873.037285 4434 -1
1700839873.037285 4434 -1
1700839873.037285 1514 -1
1700839873.037285 1514 -1
1700839873.037285 4434 -1
1700839873.037285 2974 -1
1700839873.037285 7354 -1
1700839873.037285 4434 -1
1700839873.037547 90 1
1700839873.037739 82 1
1700839873.037776 82 1
1700839873.037812 90 1
1700839873.037846 90 1
1700839873.037878 90 1
1700839873.037924 90 1
1700839873.037955 90 1
1700839873.037998 90 1
1700839873.038029 90 1
1700839873.038057 90 1
1700839873.040253 90 1
1700839873.041097 7302 -1
1700839873.041097 1514 -1
1700839873.041097 1514 -1
1700839873.041097 1514 -1
1700839873.041189 90 1
1700839873.041292 90 1
1700839873.041410 90 1
1700839873.041455 82 1
1700839873.041758 82 1
1700839873.042300 82 1
1700839873.047442 7354 -1
1700839873.047442 1514 -1
1700839873.047442 7354 -1
1700839873.047442 1514 -1
1700839873.047442 1514 -1
1700839873.047442 7354 -1
1700839873.047442 1514 -1
1700839873.047442 1514 -1
1700839873.047442 1514 -1
1700839873.047442 7354 -1
1700839873.047618 82 1
1700839873.047741 82 1
1700839873.047763 82 1
1700839873.047785 82 1
1700839873.047823 74 1
1700839873.047849 74 1
1700839873.047872 74 1
1700839873.047897 66 1
1700839873.047953 54 1
1700839873.047996 54 1
1700839873.048924 106 -1
1700839873.048924 1514 -1
1700839873.048953 54 1
1700839873.049895 7354 -1
1700839873.049918 54 1
1700839873.050466 54 1
1700839873.050846 7354 -1
1700839873.050877 54 1
1700839873.052044 1514 -1
1700839873.052070 54 1
1700839873.052111 7354 -1
1700839873.052153 54 1
1700839873.053312 7354 -1
1700839873.053360 66 1
1700839873.055208 7354 -1
1700839873.055269 66 1
1700839873.056388 1514 -1
1700839873.056421 66 1
1700839873.056814 2974 -1
1700839873.056844 66 1
1700839873.068206 2777 -1
1700839873.068206 60 -1
1700839873.068263 54 1
1700839873.071259 4434 -1
1700839873.071259 7354 -1
1700839873.071259 1514 -1
1700839873.071259 2974 -1
1700839873.071259 7354 -1
1700839873.071259 1514 -1
1700839873.071259 2974 -1
1700839873.071259 4434 -1
1700839873.071259 7354 -1
1700839873.071259 1514 -1
1700839873.071259 1514 -1
1700839873.071259 5894 -1
1700839873.071259 2974 -1
1700839873.071259 2974 -1
1700839873.071259 2974 -1
1700839873.071259 1514 -1
1700839873.071259 4825 -1
1700839873.071259 1514 -1
1700839873.071551 74 1
1700839873.071612 74 1
1700839873.071681 74 1
1700839873.071720 74 1
1700839873.071751 74 1
1700839873.071781 74 1
1700839873.071813 74 1
1700839873.071850 82 1
1700839873.071883 82 1
1700839873.071912 82 1
1700839873.071945 82 1
1700839873.071983 90 1
1700839873.072013 90 1
1700839873.072039 90 1
1700839873.072067 90 1
1700839873.072113 90 1
1700839873.072146 90 1
1700839873.072190 82 1
1700839873.076918 1514 -1
1700839873.076918 1514 -1
1700839873.076918 1514 -1
1700839873.077110 74 1
1700839873.077176 66 1
1700839873.077256 54 1
1700839873.078546 54 1
1700839873.089893 628 -1
1700839873.522767 628 -1
1700839873.891809 66 -1
1700839874.385109 628 -1
1700839875.758527 54 1
1700839875.781128 78 -1
1700839875.781128 60 -1
1700839875.781340 54 1
1700839875.924656 66 -1
1700839876.112237 628 -1
1700839876.655116 66 1
1700839876.656204 66 -1
1700839876.656305 54 1
1700839876.656824 902 1
1700839876.661424 60 -1
1700839876.661424 318 -1
1700839876.662166 134 1
1700839876.662641 146 1
1700839876.662999 563 1
1700839876.672168 60 -1
1700839876.672168 341 -1
1700839876.682680 60 -1
1700839876.682680 60 -1
1700839876.682680 115 -1
1700839876.682680 85 -1
1700839876.682680 991 -1
1700839876.682680 2657 -1
1700839876.682815 54 1
1700839876.686967 85 1
1700839876.704950 60 -1
1700839878.332738 257 1
1700839878.332861 257 1
1700839878.332947 258 1
1700839878.333023 256 1
1700839878.333111 259 1
1700839878.334378 60 -1
1700839878.334378 60 -1
1700839878.334378 60 -1
1700839878.334378 60 -1
1700839878.337631 862 -1
1700839878.337631 13194 -1
1700839878.337737 54 1
1700839878.338829 3320 -1
1700839878.338871 54 1
1700839878.338921 4434 -1
1700839878.338952 54 1
1700839878.339933 12111 -1
1700839878.340062 54 1
1700839878.342048 7354 -1
1700839878.342100 54 1
1700839878.344960 5894 -1
1700839878.345033 54 1
1700839878.345090 3382 -1
1700839878.345120 54 1
1700839878.345232 2974 -1
1700839878.345261 54 1
1700839878.345435 7354 -1
1700839878.345483 54 1
1700839878.346260 1514 -1
1700839878.346297 54 1
1700839878.346392 5894 -1
1700839878.346474 66 1
1700839878.347504 2974 -1
1700839878.347538 66 1
1700839878.349787 7354 -1
1700839878.349850 66 1
1700839878.349984 7354 -1
1700839878.350032 66 1
1700839878.352917 7354 -1
1700839878.352917 7354 -1
1700839878.352984 66 1
1700839878.353033 66 1
1700839878.353105 8814 -1
1700839878.353157 66 1
1700839878.354499 7354 -1
1700839878.354570 66 1
1700839878.355792 7354 -1
1700839878.355848 66 1
1700839878.357043 5894 -1
1700839878.357086 66 1
1700839878.357702 4434 -1
1700839878.357777 74 1
1700839878.361285 7354 -1
1700839878.361285 1514 -1
1700839878.361285 2974 -1
1700839878.361285 5894 -1
1700839878.361363 74 1
1700839878.361422 74 1
1700839878.361441 74 1
1700839878.361469 82 1
1700839878.361497 2974 -1
1700839878.361532 90 1
1700839878.362247 4434 -1
1700839878.362287 90 1
1700839878.369588 1514 -1
1700839878.369588 2974 -1
1700839878.369588 1514 -1
1700839878.369588 1514 -1
1700839878.369588 7354 -1
1700839878.369588 7354 -1
1700839878.369588 2974 -1
1700839878.369588 7354 -1
1700839878.369588 4434 -1
1700839878.369588 1514 -1
1700839878.369588 4434 -1
1700839878.369802 90 1
1700839878.369845 90 1
1700839878.369872 90 1
1700839878.369896 90 1
1700839878.369930 90 1
1700839878.369975 90 1
1700839878.370019 90 1
1700839878.370061 90 1
1700839878.370115 90 1
1700839878.374416 82 1
1700839878.374554 82 1
1700839878.374842 2974 -1
1700839878.374842 7354 -1
1700839878.374842 7354 -1
1700839878.374842 7354 -1
1700839878.374842 7354 -1
1700839878.374842 7354 -1
1700839878.374842 1514 -1
1700839878.374842 5894 -1
1700839878.374842 1514 -1
1700839878.374842 5894 -1
1700839878.374842 4434 -1
1700839878.374842 1514 -1
1700839878.374842 1514 -1
1700839878.374842 2974 -1
1700839878.375041 82 1
1700839878.375085 82 1
1700839878.375115 82 1
1700839878.375142 82 1
1700839878.375172 82 1
1700839878.375208 82 1
1700839878.375262 82 1
1700839878.375316 82 1
1700839878.375358 90 1
1700839878.375392 90 1
1700839878.375421 90 1
1700839878.375443 90 1
1700839878.375515 82 1
1700839878.375549 82 1
1700839878.375635 7354 -1
1700839878.375704 82 1
1700839878.375769 4434 -1
1700839878.375824 82 1
1700839878.375985 4434 -1
1700839878.376047 82 1
1700839878.376320 1514 -1
1700839878.376350 74 1
1700839878.377848 74 1
1700839878.381754 1514 -1
1700839878.381754 1514 -1
1700839878.381754 2974 -1
1700839878.381754 1514 -1
1700839878.381754 2974 -1
1700839878.381754 2974 -1
1700839878.381754 4434 -1
1700839878.381754 2974 -1
1700839878.381754 7354 -1
1700839878.381754 2974 -1
1700839878.381754 5894 -1
1700839878.381879 74 1
1700839878.381937 74 1
1700839878.381962 74 1
1700839878.381987 74 1
1700839878.382012 74 1
1700839878.382037 74 1
1700839878.382075 74 1
1700839878.382101 74 1
1700839878.382133 74 1
1700839878.382159 74 1
1700839878.382216 74 1
1700839878.387116 1514 -1
1700839878.387116 4557 -1
1700839878.387116 2974 -1
1700839878.387116 4434 -1
1700839878.387116 1514 -1
1700839878.387116 2974 -1
1700839878.387116 2974 -1
1700839878.387116 5894 -1
1700839878.387116 4434 -1
1700839878.387116 2974 -1
1700839878.387116 7354 -1
1700839878.387116 7354 -1
1700839878.387116 7354 -1
1700839878.387116 7354 -1
1700839878.387116 4434 -1
1700839878.387116 1514 -1
1700839878.387116 1514 -1
1700839878.387116 10274 -1
1700839878.389362 74 1
1700839878.389461 74 1
1700839878.389484 74 1
1700839878.389513 82 1
1700839878.389533 82 1
1700839878.389552 82 1
1700839878.389593 82 1
1700839878.389624 82 1
1700839878.389663 82 1
1700839878.389694 90 1
1700839878.389725 90 1
1700839878.389752 90 1
1700839878.389798 90 1
1700839878.389841 90 1
1700839878.389880 90 1
1700839878.389959 82 1
1700839878.390208 74 1
1700839878.390246 74 1
1700839878.390443 8547 -1
1700839878.390500 74 1
1700839878.406463 1514 -1
1700839878.406463 1514 -1
1700839878.406463 7354 -1
1700839878.406463 7354 -1
1700839878.406463 7354 -1
1700839878.406463 7354 -1
1700839878.406463 7354 -1
1700839878.406463 7354 -1
1700839878.406463 1781 -1
1700839878.406463 325 -1
1700839878.406814 66 1
1700839878.406938 54 1
1700839878.407001 54 1
1700839878.408012 54 1
1700839878.408186 54 1
1700839878.755173 259 1
1700839878.772019 1037 -1
1700839878.772019 730 -1
1700839878.772137 54 1
1700839878.785935 7354 -1
1700839878.785935 7354 -1
1700839878.785935 1860 -1
1700839878.785935 85 -1
1700839878.785935 2974 -1
1700839878.785935 7354 -1
1700839878.785935 2974 -1
1700839878.785935 1514 -1
1700839878.785935 4434 -1
1700839878.785935 7354 -1
1700839878.785935 7354 -1
1700839878.785935 1514 -1
1700839878.785935 7354 -1
1700839878.785935 2974 -1
1700839878.785935 808 -1
1700839878.785935 7354 -1
1700839878.785935 7354 -1
1700839878.785935 1891 -1
1700839878.785935 7354 -1
1700839878.785935 7354 -1
1700839878.785935 7354 -1
1700839878.785935 7354 -1
1700839878.785935 3441 -1
1700839878.786367 66 1
1700839878.786443 74 1
1700839878.786492 74 1
1700839878.786536 74 1
1700839878.786574 74 1
1700839878.786606 74 1
1700839878.786646 74 1
1700839878.786680 82 1
1700839878.786707 82 1
1700839878.786732 82 1
1700839878.786761 82 1
1700839878.786789 82 1
1700839878.786815 82 1
1700839878.786841 82 1
1700839878.786868 82 1
1700839878.786896 82 1
1700839878.789114 1514 -1
1700839878.789114 400 -1
1700839878.789195 74 1
1700839878.789324 66 1
1700839878.792146 1514 -1
1700839878.792275 54 1
1700839879.573358 628 -1
1700839879.951501 66 -1
1700839882.778548 259 1
1700839882.781850 231 1
1700839882.791147 258 1
1700839882.794500 258 1
1700839882.794688 60 -1
1700839882.794688 886 -1
1700839882.794688 13194 -1
1700839882.794841 54 1
1700839882.796801 232 1
1700839882.810430 3320 -1
1700839882.810430 7354 -1
1700839882.810430 6271 -1
1700839882.810430 7354 -1
1700839882.810430 7354 -1
1700839882.810430 1922 -1
1700839882.810430 4434 -1
1700839882.810430 7354 -1
1700839882.810430 4185 -1
1700839882.810430 60 -1
1700839882.810430 931 -1
1700839882.810430 6202 -1
1700839882.810430 861 -1
1700839882.810430 2974 -1
1700839882.810430 4434 -1
1700839882.810430 7354 -1
1700839882.810430 400 -1
1700839882.810430 5894 -1
1700839882.810430 7354 -1
1700839882.810430 3351 -1
1700839882.810430 7354 -1
1700839882.810430 2974 -1
1700839882.810430 4842 -1
1700839882.810430 4434 -1
1700839882.810430 2974 -1
1700839882.810430 7354 -1
1700839882.810430 11734 -1
1700839882.810430 5894 -1
1700839882.810430 1514 -1
1700839882.810430 7354 -1
1700839882.810430 5534 -1
1700839882.810430 7354 -1
1700839882.810430 5356 -1
1700839882.810430 5894 -1
1700839882.811077 66 1
1700839882.811160 66 1
1700839882.811452 66 1
1700839882.811479 66 1
1700839882.811521 66 1
1700839882.811549 66 1
1700839882.811608 66 1
1700839882.811650 66 1
1700839882.811683 66 1
1700839882.811711 66 1
1700839882.811732 66 1
1700839882.811765 74 1
1700839882.811793 74 1
1700839882.811831 74 1
1700839882.811875 74 1
1700839882.811903 74 1
1700839882.811946 74 1
1700839882.811975 74 1
1700839882.812011 74 1
1700839882.812059 82 1
1700839882.812091 82 1
1700839882.812135 90 1
1700839882.812179 90 1
1700839882.812250 90 1
1700839882.812306 90 1
1700839882.812356 90 1
1700839882.812410 90 1
1700839882.812467 90 1
1700839882.812600 90 1
1700839882.812725 90 1
1700839882.812777 90 1
1700839882.812838 4434 -1
1700839882.812838 4434 -1
1700839882.812892 90 1
1700839882.812951 90 1
1700839882.815341 89 1
1700839882.825518 2697 -1
1700839882.825518 4434 -1
1700839882.825518 20494 -1
1700839882.825518 7354 -1
1700839882.825518 7354 -1
1700839882.825518 2974 -1
1700839882.825518 2974 -1
1700839882.825518 4434 -1
1700839882.825518 7354 -1
1700839882.825743 90 1
1700839882.825934 90 1
1700839882.825966 90 1
1700839882.826000 90 1
1700839882.826025 90 1
1700839882.826119 90 1
1700839882.826142 90 1
1700839882.826172 90 1
1700839882.826199 90 1
1700839882.829521 2974 -1
1700839882.829521 2974 -1
1700839882.829521 5894 -1
1700839882.829521 1514 -1
1700839882.829521 2974 -1
1700839882.829521 4434 -1
1700839882.829521 7354 -1
1700839882.829521 1514 -1
1700839882.829521 1514 -1
1700839882.829521 1514 -1
1700839882.829521 1514 -1
1700839882.829684 90 1
1700839882.829780 90 1
1700839882.829820 90 1
1700839882.829844 90 1
1700839882.829869 90 1
1700839882.829896 90 1
1700839882.829925 90 1
1700839882.830018 90 1
1700839882.830056 90 1
1700839882.830100 82 1
1700839882.830245 74 1
1700839882.831354 1514 -1
1700839882.831354 2974 -1
1700839882.831354 7354 -1
1700839882.831413 74 1
1700839882.831453 74 1
1700839882.831481 74 1
1700839882.836143 117 -1
1700839882.836143 7354 -1
1700839882.836143 7354 -1
1700839882.836143 1514 -1
1700839882.836143 2974 -1
1700839882.836143 2974 -1
1700839882.836143 7354 -1
1700839882.836143 4434 -1
1700839882.836143 4334 -1
1700839882.836143 1514 -1
1700839882.836143 1514 -1
1700839882.836296 74 1
1700839882.836349 74 1
1700839882.836368 74 1
1700839882.836383 82 1
1700839882.836403 90 1
1700839882.836421 90 1
1700839882.836469 90 1
1700839882.836488 90 1
1700839882.836519 82 1
1700839882.836566 74 1
1700839882.839481 7354 -1
1700839882.839481 4434 -1
1700839882.839481 4534 -1
1700839882.839481 7354 -1
1700839882.839481 1514 -1
1700839882.839645 74 1
1700839882.839781 74 1
1700839882.839807 74 1
1700839882.839823 74 1
1700839882.839841 74 1
1700839882.839869 13817 -1
1700839882.839929 82 1
1700839882.840497 4434 -1
1700839882.840538 82 1
1700839882.841125 6302 -1
1700839882.841182 82 1
1700839882.844762 26334 -1
1700839882.844762 2974 -1
1700839882.844762 483 -1
1700839882.844762 2453 -1
1700839882.844762 1514 -1
1700839882.844762 1514 -1
1700839882.844762 1514 -1
1700839882.844915 82 1
1700839882.844969 82 1
1700839882.845008 82 1
1700839882.845067 82 1
1700839882.845103 74 1
1700839882.845187 66 1
1700839882.845245 54 1
1700839882.853537 54 1
1700839885.771439 54 1
1700839885.789816 78 -1
1700839885.789816 60 -1
1700839885.789915 54 1
1700839886.676466 691 -1
1700839886.835207 66 1
1700839886.842377 66 -1
1700839886.842522 54 1
1700839886.843603 870 1
1700839886.848469 60 -1
1700839886.848992 318 -1
1700839886.849486 134 1
1700839886.849856 146 1
1700839886.850599 613 1
1700839886.850862 260 1
1700839886.850951 260 1
1700839886.851033 256 1
1700839886.851121 257 1
1700839886.851209 256 1
1700839886.851296 258 1
1700839886.851549 60 -1
1700839886.851549 341 -1
1700839886.851605 60 -1
1700839886.851605 115 -1
1700839886.851605 85 -1
1700839886.851652 54 1
1700839886.852184 60 -1
1700839886.852184 60 -1
1700839886.852184 60 -1
1700839886.852184 60 -1
1700839886.852184 60 -1
1700839886.852291 85 1
1700839886.853336 60 -1
1700839886.853336 60 -1
1700839886.853336 60 -1
1700839886.854897 858 -1
1700839886.854897 7354 -1
1700839886.854942 54 1
1700839886.855797 5894 -1
1700839886.855831 54 1
1700839886.856849 3320 -1
1700839886.856871 54 1
1700839886.857404 7354 -1
1700839886.857445 54 1
1700839886.863935 2974 -1
1700839886.863935 6271 -1
1700839886.863935 7354 -1
1700839886.863935 7354 -1
1700839886.863935 1922 -1
1700839886.863935 7354 -1
1700839886.864117 54 1
1700839886.864194 5894 -1
1700839886.864227 54 1
1700839886.882390 7354 -1
1700839886.882390 7354 -1
1700839886.882390 2974 -1
1700839886.882390 7354 -1
1700839886.882390 4434 -1
1700839886.882390 7354 -1
1700839886.882390 1514 -1
1700839886.882390 7354 -1
1700839886.882390 7354 -1
1700839886.882390 1514 -1
1700839886.882631 54 1
1700839886.887980 10274 -1
1700839886.887980 1514 -1
1700839886.887980 7354 -1
1700839886.887980 7354 -1
1700839886.888126 66 1
1700839886.888189 74 1
1700839886.892834 7354 -1
1700839886.892834 7354 -1
1700839886.892834 4434 -1
1700839886.892834 2974 -1
1700839886.892834 1514 -1
1700839886.892834 7354 -1
1700839886.892834 4434 -1
1700839886.892834 2974 -1
1700839886.892834 7354 -1
1700839886.892988 74 1
1700839886.893057 74 1
1700839886.893108 74 1
1700839886.893138 74 1
1700839886.893179 74 1
1700839886.893233 74 1
1700839886.893284 74 1
1700839886.893319 74 1
1700839886.893361 74 1
1700839886.893427 7354 -1
1700839886.893427 7354 -1
1700839886.893479 74 1
1700839886.893523 74 1
1700839886.893840 4434 -1
1700839886.893878 74 1
1700839886.894324 1514 -1
1700839886.894324 7354 -1
1700839886.894393 66 1
1700839886.894440 66 1
1700839886.894897 4434 -1
1700839886.894954 66 1
1700839886.895393 5894 -1
1700839886.895445 66 1
1700839886.898943 1514 -1
1700839886.898943 5894 -1
1700839886.898943 7354 -1
1700839886.898943 7354 -1
1700839886.898943 4434 -1
1700839886.898943 2974 -1
1700839886.898943 7354 -1
1700839886.898943 7354 -1
1700839886.899252 54 1
1700839886.899333 54 1
1700839886.900315 54 1
1700839886.908900 4434 -1
1700839886.908900 2974 -1
1700839886.908900 1514 -1
1700839886.908900 7354 -1
1700839886.908900 7354 -1
1700839886.908900 4434 -1
1700839886.908900 7354 -1
1700839886.908900 7354 -1
1700839886.908900 1514 -1
1700839886.908900 4434 -1
1700839886.908900 4434 -1
1700839886.908900 7354 -1
1700839886.908900 2974 -1
1700839886.909177 66 1
1700839886.909233 66 1
1700839886.909253 66 1
1700839886.909276 66 1
1700839886.909306 66 1
1700839886.909335 66 1
1700839886.909358 66 1
1700839886.911019 2974 -1
1700839886.911019 7354 -1
1700839886.911019 2974 -1
1700839886.911019 7354 -1
1700839886.911019 7354 -1
1700839886.911094 74 1
1700839886.911163 74 1
1700839886.911182 74 1
1700839886.911205 74 1
1700839886.911227 74 1
1700839886.911332 7354 -1
1700839886.911380 74 1
1700839886.911847 1514 -1
1700839886.911876 74 1
1700839886.911918 7354 -1
1700839886.911958 74 1
1700839886.912525 4434 -1
1700839886.912561 74 1
1700839886.912939 7354 -1
1700839886.912983 74 1
1700839886.913996 7354 -1
1700839886.914059 74 1
1700839886.914129 7354 -1
1700839886.914172 74 1
1700839886.914720 2974 -1
1700839886.914748 74 1
1700839886.915188 7354 -1
1700839886.915231 74 1
1700839886.915563 7354 -1
1700839886.915602 74 1
1700839886.916216 7354 -1
1700839886.916256 74 1
1700839886.916829 7354 -1
1700839886.916871 74 1
1700839886.917430 1514 -1
1700839886.917479 74 1
1700839886.917522 7354 -1
1700839886.917587 74 1
1700839886.918172 1514 -1
1700839886.918200 74 1
1700839886.918239 1514 -1
1700839886.918339 66 1
1700839886.918429 1514 -1
1700839886.918563 54 1
1700839886.920055 5894 -1
1700839886.920055 4434 -1
1700839886.920055 7354 -1
1700839886.920168 54 1
1700839886.920227 7354 -1
1700839886.920269 54 1
1700839886.920517 2974 -1
1700839886.920538 54 1
1700839886.920927 2974 -1
1700839886.920947 54 1
1700839886.921209 7354 -1
1700839886.921233 54 1
1700839886.921613 54 1
1700839886.921777 54 1
1700839886.921836 232 -1
1700839886.921836 7354 -1
1700839886.921880 54 1
1700839886.922255 54 1
1700839886.922289 7354 -1
1700839886.922319 54 1
1700839886.922848 7354 -1
1700839886.922877 54 1
1700839886.923452 2974 -1
1700839886.923475 54 1
1700839886.923801 1514 -1
1700839886.923824 54 1
1700839886.923890 7354 -1
1700839886.923927 54 1
1700839886.924407 7354 -1
1700839886.924435 54 1
1700839886.925027 7354 -1
1700839886.925052 54 1
1700839886.925788 1514 -1
1700839886.925788 1514 -1
1700839886.925829 54 1
1700839886.925906 1514 -1
1700839886.926137 54 1
1700839886.926175 2974 -1
1700839886.926197 54 1
1700839886.926356 1514 -1
1700839886.926392 66 1
1700839886.926436 5894 -1
1700839886.926477 66 1
1700839886.927038 8814 -1
1700839886.927090 66 1
1700839886.927646 7354 -1
1700839886.927700 66 1
1700839886.928222 7354 -1
1700839886.928252 66 1
1700839886.928894 7354 -1
1700839886.928933 66 1
1700839886.929639 4434 -1
1700839886.929694 66 1
1700839886.929813 2974 -1
1700839886.929841 66 1
1700839886.930062 8527 -1
1700839886.930108 74 1
1700839886.930767 1514 -1
1700839886.930864 66 1
1700839886.931073 1514 -1
1700839886.931099 54 1
1700839888.206905 66 -1
1700839888.490144 251 1
1700839888.490736 257 1
1700839888.491221 256 1
1700839888.491732 230 1
1700839888.492216 229 1
1700839888.492723 259 1
1700839888.493429 257 1
1700839888.494458 60 -1
1700839888.494458 66 -1
1700839888.494458 66 -1
1700839888.494458 66 -1
1700839888.494458 66 -1
1700839888.494568 1218 1
1700839888.494625 66 -1
1700839888.496065 66 -1
1700839888.500187 931 -1
1700839888.500187 4434 -1
1700839888.500254 54 1
1700839888.504429 7354 -1
1700839888.504429 4780 -1
1700839888.504429 7354 -1
1700839888.504429 7354 -1
1700839888.504429 1891 -1
1700839888.504429 7354 -1
1700839888.504429 7354 -1
1700839888.504661 66 1
1700839888.506107 5894 -1
1700839888.506107 2974 -1
1700839888.506172 74 1
1700839888.506214 74 1
1700839888.526994 7354 -1
1700839888.526994 7354 -1
1700839888.526994 7354 -1
1700839888.526994 6239 -1
1700839888.526994 7354 -1
1700839888.526994 7354 -1
1700839888.526994 7354 -1
1700839888.526994 7354 -1
1700839888.526994 7354 -1
1700839888.526994 1514 -1
1700839888.526994 4434 -1
1700839888.526994 7354 -1
1700839888.526994 7354 -1
1700839888.526994 7354 -1
1700839888.526994 7354 -1
1700839888.526994 7354 -1
1700839888.526994 5894 -1
1700839888.526994 7354 -1
1700839888.526994 1734 -1
1700839888.526994 888 -1
1700839888.526994 7354 -1
1700839888.526994 7354 -1
1700839888.526994 4434 -1
1700839888.526994 1514 -1
1700839888.526994 5894 -1
1700839888.526994 7354 -1
1700839888.526994 7354 -1
1700839888.526994 7354 -1
1700839888.526994 7354 -1
1700839888.526994 7354 -1
1700839888.526994 1514 -1
1700839888.526994 462 -1
1700839888.526994 4434 -1
1700839888.526994 2974 -1
1700839888.527536 74 1
1700839888.527602 74 1
1700839888.527663 74 1
1700839888.527708 74 1
1700839888.527742 74 1
1700839888.527774 74 1
1700839888.527821 74 1
1700839888.527857 74 1
1700839888.527888 74 1
1700839888.527910 74 1
1700839888.527962 74 1
1700839888.528002 74 1
1700839888.528034 74 1
1700839888.528062 74 1
1700839888.528092 74 1
1700839888.528151 74 1
1700839888.528203 74 1
1700839888.528255 74 1
1700839888.528290 74 1
1700839888.528317 74 1
1700839888.528355 74 1
1700839888.528395 74 1
1700839888.528443 74 1
1700839888.528514 66 1
1700839888.528563 66 1
1700839888.528590 66 1
1700839888.528619 66 1
1700839888.528668 66 1
1700839888.528701 66 1
1700839888.528733 66 1
1700839888.528759 66 1
1700839888.528896 54 1
1700839888.529133 54 1
1700839888.529198 7354 -1
1700839888.529198 5894 -1
1700839888.529252 54 1
1700839888.529824 1514 -1
1700839888.529824 5894 -1
1700839888.529865 66 1
1700839888.530276 2974 -1
1700839888.530303 66 1
1700839888.530385 66 1
1700839888.530415 2974 -1
1700839888.530461 74 1
1700839888.530542 74 1
1700839888.530805 1514 -1
1700839888.530830 74 1
1700839888.530951 4434 -1
1700839888.531006 82 1
1700839888.531164 7354 -1
1700839888.531213 82 1
1700839888.532268 7354 -1
1700839888.532309 82 1
1700839888.532367 2974 -1
1700839888.532385 82 1
1700839888.532867 6863 -1
1700839888.532922 82 1
1700839888.533235 7354 -1
1700839888.533283 82 1
1700839888.533787 4434 -1
1700839888.533821 90 1
1700839888.534189 7354 -1
1700839888.534223 90 1
1700839888.534749 7354 -1
1700839888.534789 90 1
1700839888.535359 7354 -1
1700839888.535391 90 1
1700839888.535962 7354 -1
1700839888.535997 90 1
1700839888.536611 13194 -1
1700839888.536690 90 1
1700839888.537671 5894 -1
1700839888.537719 90 1
1700839888.538197 1514 -1
1700839888.538227 90 1
1700839888.538265 7354 -1
1700839888.538306 90 1
1700839888.538881 5667 -1
1700839888.538925 90 1
1700839888.539336 7354 -1
1700839888.539391 90 1
1700839888.539941 7354 -1
1700839888.539980 90 1
1700839888.540551 1514 -1
1700839888.540577 90 1
1700839888.540833 5894 -1
1700839888.540880 90 1
1700839888.541160 7354 -1
1700839888.541220 90 1
1700839888.542038 7354 -1
1700839888.542085 90 1
1700839888.542372 4434 -1
1700839888.542428 90 1
1700839888.542850 1514 -1
1700839888.542912 90 1
1700839888.547968 1514 -1
1700839888.547968 1514 -1
1700839888.547968 1514 -1
1700839888.547968 1514 -1
1700839888.547968 1514 -1
1700839888.547968 2974 -1
1700839888.547968 1514 -1
1700839888.547968 5894 -1
1700839888.547968 5894 -1
1700839888.547968 1514 -1
1700839888.547968 2066 -1
1700839888.547968 4434 -1
1700839888.547968 545 -1
1700839888.547968 1514 -1
1700839888.547968 1514 -1
1700839888.548081 90 1
1700839888.548134 90 1
1700839888.548171 90 1
1700839888.548206 90 1
1700839888.548298 90 1
1700839888.548351 90 1
1700839888.548387 90 1
1700839888.548433 90 1
1700839888.548494 90 1
1700839888.548536 90 1
1700839888.548586 90 1
1700839888.548656 82 1
1700839888.548769 74 1
1700839888.548837 66 1
1700839888.548918 54 1
1700839888.548934 54 1
1700839888.549596 54 1
1700839890.136280 258 1
1700839890.137054 222 1
1700839890.138801 256 1
1700839890.139301 258 1
1700839890.142884 60 -1
1700839890.142993 256 1
1700839890.143270 908 -1
1700839890.143270 8814 -1
1700839890.143356 54 1
1700839890.143926 4434 -1
1700839890.143982 54 1
1700839890.144607 1514 -1
1700839890.144657 54 1
1700839890.145466 400 -1
1700839890.145466 7354 -1
1700839890.145519 66 1
1700839890.145577 74 1
1700839890.146997 7354 -1
1700839890.146997 431 -1
1700839890.146997 85 -1
1700839890.146997 7354 -1
1700839890.147043 74 1
1700839890.147080 74 1
1700839890.147116 74 1
1700839890.147170 74 1
1700839890.147350 7354 -1
1700839890.147381 74 1
1700839890.148307 2974 -1
1700839890.148346 74 1
1700839890.148673 1514 -1
1700839890.148673 1514 -1
1700839890.148702 74 1
1700839890.148732 74 1
1700839890.148912 7354 -1
1700839890.148971 74 1
1700839890.149519 2974 -1
1700839890.149550 74 1
1700839890.149917 2237 -1
1700839890.149917 7354 -1
1700839890.149977 74 1
1700839890.150027 82 1
1700839890.153843 256 1
1700839890.154850 4434 -1
1700839890.154850 29254 -1
1700839890.154850 2974 -1
1700839890.154850 4434 -1
1700839890.154850 13194 -1
1700839890.155047 82 1
1700839890.155141 82 1
1700839890.155165 82 1
1700839890.155191 90 1
1700839890.155226 90 1
1700839890.180195 4434 -1
1700839890.180195 4434 -1
1700839890.180195 1514 -1
1700839890.180195 5894 -1
1700839890.180195 60 -1
1700839890.180195 3864 -1
1700839890.180195 875 -1
1700839890.180195 5894 -1
1700839890.180195 7354 -1
1700839890.180195 3320 -1
1700839890.180195 16491 -1
1700839890.180195 5894 -1
1700839890.180195 7354 -1
1700839890.180195 1922 -1
1700839890.180195 7354 -1
1700839890.180195 1514 -1
1700839890.180195 1514 -1
1700839890.180195 5894 -1
1700839890.180195 2974 -1
1700839890.180195 4434 -1
1700839890.180195 1514 -1
1700839890.180195 1514 -1
1700839890.180195 7354 -1
1700839890.180195 7354 -1
1700839890.180195 1514 -1
1700839890.180195 1514 -1
1700839890.180195 2974 -1
1700839890.180195 1514 -1
1700839890.180195 2974 -1
1700839890.180195 1514 -1
1700839890.180195 1514 -1
1700839890.180195 1514 -1
1700839890.180195 2974 -1
1700839890.180195 1514 -1
1700839890.180195 5894 -1
1700839890.180671 90 1
1700839890.180764 90 1
1700839890.180789 90 1
1700839890.180822 90 1
1700839890.180892 90 1
1700839890.180919 90 1
1700839890.180954 90 1
1700839890.180985 90 1
1700839890.181014 90 1
1700839890.181048 90 1
1700839890.181081 90 1
1700839890.181114 90 1
1700839890.181145 90 1
1700839890.181176 90 1
1700839890.181221 90 1
1700839890.181297 90 1
1700839890.181332 90 1
1700839890.181357 90 1
1700839890.181394 90 1
1700839890.181422 90 1
1700839890.181449 90 1
1700839890.181479 90 1
1700839890.181515 90 1
1700839890.181534 90 1
1700839890.181562 90 1
1700839890.181587 90 1
1700839890.181610 90 1
1700839890.181634 90 1
1700839890.181680 90 1
1700839890.181713 90 1
1700839890.181745 90 1
1700839890.181920 90 1
1700839890.182006 90 1
1700839890.182064 90 1
1700839890.192009 4434 -1
1700839890.192009 4434 -1
1700839890.192009 13194 -1
1700839890.192009 7354 -1
1700839890.192009 4434 -1
1700839890.192009 2974 -1
1700839890.192009 1514 -1
1700839890.192009 2974 -1
1700839890.192009 7354 -1
1700839890.192009 5894 -1
1700839890.192219 90 1
1700839890.192424 90 1
1700839890.192486 90 1
1700839890.192514 90 1
1700839890.192542 90 1
1700839890.192561 90 1
1700839890.192639 90 1
1700839890.192679 90 1
1700839890.192711 90 1
1700839890.192743 90 1
1700839890.192816 4434 -1
1700839890.192816 2974 -1
1700839890.192853 90 1
1700839890.192889 82 1
1700839890.204200 1514 -1
1700839890.204200 1514 -1
1700839890.204200 5894 -1
1700839890.204200 1514 -1
1700839890.204200 1514 -1
1700839890.204200 1514 -1
1700839890.204200 1514 -1
1700839890.204200 2974 -1
1700839890.204200 7354 -1
1700839890.204200 2974 -1
1700839890.204200 4434 -1
1700839890.204200 10274 -1
1700839890.204200 5894 -1
1700839890.204200 1514 -1
1700839890.204200 1514 -1
1700839890.204200 5894 -1
1700839890.204200 7354 -1
1700839890.204200 7354 -1
1700839890.204200 7354 -1
1700839890.204200 4434 -1
1700839890.204200 7354 -1
1700839890.204200 7354 -1
1700839890.204200 7354 -1
1700839890.204200 7354 -1
1700839890.204200 7354 -1
1700839890.204200 5894 -1
1700839890.204200 4434 -1
1700839890.204200 2974 -1
1700839890.204578 82 1
1700839890.204710 74 1
1700839890.204750 74 1
1700839890.204772 74 1
1700839890.204791 74 1
1700839890.204817 74 1
1700839890.204836 74 1
1700839890.204867 74 1
1700839890.204893 74 1
1700839890.204914 74 1
1700839890.204941 74 1
1700839890.204979 74 1
1700839890.205012 82 1
1700839890.205083 74 1
1700839890.205176 66 1
1700839890.205208 66 1
1700839890.205240 66 1
1700839890.205270 66 1
1700839890.205301 66 1
1700839890.205330 66 1
1700839890.205358 66 1
1700839890.205389 66 1
1700839890.205419 66 1
1700839890.205448 66 1
1700839890.205476 66 1
1700839890.205507 66 1
1700839890.205551 66 1
1700839890.205579 74 1
1700839890.208107 74 1
1700839890.210035 74 1
1700839890.211893 2974 -1
1700839890.211893 1514 -1
1700839890.211893 2974 -1
1700839890.211893 4434 -1
1700839890.211893 4434 -1
1700839890.211893 7354 -1
1700839890.211893 4434 -1
1700839890.211893 2974 -1
1700839890.211893 4434 -1
1700839890.211893 126 -1
1700839890.212024 74 1
1700839890.212067 74 1
1700839890.212086 74 1
1700839890.212121 82 1
1700839890.212145 82 1
1700839890.212171 82 1
1700839890.212204 82 1
1700839890.212231 82 1
1700839890.212257 82 1
1700839890.212276 82 1
1700839890.225284 1514 -1
1700839890.225284 1514 -1
1700839890.225448 74 1
1700839890.225563 66 1
1700839890.225800 66 1
1700839890.447641 1514 -1
1700839890.447975 54 1
1700839891.749095 258 1
1700839891.750728 229 1
1700839891.750806 229 1
1700839891.751918 60 -1
1700839891.754475 891 -1
1700839891.754536 7354 -1
1700839891.754563 54 1
1700839891.755019 7354 -1
1700839891.755055 54 1
1700839891.756255 1860 -1
1700839891.756285 54 1
1700839891.756497 2974 -1
1700839891.756525 54 1
1700839891.756640 1514 -1
1700839891.756687 54 1
1700839891.756986 4434 -1
1700839891.757005 54 1
1700839891.757182 2974 -1
1700839891.757216 66 1
1700839891.758091 3351 -1
1700839891.758134 66 1
1700839891.758180 7354 -1
1700839891.758219 66 1
1700839891.764802 229 1
1700839891.766931 4434 -1
1700839891.766931 1514 -1
1700839891.766931 3382 -1
1700839891.766931 7354 -1
1700839891.766931 27794 -1
1700839891.766931 5894 -1
1700839891.766931 7354 -1
1700839891.766931 7354 -1
1700839891.766931 7354 -1
1700839891.766931 14654 -1
1700839891.767202 66 1
1700839891.767271 66 1
1700839891.767309 66 1
1700839891.767348 66 1
1700839891.767447 66 1
1700839891.767504 74 1
1700839891.767529 74 1
1700839891.767555 74 1
1700839891.767587 74 1
1700839891.767620 74 1
1700839891.767958 5894 -1
1700839891.768011 74 1
1700839891.768227 7354 -1
1700839891.768270 74 1
1700839891.770212 7354 -1
1700839891.770212 7354 -1
1700839891.770276 74 1
1700839891.770334 74 1
1700839891.773175 8063 -1
1700839891.773175 7354 -1
1700839891.773175 7354 -1
1700839891.773175 6802 -1
1700839891.773268 74 1
1700839891.773318 74 1
1700839891.773346 74 1
1700839891.773378 74 1
1700839891.774475 1514 -1
1700839891.774475 1514 -1
1700839891.774475 859 -1
1700839891.774475 4434 -1
1700839891.774475 1514 -1
1700839891.774475 4888 -1
1700839891.774619 66 1
1700839891.774793 54 1
1700839891.774834 54 1
1700839891.795967 54 1
1700839893.373967 224 1
1700839893.384026 257 1
1700839893.384774 232 1
1700839893.384863 222 1
1700839893.395172 910 -1
1700839893.395172 2974 -1
1700839893.395172 10975 -1
1700839893.395172 60 -1
1700839893.395172 928 -1
1700839893.395172 7354 -1
1700839893.395172 1514 -1
1700839893.395172 1509 -1
1700839893.395172 805 -1
1700839893.395172 7354 -1
1700839893.395172 4434 -1
1700839893.395172 4780 -1
1700839893.395172 1514 -1
1700839893.395172 7354 -1
1700839893.395172 2974 -1
1700839893.395172 4811 -1
1700839893.395172 85 -1
1700839893.395172 7354 -1
1700839893.395172 7354 -1
1700839893.395172 7354 -1
1700839893.395172 7354 -1
1700839893.395172 3697 -1
1700839893.395172 7354 -1
1700839893.395598 54 1
1700839893.396564 54 1
1700839893.398966 231 1
1700839893.400213 89 1
1700839893.402827 224 1
1700839893.406130 235 1
1700839893.406821 7354 -1
1700839893.406821 7354 -1
1700839893.406821 7354 -1
1700839893.406821 5051 -1
1700839893.406962 54 1
1700839893.413108 60 -1
1700839893.413108 931 -1
1700839893.413108 929 -1
1700839893.413108 7354 -1
1700839893.413108 113 -1
1700839893.413108 4434 -1
1700839893.413108 7354 -1
1700839893.413108 1596 -1
1700839893.413241 54 1
1700839893.421953 981 -1
1700839893.421953 805 -1
1700839893.421953 1514 -1
1700839893.421953 2974 -1
1700839893.421953 7354 -1
1700839893.421953 3714 -1
1700839893.422082 54 1
1700839893.427464 1053 -1
1700839893.427464 729 -1
1700839893.427464 7354 -1
1700839893.427528 54 1
1700839893.428075 7354 -1
1700839893.428130 54 1
1700839893.428732 1860 -1
1700839893.428757 54 1
1700839893.432713 3004 -1
1700839893.432763 54 1
1700839895.834093 54 1
1700839895.835427 78 -1
1700839895.835456 54 1
1700839895.835512 60 -1
1700839898.398069 66 1
1700839898.401670 66 -1
1700839898.401832 54 1
1700839898.402636 966 1
1700839898.408419 60 -1
1700839898.408419 318 -1
1700839898.409422 134 1
1700839898.409870 146 1
1700839898.410452 586 1
1700839898.410522 221 1
1700839898.415322 60 -1
1700839898.415322 341 -1
1700839898.415322 60 -1
1700839898.415322 85 -1
1700839898.415322 60 -1
1700839898.415322 60 -1
1700839898.415322 971 -1
1700839898.415322 5894 -1
1700839898.415322 6725 -1
1700839898.415322 827 -1
1700839898.415322 2974 -1
1700839898.415322 5894 -1
1700839898.415322 4434 -1
1700839898.415322 400 -1
1700839898.415322 2935 -1
1700839898.415607 66 1
1700839898.416216 66 1
1700839898.416295 66 1
1700839898.416389 74 1
1700839898.416429 74 1
1700839898.416495 74 1
1700839898.416558 82 1
1700839898.416612 90 1
1700839898.416959 90 1
1700839898.417010 90 1
1700839898.417386 230 1
1700839898.417394 115 -1
1700839898.417431 82 1
1700839898.421390 2974 -1
1700839898.421390 1514 -1
1700839898.421390 1514 -1
1700839898.421504 74 1
1700839898.421577 66 1
1700839898.421617 256 1
1700839898.421646 54 1
1700839898.421722 258 1
1700839898.421924 222 1
1700839898.422083 60 -1
1700839898.423078 66 -1
1700839898.424036 85 1
1700839898.426135 939 -1
1700839898.426135 4378 -1
1700839898.426220 54 1
1700839898.427230 232 1
1700839898.427263 66 -1
1700839898.427306 837 1
1700839898.427791 259 1
1700839898.428304 66 -1
1700839898.428372 66 -1
1700839898.432939 813 -1
1700839898.432939 7354 -1
1700839898.433060 66 1
1700839898.433169 7354 -1
1700839898.433227 66 1
1700839898.434045 400 -1
1700839898.434045 1514 -1
1700839898.434045 7354 -1
1700839898.434092 66 1
1700839898.434131 66 1
1700839898.434172 66 1
1700839898.437202 7354 -1
1700839898.437202 431 -1
1700839898.437202 7354 -1
1700839898.437202 7354 -1
1700839898.437202 1922 -1
1700839898.437202 4434 -1
1700839898.437202 2974 -1
1700839898.437202 7354 -1
1700839898.437361 66 1
1700839898.437439 66 1
1700839898.437482 66 1
1700839898.437524 66 1
1700839898.437570 66 1
1700839898.437623 66 1
1700839898.437685 74 1
1700839898.437727 74 1
1700839898.437787 2974 -1
1700839898.437809 74 1
1700839898.438266 2974 -1
1700839898.438266 2974 -1
1700839898.438266 4434 -1
1700839898.438339 82 1
1700839898.438404 82 1
1700839898.438461 90 1
1700839898.438726 1514 -1
1700839898.438755 90 1
1700839898.438858 5894 -1
1700839898.438938 90 1
1700839898.439372 1514 -1
1700839898.439372 5894 -1
1700839898.439539 90 1
1700839898.439617 90 1
1700839898.439915 1514 -1
1700839898.439943 90 1
1700839898.439974 7354 -1
1700839898.440018 90 1
1700839898.440569 1514 -1
1700839898.440598 90 1
1700839898.440718 7354 -1
1700839898.440789 90 1
1700839898.441298 1514 -1
1700839898.441328 90 1
1700839898.441399 7354 -1
1700839898.441586 90 1
1700839898.442286 1514 -1
1700839898.442286 4434 -1
1700839898.442347 90 1
1700839898.442395 90 1
1700839898.442509 2974 -1
1700839898.442546 90 1
1700839898.442839 4434 -1
1700839898.442873 90 1
1700839898.443349 1514 -1
1700839898.443349 1514 -1
1700839898.443397 90 1
1700839898.443437 90 1
1700839898.443510 5894 -1
1700839898.443563 90 1
1700839898.443859 2974 -1
1700839898.443894 90 1
1700839898.444113 1514 -1
1700839898.444153 90 1
1700839898.444614 4434 -1
1700839898.444614 1514 -1
1700839898.444669 90 1
1700839898.444876 82 1
1700839898.444931 2974 -1
1700839898.444962 82 1
1700839898.445002 1514 -1
1700839898.445028 82 1
1700839898.445312 1514 -1
1700839898.445312 4434 -1
1700839898.445410 74 1
1700839898.445458 74 1
1700839898.445641 2974 -1
1700839898.445947 74 1
1700839898.445985 7354 -1
1700839898.446029 74 1
1700839898.446434 4434 -1
1700839898.446494 74 1
1700839898.446923 2974 -1
1700839898.446978 74 1
1700839898.447014 2974 -1
1700839898.447060 74 1
1700839898.447253 2974 -1
1700839898.447412 82 1
1700839898.447494 4434 -1
1700839898.447528 90 1
1700839898.448049 2974 -1
1700839898.448083 90 1
1700839898.448130 14654 -1
1700839898.448205 90 1
1700839898.449401 2974 -1
1700839898.449456 90 1
1700839898.449777 4434 -1
1700839898.449838 90 1
1700839898.449967 1514 -1
1700839898.449995 90 1
1700839898.450296 4434 -1
1700839898.450342 90 1
1700839898.450478 4434 -1
1700839898.450520 90 1
1700839898.450960 2974 -1
1700839898.450991 90 1
1700839898.451031 1514 -1
1700839898.451085 82 1
1700839898.451339 7354 -1
1700839898.451385 82 1
1700839898.451996 1514 -1
1700839898.452037 82 1
1700839898.452237 4434 -1
1700839898.452272 82 1
1700839898.452306 7354 -1
1700839898.452339 82 1
1700839898.452903 1514 -1
1700839898.453102 82 1
1700839898.453131 2974 -1
1700839898.453160 82 1
1700839898.453198 2974 -1
1700839898.453238 82 1
1700839898.453431 1514 -1
1700839898.453484 74 1
1700839898.453855 2974 -1
1700839898.453876 74 1
1700839898.454172 5894 -1
1700839898.454204 82 1
1700839898.454262 1514 -1
1700839898.454279 82 1
1700839898.454403 4434 -1
1700839898.454447 82 1
1700839898.454896 2974 -1
1700839898.454924 82 1
1700839898.455018 5488 -1
1700839898.455055 82 1
1700839898.455459 2974 -1
1700839898.455484 74 1
1700839898.456162 1514 -1
1700839898.456162 1514 -1
1700839898.456258 66 1
1700839898.456315 54 1
1700839898.456550 54 1
1700839899.998838 259 1
1700839899.999435 231 1
1700839900.004406 223 1
1700839900.014578 257 1
1700839900.014810 229 1
1700839900.023505 60 -1
1700839900.023505 929 -1
1700839900.023505 5894 -1
1700839900.023505 2974 -1
1700839900.023505 2974 -1
1700839900.023505 1860 -1
1700839900.023505 2902 -1
1700839900.023505 7354 -1
1700839900.023505 3286 -1
1700839900.023505 909 -1
1700839900.023505 14654 -1
1700839900.023505 1860 -1
1700839900.023505 16491 -1
1700839900.023505 85 -1
1700839900.023505 7354 -1
1700839900.023505 7354 -1
1700839900.023505 2974 -1
1700839900.023505 1514 -1
1700839900.023505 7354 -1
1700839900.023505 1514 -1
1700839900.023505 2974 -1
1700839900.023505 2237 -1
1700839900.023505 7354 -1
1700839900.023505 7354 -1
1700839900.023505 13194 -1
1700839900.023505 2974 -1
1700839900.023505 1514 -1
1700839900.023505 26334 -1
1700839900.023505 7354 -1
1700839900.024132 66 1
1700839900.024209 74 1
1700839900.024231 74 1
1700839900.024260 74 1
1700839900.024288 74 1
1700839900.024323 74 1
1700839900.024363 74 1
1700839900.024396 74 1
1700839900.024437 74 1
1700839900.024465 74 1
1700839900.024498 74 1
1700839900.024532 74 1
1700839900.024582 74 1
1700839900.024620 74 1
1700839900.024672 74 1
1700839900.024735 74 1
1700839900.024782 74 1
1700839900.024829 74 1
1700839900.024877 74 1
1700839900.024954 74 1
1700839900.025019 82 1
1700839900.025074 90 1
1700839900.025127 90 1
1700839900.025192 90 1
1700839900.025255 90 1
1700839900.027236 7354 -1
1700839900.027236 2974 -1
1700839900.027354 90 1
1700839900.027656 90 1
1700839900.027727 7354 -1
1700839900.027809 90 1
1700839900.028357 7354 -1
1700839900.028417 90 1
1700839900.028978 7354 -1
1700839900.029046 90 1
1700839900.029445 7354 -1
1700839900.029505 90 1
1700839900.030056 7354 -1
1700839900.030115 90 1
1700839900.030651 1855 -1
1700839900.030683 90 1
1700839900.035255 66 -1
1700839900.035255 1526 -1
1700839900.035255 1526 -1
1700839900.035255 1526 -1
1700839900.035255 1526 -1
1700839900.035255 1526 -1
1700839900.035255 1526 -1
1700839900.035346 90 1
1700839900.035481 90 1
1700839900.035541 82 1
1700839900.035591 74 1
1700839900.035621 66 1
1700839900.036209 54 1
1700839900.037098 54 1
1700839900.038863 54 1
1700839900.344621 432 1
1700839900.345980 66 -1
1700839900.348087 803 -1
1700839900.348087 1514 -1
1700839900.348163 54 1
1700839900.348696 15000 -1
1700839900.348796 54 1
1700839900.349386 85 -1
1700839900.349386 14654 -1
1700839900.349456 54 1
1700839900.350359 1860 -1
1700839900.350409 54 1
1700839900.350440 1514 -1
1700839900.350563 7354 -1
1700839900.350603 54 1
1700839900.351192 7354 -1
1700839900.351240 54 1
1700839900.352299 5242 -1
1700839900.352299 1048 -1
1700839900.352299 732 -1
1700839900.352403 54 1
1700839900.352460 7354 -1
1700839900.352489 54 1
1700839900.353366 1760 -1
1700839900.353406 54 1
1700839901.671394 256 1
1700839901.671627 231 1
1700839901.674257 60 -1
1700839901.674559 231 1
1700839901.689579 881 -1
1700839901.689579 13194 -1
1700839901.689579 3006 -1
1700839901.689579 986 -1
1700839901.689579 2974 -1
1700839901.689579 7354 -1
1700839901.689579 6240 -1
1700839901.689579 7354 -1
1700839901.689579 7354 -1
1700839901.689579 1891 -1
1700839901.689579 85 -1
1700839901.689579 7354 -1
1700839901.689579 1514 -1
1700839901.689579 7354 -1
1700839901.689579 2974 -1
1700839901.689579 5894 -1
1700839901.689579 2237 -1
1700839901.689579 7354 -1
1700839901.689579 7354 -1
1700839901.689579 1514 -1
1700839901.689579 4871 -1
1700839901.689579 1000 -1
1700839901.689579 787 -1
1700839901.689579 5921 -1
1700839901.689993 66 1
1700839901.690065 74 1
1700839901.690112 82 1
1700839901.690164 82 1
1700839901.690219 82 1
1700839901.690247 82 1
1700839901.690271 90 1
1700839901.690307 90 1
1700839901.690341 90 1
1700839901.690383 90 1
1700839901.690424 90 1
1700839901.691501 1514 -1
1700839901.691501 1514 -1
1700839901.691501 1514 -1
1700839901.691501 1514 -1
1700839901.691592 90 1
1700839901.691665 90 1
1700839901.691712 82 1
1700839901.691982 74 1
1700839901.692875 1514 -1
1700839901.692875 1514 -1
1700839901.692908 66 1
1700839901.692948 54 1
1700839903.314938 222 1
1700839903.315075 232 1
1700839903.315171 225 1
1700839903.315521 230 1
1700839903.316451 60 -1
1700839903.316459 224 1
1700839903.317643 223 1
1700839903.317774 257 1
1700839903.319081 60 -1
1700839903.320177 855 -1
1700839903.320177 6263 -1
1700839903.320258 54 1
1700839903.321357 911 -1
1700839903.321357 7354 -1
1700839903.321440 54 1
1700839903.322317 3515 -1
1700839903.323023 54 1
1700839903.323301 981 -1
1700839903.323301 808 -1
1700839903.323301 1001 -1
1700839903.323301 814 -1
1700839903.323301 897 -1
1700839903.323301 4971 -1
1700839903.323301 7065 -1
1700839903.323393 54 1
1700839903.324395 4434 -1
1700839903.324395 4488 -1
1700839903.324481 66 1
1700839903.324890 983 -1
1700839903.324890 809 -1
1700839903.324926 66 1
1700839903.324968 66 1
1700839903.325015 2974 -1
1700839903.325015 5894 -1
1700839903.325060 66 1
1700839903.325107 66 1
1700839903.325447 7354 -1
1700839903.325504 66 1
1700839903.326407 400 -1
1700839903.326407 5894 -1
1700839903.326460 66 1
1700839903.326528 66 1
1700839903.329043 5894 -1
1700839903.329043 3351 -1
1700839903.329043 7354 -1
1700839903.329043 7354 -1
1700839903.329043 1514 -1
1700839903.329043 7354 -1
1700839903.329205 66 1
1700839903.329276 74 1
1700839903.329326 74 1
1700839903.332451 74 1
1700839903.332505 74 1
1700839903.332536 74 1
1700839903.335277 7354 -1
1700839903.335277 982 -1
1700839903.335277 1730 -1
1700839903.335277 3509 -1
1700839903.335277 2974 -1
1700839903.335384 74 1
1700839903.336242 74 1
1700839903.336304 74 1
1700839903.336335 74 1
1700839903.336454 66 1
1700839903.430463 89 1
1700839903.474853 60 -1
1700839903.550700 1514 -1
1700839903.551200 54 1
1700839904.601158 66 -1
1700839905.866568 54 1
1700839905.873352 78 -1
1700839905.873352 60 -1
1700839905.873540 54 1
1700839909.259689 66 1
1700839909.273426 66 -1
1700839909.273552 54 1
1700839909.276358 934 1
1700839909.287823 60 -1
1700839909.287823 318 -1
1700839909.293355 134 1
1700839909.293949 146 1
1700839909.295743 613 1
1700839909.295853 224 1
1700839909.295952 223 1
1700839909.296036 224 1
1700839909.296119 222 1
1700839909.311713 60 -1
1700839909.311713 60 -1
1700839909.311713 60 -1
1700839909.311713 60 -1
1700839909.311713 60 -1
1700839909.311713 60 -1
1700839909.311713 60 -1
1700839909.311713 341 -1
1700839909.311713 115 -1
1700839909.311713 85 -1
1700839909.311713 857 -1
1700839909.311713 7354 -1
1700839909.311713 4165 -1
1700839909.311713 927 -1
1700839909.311713 7354 -1
1700839909.311713 2303 -1
1700839909.311713 1514 -1
1700839909.311713 5894 -1
1700839909.311713 7354 -1
1700839909.311713 7354 -1
1700839909.311713 7354 -1
1700839909.311713 1514 -1
1700839909.311713 5894 -1
1700839909.312126 66 1
1700839909.312200 66 1
1700839909.312230 66 1
1700839909.312273 66 1
1700839909.312309 66 1
1700839909.312372 66 1
1700839909.315006 85 1
1700839909.316723 1514 -1
1700839909.316723 13194 -1
1700839909.317025 54 1
1700839909.317079 54 1
1700839909.317923 2974 -1
1700839909.317923 1514 -1
1700839909.317923 7354 -1
1700839909.317972 54 1
1700839909.318288 7354 -1
1700839909.318314 54 1
1700839909.318954 60 -1
1700839909.318954 2974 -1
1700839909.319005 54 1
1700839909.319195 7354 -1
1700839909.319240 54 1
1700839909.319758 7354 -1
1700839909.319934 54 1
1700839909.320692 1514 -1
1700839909.320692 7354 -1
1700839909.320748 54 1
1700839909.321143 5894 -1
1700839909.321176 54 1
1700839909.323246 1514 -1
1700839909.323246 2540 -1
1700839909.323308 54 1
1700839909.339801 1080 -1
1700839909.339869 66 1
1700839910.928929 222 1
1700839910.929242 222 1
1700839910.930486 60 -1
1700839910.930486 60 -1
1700839910.931473 229 1
1700839910.932272 221 1
1700839910.932596 223 1
1700839910.933537 60 -1
1700839910.933537 60 -1
1700839910.933691 60 -1
1700839910.938486 929 -1
1700839910.938486 6575 -1
1700839910.938486 980 -1
1700839910.938486 7354 -1
1700839910.938486 1514 -1
1700839910.938486 2786 -1
1700839910.938642 66 1
1700839910.938698 2974 -1
1700839910.938698 7354 -1
1700839910.938735 66 1
1700839910.938768 66 1
1700839910.939174 908 -1
1700839910.939174 4434 -1
1700839910.939222 66 1
1700839910.939273 74 1
1700839910.939473 977 -1
1700839910.939501 74 1
1700839910.940086 928 -1
1700839910.940086 7624 -1
1700839910.940137 74 1
1700839910.940187 74 1
1700839910.940592 1514 -1
1700839910.940634 66 1
1700839910.940716 931 -1
1700839910.940739 66 1
1700839910.940776 4434 -1
1700839910.940949 54 1
1700839912.628202 222 1
1700839912.628289 222 1
1700839912.629192 60 -1
1700839912.629769 60 -1
1700839912.631825 931 -1
1700839912.631882 929 -1
1700839912.631904 54 1
1700839912.631940 7354 -1
1700839912.631967 54 1
1700839912.633980 2374 -1
1700839912.634018 54 1
1700839912.634097 7354 -1
1700839912.634140 66 1
1700839912.635297 2232 -1
1700839912.635337 74 1
1700839912.635476 1514 -1
1700839912.635515 66 1
1700839912.636666 1514 -1
1700839912.636705 54 1
1700839912.639171 257 1
1700839912.639277 221 1
1700839912.641832 60 -1
1700839912.642243 226 1
1700839912.646335 936 -1
1700839912.646395 14654 -1
1700839912.646433 54 1
1700839912.647638 7354 -1
1700839912.647698 66 1
1700839912.648473 4434 -1
1700839912.648504 66 1
1700839912.649067 4811 -1
1700839912.649096 66 1
1700839912.650108 7354 -1
1700839912.650141 66 1
1700839912.652032 1514 -1
1700839912.652058 66 1
1700839912.652635 6302 -1
1700839912.652676 74 1
1700839912.653725 7354 -1
1700839912.653752 74 1
1700839912.656147 2974 -1
1700839912.656182 74 1
1700839912.656410 7354 -1
1700839912.656438 74 1
1700839912.657611 1867 -1
1700839912.657655 74 1
1700839912.657789 2974 -1
1700839912.657837 74 1
1700839912.658079 7354 -1
1700839912.658122 74 1
1700839912.659356 2974 -1
1700839912.659387 82 1
1700839912.660268 1891 -1
1700839912.660315 82 1
1700839912.660363 1860 -1
1700839912.660460 74 1
1700839912.660538 1514 -1
1700839912.660648 66 1
1700839912.660735 2974 -1
1700839912.660768 54 1
1700839914.275861 225 1
1700839914.282014 224 1
1700839914.282634 223 1
1700839914.284268 60 -1
1700839914.285352 222 1
1700839914.286329 66 1
1700839914.287065 221 1
1700839914.290536 853 -1
1700839914.290536 927 -1
1700839914.290536 7354 -1
1700839914.290536 569 -1
1700839914.290536 1514 -1
1700839914.290536 1514 -1
1700839914.290536 5986 -1
1700839914.290536 1052 -1
1700839914.290536 728 -1
1700839914.290536 7354 -1
1700839914.290536 6407 -1
1700839914.290734 66 1
1700839914.291106 66 -1
1700839914.291213 54 1
1700839914.291857 870 1
1700839914.299202 60 -1
1700839914.299202 857 -1
1700839914.299202 6556 -1
1700839914.299202 857 -1
1700839914.299202 7354 -1
1700839914.299202 5894 -1
1700839914.299202 3320 -1
1700839914.299202 1514 -1
1700839914.299202 2292 -1
1700839914.299333 66 1
1700839914.299419 66 1
1700839914.299449 66 1
1700839914.299488 66 1
1700839914.299542 66 1
1700839914.299611 66 1
1700839914.299637 66 1
1700839914.299663 66 1
1700839914.302497 89 1
1700839914.303713 60 -1
1700839914.303713 318 -1
1700839914.303713 1514 -1
1700839914.303851 54 1
1700839914.318150 134 1
1700839914.320396 146 1
1700839914.322076 573 1
1700839914.322170 219 1
1700839914.322247 219 1
1700839914.327496 341 -1
1700839914.328173 60 -1
1700839914.328173 115 -1
1700839914.328173 85 -1
1700839914.328224 54 1
1700839914.328282 60 -1
1700839914.328282 60 -1
1700839914.328282 60 -1
1700839914.328753 85 1
1700839914.329423 1173 -1
1700839914.329423 481 -1
1700839914.329423 1514 -1
1700839914.329423 1514 -1
1700839914.329535 66 1
1700839914.329584 74 1
1700839914.329639 1734 -1
1700839914.329674 82 1
1700839914.330019 469 -1
1700839914.330019 1176 -1
1700839914.330019 1514 -1
1700839914.330056 82 1
1700839914.330104 82 1
1700839914.330171 82 1
1700839914.330221 7354 -1
1700839914.330308 82 1
1700839914.330652 2437 -1
1700839914.330706 82 1
1700839914.331130 5181 -1
1700839914.331178 82 1
1700839914.331258 1181 -1
1700839914.331304 74 1
1700839914.331502 1514 -1
1700839914.331502 2974 -1
1700839914.331535 74 1
1700839914.331581 66 1
1700839914.331720 1514 -1
1700839914.331768 54 1
1700839914.344766 60 -1
1700839915.873925 54 1
1700839915.874094 54 1
1700839915.876656 78 -1
1700839915.876656 60 -1
1700839915.876697 54 1
1700839915.876915 78 -1
1700839915.876915 60 -1
1700839915.876962 54 1
1700839920.887024 66 1
1700839920.898536 66 1
1700839920.899839 66 -1
1700839920.899967 54 1
1700839920.901204 66 -1
1700839920.901279 54 1
1700839920.904351 966 1
1700839920.904778 966 1
1700839920.906230 60 -1
1700839920.906441 318 -1
1700839920.907178 134 1
1700839920.907528 146 1
1700839920.908190 582 1
1700839920.908274 223 1
1700839920.908355 221 1
1700839920.908422 221 1
1700839920.908516 223 1
1700839920.910046 60 -1
1700839920.910046 318 -1
1700839920.910567 134 1
1700839920.910824 146 1
1700839920.911203 583 1
1700839920.911305 219 1
1700839920.911560 60 -1
1700839920.912047 60 -1
1700839920.912376 60 -1
1700839920.912376 60 -1
1700839920.912599 60 -1
1700839920.912599 60 -1
1700839920.912599 60 -1
1700839920.912599 60 -1
1700839920.912599 60 -1
1700839920.912599 60 -1
1700839920.912599 60 -1
1700839920.912599 341 -1
1700839920.914071 115 -1
1700839920.914071 85 -1
1700839920.914126 54 1
1700839920.914407 85 1
1700839920.914655 341 -1
1700839920.915660 928 -1
1700839920.915660 4590 -1
1700839920.915660 857 -1
1700839920.915660 4434 -1
1700839920.915768 54 1
1700839920.916086 2974 -1
1700839920.916132 66 1
1700839920.916238 2974 -1
1700839920.916267 74 1
1700839920.916424 60 -1
1700839920.916424 1053 -1
1700839920.916456 82 1
1700839920.916505 728 -1
1700839920.917766 82 1
1700839920.917824 2974 -1
1700839920.917824 4434 -1
1700839920.917824 6240 -1
1700839920.918070 82 1
1700839920.918139 90 1
1700839920.918176 90 1
1700839920.918288 4434 -1
1700839920.918288 7354 -1
1700839920.918354 90 1
1700839920.918425 90 1
1700839920.920454 959 -1
1700839920.920454 2974 -1
1700839920.920454 1514 -1
1700839920.920454 619 -1
1700839920.920454 2974 -1
1700839920.920454 778 -1
1700839920.920506 90 1
1700839920.920587 90 1
1700839920.920622 82 1
1700839920.920651 74 1
1700839920.920684 66 1
1700839920.920719 54 1
1700839920.920928 115 -1
1700839920.920928 85 -1
1700839920.920928 6262 -1
1700839920.921004 66 1
1700839920.926455 85 1
1700839920.927325 1040 -1
1700839920.927398 54 1
1700839920.930543 1058 -1
1700839920.930543 729 -1
1700839920.930543 14242 -1
1700839920.930666 54 1
1700839920.932110 1202 -1
1700839920.932110 440 -1
1700839920.932162 54 1
1700839920.936418 7354 -1
1700839920.936418 5894 -1
1700839920.936523 54 1
1700839920.936852 1868 -1
1700839920.937005 54 1
1700839922.677809 223 1
1700839922.678513 221 1
1700839922.680981 60 -1
1700839922.701216 1179 -1
1700839922.701216 7354 -1
1700839922.701216 4920 -1
1700839922.701216 1193 -1
1700839922.701216 452 -1
1700839922.701216 7354 -1
1700839922.701216 1464 -1
1700839922.701434 66 1
1700839922.701517 66 1
1700839922.701545 66 1
1700839922.701579 66 1
1700839922.701619 66 1
1700839922.701655 66 1
1700839922.702777 221 1
1700839922.702893 226 1
1700839922.703040 220 1
1700839922.703127 220 1
1700839922.703228 219 1
1700839922.707834 473 -1
1700839922.707834 66 -1
1700839922.707834 66 -1
1700839922.707955 54 1
1700839922.724861 1177 -1
1700839922.724861 497 -1
1700839922.724861 7306 -1
1700839922.724861 704 -1
1700839922.724861 1184 -1
1700839922.724861 495 -1
1700839922.724997 54 1
1700839922.730018 2962 -1
1700839922.730018 4073 -1
1700839922.730145 54 1
1700839922.924771 551 1
1700839922.926135 66 -1
1700839922.933937 1173 -1
1700839922.933937 480 -1
1700839922.933937 1176 -1
1700839922.933937 480 -1
1700839922.933937 9484 -1
1700839922.933937 7354 -1
1700839922.934116 54 1
1700839922.934276 3646 -1
1700839922.934302 54 1
1700839922.937727 1198 -1
1700839922.937727 444 -1
1700839922.937727 11734 -1
1700839922.937727 2336 -1
1700839922.937864 54 1
1700839924.346408 220 1
1700839924.346663 221 1
1700839924.351553 220 1
1700839924.351757 219 1
1700839924.351842 220 1
1700839924.352995 222 1
1700839924.354982 60 -1
1700839924.354982 1042 -1
1700839924.354982 1514 -1
1700839924.354982 5328 -1
1700839924.355074 54 1
1700839924.357013 227 1
1700839924.357098 223 1
1700839924.357518 1192 -1
1700839924.357518 457 -1
1700839924.357518 5635 -1
1700839924.357518 60 -1
1700839924.357623 54 1
1700839924.359422 60 -1
1700839924.361322 1065 -1
1700839924.361322 6035 -1
1700839924.361420 54 1
1700839924.361685 1171 -1
1700839924.361732 1597 -1
1700839924.361756 54 1
1700839924.362043 486 -1
1700839924.362073 54 1
1700839924.362710 4434 -1
1700839924.362710 422 -1
1700839924.362751 54 1
1700839924.363202 6427 -1
1700839924.363271 54 1
1700839924.364384 1170 -1
1700839924.364384 485 -1
1700839924.364432 54 1
1700839924.365351 1173 -1
1700839924.365395 54 1
1700839924.365435 485 -1
1700839924.365435 2777 -1
1700839924.365458 54 1
1700839924.366771 5354 -1
1700839924.366818 54 1
1700839924.370689 1174 -1
1700839924.370689 475 -1
1700839924.370689 7354 -1
1700839924.370689 1038 -1
1700839924.370765 54 1
1700839925.888065 54 1
1700839925.888234 54 1
1700839925.890818 78 -1
1700839925.890818 60 -1
1700839925.890891 54 1
1700839925.891109 78 -1
1700839925.891109 60 -1
1700839925.891147 54 1
1700839926.133214 66 1
1700839926.134389 66 -1
1700839926.134521 54 1
1700839926.136759 966 1
1700839926.138579 60 -1
1700839926.139125 318 -1
1700839926.139810 134 1
1700839926.140164 146 1
1700839926.140542 574 1
1700839926.140637 220 1
1700839926.140942 60 -1
1700839926.141479 341 -1
1700839926.141479 60 -1
1700839926.141479 115 -1
1700839926.141479 85 -1
1700839926.141539 54 1
1700839926.141870 60 -1
1700839926.141870 60 -1
1700839926.142086 85 1
1700839926.143210 60 -1
1700839926.145031 227 1
1700839926.145484 220 1
1700839926.146189 60 -1
1700839926.146519 60 -1
1700839926.149323 218 1
1700839926.149483 221 1
1700839926.150510 60 -1
1700839926.150510 60 -1
1700839926.150916 221 1
1700839926.151219 221 1
1700839926.153455 1197 -1
1700839926.153455 441 -1
1700839926.153535 54 1
1700839926.155847 7354 -1
1700839926.155927 54 1
1700839926.156042 741 -1
1700839926.156063 54 1
1700839926.156169 1195 -1
1700839926.156238 443 -1
1700839926.156238 1173 -1
1700839926.156238 481 -1
1700839926.156270 54 1
1700839926.184126 7354 -1
1700839926.184126 489 -1
1700839926.184126 2974 -1
1700839926.184126 12080 -1
1700839926.184126 1048 -1
1700839926.184126 1196 -1
1700839926.184126 450 -1
1700839926.184126 1172 -1
1700839926.184126 483 -1
1700839926.184126 1176 -1
1700839926.184126 480 -1
1700839926.184126 7354 -1
1700839926.184126 1238 -1
1700839926.184126 8802 -1
1700839926.184126 7354 -1
1700839926.184126 6300 -1
1700839926.184126 7085 -1
1700839926.184126 1198 -1
1700839926.184126 450 -1
1700839926.184508 66 1
1700839926.184920 66 1
1700839926.184957 66 1
1700839926.184984 66 1
1700839926.185017 66 1
1700839926.185044 66 1
1700839926.185094 66 1
1700839926.185142 66 1
1700839926.185205 66 1
1700839926.185252 66 1
1700839926.185330 66 1
1700839926.185372 66 1
1700839926.185397 66 1
1700839926.185461 66 1
1700839926.185496 66 1
1700839926.185561 66 1
1700839926.201031 1514 -1
1700839926.201031 8175 -1
1700839926.201252 54 1
1700839926.201313 54 1
1700839926.213641 54 1
1700839933.444006 218 1
1700839933.444114 220 1
1700839933.445334 60 -1
1700839933.446146 220 1
1700839933.448112 218 1
1700839933.449745 60 -1
1700839933.451003 1194 -1
1700839933.451003 452 -1
1700839933.451075 54 1
1700839933.451698 1174 -1
1700839933.451698 480 -1
1700839933.451698 8755 -1
1700839933.451765 54 1
1700839933.452734 5894 -1
1700839933.452734 1172 -1
1700839933.452734 1514 -1
1700839933.452818 66 1
1700839933.452865 66 1
1700839933.452900 54 1
1700839933.453198 4709 -1
1700839933.453245 54 1
1700839933.453509 477 -1
1700839933.453509 4728 -1
1700839933.453567 54 1
1700839933.453797 1042 -1
1700839933.453824 54 1
1700839933.453879 12904 -1
1700839933.453944 54 1
1700839933.454934 1172 -1
1700839933.454976 66 1
1700839933.455047 230 1
1700839933.455125 221 1
1700839933.455165 1514 -1
1700839933.455189 66 1
1700839933.457632 60 -1
1700839933.458321 89 1
1700839933.461365 221 1
1700839933.461482 220 1
1700839933.472801 60 -1
1700839933.472801 1198 -1
1700839933.472801 441 -1
1700839933.472801 7354 -1
1700839933.472801 939 -1
1700839933.472801 1173 -1
1700839933.472801 485 -1
1700839933.472801 1045 -1
1700839933.472801 5894 -1
1700839933.472801 7354 -1
1700839933.472801 1628 -1
1700839933.472801 7354 -1
1700839933.472801 1447 -1
1700839933.472801 1172 -1
1700839933.472801 485 -1
1700839933.472801 6363 -1
1700839933.473142 54 1
1700839933.507262 523 -1
1700839933.507330 66 1
1700839935.178783 225 1
1700839935.179207 219 1
1700839935.179314 221 1
1700839935.179400 219 1
1700839935.179498 219 1
1700839935.179603 228 1
1700839935.179710 221 1
1700839935.179796 223 1
1700839935.191126 66 -1
1700839935.191126 66 -1
1700839935.191126 66 -1
1700839935.191126 66 -1
1700839935.191126 66 -1
1700839935.191126 66 -1
1700839935.191126 1059 -1
1700839935.191126 1514 -1
1700839935.191126 7306 -1
1700839935.191126 1978 -1
1700839935.191305 1226 1
1700839935.191444 54 1
1700839935.196313 66 -1
1700839935.199658 1064 -1
1700839935.199658 5875 -1
1700839935.199818 54 1
1700839935.200315 1067 -1
1700839935.200315 7354 -1
1700839935.200384 54 1
1700839935.210152 6382 -1
1700839935.210152 1044 -1
1700839935.210152 4434 -1
1700839935.210152 6062 -1
1700839935.210152 1173 -1
1700839935.210152 484 -1
1700839935.210152 1209 -1
1700839935.210152 1198 -1
1700839935.210152 448 -1
1700839935.210152 428 -1
1700839935.210152 7354 -1
1700839935.210152 3405 -1
1700839935.210152 7354 -1
1700839935.210152 4434 -1
1700839935.210152 1884 -1
1700839935.210152 1514 -1
1700839935.210152 4610 -1
1700839935.210152 1173 -1
1700839935.210152 479 -1
1700839935.210152 7354 -1
1700839935.210152 264 -1
1700839935.210696 66 1
1700839935.210791 66 1
1700839935.210818 66 1
1700839935.210855 66 1
1700839935.210936 66 1
1700839935.217745 1514 -1
1700839935.217874 54 1
1700839935.920075 54 1
1700839935.922005 78 -1
1700839935.922005 60 -1
1700839935.922600 54 1
1700839936.847897 66 1
1700839936.849020 66 -1
1700839936.849113 54 1
1700839936.849663 870 1
1700839936.852156 60 -1
1700839936.852841 318 -1
1700839936.853702 134 1
1700839936.854386 146 1
1700839936.854709 60 -1
1700839936.854895 341 -1
1700839936.855571 60 -1
1700839936.855615 115 -1
1700839936.855615 85 -1
1700839936.855643 585 1
1700839936.855702 227 1
1700839936.855850 222 1
1700839936.855943 222 1
1700839936.856171 221 1
1700839936.856346 221 1
1700839936.856452 221 1
1700839936.856570 220 1
1700839936.857165 85 1
1700839936.858606 60 -1
1700839936.858606 60 -1
1700839936.858606 60 -1
1700839936.858606 60 -1
1700839936.858606 60 -1
1700839936.859451 60 -1
1700839936.859451 60 -1
1700839936.859451 60 -1
1700839936.859451 60 -1
1700839936.864379 1171 -1
1700839936.864379 479 -1
1700839936.864379 6354 -1
1700839936.864577 54 1
1700839936.864672 1196 -1
1700839936.864672 451 -1
1700839936.864703 54 1
1700839936.865355 7354 -1
1700839936.865423 54 1
1700839936.865788 523 -1
1700839936.865788 1172 -1
1700839936.865822 54 1
1700839936.866539 482 -1
1700839936.866539 1039 -1
1700839936.866539 5826 -1
1700839936.866539 1063 -1
1700839936.866603 54 1
1700839936.866665 8814 -1
1700839936.866748 66 1
1700839936.867354 2526 -1
1700839936.867383 66 1
1700839936.867524 7354 -1
1700839936.867580 66 1
1700839936.872541 4454 -1
1700839936.872541 1194 -1
1700839936.872541 450 -1
1700839936.872541 1193 -1
1700839936.872541 8006 -1
1700839936.872541 453 -1
1700839936.872541 475 -1
1700839936.872541 1514 -1
1700839936.872541 7027 -1
1700839936.872541 1514 -1
1700839936.872541 4242 -1
1700839936.873370 66 1
1700839936.873448 66 1
1700839936.873490 66 1
1700839936.873541 66 1
1700839936.873611 66 1
1700839936.873655 66 1
1700839936.873680 74 1
1700839936.873814 66 1
1700839936.873886 66 1
1700839936.873913 74 1
1700839936.873941 74 1
1700839936.875312 1175 -1
1700839936.875367 66 1
1700839937.088575 1514 -1
1700839937.088691 54 1
1700839938.567211 227 1
1700839938.567318 228 1
1700839938.567375 228 1
1700839938.568057 219 1
1700839938.568116 221 1
1700839938.568213 230 1
1700839938.568299 230 1
1700839938.568400 221 1
1700839938.571939 66 -1
1700839938.571939 66 -1
1700839938.571939 74 -1
1700839938.572056 905 1
1700839938.578460 66 -1
1700839938.578460 1176 -1
1700839938.578460 468 -1
1700839938.578460 1048 -1
1700839938.578460 1514 -1
1700839938.578460 2868 -1
1700839938.578460 1175 -1
1700839938.578460 477 -1
1700839938.578460 7899 -1
1700839938.578691 66 1
1700839938.578750 66 1
1700839938.578775 66 1
1700839938.578835 66 1
1700839938.580912 7354 -1
1700839938.580912 3264 -1
1700839938.580912 1177 -1
1700839938.580912 476 -1
1700839938.580912 1173 -1
1700839938.580912 485 -1
1700839938.580912 10284 -1
1700839938.580912 1174 -1
1700839938.580912 479 -1
1700839938.580912 6200 -1
1700839938.580912 7354 -1
1700839938.581101 66 1
1700839938.581179 66 1
1700839938.581235 66 1
1700839938.581259 66 1
1700839938.581289 66 1
1700839938.581355 66 1
1700839938.581433 66 1
1700839938.581464 66 1
1700839938.581485 66 1
1700839938.581519 66 1
1700839938.581573 66 1
1700839938.584974 7354 -1
1700839938.584974 1860 -1
1700839938.584974 6803 -1
1700839938.584974 449 -1
1700839938.584974 1174 -1
1700839938.584974 2974 -1
1700839938.584974 5894 -1
1700839938.584974 2974 -1
1700839938.584974 1514 -1
1700839938.585140 66 1
1700839938.585223 66 1
1700839938.585280 66 1
1700839938.585322 66 1
1700839938.585353 66 1
1700839938.585397 66 1
1700839938.585471 66 1
1700839938.585507 74 1
1700839938.585738 66 1
1700839938.595864 1514 -1
1700839938.595864 1260 -1
1700839938.595975 54 1
1700839938.646858 54 1
1700839940.307802 218 1
1700839940.307944 220 1
1700839940.309489 228 1
1700839940.309596 221 1
1700839940.309685 222 1
1700839940.309783 219 1
1700839940.310917 221 1
1700839940.311023 219 1
1700839940.311237 60 -1
1700839940.319467 60 -1
1700839940.319467 1195 -1
1700839940.319467 448 -1
1700839940.319467 1176 -1
1700839940.319467 475 -1
1700839940.319467 14389 -1
1700839940.319467 1064 -1
1700839940.319467 7354 -1
1700839940.319650 54 1
1700839940.319747 7354 -1
1700839940.319775 54 1
1700839940.319948 802 -1
1700839940.319976 54 1
1700839940.321361 7315 -1
1700839940.321361 1198 -1
1700839940.321361 448 -1
1700839940.321361 1145 -1
1700839940.321361 513 -1
1700839940.321361 11180 -1
1700839940.321446 54 1
1700839940.327027 8814 -1
1700839940.327027 5894 -1
1700839940.327027 1860 -1
1700839940.327027 2920 -1
1700839940.327027 1590 -1
1700839940.327027 7354 -1
1700839940.327027 1514 -1
1700839940.327027 6240 -1
1700839940.327027 1701 -1
1700839940.327027 1176 -1
1700839940.327027 1514 -1
1700839940.327027 5894 -1
1700839940.327027 7700 -1
1700839940.327027 85 -1
1700839940.327027 466 -1
1700839940.327295 66 1
1700839940.327359 66 1
1700839940.327387 66 1
1700839940.327412 74 1
1700839940.327447 82 1
1700839940.327498 82 1
1700839940.327519 82 1
1700839940.327542 82 1
1700839940.331203 1176 -1
1700839940.331203 485 -1
1700839940.332281 82 1
1700839940.332386 82 1
1700839940.332460 1514 -1
1700839940.332460 473 -1
1700839940.332460 1514 -1
1700839940.332524 74 1
1700839940.332572 66 1
1700839940.332623 54 1
1700839940.335611 7354 -1
1700839940.335685 54 1
1700839940.335818 1709 -1
1700839940.335847 54 1
1700839945.942671 54 1
1700839945.945264 78 -1
1700839945.945264 60 -1
1700839945.945325 54 1
1700839947.919752 66 1
1700839947.921031 66 -1
1700839947.921149 54 1
1700839947.922227 902 1
1700839947.924489 60 -1
1700839947.924489 318 -1
1700839947.927462 134 1
1700839947.928695 60 -1
1700839947.928928 341 -1
1700839947.934447 146 1
1700839947.935805 582 1
1700839947.935971 60 -1
1700839947.936394 219 1
1700839947.936497 228 1
1700839947.936588 219 1
1700839947.936692 220 1
1700839947.936896 115 -1
1700839947.936896 85 -1
1700839947.936970 54 1
1700839947.937373 221 1
1700839947.937405 60 -1
1700839947.937475 219 1
1700839947.937700 60 -1
1700839947.937700 60 -1
1700839947.937763 219 1
1700839947.937819 60 -1
1700839947.938011 85 1
1700839947.938676 60 -1
1700839947.938676 60 -1
1700839947.938863 60 -1
1700839947.939315 60 -1
1700839947.941386 1042 -1
1700839947.941452 2974 -1
1700839947.941486 54 1
1700839947.941606 3219 -1
1700839947.941638 54 1
1700839947.951683 1042 -1
1700839947.951683 1514 -1
1700839947.951683 8514 -1
1700839947.951683 1175 -1
1700839947.951683 483 -1
1700839947.951683 7354 -1
1700839947.951683 6543 -1
1700839947.951683 1063 -1
1700839947.951683 2974 -1
1700839947.951683 2135 -1
1700839947.951683 1173 -1
1700839947.951683 479 -1
1700839947.951683 1174 -1
1700839947.951683 475 -1
1700839947.951683 7354 -1
1700839947.951683 378 -1
1700839947.951683 2974 -1
1700839947.951683 6849 -1
1700839947.951683 447 -1
1700839947.951683 1514 -1
1700839947.951683 1514 -1
1700839947.952009 66 1
1700839947.952099 66 1
1700839947.952144 66 1
1700839947.952188 66 1
1700839947.952228 66 1
1700839947.952277 66 1
1700839947.952324 74 1
1700839947.952348 74 1
1700839947.952393 74 1
1700839947.952439 74 1
1700839947.952487 74 1
1700839947.952537 82 1
1700839947.952868 7523 -1
1700839947.952930 82 1
1700839947.955601 1514 -1
1700839947.955601 2974 -1
1700839947.955601 7354 -1
1700839947.955601 691 -1
1700839947.955601 1514 -1
1700839947.955601 1514 -1
1700839947.955741 74 1
1700839947.955811 74 1
1700839947.955857 74 1
1700839947.955903 74 1
1700839947.955960 66 1
1700839947.956003 54 1
1700839949.707062 228 1
1700839949.711543 219 1
1700839949.714674 66 -1
1700839949.724631 221 1
1700839949.724761 221 1
1700839949.724851 227 1
1700839949.724953 230 1
1700839949.725825 66 -1
1700839949.725825 66 -1
1700839949.725885 1076 1
1700839949.726780 219 1
1700839949.727415 66 -1
1700839949.727415 66 -1
1700839949.727630 228 1
1700839949.728548 66 -1
1700839949.729538 60 -1
1700839949.733694 1044 -1
1700839949.733694 1514 -1
1700839949.733789 54 1
1700839949.733886 1514 -1
1700839949.733886 7354 -1
1700839949.733949 54 1
1700839949.734386 6240 -1
1700839949.734439 54 1
1700839949.734887 2974 -1
1700839949.734915 54 1
1700839949.735156 3982 -1
1700839949.735184 54 1
1700839949.735502 1601 -1
1700839949.735553 54 1
1700839949.735609 1172 -1
1700839949.735762 485 -1
1700839949.735762 7354 -1
1700839949.735795 54 1
1700839949.736391 1556 -1
1700839949.736420 54 1
1700839949.736476 1172 -1
1700839949.736499 54 1
1700839949.736594 5894 -1
1700839949.736630 54 1
1700839949.737032 2974 -1
1700839949.737092 66 1
1700839949.737330 6240 -1
1700839949.737390 66 1
1700839949.737770 2974 -1
1700839949.737790 66 1
1700839949.738053 1514 -1
1700839949.738094 66 1
1700839949.738582 4639 -1
1700839949.738625 66 1
1700839949.738687 1179 -1
1700839949.738714 66 1
1700839949.738766 474 -1
1700839949.738766 4434 -1
1700839949.738796 66 1
1700839949.738848 66 1
1700839949.739082 2778 -1
1700839949.739125 66 1
1700839949.739296 7354 -1
1700839949.739346 66 1
1700839949.739885 2882 -1
1700839949.739908 66 1
1700839949.740136 1144 -1
1700839949.740166 66 1
1700839949.740214 1514 -1
1700839949.740292 54 1
1700839949.740413 522 -1
1700839949.740413 1174 -1
1700839949.740438 54 1
1700839949.740519 484 -1
1700839949.740519 1180 -1
1700839949.740539 54 1
1700839949.740687 471 -1
1700839949.740687 2974 -1
1700839949.740712 54 1
1700839949.740879 1514 -1
1700839949.740899 54 1
1700839949.740995 5894 -1
1700839949.741029 66 1
1700839949.741483 1514 -1
1700839949.741515 74 1
1700839949.741676 4434 -1
1700839949.741716 74 1
1700839949.741979 3320 -1
1700839949.742014 74 1
1700839949.744487 2974 -1
1700839949.744487 2974 -1
1700839949.744487 1514 -1
1700839949.744487 576 -1
1700839949.744487 885 -1
1700839949.744487 1514 -1
1700839949.744487 4434 -1
1700839949.744487 4434 -1
1700839949.744595 74 1
1700839949.744652 74 1
1700839949.744699 74 1
1700839949.744742 74 1
1700839949.744808 66 1
1700839949.744881 54 1
1700839949.744913 54 1
1700839949.746520 167 -1
1700839949.792304 54 1
1700839951.439840 219 1
1700839951.439928 229 1
1700839951.440065 228 1
1700839951.440279 226 1
1700839951.440650 228 1
1700839951.440760 221 1
1700839951.440851 220 1
1700839951.440923 220 1
1700839951.441104 60 -1
1700839951.442606 60 -1
1700839951.451121 1174 -1
1700839951.451121 478 -1
1700839951.451121 1192 -1
1700839951.451239 54 1
1700839951.451303 7354 -1
1700839951.451363 54 1
1700839951.451710 349 -1
1700839951.451710 445 -1
1700839951.451758 54 1
1700839951.451818 1174 -1
1700839951.451851 2030 -1
1700839951.451887 54 1
1700839951.452054 1174 -1
1700839951.452072 54 1
1700839951.452434 485 -1
1700839951.452434 1150 -1
1700839951.452462 54 1
1700839951.452556 512 -1
1700839951.452556 7354 -1
1700839951.452588 54 1
1700839951.453027 4865 -1
1700839951.453063 54 1
1700839951.453559 12446 -1
1700839951.453676 66 1
1700839951.454322 1041 -1
1700839951.454347 66 1
1700839951.454447 10274 -1
1700839951.454501 66 1
1700839951.455251 1514 -1
1700839951.455276 66 1
1700839951.455448 2971 -1
1700839951.455482 66 1
1700839951.455717 1514 -1
1700839951.455742 66 1
1700839951.455781 4528 -1
1700839951.455831 74 1
1700839951.456422 3056 -1
1700839951.456422 1514 -1
1700839951.456462 74 1
1700839951.456532 66 1
1700839951.456844 1514 -1
1700839951.456877 54 1
1700839953.283476 54 1
