1700843198.323197 66 1
1700843198.323891 66 1
1700843198.325084 66 -1
1700843198.325183 54 1
1700843198.325814 66 -1
1700843198.325879 54 1
1700843198.339916 66 1
1700843198.341025 66 1
1700843198.342435 66 1
1700843198.342541 66 -1
1700843198.342650 54 1
1700843198.343039 66 -1
1700843198.343098 54 1
1700843198.343454 66 1
1700843198.344088 66 1
1700843198.344644 66 1
1700843198.345542 66 -1
1700843198.345635 54 1
1700843198.346823 66 -1
1700843198.346862 66 -1
1700843198.346862 66 -1
1700843198.346881 54 1
1700843198.346957 54 1
1700843198.346987 54 1
1700843198.350266 631 1
1700843198.351540 60 -1
1700843198.351566 663 1
1700843198.353305 60 -1
1700843198.359769 2974 -1
1700843198.359862 54 1
1700843198.359927 958 -1
1700843198.369307 2974 -1
1700843198.369307 958 -1
1700843198.369374 54 1
1700843198.384237 599 1
1700843198.386293 663 1
1700843198.386464 60 -1
1700843198.387862 663 1
1700843198.388580 572 1
1700843198.388855 60 -1
1700843198.389748 60 -1
1700843198.389932 663 1
1700843198.390604 663 1
1700843198.391062 60 -1
1700843198.393794 60 -1
1700843198.395734 60 -1
1700843198.396556 2779 -1
1700843198.396633 54 1
1700843198.398058 2778 -1
1700843198.398108 54 1
1700843198.399732 2778 -1
1700843198.399798 54 1
1700843198.400938 54 1
1700843198.402072 2778 -1
1700843198.402114 54 1
1700843198.402986 1514 -1
1700843198.402986 1318 -1
1700843198.403026 54 1
1700843198.405014 2779 -1
1700843198.405064 54 1
1700843198.423690 134 1
1700843198.424469 134 1
1700843198.424857 60 -1
1700843198.424857 341 -1
1700843198.424944 341 -1
1700843198.424984 54 1
1700843198.426762 60 -1
1700843198.426762 341 -1
1700843198.426762 341 -1
1700843198.426824 54 1
1700843198.437402 134 1
1700843198.438278 134 1
1700843198.438996 134 1
1700843198.439227 60 -1
1700843198.439683 134 1
1700843198.440118 60 -1
1700843198.440163 341 -1
1700843198.440228 341 -1
1700843198.440371 134 1
1700843198.440461 341 -1
1700843198.440462 60 -1
1700843198.440461 341 -1
1700843198.440462 341 -1
1700843198.440462 341 -1
1700843198.440488 54 1
1700843198.440516 54 1
1700843198.440525 54 1
1700843198.441275 60 -1
1700843198.441391 60 -1
1700843198.441391 341 -1
1700843198.441475 341 -1
1700843198.441475 341 -1
1700843198.441506 54 1
1700843198.441541 341 -1
1700843198.441564 54 1
1700843198.441820 134 1
1700843198.445718 60 -1
1700843198.447190 341 -1
1700843198.447413 341 -1
1700843198.447470 54 1
1700843198.456967 54 1
1700843198.462209 93 -1
1700843198.462209 78 -1
1700843198.462209 60 -1
1700843198.462318 54 1
1700843198.470061 54 1
1700843198.470444 54 1
1700843198.470737 54 1
1700843198.471442 54 1
1700843198.472075 54 1
1700843198.472232 54 1
1700843198.489355 146 1
1700843198.489807 93 -1
1700843198.489807 78 -1
1700843198.489807 60 -1
1700843198.489965 54 1
1700843198.491734 60 -1
1700843198.491734 93 -1
1700843198.491734 78 -1
1700843198.491788 54 1
1700843198.491850 54 1
1700843198.495954 93 -1
1700843198.495954 78 -1
1700843198.495954 60 -1
1700843198.495954 93 -1
1700843198.495954 78 -1
1700843198.495954 60 -1
1700843198.496143 54 1
1700843198.496217 54 1
1700843198.503808 60 -1
1700843198.503808 115 -1
1700843198.503808 85 -1
1700843198.503899 54 1
1700843198.512092 146 1
1700843198.513186 60 -1
1700843198.513186 115 -1
1700843198.513285 85 -1
1700843198.513307 54 1
1700843198.531945 549 1
1700843198.532059 195 1
1700843198.545719 561 1
1700843198.545858 205 1
1700843198.545961 268 1
1700843198.546092 234 1
1700843198.546201 195 1
1700843198.546345 230 1
1700843198.548532 60 -1
1700843198.548532 60 -1
1700843198.548532 60 -1
1700843198.548601 60 -1
1700843198.548601 60 -1
1700843198.548601 863 -1
1700843198.548601 2974 -1
1700843198.548601 5894 -1
1700843198.548601 4434 -1
1700843198.548601 1514 -1
1700843198.548601 1860 -1
1700843198.548601 7354 -1
1700843198.548601 1514 -1
1700843198.548601 7354 -1
1700843198.548601 1514 -1
1700843198.548601 7354 -1
1700843198.548601 1514 -1
1700843198.548601 7354 -1
1700843198.548601 1514 -1
1700843198.548601 7354 -1
1700843198.548601 1514 -1
1700843198.548601 4434 -1
1700843198.548898 54 1
1700843198.550762 60 -1
1700843198.550762 60 -1
1700843198.550762 60 -1
1700843198.550822 856 -1
1700843198.550943 5894 -1
1700843198.550996 54 1
1700843198.551210 7354 -1
1700843198.551402 54 1
1700843198.551825 5894 -1
1700843198.551886 54 1
1700843198.552417 5894 -1
1700843198.552477 54 1
1700843198.553419 5894 -1
1700843198.553419 5894 -1
1700843198.553534 54 1
1700843198.553741 2974 -1
1700843198.553775 54 1
1700843198.554515 2974 -1
1700843198.554543 54 1
1700843198.555921 7354 -1
1700843198.555978 54 1
1700843198.568970 4434 -1
1700843198.568970 1514 -1
1700843198.568970 5894 -1
1700843198.568970 1514 -1
1700843198.568970 5894 -1
1700843198.568970 2974 -1
1700843198.568970 4434 -1
1700843198.568970 7354 -1
1700843198.568970 7354 -1
1700843198.568970 1514 -1
1700843198.568970 5894 -1
1700843198.568970 4434 -1
1700843198.568970 2974 -1
1700843198.568970 7354 -1
1700843198.568970 1514 -1
1700843198.568970 4434 -1
1700843198.569452 1514 -1
1700843198.569452 7354 -1
1700843198.569452 2974 -1
1700843198.569506 54 1
1700843198.569452 7354 -1
1700843198.569452 7354 -1
1700843198.569452 2974 -1
1700843198.569452 1514 -1
1700843198.569452 7354 -1
1700843198.569452 7354 -1
1700843198.569452 4690 -1
1700843198.569668 54 1
1700843198.570056 7354 -1
1700843198.570056 5894 -1
1700843198.570167 54 1
1700843198.570649 85 1
1700843198.570827 1514 -1
1700843198.570827 4434 -1
1700843198.570881 54 1
1700843198.571361 85 1
1700843198.571530 54 1
1700843198.572389 54 1
1700843198.573095 2974 -1
1700843198.573095 13194 -1
1700843198.573095 2974 -1
1700843198.573095 10274 -1
1700843198.573510 54 1
1700843198.573604 1514 -1
1700843198.573915 7354 -1
1700843198.573972 54 1
1700843198.575852 2974 -1
1700843198.575916 54 1
1700843198.576019 7354 -1
1700843198.576079 54 1
1700843198.577225 5894 -1
1700843198.577225 1514 -1
1700843198.577343 54 1
1700843198.577401 7354 -1
1700843198.577457 54 1
1700843198.581363 4434 -1
1700843198.581363 7354 -1
1700843198.581363 5894 -1
1700843198.581363 7354 -1
1700843198.581363 4434 -1
1700843198.581363 13194 -1
1700843198.581552 54 1
1700843198.591270 7354 -1
1700843198.591270 7354 -1
1700843198.591270 4434 -1
1700843198.591270 7354 -1
1700843198.591270 2974 -1
1700843198.591270 1514 -1
1700843198.591270 2974 -1
1700843198.591270 5894 -1
1700843198.591270 7354 -1
1700843198.591270 7354 -1
1700843198.591270 5894 -1
1700843198.591270 4434 -1
1700843198.591270 4434 -1
1700843198.591270 7354 -1
1700843198.591270 7354 -1
1700843198.591592 54 1
1700843198.597011 1514 -1
1700843198.597011 7354 -1
1700843198.597011 7354 -1
1700843198.597011 7354 -1
1700843198.597011 4434 -1
1700843198.597134 54 1
1700843198.600750 2974 -1
1700843198.600750 7354 -1
1700843198.600750 7354 -1
1700843198.600750 4434 -1
1700843198.600750 7354 -1
1700843198.600872 54 1
1700843198.602171 7354 -1
1700843198.602221 54 1
1700843198.603347 54 1
1700843198.603661 5894 -1
1700843198.603743 54 1
1700843198.605411 5894 -1
1700843198.605411 7354 -1
1700843198.605495 54 1
1700843198.606220 2974 -1
1700843198.606270 54 1
1700843198.606853 4282 -1
1700843198.606893 54 1
1700843198.607593 2974 -1
1700843198.607628 54 1
1700843198.609114 5894 -1
1700843198.609114 7354 -1
1700843198.609194 54 1
1700843198.610116 3126 -1
1700843198.610146 54 1
1700843198.610980 4434 -1
1700843198.611013 54 1
1700843198.611342 7354 -1
1700843198.611389 54 1
1700843198.612872 7354 -1
1700843198.612938 54 1
1700843198.614627 7354 -1
1700843198.614687 54 1
1700843198.615012 60 -1
1700843198.615000 4434 -1
1700843198.615039 54 1
1700843198.616196 7354 -1
1700843198.616232 54 1
1700843198.618307 7354 -1
1700843198.618357 54 1
1700843198.618853 7354 -1
1700843198.618907 54 1
1700843198.619320 2974 -1
1700843198.619345 54 1
1700843198.619846 5894 -1
1700843198.619902 54 1
1700843198.622105 2974 -1
1700843198.622105 7354 -1
1700843198.622171 54 1
1700843198.622431 5894 -1
1700843198.622488 54 1
1700843198.623644 1514 -1
1700843198.623668 4434 -1
1700843198.623713 54 1
1700843198.624042 7354 -1
1700843198.624089 54 1
1700843198.624636 4434 -1
1700843198.624692 54 1
1700843198.625129 2974 -1
1700843198.625161 54 1
1700843198.626885 7354 -1
1700843198.626885 7354 -1
1700843198.626885 7354 -1
1700843198.627024 54 1
1700843198.627113 5894 -1
1700843198.627152 54 1
1700843198.628645 2974 -1
1700843198.628645 7354 -1
1700843198.628702 54 1
1700843198.628765 4434 -1
1700843198.628765 7354 -1
1700843198.628830 54 1
1700843198.629453 2974 -1
1700843198.629480 54 1
1700843198.629626 4434 -1
1700843198.629671 54 1
1700843198.630104 7354 -1
1700843198.630156 54 1
1700843198.630597 5894 -1
1700843198.630650 54 1
1700843198.631076 7354 -1
1700843198.631134 54 1
1700843198.631690 4434 -1
1700843198.631723 54 1
1700843198.632117 2974 -1
1700843198.632139 54 1
1700843198.632201 265 1
1700843198.632301 265 1
1700843198.632317 5894 -1
1700843198.632372 54 1
1700843198.632463 266 1
1700843198.632553 265 1
1700843198.632624 266 1
1700843198.632708 265 1
1700843198.632776 4434 -1
1700843198.632801 266 1
1700843198.632833 54 1
1700843198.632918 266 1
1700843198.634396 7354 -1
1700843198.634396 5894 -1
1700843198.634396 2974 -1
1700843198.634488 54 1
1700843198.634802 4434 -1
1700843198.634850 54 1
1700843198.637838 4374 -1
1700843198.637838 60 -1
1700843198.637838 60 -1
1700843198.637838 60 -1
1700843198.637946 54 1
1700843198.702461 54 1
1700843198.708220 13194 -1
1700843198.708220 7354 -1
1700843198.708220 5894 -1
1700843198.708220 7354 -1
1700843198.708220 5894 -1
1700843198.708220 7354 -1
1700843198.708220 5894 -1
1700843198.708220 7354 -1
1700843198.708581 54 1
1700843198.708674 4434 -1
1700843198.708746 54 1
1700843198.708791 7354 -1
1700843198.708831 54 1
1700843198.710218 5894 -1
1700843198.710218 7354 -1
1700843198.710313 54 1
1700843198.710430 5894 -1
1700843198.710475 54 1
1700843198.710909 7354 -1
1700843198.710954 54 1
1700843198.711584 5894 -1
1700843198.711649 54 1
1700843198.711992 4434 -1
1700843198.712038 54 1
1700843198.712347 7354 -1
1700843198.712398 54 1
1700843198.712990 1514 -1
1700843198.713014 54 1
1700843198.714627 54 1
1700843198.715096 54 1
1700843198.717068 7354 -1
1700843198.717068 4434 -1
1700843198.717068 4434 -1
1700843198.717068 7354 -1
1700843198.717068 1514 -1
1700843198.717068 2974 -1
1700843198.717068 4434 -1
1700843198.717068 4434 -1
1700843198.717068 1514 -1
1700843198.717068 5894 -1
1700843198.717068 4434 -1
1700843198.717350 54 1
1700843198.717554 2974 -1
1700843198.717554 7354 -1
1700843198.717621 54 1
1700843198.718029 7354 -1
1700843198.718072 54 1
1700843198.718625 54 1
1700843198.718705 2974 -1
1700843198.718732 54 1
1700843198.718785 1514 -1
1700843198.718803 54 1
1700843198.719224 54 1
1700843198.719487 5894 -1
1700843198.719661 54 1
1700843198.719714 7354 -1
1700843198.719769 54 1
1700843198.720020 54 1
1700843198.720069 2974 -1
1700843198.720296 54 1
1700843198.720430 8814 -1
1700843198.720502 54 1
1700843198.720719 54 1
1700843198.721568 1514 -1
1700843198.721568 10274 -1
1700843198.721631 54 1
1700843198.721914 1514 -1
1700843198.722089 54 1
1700843198.724686 7354 -1
1700843198.724686 1514 -1
1700843198.724686 7354 -1
1700843198.724686 2974 -1
1700843198.724686 7354 -1
1700843198.724686 4434 -1
1700843198.724686 1514 -1
1700843198.725065 54 1
1700843198.725150 7354 -1
1700843198.725187 54 1
1700843198.725443 4434 -1
1700843198.725477 54 1
1700843198.725657 2974 -1
1700843198.725679 54 1
1700843198.725984 7354 -1
1700843198.726030 54 1
1700843198.726504 1514 -1
1700843198.726531 54 1
1700843198.726618 1514 -1
1700843198.730709 2974 -1
1700843198.730709 4434 -1
1700843198.730709 1514 -1
1700843198.730709 5894 -1
1700843198.730709 7354 -1
1700843198.730709 1514 -1
1700843198.730709 4434 -1
1700843198.730867 66 1
1700843198.730929 66 1
1700843198.730984 66 1
1700843198.731034 66 1
1700843198.731076 66 1
1700843198.731122 66 1
1700843198.733140 1514 -1
1700843198.733140 7354 -1
1700843198.733140 2974 -1
1700843198.733140 8814 -1
1700843198.733402 54 1
1700843198.733459 54 1
1700843198.733878 5894 -1
1700843198.734024 54 1
1700843198.734322 11734 -1
1700843198.734444 54 1
1700843198.735226 11734 -1
1700843198.735570 54 1
1700843198.736261 11734 -1
1700843198.736318 54 1
1700843198.737224 11734 -1
1700843198.737276 54 1
1700843198.738229 1514 -1
1700843198.738229 2974 -1
1700843198.738270 66 1
1700843198.738311 54 1
1700843198.738583 7354 -1
1700843198.738614 54 1
1700843198.739137 4434 -1
1700843198.739170 54 1
1700843198.739470 7354 -1
1700843198.739507 54 1
1700843198.740052 54 1
1700843198.740288 54 1
1700843198.740565 4434 -1
1700843198.740565 4434 -1
1700843198.740628 66 1
1700843198.740804 4434 -1
1700843198.740839 66 1
1700843198.741212 1514 -1
1700843198.741262 66 1
1700843198.741517 7354 -1
1700843198.741552 66 1
1700843198.741900 4434 -1
1700843198.741933 66 1
1700843198.742259 2974 -1
1700843198.742294 66 1
1700843198.742480 2974 -1
1700843198.742502 66 1
1700843198.742759 5894 -1
1700843198.742795 66 1
1700843198.743215 4434 -1
1700843198.743240 66 1
1700843198.743607 1514 -1
1700843198.743627 66 1
1700843198.743680 1514 -1
1700843198.743694 66 1
1700843198.743815 4434 -1
1700843198.743842 66 1
1700843198.744217 7354 -1
1700843198.744358 66 1
1700843198.744769 54 1
1700843198.744793 4434 -1
1700843198.744818 66 1
1700843198.745151 1514 -1
1700843198.745476 7354 -1
1700843198.745509 54 1
1700843198.745871 4434 -1
1700843198.745902 54 1
1700843198.746324 7354 -1
1700843198.746353 54 1
1700843198.746858 4434 -1
1700843198.746896 54 1
1700843198.747208 2974 -1
1700843198.747227 54 1
1700843198.747471 7354 -1
1700843198.747526 54 1
1700843198.748061 1514 -1
1700843198.748260 4434 -1
1700843198.748295 54 1
1700843198.748553 2974 -1
1700843198.748577 54 1
1700843198.748786 7354 -1
1700843198.748826 54 1
1700843198.749399 4434 -1
1700843198.749437 54 1
1700843198.749757 1514 -1
1700843198.749883 7354 -1
1700843198.749936 54 1
1700843198.750515 5894 -1
1700843198.750587 54 1
1700843198.750972 5894 -1
1700843198.751116 54 1
1700843198.751466 4434 -1
1700843198.751506 54 1
1700843198.751822 4434 -1
1700843198.751871 54 1
1700843198.752218 7354 -1
1700843198.752264 54 1
1700843198.752779 1514 -1
1700843198.752796 54 1
1700843198.752943 5894 -1
1700843198.753551 54 1
1700843198.753592 5894 -1
1700843198.753626 54 1
1700843198.753884 5894 -1
1700843198.753912 54 1
1700843198.755145 1514 -1
1700843198.755145 4434 -1
1700843198.755145 7354 -1
1700843198.755174 54 1
1700843198.755721 4434 -1
1700843198.755744 54 1
1700843198.755810 7354 -1
1700843198.755855 54 1
1700843198.756944 4434 -1
1700843198.756944 2974 -1
1700843198.756980 54 1
1700843198.757306 1514 -1
1700843198.757306 4434 -1
1700843198.757344 54 1
1700843198.762859 2974 -1
1700843198.762859 5894 -1
1700843198.762859 5894 -1
1700843198.762859 5894 -1
1700843198.762859 11734 -1
1700843198.762859 7354 -1
1700843198.762859 4434 -1
1700843198.762859 7354 -1
1700843198.762859 2974 -1
1700843198.762859 1514 -1
1700843198.762859 1514 -1
1700843198.762859 7354 -1
1700843198.763240 54 1
1700843198.763359 5894 -1
1700843198.763431 54 1
1700843198.765184 7354 -1
1700843198.765184 1514 -1
1700843198.765184 5894 -1
1700843198.765184 7354 -1
1700843198.765372 54 1
1700843198.766183 4434 -1
1700843198.766183 7354 -1
1700843198.766294 54 1
1700843198.766353 4434 -1
1700843198.766389 54 1
1700843198.766910 1514 -1
1700843198.766910 7354 -1
1700843198.766964 54 1
1700843198.767651 2974 -1
1700843198.767651 2974 -1
1700843198.767713 54 1
1700843198.773882 4434 -1
1700843198.773882 1514 -1
1700843198.773882 2974 -1
1700843198.773882 1514 -1
1700843198.773882 10274 -1
1700843198.773882 2974 -1
1700843198.773882 2974 -1
1700843198.773882 1514 -1
1700843198.773882 2974 -1
1700843198.773882 7354 -1
1700843198.773882 2974 -1
1700843198.773882 7354 -1
1700843198.773882 1514 -1
1700843198.773882 1514 -1
1700843198.773882 7354 -1
1700843198.773882 1514 -1
1700843198.773882 1514 -1
1700843198.773882 4434 -1
1700843198.773882 5894 -1
1700843198.774373 54 1
1700843198.774473 54 1
1700843198.774672 1514 -1
1700843198.774672 1514 -1
1700843198.774672 4434 -1
1700843198.774729 54 1
1700843198.783322 5894 -1
1700843198.783322 5894 -1
1700843198.783322 2974 -1
1700843198.783322 7354 -1
1700843198.783322 1514 -1
1700843198.783322 2974 -1
1700843198.783322 5894 -1
1700843198.783322 2974 -1
1700843198.783322 7354 -1
1700843198.783322 1514 -1
1700843198.783322 2974 -1
1700843198.783322 8814 -1
1700843198.783322 5894 -1
1700843198.783658 54 1
1700843198.783807 4434 -1
1700843198.783838 54 1
1700843198.788153 7354 -1
1700843198.788153 2974 -1
1700843198.788153 5894 -1
1700843198.788153 7354 -1
1700843198.788153 1514 -1
1700843198.788153 2974 -1
1700843198.788153 1514 -1
1700843198.788153 7354 -1
1700843198.788153 2974 -1
1700843198.788153 7354 -1
1700843198.788153 7354 -1
1700843198.788487 54 1
1700843198.788675 7354 -1
1700843198.788731 54 1
1700843198.789628 7354 -1
1700843198.789676 54 1
1700843198.789719 2974 -1
1700843198.789746 54 1
1700843198.790275 2974 -1
1700843198.790275 7354 -1
1700843198.790350 54 1
1700843198.794702 1514 -1
1700843198.794702 1514 -1
1700843198.794702 2974 -1
1700843198.794702 4434 -1
1700843198.794702 7354 -1
1700843198.794702 1514 -1
1700843198.794702 5894 -1
1700843198.794702 2974 -1
1700843198.794702 7354 -1
1700843198.794938 54 1
1700843198.796791 1514 -1
1700843198.796791 7354 -1
1700843198.796791 2974 -1
1700843198.796791 1514 -1
1700843198.796791 11734 -1
1700843198.796791 7354 -1
1700843198.796791 4434 -1
1700843198.796980 54 1
1700843198.797073 10274 -1
1700843198.797125 54 1
1700843198.797808 2974 -1
1700843198.797837 54 1
1700843198.803205 4434 -1
1700843198.803205 8814 -1
1700843198.803205 982 -1
1700843198.803205 7354 -1
1700843198.803205 2974 -1
1700843198.803205 2974 -1
1700843198.803205 7354 -1
1700843198.803205 5894 -1
1700843198.803205 7354 -1
1700843198.803205 5894 -1
1700843198.803205 7354 -1
1700843198.803205 5894 -1
1700843198.803534 54 1
1700843198.803600 7354 -1
1700843198.803650 54 1
1700843198.804267 54 1
1700843198.807313 4434 -1
1700843198.807313 7354 -1
1700843198.807313 4434 -1
1700843198.807313 1514 -1
1700843198.807313 2974 -1
1700843198.807313 7354 -1
1700843198.807313 2974 -1
1700843198.807313 13194 -1
1700843198.807562 54 1
1700843198.807836 4434 -1
1700843198.807873 54 1
1700843198.815673 7354 -1
1700843198.815673 1514 -1
1700843198.815673 7354 -1
1700843198.815673 2974 -1
1700843198.815673 1514 -1
1700843198.815673 7354 -1
1700843198.815673 5894 -1
1700843198.815673 4434 -1
1700843198.815673 7354 -1
1700843198.815673 1514 -1
1700843198.815673 4434 -1
1700843198.815673 7354 -1
1700843198.815673 1514 -1
1700843198.815673 2974 -1
1700843198.815673 7354 -1
1700843198.815673 2974 -1
1700843198.815673 7354 -1
1700843198.815673 4434 -1
1700843198.815673 7354 -1
1700843198.816157 54 1
1700843198.816273 54 1
1700843198.816425 5894 -1
1700843198.816425 7354 -1
1700843198.816487 54 1
1700843198.816578 54 1
1700843198.817961 2974 -1
1700843198.817961 2974 -1
1700843198.817961 7354 -1
1700843198.818047 54 1
1700843198.818101 5894 -1
1700843198.818126 54 1
1700843198.818534 2974 -1
1700843198.818576 54 1
1700843198.820835 5894 -1
1700843198.820835 4434 -1
1700843198.820835 1514 -1
1700843198.820835 7354 -1
1700843198.820835 2974 -1
1700843198.820835 2974 -1
1700843198.820835 7354 -1
1700843198.820933 54 1
1700843198.821528 2974 -1
1700843198.821557 54 1
1700843198.821661 13194 -1
1700843198.821716 54 1
1700843198.822735 7354 -1
1700843198.822791 54 1
1700843198.823812 5894 -1
1700843198.823812 2974 -1
1700843198.823894 54 1
1700843198.824057 14654 -1
1700843198.824126 54 1
1700843198.825276 5894 -1
1700843198.825436 54 1
1700843198.825827 1514 -1
1700843198.825879 4434 -1
1700843198.825920 54 1
1700843198.830659 7354 -1
1700843198.830659 5894 -1
1700843198.830659 17574 -1
1700843198.830659 11734 -1
1700843198.830659 5894 -1
1700843198.830659 7354 -1
1700843198.830906 54 1
1700843198.833347 2974 -1
1700843198.833347 1514 -1
1700843198.833347 10274 -1
1700843198.833347 1514 -1
1700843198.833347 1514 -1
1700843198.833347 7354 -1
1700843198.833347 7354 -1
1700843198.833506 54 1
1700843198.833875 2974 -1
1700843198.833875 1514 -1
1700843198.833875 1514 -1
1700843198.833916 54 1
1700843198.834184 4434 -1
1700843198.834241 54 1
1700843198.834810 4434 -1
1700843198.834810 1514 -1
1700843198.834850 54 1
1700843198.835060 2974 -1
1700843198.835090 54 1
1700843198.835133 2974 -1
1700843198.835168 54 1
1700843198.835523 1514 -1
1700843198.835523 7354 -1
1700843198.835573 54 1
1700843198.836031 1514 -1
1700843198.836079 54 1
1700843198.836141 4434 -1
1700843198.836168 54 1
1700843198.836607 4434 -1
1700843198.836627 54 1
1700843198.836976 7354 -1
1700843198.837015 54 1
1700843198.837494 2974 -1
1700843198.837528 54 1
1700843198.837718 1514 -1
1700843198.837741 54 1
1700843198.837878 7354 -1
1700843198.837928 54 1
1700843198.838573 5894 -1
1700843198.838623 54 1
1700843198.838956 7354 -1
1700843198.838998 54 1
1700843198.839590 7354 -1
1700843198.839628 54 1
1700843198.840231 7354 -1
1700843198.840272 54 1
1700843198.840806 7354 -1
1700843198.840851 54 1
1700843198.841415 5894 -1
1700843198.841461 54 1
1700843198.841860 7354 -1
1700843198.841891 54 1
1700843198.842643 7354 -1
1700843198.842681 54 1
1700843198.843055 2974 -1
1700843198.843083 54 1
1700843198.843321 7354 -1
1700843198.843368 54 1
1700843198.843903 4434 -1
1700843198.843930 54 1
1700843198.844450 7354 -1
1700843198.844491 54 1
1700843198.844889 2974 -1
1700843198.844920 54 1
1700843198.845118 2974 -1
1700843198.845140 54 1
1700843198.845561 1514 -1
1700843198.845561 5894 -1
1700843198.845596 54 1
1700843198.845980 7354 -1
1700843198.846033 54 1
1700843198.846569 1514 -1
1700843198.846816 1514 -1
1700843198.846816 4434 -1
1700843198.846859 54 1
1700843198.847261 7354 -1
1700843198.847292 54 1
1700843198.847789 7354 -1
1700843198.847820 54 1
1700843198.848486 2974 -1
1700843198.848516 54 1
1700843198.848668 4434 -1
1700843198.848699 54 1
1700843198.849000 7354 -1
1700843198.849054 54 1
1700843198.849680 5894 -1
1700843198.849718 54 1
1700843198.850134 2974 -1
1700843198.850157 54 1
1700843198.850474 7354 -1
1700843198.850512 54 1
1700843198.850935 2974 -1
1700843198.850966 54 1
1700843198.851167 4434 -1
1700843198.851191 54 1
1700843198.851535 1514 -1
1700843198.851559 54 1
1700843198.851669 7354 -1
1700843198.851717 54 1
1700843198.852479 1514 -1
1700843198.852479 1514 -1
1700843198.852508 54 1
1700843198.852538 4434 -1
1700843198.852563 54 1
1700843198.852958 7354 -1
1700843198.852998 54 1
1700843198.853506 2974 -1
1700843198.853554 54 1
1700843198.853724 2974 -1
1700843198.853753 54 1
1700843198.854002 7354 -1
1700843198.854041 54 1
1700843198.854797 4434 -1
1700843198.854843 54 1
1700843198.854944 7354 -1
1700843198.855008 54 1
1700843198.855583 7354 -1
1700843198.855637 54 1
1700843198.867833 7354 -1
1700843198.867833 7354 -1
1700843198.867833 2974 -1
1700843198.867833 2974 -1
1700843198.867833 7354 -1
1700843198.867833 7354 -1
1700843198.867833 2974 -1
1700843198.867833 1514 -1
1700843198.867833 7354 -1
1700843198.867833 2974 -1
1700843198.867833 4434 -1
1700843198.867833 1514 -1
1700843198.867833 7354 -1
1700843198.867833 4434 -1
1700843198.867833 4434 -1
1700843198.867833 5894 -1
1700843198.867833 7354 -1
1700843198.867833 7354 -1
1700843198.867833 7354 -1
1700843198.867833 7354 -1
1700843198.867833 7354 -1
1700843198.867833 7354 -1
1700843198.867833 7354 -1
1700843198.867833 2974 -1
1700843198.867833 7354 -1
1700843198.868520 54 1
1700843198.868734 4434 -1
1700843198.868734 5894 -1
1700843198.868734 7354 -1
1700843198.868821 54 1
1700843198.869135 2974 -1
1700843198.869165 54 1
1700843198.869615 4434 -1
1700843198.869652 54 1
1700843198.871998 7354 -1
1700843198.871998 7354 -1
1700843198.871998 2974 -1
1700843198.871998 7354 -1
1700843198.871998 4434 -1
1700843198.872148 54 1
1700843198.873180 7354 -1
1700843198.873180 1514 -1
1700843198.873180 8814 -1
1700843198.873285 54 1
1700843198.873751 2974 -1
1700843198.873793 54 1
1700843198.874045 2974 -1
1700843198.874073 54 1
1700843198.874527 7354 -1
1700843198.874569 54 1
1700843198.874760 2324 -1
1700843198.874796 54 1
1700843198.876330 54 1
1700843199.258605 210 1
1700843199.263276 825 -1
1700843199.263276 2657 -1
1700843199.263359 54 1
1700843200.027567 54 1
1700843200.028590 54 1
1700843200.037681 78 -1
1700843200.037681 60 -1
1700843200.037902 54 1
1700843200.045675 78 -1
1700843200.045675 60 -1
1700843200.045778 54 1
1700843205.441037 66 1
1700843205.533200 66 -1
1700843205.533337 54 1
1700843205.543118 902 1
1700843205.584086 60 -1
1700843205.584086 318 -1
1700843205.588184 134 1
1700843205.592785 60 -1
1700843205.592889 341 -1
1700843205.605318 146 1
1700843205.610114 621 1
1700843205.610201 265 1
1700843205.610276 266 1
1700843205.610369 259 1
1700843205.610445 268 1
1700843205.610541 266 1
1700843205.629744 60 -1
1700843205.629744 60 -1
1700843205.629744 60 -1
1700843205.629744 60 -1
1700843205.629744 60 -1
1700843205.629744 60 -1
1700843205.629744 60 -1
1700843205.629744 115 -1
1700843205.629744 85 -1
1700843205.629744 860 -1
1700843205.629744 2974 -1
1700843205.629744 2974 -1
1700843205.629744 2974 -1
1700843205.629744 2974 -1
1700843205.629744 2974 -1
1700843205.629744 1514 -1
1700843205.629744 1514 -1
1700843205.629744 2974 -1
1700843205.629744 1514 -1
1700843205.629744 1514 -1
1700843205.629744 2974 -1
1700843205.629744 2974 -1
1700843205.629744 2974 -1
1700843205.629744 2974 -1
1700843205.630019 54 1
1700843205.632392 85 1
1700843205.634502 2974 -1
1700843205.634502 2974 -1
1700843205.634502 2974 -1
1700843205.634502 2974 -1
1700843205.634502 1514 -1
1700843205.634502 5894 -1
1700843205.634613 54 1
1700843205.634682 4434 -1
1700843205.634720 54 1
1700843205.634827 2974 -1
1700843205.634850 54 1
1700843205.643900 60 -1
1700843205.643900 1514 -1
1700843205.643900 5894 -1
1700843205.643900 4434 -1
1700843205.643900 1514 -1
1700843205.643900 5894 -1
1700843205.643900 7354 -1
1700843205.643900 7354 -1
1700843205.643900 7354 -1
1700843205.643900 2974 -1
1700843205.643900 2974 -1
1700843205.643900 7354 -1
1700843205.643900 5894 -1
1700843205.646711 54 1
1700843205.646826 7354 -1
1700843205.646826 5894 -1
1700843205.646826 2974 -1
1700843205.646826 5894 -1
1700843205.646876 54 1
1700843205.647585 7354 -1
1700843205.647613 54 1
1700843205.648999 13194 -1
1700843205.649042 54 1
1700843205.650935 7354 -1
1700843205.650987 54 1
1700843205.652170 5894 -1
1700843205.652211 54 1
1700843205.653194 2974 -1
1700843205.653216 54 1
1700843205.653514 54 1
1700843205.673774 2974 -1
1700843205.673774 4434 -1
1700843205.673774 7354 -1
1700843205.673774 5894 -1
1700843205.673774 1514 -1
1700843205.673774 2974 -1
1700843205.673774 1514 -1
1700843205.673774 7354 -1
1700843205.673774 1514 -1
1700843205.673774 7354 -1
1700843205.673774 5894 -1
1700843205.673774 1514 -1
1700843205.673774 1514 -1
1700843205.673774 7354 -1
1700843205.673774 1514 -1
1700843205.673774 1514 -1
1700843205.673774 7354 -1
1700843205.673774 7354 -1
1700843205.673774 4434 -1
1700843205.673774 5894 -1
1700843205.673774 7354 -1
1700843205.673774 7354 -1
1700843205.673774 2974 -1
1700843205.673774 1514 -1
1700843205.673774 4434 -1
1700843205.673774 7354 -1
1700843205.673774 5894 -1
1700843205.673774 2974 -1
1700843205.674447 54 1
1700843205.676172 7354 -1
1700843205.676206 54 1
1700843205.676914 7354 -1
1700843205.676943 54 1
1700843205.678021 4434 -1
1700843205.678048 54 1
1700843205.678527 1514 -1
1700843205.678527 4434 -1
1700843205.678563 54 1
1700843205.679527 7354 -1
1700843205.679558 54 1
1700843205.680387 7354 -1
1700843205.680418 54 1
1700843205.680902 54 1
1700843205.682519 4434 -1
1700843205.682519 7354 -1
1700843205.682571 54 1
1700843205.683881 11734 -1
1700843205.683947 54 1
1700843205.689392 7354 -1
1700843205.689392 2974 -1
1700843205.689450 54 1
1700843205.689502 7354 -1
1700843205.689536 54 1
1700843205.693729 1514 -1
1700843205.693729 7354 -1
1700843205.693729 7354 -1
1700843205.693814 54 1
1700843205.698540 1514 -1
1700843205.698540 1514 -1
1700843205.698540 7354 -1
1700843205.698540 1514 -1
1700843205.698540 1514 -1
1700843205.698540 14654 -1
1700843205.698655 54 1
1700843205.702096 54 1
1700843205.702452 2974 -1
1700843205.702492 54 1
1700843205.702936 1514 -1
1700843205.703768 2974 -1
1700843205.703796 54 1
1700843205.704220 1514 -1
1700843205.704246 54 1
1700843205.704486 1514 -1
1700843205.706313 5894 -1
1700843205.706361 54 1
1700843205.706859 4434 -1
1700843205.706898 54 1
1700843205.710758 2974 -1
1700843205.710758 2974 -1
1700843205.710758 2974 -1
1700843205.710758 4434 -1
1700843205.710883 54 1
1700843205.711107 1514 -1
1700843205.711130 54 1
1700843205.711604 5894 -1
1700843205.711637 54 1
1700843205.713992 7354 -1
1700843205.714042 54 1
1700843205.715064 7354 -1
1700843205.715115 54 1
1700843205.716828 4434 -1
1700843205.716876 54 1
1700843205.722247 5894 -1
1700843205.722247 7354 -1
1700843205.722247 1514 -1
1700843205.722247 2974 -1
1700843205.722247 7354 -1
1700843205.722418 54 1
1700843205.732600 54 1
1700843205.745178 2974 -1
1700843205.745178 5894 -1
1700843205.745178 7354 -1
1700843205.745178 7354 -1
1700843205.745178 4434 -1
1700843205.745178 4434 -1
1700843205.745178 7354 -1
1700843205.745178 1514 -1
1700843205.745178 7354 -1
1700843205.745178 1514 -1
1700843205.745178 2974 -1
1700843205.745178 4434 -1
1700843205.745178 4434 -1
1700843205.745178 7354 -1
1700843205.745178 4434 -1
1700843205.745178 7354 -1
1700843205.745178 1514 -1
1700843205.745178 7354 -1
1700843205.745486 54 1
1700843205.746765 7354 -1
1700843205.746765 4434 -1
1700843205.746765 2974 -1
1700843205.746765 2974 -1
1700843205.746765 1514 -1
1700843205.746765 1514 -1
1700843205.746765 2974 -1
1700843205.746765 2974 -1
1700843205.746765 2974 -1
1700843205.746765 2974 -1
1700843205.746765 2974 -1
1700843205.746765 2974 -1
1700843205.746765 2974 -1
1700843205.746765 2974 -1
1700843205.746971 54 1
1700843205.747640 2974 -1
1700843205.747640 1514 -1
1700843205.747683 54 1
1700843205.747819 2974 -1
1700843205.747856 54 1
1700843205.748658 2974 -1
1700843205.748696 54 1
1700843205.749118 2974 -1
1700843205.749155 54 1
1700843205.749684 2974 -1
1700843205.749717 54 1
1700843205.753593 54 1
1700843205.759565 2974 -1
1700843205.759565 5894 -1
1700843205.759565 5894 -1
1700843205.759565 5894 -1
1700843205.759565 5894 -1
1700843205.759565 5894 -1
1700843205.759565 2974 -1
1700843205.759565 2974 -1
1700843205.759565 2974 -1
1700843205.759565 2974 -1
1700843205.759565 5894 -1
1700843205.759565 2974 -1
1700843205.759565 5894 -1
1700843205.759565 4434 -1
1700843205.759565 1514 -1
1700843205.759565 1514 -1
1700843205.759802 54 1
1700843205.769578 4434 -1
1700843205.769578 1514 -1
1700843205.769578 4434 -1
1700843205.769578 2974 -1
1700843205.769578 2974 -1
1700843205.769578 5894 -1
1700843205.769578 5894 -1
1700843205.769578 5894 -1
1700843205.769578 5894 -1
1700843205.769578 5894 -1
1700843205.769578 1514 -1
1700843205.769578 2974 -1
1700843205.769578 1514 -1
1700843205.769578 5894 -1
1700843205.769578 5894 -1
1700843205.769578 5894 -1
1700843205.769578 1514 -1
1700843205.769578 4434 -1
1700843205.769807 54 1
1700843205.780563 1514 -1
1700843205.780563 4434 -1
1700843205.780563 5894 -1
1700843205.780563 5894 -1
1700843205.780563 5894 -1
1700843205.780563 5894 -1
1700843205.780563 1514 -1
1700843205.780563 1514 -1
1700843205.780563 2974 -1
1700843205.780563 5894 -1
1700843205.780563 4434 -1
1700843205.780563 1514 -1
1700843205.780563 5894 -1
1700843205.780563 5894 -1
1700843205.780563 5894 -1
1700843205.780563 5894 -1
1700843205.780563 5894 -1
1700843205.780853 54 1
1700843205.784479 54 1
1700843205.784774 54 1
1700843205.791532 5894 -1
1700843205.791532 2974 -1
1700843205.791532 2974 -1
1700843205.791532 5894 -1
1700843205.791532 7354 -1
1700843205.791532 1514 -1
1700843205.791532 2974 -1
1700843205.791532 7354 -1
1700843205.791532 1514 -1
1700843205.791693 54 1
1700843205.802538 4434 -1
1700843205.802538 1514 -1
1700843205.802538 2974 -1
1700843205.802538 4434 -1
1700843205.802538 4434 -1
1700843205.802538 2974 -1
1700843205.802538 1514 -1
1700843205.802538 4434 -1
1700843205.802538 4434 -1
1700843205.802538 4434 -1
1700843205.802538 4434 -1
1700843205.802538 4434 -1
1700843205.802538 4434 -1
1700843205.802538 4434 -1
1700843205.802538 2974 -1
1700843205.802538 1514 -1
1700843205.802538 2974 -1
1700843205.802780 54 1
1700843205.810219 54 1
1700843205.818929 4434 -1
1700843205.818929 1514 -1
1700843205.818929 2974 -1
1700843205.818929 4434 -1
1700843205.818929 4434 -1
1700843205.818929 5894 -1
1700843205.818929 5894 -1
1700843205.818929 5894 -1
1700843205.818929 5894 -1
1700843205.818929 5894 -1
1700843205.818929 5894 -1
1700843205.818929 5894 -1
1700843205.818929 1514 -1
1700843205.818929 5894 -1
1700843205.818929 2974 -1
1700843205.818929 2974 -1
1700843205.818929 1514 -1
1700843205.818929 4434 -1
1700843205.818929 5894 -1
1700843205.818929 5894 -1
1700843205.818929 5894 -1
1700843205.818929 5894 -1
1700843205.818929 5894 -1
1700843205.819359 54 1
1700843205.820457 5894 -1
1700843205.820457 4434 -1
1700843205.820457 1514 -1
1700843205.820457 5894 -1
1700843205.820557 54 1
1700843205.824144 54 1
1700843205.829714 5894 -1
1700843205.829714 5894 -1
1700843205.829714 5894 -1
1700843205.829714 4434 -1
1700843205.829714 1514 -1
1700843205.829714 1514 -1
1700843205.829714 4434 -1
1700843205.829714 1514 -1
1700843205.829714 4434 -1
1700843205.829714 2974 -1
1700843205.829714 2974 -1
1700843205.829714 2974 -1
1700843205.829714 2974 -1
1700843205.829714 5894 -1
1700843205.829714 5894 -1
1700843205.829714 5894 -1
1700843205.829714 5894 -1
1700843205.830044 54 1
1700843205.830367 5894 -1
1700843205.830404 54 1
1700843205.831169 5894 -1
1700843205.831208 54 1
1700843205.832143 5894 -1
1700843205.832186 54 1
1700843205.832866 5894 -1
1700843205.832912 54 1
1700843205.835846 5894 -1
1700843205.835846 5894 -1
1700843205.835846 2974 -1
1700843205.835846 2974 -1
1700843205.835952 54 1
1700843205.836028 5894 -1
1700843205.836065 54 1
1700843205.836868 1514 -1
1700843205.836868 4434 -1
1700843205.836938 54 1
1700843205.853754 54 1
1700843205.892315 5894 -1
1700843205.892315 1514 -1
1700843205.892315 4434 -1
1700843205.892315 5894 -1
1700843205.892315 7354 -1
1700843205.892315 7354 -1
1700843205.892315 2974 -1
1700843205.892315 4434 -1
1700843205.892315 2974 -1
1700843205.892315 4434 -1
1700843205.892315 1514 -1
1700843205.892315 5894 -1
1700843205.892315 4434 -1
1700843205.892315 2974 -1
1700843205.892315 7354 -1
1700843205.892315 1514 -1
1700843205.892315 1514 -1
1700843205.892315 1514 -1
1700843205.892315 4434 -1
1700843205.892315 7354 -1
1700843205.892315 4434 -1
1700843205.892315 2974 -1
1700843205.892315 7354 -1
1700843205.892315 2974 -1
1700843205.892315 4434 -1
1700843205.892315 7354 -1
1700843205.892315 1514 -1
1700843205.892315 5894 -1
1700843205.892315 7354 -1
1700843205.892315 5894 -1
1700843205.892315 1514 -1
1700843205.892315 4434 -1
1700843205.892315 7354 -1
1700843205.892315 1514 -1
1700843205.892315 2974 -1
1700843205.892315 2974 -1
1700843205.892315 7354 -1
1700843205.892315 7354 -1
1700843205.892315 1514 -1
1700843205.893208 66 1
1700843205.893360 66 1
1700843205.893393 66 1
1700843205.893435 66 1
1700843205.893469 66 1
1700843205.893516 66 1
1700843205.893555 66 1
1700843205.893584 66 1
1700843205.923669 1514 -1
1700843205.923815 54 1
1700843205.923914 2974 -1
1700843205.923914 2974 -1
1700843205.923962 54 1
1700843205.924494 5894 -1
1700843205.924532 54 1
1700843205.925320 5894 -1
1700843205.925365 54 1
1700843205.926271 1514 -1
1700843205.926271 4434 -1
1700843205.926326 54 1
1700843205.929554 2974 -1
1700843205.929554 5894 -1
1700843205.929554 5894 -1
1700843205.929554 5894 -1
1700843205.929682 54 1
1700843205.930007 5894 -1
1700843205.930063 54 1
1700843205.930616 1514 -1
1700843205.930616 4434 -1
1700843205.930671 54 1
1700843205.934186 54 1
1700843205.938677 5621 -1
1700843205.938767 54 1
1700843205.974802 54 1
1700843210.041303 54 1
1700843210.045930 78 -1
1700843210.045930 60 -1
1700843210.046215 54 1
1700843211.142296 66 1
1700843211.143567 66 -1
1700843211.143656 54 1
1700843211.144610 934 1
1700843211.145667 60 -1
1700843211.146193 318 -1
1700843211.147223 134 1
1700843211.148182 60 -1
1700843211.148182 341 -1
1700843211.150882 146 1
1700843211.151971 612 1
1700843211.152013 60 -1
1700843211.152126 115 -1
1700843211.152174 85 -1
1700843211.152201 54 1
1700843211.152293 257 1
1700843211.152414 256 1
1700843211.152517 257 1
1700843211.152623 257 1
1700843211.152725 257 1
1700843211.152941 60 -1
1700843211.153181 85 1
1700843211.153214 60 -1
1700843211.153263 60 -1
1700843211.153863 60 -1
1700843211.153863 60 -1
1700843211.153863 60 -1
1700843211.154145 60 -1
1700843211.168310 887 -1
1700843211.168310 5894 -1
1700843211.168310 7354 -1
1700843211.168310 1514 -1
1700843211.168310 1860 -1
1700843211.168310 4434 -1
1700843211.168310 7354 -1
1700843211.168310 4811 -1
1700843211.168310 7354 -1
1700843211.168310 7354 -1
1700843211.168310 1922 -1
1700843211.168310 7354 -1
1700843211.168310 5894 -1
1700843211.168310 1514 -1
1700843211.168849 54 1
1700843211.183407 1514 -1
1700843211.183407 7354 -1
1700843211.183407 7354 -1
1700843211.183407 21954 -1
1700843211.183840 54 1
1700843211.186518 2974 -1
1700843211.186518 7354 -1
1700843211.186518 4434 -1
1700843211.186518 7354 -1
1700843211.186518 2974 -1
1700843211.186518 11734 -1
1700843211.186782 54 1
1700843211.188456 7354 -1
1700843211.188614 54 1
1700843211.197207 7354 -1
1700843211.197207 7354 -1
1700843211.197207 7354 -1
1700843211.197207 23414 -1
1700843211.197207 7354 -1
1700843211.197207 1514 -1
1700843211.197207 1514 -1
1700843211.197207 7354 -1
1700843211.197207 7354 -1
1700843211.197207 7354 -1
1700843211.197207 7354 -1
1700843211.197658 54 1
1700843211.198242 5894 -1
1700843211.198242 7354 -1
1700843211.198316 54 1
1700843211.198837 7354 -1
1700843211.198878 54 1
1700843211.199309 7354 -1
1700843211.199352 54 1
1700843211.200811 1575 -1
1700843211.200811 1514 -1
1700843211.200811 1514 -1
1700843211.200811 1514 -1
1700843211.200811 1514 -1
1700843211.200811 7354 -1
1700843211.200871 54 1
1700843211.201102 54 1
1700843211.201182 1514 -1
1700843211.201208 54 1
1700843211.209158 7354 -1
1700843211.209158 7354 -1
1700843211.209158 7354 -1
1700843211.209158 7354 -1
1700843211.209158 4434 -1
1700843211.209158 7354 -1
1700843211.209158 5894 -1
1700843211.209158 2974 -1
1700843211.209158 4434 -1
1700843211.209158 7354 -1
1700843211.209158 7354 -1
1700843211.209158 7354 -1
1700843211.209158 4434 -1
1700843211.209158 7354 -1
1700843211.209158 5894 -1
1700843211.209158 14654 -1
1700843211.209502 54 1
1700843211.210256 5894 -1
1700843211.210301 54 1
1700843211.213410 7354 -1
1700843211.213410 7354 -1
1700843211.213410 7354 -1
1700843211.213410 7354 -1
1700843211.213410 7354 -1
1700843211.213517 54 1
1700843211.213752 54 1
1700843211.213952 2974 -1
1700843211.213989 54 1
1700843211.216844 7354 -1
1700843211.216844 2974 -1
1700843211.216844 7354 -1
1700843211.216844 1514 -1
1700843211.216953 54 1
1700843211.217194 5894 -1
1700843211.217227 54 1
1700843211.217462 7354 -1
1700843211.217497 54 1
1700843211.218659 54 1
1700843211.222250 7354 -1
1700843211.222250 7354 -1
1700843211.222250 1514 -1
1700843211.222250 2869 -1
1700843211.222250 1514 -1
1700843211.222250 2974 -1
1700843211.222250 7354 -1
1700843211.222250 17574 -1
1700843211.222250 8919 -1
1700843211.222250 7354 -1
1700843211.222594 54 1
1700843211.232887 7354 -1
1700843211.232887 2974 -1
1700843211.232887 1294 -1
1700843211.232887 7354 -1
1700843211.232887 5894 -1
1700843211.232887 14654 -1
1700843211.232887 4434 -1
1700843211.232887 7354 -1
1700843211.232887 1514 -1
1700843211.232887 4654 -1
1700843211.232887 13194 -1
1700843211.232887 21954 -1
1700843211.232887 14654 -1
1700843211.232887 10274 -1
1700843211.232887 4434 -1
1700843211.233451 54 1
1700843211.234116 54 1
1700843211.234300 54 1
1700843211.236212 7354 -1
1700843211.236212 7354 -1
1700843211.236212 2974 -1
1700843211.236212 7354 -1
1700843211.236212 7354 -1
1700843211.236212 4434 -1
1700843211.236212 5890 -1
1700843211.236435 54 1
1700843211.236599 2974 -1
1700843211.236630 54 1
1700843211.241876 7354 -1
1700843211.241876 7354 -1
1700843211.241876 4434 -1
1700843211.241876 60 -1
1700843211.241876 4434 -1
1700843211.241876 7354 -1
1700843211.241876 4434 -1
1700843211.241876 7354 -1
1700843211.241876 7354 -1
1700843211.241876 7354 -1
1700843211.242093 54 1
1700843211.242169 2974 -1
1700843211.242169 5894 -1
1700843211.242221 54 1
1700843211.248817 7354 -1
1700843211.248817 7354 -1
1700843211.248817 2974 -1
1700843211.248817 7354 -1
1700843211.248817 7354 -1
1700843211.248817 1514 -1
1700843211.248817 7354 -1
1700843211.248817 7354 -1
1700843211.248817 4568 -1
1700843211.249083 54 1
1700843215.713184 258 1
1700843215.714383 261 1
1700843215.715351 229 1
1700843215.715941 256 1
1700843215.716520 236 1
1700843215.721131 60 -1
1700843215.721131 886 -1
1700843215.721131 14654 -1
1700843215.721131 1860 -1
1700843215.721131 85 -1
1700843215.721131 16460 -1
1700843215.721501 54 1
1700843215.730636 10274 -1
1700843215.730636 7354 -1
1700843215.730636 7354 -1
1700843215.730636 2974 -1
1700843215.730636 4593 -1
1700843215.730636 60 -1
1700843215.730636 861 -1
1700843215.730636 7354 -1
1700843215.730636 1514 -1
1700843215.730636 7354 -1
1700843215.730636 400 -1
1700843215.730636 7354 -1
1700843215.731726 54 1
1700843215.731881 54 1
1700843215.734201 7354 -1
1700843215.734201 1891 -1
1700843215.734201 7354 -1
1700843215.734201 7354 -1
1700843215.734201 1922 -1
1700843215.734201 7354 -1
1700843215.734201 7354 -1
1700843215.734201 7354 -1
1700843215.734522 54 1
1700843215.734689 7354 -1
1700843215.734724 54 1
1700843215.735113 7354 -1
1700843215.735139 54 1
1700843215.735759 7354 -1
1700843215.735796 54 1
1700843215.736339 5534 -1
1700843215.736383 54 1
1700843215.736792 2974 -1
1700843215.736839 54 1
1700843215.737045 7354 -1
1700843215.737110 54 1
1700843215.740335 4129 -1
1700843215.740335 7354 -1
1700843215.740335 7354 -1
1700843215.740335 1332 -1
1700843215.740335 1015 -1
1700843215.740335 763 -1
1700843215.740335 7354 -1
1700843215.740335 5894 -1
1700843215.740796 54 1
1700843215.741428 3320 -1
1700843215.741428 85 -1
1700843215.741428 7354 -1
1700843215.741481 54 1
1700843215.741627 2974 -1
1700843215.741655 54 1
1700843215.741978 4780 -1
1700843215.742034 66 1
1700843215.742171 7354 -1
1700843215.742204 66 1
1700843215.742770 7354 -1
1700843215.742811 66 1
1700843215.743658 10274 -1
1700843215.743721 66 1
1700843215.744245 4434 -1
1700843215.744283 66 1
1700843215.745075 2012 -1
1700843215.745111 74 1
1700843215.755666 7354 -1
1700843215.755666 7354 -1
1700843215.755666 7354 -1
1700843215.755666 7354 -1
1700843215.755666 4529 -1
1700843215.755666 7354 -1
1700843215.755666 2974 -1
1700843215.755666 7354 -1
1700843215.755666 7354 -1
1700843215.755666 5799 -1
1700843215.755666 7354 -1
1700843215.755666 7354 -1
1700843215.755666 1514 -1
1700843215.755666 7354 -1
1700843215.755666 7354 -1
1700843215.755968 74 1
1700843215.756045 74 1
1700843215.756080 74 1
1700843215.756122 74 1
1700843215.756175 74 1
1700843215.756222 74 1
1700843215.756265 74 1
1700843215.756326 74 1
1700843215.756409 74 1
1700843215.756474 74 1
1700843215.756525 74 1
1700843215.756582 74 1
1700843215.756621 74 1
1700843215.756670 74 1
1700843215.756725 74 1
1700843215.759773 5894 -1
1700843215.759773 7354 -1
1700843215.759773 7354 -1
1700843215.759773 7354 -1
1700843215.759773 5894 -1
1700843215.759773 4434 -1
1700843215.759773 4434 -1
1700843215.759773 10274 -1
1700843215.759997 74 1
1700843215.760120 74 1
1700843215.760146 74 1
1700843215.760193 74 1
1700843215.760219 74 1
1700843215.760259 74 1
1700843215.760279 74 1
1700843215.760339 74 1
1700843215.762215 7354 -1
1700843215.762215 1514 -1
1700843215.762215 1514 -1
1700843215.762215 5894 -1
1700843215.762215 1886 -1
1700843215.762215 4908 -1
1700843215.762215 1514 -1
1700843215.762378 74 1
1700843215.762467 74 1
1700843215.762498 74 1
1700843215.762531 74 1
1700843215.762559 74 1
1700843215.762589 74 1
1700843215.762688 66 1
1700843215.773501 1514 -1
1700843215.773733 54 1
1700843219.830054 260 1
1700843219.830202 259 1
1700843219.830284 258 1
1700843219.830382 258 1
1700843219.831301 257 1
1700843219.842730 60 -1
1700843219.842730 863 -1
1700843219.842730 7354 -1
1700843219.842730 9160 -1
1700843219.842730 13194 -1
1700843219.842730 3351 -1
1700843219.842730 7354 -1
1700843219.842730 2974 -1
1700843219.842730 6302 -1
1700843219.842730 7354 -1
1700843219.842730 7354 -1
1700843219.842730 7354 -1
1700843219.842730 5894 -1
1700843219.842730 7354 -1
1700843219.843163 54 1
1700843219.843191 54 1
1700843219.843248 7354 -1
1700843219.843281 54 1
1700843219.843585 54 1
1700843219.847093 1344 -1
1700843219.847093 16522 -1
1700843219.847093 7354 -1
1700843219.847093 7354 -1
1700843219.847093 7354 -1
1700843219.847694 54 1
1700843219.847808 7354 -1
1700843219.847881 54 1
1700843219.848282 7354 -1
1700843219.848314 54 1
1700843219.849677 7354 -1
1700843219.849709 54 1
1700843219.851783 7354 -1
1700843219.851967 54 1
1700843219.853136 7354 -1
1700843219.853285 54 1
1700843219.853325 5894 -1
1700843219.853355 54 1
1700843219.854179 2974 -1
1700843219.854270 54 1
1700843219.855156 7354 -1
1700843219.855167 54 1
1700843219.855199 54 1
1700843219.855979 7354 -1
1700843219.856062 54 1
1700843219.857746 7354 -1
1700843219.857880 54 1
1700843219.858861 7354 -1
1700843219.858901 54 1
1700843219.859741 7354 -1
1700843219.859850 54 1
1700843219.860989 7354 -1
1700843219.861030 54 1
1700843219.862147 4968 -1
1700843219.862239 54 1
1700843219.864720 89 1
1700843219.869550 4434 -1
1700843219.869550 7354 -1
1700843219.869550 7354 -1
1700843219.869550 5894 -1
1700843219.869550 7354 -1
1700843219.869550 4498 -1
1700843219.869550 7354 -1
1700843219.869979 54 1
1700843219.871373 14654 -1
1700843219.871623 54 1
1700843219.872266 54 1
1700843219.872512 7354 -1
1700843219.872547 54 1
1700843219.876350 7354 -1
1700843219.876350 7354 -1
1700843219.876350 7354 -1
1700843219.876569 54 1
1700843219.886212 7354 -1
1700843219.886212 3191 -1
1700843219.886212 10621 -1
1700843219.886212 7354 -1
1700843219.886212 5810 -1
1700843219.886212 1514 -1
1700843219.886212 7354 -1
1700843219.886212 7354 -1
1700843219.886851 54 1
1700843219.886958 7354 -1
1700843219.886958 7354 -1
1700843219.887038 54 1
1700843219.888594 7354 -1
1700843219.888663 54 1
1700843219.896486 2711 -1
1700843219.896486 4434 -1
1700843219.896486 1514 -1
1700843219.896486 1514 -1
1700843219.896486 2974 -1
1700843219.896486 1514 -1
1700843219.896486 1514 -1
1700843219.896486 1514 -1
1700843219.896486 2974 -1
1700843219.896486 7354 -1
1700843219.896486 1514 -1
1700843219.896486 761 -1
1700843219.896862 54 1
1700843219.911134 60 -1
1700843220.115005 54 1
1700843220.126044 78 -1
1700843220.126044 60 -1
1700843220.126300 54 1
1700843221.389142 66 1
1700843221.397600 66 -1
1700843221.397729 54 1
1700843221.398566 934 1
1700843221.399923 60 -1
1700843221.400378 318 -1
1700843221.410879 134 1
1700843221.412144 146 1
1700843221.412588 602 1
1700843221.412826 256 1
1700843221.412905 232 1
1700843221.412980 259 1
1700843221.424876 60 -1
1700843221.424876 341 -1
1700843221.424876 60 -1
1700843221.424876 115 -1
1700843221.424876 85 -1
1700843221.424876 60 -1
1700843221.424876 60 -1
1700843221.424876 60 -1
1700843221.424876 60 -1
1700843221.424876 883 -1
1700843221.424876 1514 -1
1700843221.424876 7354 -1
1700843221.424876 7354 -1
1700843221.424876 400 -1
1700843221.424876 4434 -1
1700843221.424876 7354 -1
1700843221.424876 4811 -1
1700843221.424876 7354 -1
1700843221.424876 7354 -1
1700843221.424876 1922 -1
1700843221.424876 7354 -1
1700843221.424876 1514 -1
1700843221.425157 54 1
1700843221.431324 7354 -1
1700843221.431324 1514 -1
1700843221.431324 4434 -1
1700843221.431324 4434 -1
1700843221.431563 54 1
1700843221.431693 1514 -1
1700843221.431693 7354 -1
1700843221.431751 54 1
1700843221.432364 85 1
1700843221.433569 11734 -1
1700843221.433632 54 1
1700843221.436683 1514 -1
1700843221.436683 1514 -1
1700843221.436683 1514 -1
1700843221.436683 2974 -1
1700843221.436683 2974 -1
1700843221.436683 7354 -1
1700843221.436782 54 1
1700843221.437652 1514 -1
1700843221.437652 7354 -1
1700843221.437699 54 1
1700843221.440087 1514 -1
1700843221.440087 7354 -1
1700843221.440156 54 1
1700843221.442968 7354 -1
1700843221.442968 2974 -1
1700843221.442968 7354 -1
1700843221.443067 54 1
1700843221.443345 7354 -1
1700843221.443382 54 1
1700843221.444615 4434 -1
1700843221.444665 54 1
1700843221.445010 4434 -1
1700843221.445076 54 1
1700843221.445746 7354 -1
1700843221.445798 54 1
1700843221.447155 7354 -1
1700843221.447218 54 1
1700843221.448253 1514 -1
1700843221.448295 54 1
1700843221.449054 5894 -1
1700843221.449104 54 1
1700843221.449924 17574 -1
1700843221.450010 54 1
1700843221.452777 1514 -1
1700843221.452823 54 1
1700843221.452890 10274 -1
1700843221.452957 54 1
1700843221.454468 2974 -1
1700843221.454510 54 1
1700843221.455173 2974 -1
1700843221.455205 54 1
1700843221.455617 7354 -1
1700843221.455662 54 1
1700843221.457047 1514 -1
1700843221.457047 7354 -1
1700843221.457089 54 1
1700843221.458106 7354 -1
1700843221.458142 54 1
1700843221.460019 4434 -1
1700843221.460019 1514 -1
1700843221.460085 54 1
1700843221.460167 4009 -1
1700843221.460196 54 1
1700843223.036099 257 1
1700843223.036207 222 1
1700843223.036393 259 1
1700843223.037482 258 1
1700843223.051835 231 1
1700843223.063826 60 -1
1700843223.063826 910 -1
1700843223.063826 1514 -1
1700843223.063826 2974 -1
1700843223.063826 7354 -1
1700843223.063826 4780 -1
1700843223.063826 85 -1
1700843223.063826 7354 -1
1700843223.063826 4434 -1
1700843223.063826 1514 -1
1700843223.063826 3320 -1
1700843223.063826 4434 -1
1700843223.063826 7354 -1
1700843223.063826 7354 -1
1700843223.063826 5894 -1
1700843223.063826 7354 -1
1700843223.064847 54 1
1700843223.065034 5894 -1
1700843223.065034 4434 -1
1700843223.065034 7354 -1
1700843223.065034 4434 -1
1700843223.065034 2974 -1
1700843223.065034 7354 -1
1700843223.065148 54 1
1700843223.065438 7354 -1
1700843223.065438 2974 -1
1700843223.065438 1514 -1
1700843223.065438 7354 -1
1700843223.065549 54 1
1700843223.070510 1514 -1
1700843223.070510 7354 -1
1700843223.070510 2974 -1
1700843223.070510 5894 -1
1700843223.070510 5894 -1
1700843223.070510 7354 -1
1700843223.070697 54 1
1700843223.086610 5894 -1
1700843223.086610 1514 -1
1700843223.086610 1514 -1
1700843223.086610 7354 -1
1700843223.086610 7354 -1
1700843223.086610 2974 -1
1700843223.086610 7354 -1
1700843223.086610 7354 -1
1700843223.086610 4434 -1
1700843223.086610 4434 -1
1700843223.086610 7354 -1
1700843223.086610 1514 -1
1700843223.086610 5894 -1
1700843223.086610 1514 -1
1700843223.086610 5894 -1
1700843223.086610 4434 -1
1700843223.086610 7354 -1
1700843223.086610 7354 -1
1700843223.086610 1514 -1
1700843223.086610 4434 -1
1700843223.086610 7354 -1
1700843223.087100 54 1
1700843223.087249 5894 -1
1700843223.087249 19034 -1
1700843223.087353 54 1
1700843223.089264 54 1
1700843223.089319 525 -1
1700843223.091603 7354 -1
1700843223.091603 7354 -1
1700843223.091603 1013 -1
1700843223.091701 54 1
1700843224.771137 259 1
1700843224.815737 1042 -1
1700843224.815737 723 -1
1700843224.815737 5894 -1
1700843224.815737 2974 -1
1700843224.815737 7354 -1
1700843224.815737 400 -1
1700843224.815737 2974 -1
1700843224.815737 7354 -1
1700843224.815737 6271 -1
1700843224.815737 7354 -1
1700843224.815737 7354 -1
1700843224.815737 1922 -1
1700843224.815737 1514 -1
1700843224.815737 7354 -1
1700843224.815737 11734 -1
1700843224.815737 4434 -1
1700843224.815737 7354 -1
1700843224.815737 2974 -1
1700843224.815737 5894 -1
1700843224.815737 1514 -1
1700843224.815737 4434 -1
1700843224.815737 2974 -1
1700843224.815737 1452 -1
1700843224.816166 54 1
1700843224.816271 1452 -1
1700843224.816310 66 1
1700843224.826593 54 1
1700843224.880334 258 1
1700843224.881965 234 1
1700843224.882083 229 1
1700843224.882200 256 1
1700843224.882286 232 1
1700843224.882399 229 1
1700843224.891760 60 -1
1700843224.891760 891 -1
1700843224.891760 2974 -1
1700843224.891760 7354 -1
1700843224.891760 6240 -1
1700843224.891760 7354 -1
1700843224.891760 7354 -1
1700843224.891760 1891 -1
1700843224.891760 1514 -1
1700843224.891760 7354 -1
1700843224.891760 4434 -1
1700843224.891760 3382 -1
1700843224.891760 2974 -1
1700843224.891760 7354 -1
1700843224.892197 54 1
1700843224.903590 7354 -1
1700843224.903590 2974 -1
1700843224.903590 7354 -1
1700843224.903590 7354 -1
1700843224.903590 5894 -1
1700843224.903590 7354 -1
1700843224.903590 7354 -1
1700843224.903590 2974 -1
1700843224.903590 2974 -1
1700843224.903590 4434 -1
1700843224.903590 7354 -1
1700843224.903590 5894 -1
1700843224.903590 2974 -1
1700843224.903590 2974 -1
1700843224.903947 54 1
1700843224.905996 54 1
1700843224.921970 2974 -1
1700843224.921970 4434 -1
1700843224.921970 7354 -1
1700843224.921970 5894 -1
1700843224.921970 7354 -1
1700843224.921970 7354 -1
1700843224.921970 5894 -1
1700843224.921970 2974 -1
1700843224.921970 5894 -1
1700843224.921970 7354 -1
1700843224.921970 4434 -1
1700843224.922224 54 1
1700843224.922942 2974 -1
1700843224.922942 17574 -1
1700843224.923036 54 1
1700843224.954934 1514 -1
1700843224.954934 1514 -1
1700843224.954934 7354 -1
1700843224.954934 7354 -1
1700843224.954934 2974 -1
1700843224.954934 1514 -1
1700843224.954934 1514 -1
1700843224.954934 4434 -1
1700843224.954934 7354 -1
1700843224.954934 7354 -1
1700843224.954934 1514 -1
1700843224.954934 1514 -1
1700843224.954934 7354 -1
1700843224.954934 1514 -1
1700843224.954934 7354 -1
1700843224.954934 2974 -1
1700843224.954934 2974 -1
1700843224.954934 1514 -1
1700843224.954934 7354 -1
1700843224.954934 7354 -1
1700843224.954934 4434 -1
1700843224.954934 2974 -1
1700843224.954934 7354 -1
1700843224.954934 2974 -1
1700843224.954934 7354 -1
1700843224.954934 1514 -1
1700843224.954934 5894 -1
1700843224.954934 2974 -1
1700843224.954934 7354 -1
1700843224.954934 2974 -1
1700843224.954934 2974 -1
1700843224.954934 1514 -1
1700843224.954934 5894 -1
1700843224.955824 54 1
1700843224.955935 54 1
1700843224.957848 54 1
1700843224.982073 1514 -1
1700843224.982073 16114 -1
1700843224.982073 2974 -1
1700843224.982073 4434 -1
1700843224.982073 4681 -1
1700843224.982270 54 1
1700843226.411945 224 1
1700843226.420920 1034 -1
1700843226.420920 735 -1
1700843226.420920 7354 -1
1700843226.420920 2974 -1
1700843226.420920 1514 -1
1700843226.421073 54 1
1700843226.421484 1565 -1
1700843226.421545 54 1
1700843226.427784 258 1
1700843226.428345 232 1
1700843226.430251 223 1
1700843226.431791 223 1
1700843226.432186 60 -1
1700843226.435633 89 1
1700843226.438935 929 -1
1700843226.438935 881 -1
1700843226.438935 1051 -1
1700843226.438935 729 -1
1700843226.439023 54 1
1700843226.442972 1514 -1
1700843226.442972 2974 -1
1700843226.442972 2974 -1
1700843226.442972 7354 -1
1700843226.442972 7354 -1
1700843226.442972 7354 -1
1700843226.443164 54 1
1700843226.446062 4434 -1
1700843226.446062 2974 -1
1700843226.446062 4434 -1
1700843226.446062 2974 -1
1700843226.446171 54 1
1700843226.446244 7354 -1
1700843226.446288 54 1
1700843226.446880 1514 -1
1700843226.446983 54 1
1700843226.447253 7354 -1
1700843226.447302 54 1
1700843226.447721 1514 -1
1700843226.447763 54 1
1700843226.448942 4434 -1
1700843226.448989 54 1
1700843226.449116 4434 -1
1700843226.449155 54 1
1700843226.449882 1514 -1
1700843226.449882 2974 -1
1700843226.450061 54 1
1700843226.451033 2974 -1
1700843226.451073 54 1
1700843226.451120 1514 -1
1700843226.451144 54 1
1700843226.451975 1514 -1
1700843226.451975 1514 -1
1700843226.451975 1514 -1
1700843226.452032 54 1
1700843226.452202 7354 -1
1700843226.452245 54 1
1700843226.453350 2974 -1
1700843226.453417 54 1
1700843226.454032 7354 -1
1700843226.454085 54 1
1700843226.454727 1514 -1
1700843226.454760 54 1
1700843226.455063 1514 -1
1700843226.455063 4434 -1
1700843226.455095 54 1
1700843226.455253 7354 -1
1700843226.455289 54 1
1700843226.456123 7354 -1
1700843226.456155 54 1
1700843226.457169 7354 -1
1700843226.457217 54 1
1700843226.458062 2974 -1
1700843226.458101 54 1
1700843226.458181 4434 -1
1700843226.458210 54 1
1700843226.459392 7354 -1
1700843226.459432 54 1
1700843226.460299 2250 -1
1700843226.460340 54 1
1700843226.465896 230 1
1700843226.477988 1055 -1
1700843226.477988 728 -1
1700843226.477988 7354 -1
1700843226.477988 4434 -1
1700843226.478124 54 1
1700843226.482808 953 -1
1700843226.482808 953 -1
1700843226.483250 66 1
1700843230.120188 54 1
1700843230.123510 78 -1
1700843230.123510 60 -1
1700843230.123558 54 1
1700843231.839631 66 1
1700843231.847259 66 -1
1700843231.847394 54 1
1700843231.849849 902 1
1700843231.853826 60 -1
1700843231.854029 318 -1
1700843231.856628 134 1
1700843231.858249 146 1
1700843231.858836 611 1
1700843231.858923 260 1
1700843231.859005 261 1
1700843231.859096 223 1
1700843231.859176 222 1
1700843231.862474 60 -1
1700843231.862474 60 -1
1700843231.862474 60 -1
1700843231.862474 60 -1
1700843231.862474 60 -1
1700843231.862474 60 -1
1700843231.862474 60 -1
1700843231.862474 341 -1
1700843231.863201 115 -1
1700843231.863201 85 -1
1700843231.863201 859 -1
1700843231.863201 4434 -1
1700843231.863248 54 1
1700843231.863400 12080 -1
1700843231.863450 54 1
1700843231.864318 7354 -1
1700843231.864351 54 1
1700843231.864860 7354 -1
1700843231.864889 54 1
1700843231.866078 1891 -1
1700843231.866078 4434 -1
1700843231.866078 7354 -1
1700843231.866147 54 1
1700843231.867362 4842 -1
1700843231.867362 1514 -1
1700843231.867362 7354 -1
1700843231.867429 54 1
1700843231.870565 20494 -1
1700843231.870565 20494 -1
1700843231.870789 54 1
1700843231.871356 5894 -1
1700843231.871388 54 1
1700843231.871769 7354 -1
1700843231.871820 54 1
1700843231.884840 7354 -1
1700843231.884840 2974 -1
1700843231.884840 11734 -1
1700843231.884840 7354 -1
1700843231.884840 1514 -1
1700843231.884840 7354 -1
1700843231.884840 5894 -1
1700843231.884840 4434 -1
1700843231.884840 7354 -1
1700843231.884840 4434 -1
1700843231.884840 5894 -1
1700843231.884840 7354 -1
1700843231.884840 1514 -1
1700843231.884840 14654 -1
1700843231.884840 1514 -1
1700843231.884840 4434 -1
1700843231.884840 2974 -1
1700843231.884840 7354 -1
1700843231.884840 4434 -1
1700843231.884840 4434 -1
1700843231.884840 7354 -1
1700843231.884840 7354 -1
1700843231.884840 7354 -1
1700843231.884840 2974 -1
1700843231.885342 66 1
1700843231.885399 54 1
1700843231.885613 54 1
1700843231.888385 54 1
1700843231.888649 54 1
1700843231.890380 85 1
1700843231.902447 2974 -1
1700843231.902447 7354 -1
1700843231.902447 7354 -1
1700843231.902447 7354 -1
1700843231.902447 7354 -1
1700843231.902447 458 -1
1700843231.902447 60 -1
1700843231.902681 54 1
1700843233.473010 225 1
1700843233.473135 229 1
1700843233.473387 258 1
1700843233.479339 230 1
1700843233.482113 230 1
1700843233.487226 60 -1
1700843233.487226 1030 -1
1700843233.487226 763 -1
1700843233.487226 7354 -1
1700843233.487226 1756 -1
1700843233.487226 60 -1
1700843233.487226 60 -1
1700843233.487226 60 -1
1700843233.487226 60 -1
1700843233.487386 54 1
1700843233.494099 1049 -1
1700843233.494099 732 -1
1700843233.494099 927 -1
1700843233.494099 883 -1
1700843233.494099 5642 -1
1700843233.494099 1048 -1
1700843233.494099 4434 -1
1700843233.494099 7354 -1
1700843233.494099 4434 -1
1700843233.494285 54 1
1700843233.502071 400 -1
1700843233.502071 4434 -1
1700843233.502071 7354 -1
1700843233.502071 7354 -1
1700843233.502071 7354 -1
1700843233.502071 6648 -1
1700843233.502071 4745 -1
1700843233.502071 7354 -1
1700843233.502274 54 1
1700843233.503365 1760 -1
1700843233.503365 1048 -1
1700843233.503365 732 -1
1700843233.503365 6406 -1
1700843233.503433 54 1
1700843235.190584 225 1
1700843235.192421 230 1
1700843235.193423 222 1
1700843235.194503 224 1
1700843235.196943 60 -1
1700843235.199208 1018 -1
1700843235.199208 772 -1
1700843235.199208 1000 -1
1700843235.199208 4744 -1
1700843235.199323 54 1
1700843235.200775 787 -1
1700843235.200821 54 1
1700843235.208815 2974 -1
1700843235.208815 3001 -1
1700843235.208815 1052 -1
1700843235.208815 730 -1
1700843235.208815 7354 -1
1700843235.208815 5770 -1
1700843235.208815 1056 -1
1700843235.208815 727 -1
1700843235.208815 7354 -1
1700843235.208815 2974 -1
1700843235.208815 2211 -1
1700843235.209009 54 1
1700843236.921323 221 1
1700843236.921427 232 1
1700843236.921487 230 1
1700843236.927104 60 -1
1700843236.929421 981 -1
1700843236.929421 808 -1
1700843236.929502 54 1
1700843236.932217 11788 -1
1700843236.932217 979 -1
1700843236.932217 1793 -1
1700843236.932217 6215 -1
1700843236.932217 10167 -1
1700843236.932413 54 1
1700843236.937555 221 1
1700843236.937711 223 1
1700843236.941486 60 -1
1700843236.944208 89 1
1700843236.949254 1021 -1
1700843236.949254 773 -1
1700843236.949254 2974 -1
1700843236.949254 1363 -1
1700843236.949254 1051 -1
1700843236.949254 733 -1
1700843236.949254 3509 -1
1700843236.949378 54 1
1700843237.013992 60 -1
1700843240.157430 54 1
1700843240.158767 78 -1
1700843240.158767 60 -1
1700843240.158826 54 1
1700843242.489372 66 1
1700843242.491832 66 -1
1700843242.491977 54 1
1700843242.492553 870 1
1700843242.494777 60 -1
1700843242.495337 318 -1
1700843242.496669 134 1
1700843242.497701 146 1
1700843242.498264 586 1
1700843242.500493 60 -1
1700843242.500493 60 -1
1700843242.500815 60 -1
1700843242.501449 341 -1
1700843242.503480 223 1
1700843242.503616 222 1
1700843242.503693 222 1
1700843242.508229 115 -1
1700843242.508229 85 -1
1700843242.508229 1084 -1
1700843242.508229 687 -1
1700843242.508229 6942 -1
1700843242.508389 54 1
1700843242.509263 85 1
1700843242.510210 60 -1
1700843242.510210 60 -1
1700843242.512401 60 -1
1700843242.513819 1026 -1
1700843242.513819 766 -1
1700843242.513819 1052 -1
1700843242.513819 732 -1
1700843242.513819 981 -1
1700843242.513819 2366 -1
1700843242.513819 810 -1
1700843242.513819 10740 -1
1700843242.514030 66 1
1700843242.514091 66 1
1700843242.514162 66 1
1700843242.516798 4857 -1
1700843242.516856 66 1
1700843242.517417 1514 -1
1700843242.517477 54 1
1700843244.150786 229 1
1700843244.151964 60 -1
1700843244.154838 222 1
1700843244.155854 60 -1
1700843244.158144 223 1
1700843244.158301 1053 -1
1700843244.158301 731 -1
1700843244.158387 54 1
1700843244.158444 5454 -1
1700843244.158504 54 1
1700843244.165473 1048 -1
1700843244.165473 729 -1
1700843244.165473 9614 -1
1700843244.165473 1052 -1
1700843244.165473 731 -1
1700843244.165473 6978 -1
1700843244.165647 54 1
1700843244.186741 1138 -1
1700843244.186777 66 1
1700843245.819292 221 1
1700843245.819418 222 1
1700843245.820435 60 -1
1700843245.824456 1055 -1
1700843245.824563 1053 -1
1700843245.824563 733 -1
1700843245.824563 727 -1
1700843245.824759 54 1
1700843245.825569 11810 -1
1700843245.825569 2974 -1
1700843245.825659 54 1
1700843245.825740 6106 -1
1700843245.825776 54 1
1700843245.827669 222 1
1700843245.827867 260 1
1700843245.828981 60 -1
1700843245.831977 223 1
1700843245.832076 222 1
1700843245.832188 235 1
1700843245.832979 1052 -1
1700843245.832979 732 -1
1700843245.832979 1060 -1
1700843245.832979 723 -1
1700843245.833066 54 1
1700843245.833117 5626 -1
1700843245.833181 54 1
1700843245.833553 7354 -1
1700843245.833617 54 1
1700843245.834137 7354 -1
1700843245.834168 54 1
1700843245.835792 1860 -1
1700843245.835792 85 -1
1700843245.835792 7354 -1
1700843245.835792 7354 -1
1700843245.835843 54 1
1700843245.836066 1860 -1
1700843245.836089 54 1
1700843245.836387 14654 -1
1700843245.836440 54 1
1700843245.837503 10274 -1
1700843245.837535 54 1
1700843245.838363 7354 -1
1700843245.838394 54 1
1700843245.839005 808 -1
1700843245.839005 2343 -1
1700843245.839049 54 1
1700843245.839192 980 -1
1700843245.839235 981 -1
1700843245.839255 54 1
1700843245.839295 809 -1
1700843245.839374 810 -1
1700843245.839398 54 1
1700843245.839554 980 -1
1700843245.839554 7195 -1
1700843245.839773 54 1
1700843245.840697 810 -1
1700843245.840697 7354 -1
1700843245.840771 54 1
1700843245.840818 7066 -1
1700843245.840854 54 1
1700843245.841371 7354 -1
1700843245.841424 54 1
1700843245.841962 301 -1
1700843245.910621 54 1
1700843247.521227 222 1
1700843247.521358 226 1
1700843247.522392 224 1
1700843247.524332 60 -1
1700843247.525286 66 1
1700843247.526386 66 -1
1700843247.526517 54 1
1700843247.526774 977 -1
1700843247.526774 808 -1
1700843247.526824 54 1
1700843247.526931 7354 -1
1700843247.526967 54 1
1700843247.527330 883 -1
1700843247.527353 54 1
1700843247.528163 981 -1
1700843247.528163 809 -1
1700843247.528163 981 -1
1700843247.528199 54 1
1700843247.528244 11734 -1
1700843247.528304 54 1
1700843247.529177 4780 -1
1700843247.529218 54 1
1700843247.529516 85 -1
1700843247.529516 1514 -1
1700843247.529544 54 1
1700843247.529637 1537 -1
1700843247.529659 54 1
1700843247.529897 966 1
1700843247.530963 6587 -1
1700843247.530993 60 -1
1700843247.531000 54 1
1700843247.531770 318 -1
1700843247.533022 134 1
1700843247.534083 60 -1
1700843247.534386 341 -1
1700843247.535412 89 1
1700843247.536812 146 1
1700843247.537913 575 1
1700843247.537941 60 -1
1700843247.537990 221 1
1700843247.538083 219 1
1700843247.538811 60 -1
1700843247.538811 60 -1
1700843247.538938 60 -1
1700843247.541395 115 -1
1700843247.541395 85 -1
1700843247.541440 54 1
1700843247.541955 85 1
1700843247.542875 60 -1
1700843247.544954 1174 -1
1700843247.544954 481 -1
1700843247.545001 54 1
1700843247.545104 5175 -1
1700843247.545149 54 1
1700843247.550979 1173 -1
1700843247.550979 481 -1
1700843247.551061 54 1
1700843247.551255 7354 -1
1700843247.551312 54 1
1700843247.551802 3194 -1
1700843247.551834 54 1
1700843247.551994 1178 -1
1700843247.552150 478 -1
1700843247.552173 54 1
1700843247.553116 4434 -1
1700843247.553156 54 1
1700843247.553294 6387 -1
1700843247.553337 54 1
1700843247.577472 60 -1
1700843250.161767 54 1
1700843250.162518 54 1
1700843250.164459 78 -1
1700843250.164459 60 -1
1700843250.164506 54 1
1700843250.165051 78 -1
1700843250.165051 60 -1
1700843250.165196 54 1
1700843254.015480 66 1
1700843254.017193 66 -1
1700843254.017300 54 1
1700843254.019066 934 1
1700843254.024457 66 1
1700843254.030411 60 -1
1700843254.031060 318 -1
1700843254.032079 134 1
1700843254.032879 146 1
1700843254.033232 585 1
1700843254.033336 219 1
1700843254.033498 60 -1
1700843254.035446 60 -1
1700843254.035446 341 -1
1700843254.035446 60 -1
1700843254.035446 60 -1
1700843254.035783 115 -1
1700843254.035783 85 -1
1700843254.035821 54 1
1700843254.036764 85 1
1700843254.036879 66 -1
1700843254.037035 54 1
1700843254.038073 60 -1
1700843254.038919 902 1
1700843254.040183 60 -1
1700843254.040531 318 -1
1700843254.041251 134 1
1700843254.042172 146 1
1700843254.042600 579 1
1700843254.042704 224 1
1700843254.042777 224 1
1700843254.042967 1197 -1
1700843254.042967 448 -1
1700843254.042967 2974 -1
1700843254.043190 60 -1
1700843254.043214 54 1
1700843254.043258 341 -1
1700843254.043287 7354 -1
1700843254.043287 4780 -1
1700843254.043341 54 1
1700843254.044130 60 -1
1700843254.044130 60 -1
1700843254.044130 60 -1
1700843254.044231 1039 -1
1700843254.044257 54 1
1700843254.044332 6262 -1
1700843254.044381 54 1
1700843254.046503 115 -1
1700843254.046503 85 -1
1700843254.046536 54 1
1700843254.047956 981 -1
1700843254.047976 54 1
1700843254.048966 810 -1
1700843254.048966 7354 -1
1700843254.048999 54 1
1700843254.050669 85 1
1700843254.050972 7194 -1
1700843254.051024 54 1
1700843254.052105 1053 -1
1700843254.052105 728 -1
1700843254.052149 54 1
1700843254.052482 1036 -1
1700843254.052482 738 -1
1700843254.052513 54 1
1700843254.052814 7354 -1
1700843254.052850 54 1
1700843254.053474 7354 -1
1700843254.053516 54 1
1700843254.055420 6964 -1
1700843254.055617 54 1
1700843254.056069 6748 -1
1700843254.056108 54 1
1700843255.601645 220 1
1700843255.602571 221 1
1700843255.605365 220 1
1700843255.607140 60 -1
1700843255.607388 227 1
1700843255.608023 219 1
1700843255.609434 221 1
1700843255.609850 222 1
1700843255.615009 60 -1
1700843255.615009 1062 -1
1700843255.615009 9131 -1
1700843255.615122 54 1
1700843255.615202 1044 -1
1700843255.615239 1514 -1
1700843255.615256 54 1
1700843255.615301 11148 -1
1700843255.615356 54 1
1700843255.616020 1162 -1
1700843255.616867 494 -1
1700843255.616889 54 1
1700843255.619211 1171 -1
1700843255.619211 484 -1
1700843255.619211 7354 -1
1700843255.619266 54 1
1700843255.619626 623 -1
1700843255.619646 54 1
1700843255.620241 1169 -1
1700843255.620241 488 -1
1700843255.620269 54 1
1700843255.620299 7354 -1
1700843255.620341 54 1
1700843255.620931 2176 -1
1700843255.620931 1067 -1
1700843255.620963 54 1
1700843255.621031 7354 -1
1700843255.621068 54 1
1700843255.622185 7075 -1
1700843255.622185 6956 -1
1700843255.622250 54 1
1700843255.632730 1175 -1
1700843255.632730 481 -1
1700843255.632811 54 1
1700843255.633722 7354 -1
1700843255.633778 54 1
1700843255.633915 3645 -1
1700843255.633957 54 1
1700843257.298997 220 1
1700843257.307841 1192 -1
1700843257.307841 458 -1
1700843257.307841 2974 -1
1700843257.307958 54 1
1700843257.309080 2714 -1
1700843257.309122 54 1
1700843257.310923 221 1
1700843257.311593 221 1
1700843257.313388 221 1
1700843257.313643 219 1
1700843257.315867 220 1
1700843257.315992 227 1
1700843257.316082 223 1
1700843257.317116 60 -1
1700843257.320044 1064 -1
1700843257.320044 6035 -1
1700843257.320170 54 1
1700843257.325358 1040 -1
1700843257.325358 5203 -1
1700843257.325358 1030 -1
1700843257.325358 6828 -1
1700843257.325358 6742 -1
1700843257.325568 54 1
1700843257.326321 1172 -1
1700843257.326321 485 -1
1700843257.326321 1038 -1
1700843257.326321 3177 -1
1700843257.326376 54 1
1700843257.346517 6388 -1
1700843257.346647 54 1
1700843257.377389 482 -1
1700843257.377389 1171 -1
1700843257.377389 1514 -1
1700843257.377389 6871 -1
1700843257.377389 1031 -1
1700843257.377526 66 1
1700843257.377615 54 1
1700843257.377701 66 1
1700843258.911530 220 1
1700843258.915164 221 1
1700843258.915279 227 1
1700843258.915377 221 1
1700843258.915484 221 1
1700843258.919329 60 -1
1700843258.920775 219 1
1700843258.921540 220 1
1700843258.921595 220 1
1700843258.924799 1061 -1
1700843258.924799 7354 -1
1700843258.924799 847 -1
1700843258.924946 54 1
1700843258.925048 1195 -1
1700843258.925048 455 -1
1700843258.925048 1173 -1
1700843258.925048 482 -1
1700843258.925110 54 1
1700843258.926716 7354 -1
1700843258.926716 870 -1
1700843258.926716 8814 -1
1700843258.926795 54 1
1700843258.927329 7700 -1
1700843258.927380 54 1
1700843258.938587 2585 -1
1700843258.938587 7354 -1
1700843258.938587 1237 -1
1700843258.938587 1063 -1
1700843258.938587 2974 -1
1700843258.938587 4531 -1
1700843258.938587 1192 -1
1700843258.938587 452 -1
1700843258.938587 7354 -1
1700843258.938587 730 -1
1700843258.938587 1176 -1
1700843258.938587 481 -1
1700843258.938587 12063 -1
1700843258.938587 1168 -1
1700843258.938587 492 -1
1700843258.938587 7354 -1
1700843258.939209 54 1
1700843258.940233 1493 -1
1700843259.002250 54 1
1700843260.222597 54 1
1700843260.222782 54 1
1700843260.235034 78 -1
1700843260.235034 60 -1
1700843260.235271 78 -1
1700843260.235271 60 -1
1700843260.235536 54 1
1700843260.235542 54 1
1700843265.845858 66 1
1700843265.847082 66 -1
1700843265.847178 54 1
1700843265.848683 902 1
1700843265.849856 60 -1
1700843265.850359 318 -1
1700843265.851560 134 1
1700843265.852071 146 1
1700843265.852582 60 -1
1700843265.852699 341 -1
1700843265.852921 576 1
1700843265.852949 221 1
1700843265.852965 228 1
1700843265.852989 222 1
1700843265.853089 219 1
1700843265.853190 219 1
1700843265.853254 221 1
1700843265.853289 60 -1
1700843265.853289 115 -1
1700843265.853289 85 -1
1700843265.853308 222 1
1700843265.853554 85 1
1700843265.854203 60 -1
1700843265.854203 60 -1
1700843265.854203 60 -1
1700843265.854203 60 -1
1700843265.854203 60 -1
1700843265.854265 60 -1
1700843265.854265 60 -1
1700843265.854297 60 -1
1700843265.854890 60 -1
1700843265.862075 1173 -1
1700843265.862075 486 -1
1700843265.862348 1514 -1
1700843265.862417 2974 -1
1700843265.862537 4366 -1
1700843265.872934 54 1
1700843265.872957 1174 -1
1700843265.872957 481 -1
1700843265.872957 2974 -1
1700843265.872957 7354 -1
1700843265.872957 1788 -1
1700843265.872957 1171 -1
1700843265.872957 1594 -1
1700843265.872957 486 -1
1700843265.872957 12508 -1
1700843265.873151 54 1
1700843265.874708 5841 -1
1700843265.874708 481 -1
1700843265.874885 54 1
1700843265.875627 1172 -1
1700843265.875627 484 -1
1700843265.875655 54 1
1700843265.878336 17574 -1
1700843265.878336 4699 -1
1700843265.878336 1194 -1
1700843265.878336 451 -1
1700843265.878452 54 1
1700843265.878579 7354 -1
1700843265.878579 929 -1
1700843265.878630 54 1
1700843265.878762 2974 -1
1700843265.878762 5836 -1
1700843265.878819 54 1
1700843267.425019 220 1
1700843267.426092 60 -1
1700843267.426454 220 1
1700843267.426546 218 1
1700843267.427555 60 -1
1700843267.427555 60 -1
1700843267.431245 1172 -1
1700843267.431245 481 -1
1700843267.431314 54 1
1700843267.431362 5894 -1
1700843267.431389 220 1
1700843267.431439 54 1
1700843267.431697 4418 -1
1700843267.432000 54 1
1700843267.432765 223 1
1700843267.433483 227 1
1700843267.433886 220 1
1700843267.434076 221 1
1700843267.434997 1173 -1
1700843267.434997 485 -1
1700843267.434997 2974 -1
1700843267.435068 54 1
1700843267.435099 4609 -1
1700843267.435119 54 1
1700843267.435464 60 -1
1700843267.438122 1192 -1
1700843267.438122 450 -1
1700843267.438122 11734 -1
1700843267.438372 54 1
1700843267.439142 1637 -1
1700843267.439183 54 1
1700843267.440405 1195 -1
1700843267.440405 453 -1
1700843267.440450 54 1
1700843267.440591 1170 -1
1700843267.440591 486 -1
1700843267.440624 54 1
1700843267.440890 1173 -1
1700843267.440890 480 -1
1700843267.440914 54 1
1700843267.441032 5507 -1
1700843267.441054 54 1
1700843267.441441 7354 -1
1700843267.441476 54 1
1700843267.441975 2741 -1
1700843267.441999 54 1
1700843267.442226 2974 -1
1700843267.442255 54 1
1700843267.442497 4643 -1
1700843267.442524 54 1
1700843267.442859 1205 -1
1700843267.442877 54 1
1700843267.443065 437 -1
1700843267.443065 1197 -1
1700843267.443096 54 1
1700843267.443133 450 -1
1700843267.443133 4434 -1
1700843267.443158 54 1
1700843267.443611 7354 -1
1700843267.443645 54 1
1700843267.444185 1514 -1
1700843267.444185 415 -1
1700843267.444234 54 1
1700843267.444275 7354 -1
1700843267.444304 54 1
1700843267.444916 3403 -1
1700843267.444935 54 1
1700843269.200929 228 1
1700843269.201069 219 1
1700843269.201209 221 1
1700843269.202321 219 1
1700843269.202424 222 1
1700843269.202662 219 1
1700843269.203119 220 1
1700843269.203693 226 1
1700843269.211309 1167 -1
1700843269.211309 488 -1
1700843269.211309 4434 -1
1700843269.211309 1965 -1
1700843269.211452 54 1
1700843269.212518 60 -1
1700843269.217812 1169 -1
1700843269.217812 488 -1
1700843269.217812 1171 -1
1700843269.217812 484 -1
1700843269.217916 54 1
1700843269.225992 1172 -1
1700843269.225992 482 -1
1700843269.225992 1193 -1
1700843269.225992 8814 -1
1700843269.226139 54 1
1700843269.226207 1514 -1
1700843269.226207 2526 -1
1700843269.226236 54 1
1700843269.226626 452 -1
1700843269.226626 1514 -1
1700843269.226626 1514 -1
1700843269.226666 54 1
1700843269.226725 2503 -1
1700843269.226746 54 1
1700843269.228265 1514 -1
1700843269.228265 5693 -1
1700843269.228265 1591 -1
1700843269.228333 54 1
1700843269.232465 7028 -1
1700843269.232577 54 1
1700843269.232638 8005 -1
1700843269.232681 54 1
1700843269.236294 1193 -1
1700843269.236294 449 -1
1700843269.236428 54 1
1700843269.236491 1198 -1
1700843269.236491 450 -1
1700843269.236535 54 1
1700843269.239556 4434 -1
1700843269.239621 54 1
1700843269.239725 7010 -1
1700843269.239929 54 1
1700843269.240332 1514 -1
1700843269.240380 6364 -1
1700843269.240410 54 1
1700843270.232609 54 1
1700843270.236046 78 -1
1700843270.236046 60 -1
1700843270.236110 54 1
1700843270.884602 66 1
1700843270.892616 66 -1
1700843270.892959 54 1
1700843270.893805 870 1
1700843270.894737 60 -1
1700843270.895509 318 -1
1700843270.896272 134 1
1700843270.896692 146 1
1700843270.897637 581 1
1700843270.897754 218 1
1700843270.897869 229 1
1700843270.897960 229 1
1700843270.898058 228 1
1700843270.898150 229 1
1700843270.898240 221 1
1700843270.898344 221 1
1700843270.915336 60 -1
1700843270.915336 60 -1
1700843270.915336 60 -1
1700843270.915336 60 -1
1700843270.915336 60 -1
1700843270.915336 60 -1
1700843270.915336 60 -1
1700843270.915336 60 -1
1700843270.915336 60 -1
1700843270.915336 60 -1
1700843270.915336 341 -1
1700843270.915336 115 -1
1700843270.915336 85 -1
1700843270.915336 1172 -1
1700843270.915336 486 -1
1700843270.915336 1174 -1
1700843270.915336 484 -1
1700843270.915336 1174 -1
1700843270.915336 478 -1
1700843270.915336 1173 -1
1700843270.915336 9217 -1
1700843270.915336 484 -1
1700843270.915577 54 1
1700843270.915695 6199 -1
1700843270.915728 54 1
1700843270.916666 5894 -1
1700843270.916666 5894 -1
1700843270.916734 54 1
1700843270.917076 4780 -1
1700843270.917132 54 1
1700843270.917592 7354 -1
1700843270.917636 54 1
1700843270.924490 5235 -1
1700843270.924490 1173 -1
1700843270.924490 477 -1
1700843270.924490 1177 -1
1700843270.924490 479 -1
1700843270.924490 4806 -1
1700843270.924490 5894 -1
1700843270.924490 4715 -1
1700843270.924490 1514 -1
1700843270.924490 7354 -1
1700843270.924490 1521 -1
1700843270.924490 1172 -1
1700843270.924490 486 -1
1700843270.924733 54 1
1700843270.925079 54 1
1700843270.926975 85 1
1700843270.928048 7354 -1
1700843270.928048 590 -1
1700843270.928106 54 1
1700843270.931749 60 -1
1700843272.564608 218 1
1700843272.567957 219 1
1700843272.568068 229 1
1700843272.570254 221 1
1700843272.571413 222 1
1700843272.572430 219 1
1700843272.573112 220 1
1700843272.573316 222 1
1700843272.575363 60 -1
1700843272.575363 1197 -1
1700843272.575363 449 -1
1700843272.575363 7354 -1
1700843272.575363 3879 -1
1700843272.575498 54 1
1700843272.576464 60 -1
1700843272.576464 60 -1
1700843272.576464 60 -1
1700843272.576464 60 -1
1700843272.576464 60 -1
1700843272.576464 60 -1
1700843272.583433 1195 -1
1700843272.583433 449 -1
1700843272.583433 1171 -1
1700843272.583433 486 -1
1700843272.583433 7354 -1
1700843272.583433 7088 -1
1700843272.583576 54 1
1700843272.583687 1194 -1
1700843272.583687 451 -1
1700843272.583742 54 1
1700843272.584743 7354 -1
1700843272.584743 8091 -1
1700843272.584825 54 1
1700843272.585118 6949 -1
1700843272.585200 54 1
1700843272.587993 1197 -1
1700843272.587993 446 -1
1700843272.587993 7354 -1
1700843272.587993 7354 -1
1700843272.587993 1860 -1
1700843272.587993 1702 -1
1700843272.587993 1174 -1
1700843272.587993 486 -1
1700843272.587993 2974 -1
1700843272.587993 6088 -1
1700843272.588166 54 1
1700843272.588226 1141 -1
1700843272.588242 54 1
1700843272.595162 524 -1
1700843272.595162 4434 -1
1700843272.595162 12080 -1
1700843272.595162 85 -1
1700843272.595162 2878 -1
1700843272.595162 1173 -1
1700843272.595162 478 -1
1700843272.595162 4434 -1
1700843272.595162 7354 -1
1700843272.595516 54 1
1700843272.595727 4780 -1
1700843272.595763 54 1
1700843272.598281 85 -1
1700843272.598281 461 -1
1700843272.598337 54 1
1700843280.234641 54 1
1700843280.237021 78 -1
1700843280.237021 60 -1
1700843280.237066 54 1
1700843280.436572 66 1
1700843280.439397 66 -1
1700843280.439533 54 1
1700843280.440497 966 1
1700843280.442150 60 -1
1700843280.443081 318 -1
1700843280.443750 134 1
1700843280.444206 146 1
1700843280.445066 585 1
1700843280.445157 224 1
1700843280.445234 221 1
1700843280.445351 220 1
1700843280.445495 231 1
1700843280.445602 221 1
1700843280.445712 223 1
1700843280.445829 219 1
1700843280.450052 60 -1
1700843280.450052 341 -1
1700843280.450052 60 -1
1700843280.450052 115 -1
1700843280.450052 85 -1
1700843280.450161 54 1
1700843280.450750 85 1
1700843280.451612 60 -1
1700843280.451612 60 -1
1700843280.451612 60 -1
1700843280.451612 60 -1
1700843280.451612 60 -1
1700843280.451612 60 -1
1700843280.451612 60 -1
1700843280.451612 60 -1
1700843280.452349 60 -1
1700843280.507302 1170 -1
1700843280.507302 486 -1
1700843280.507302 1198 -1
1700843280.507302 8616 -1
1700843280.507302 1192 -1
1700843280.507302 448 -1
1700843280.507302 452 -1
1700843280.507302 1171 -1
1700843280.507302 486 -1
1700843280.507302 4434 -1
1700843280.507302 5971 -1
1700843280.507302 6148 -1
1700843280.507302 1174 -1
1700843280.507302 484 -1
1700843280.507302 5738 -1
1700843280.507302 1170 -1
1700843280.507302 1514 -1
1700843280.507302 4434 -1
1700843280.507302 5894 -1
1700843280.507302 1514 -1
1700843280.507302 4434 -1
1700843280.507302 1514 -1
1700843280.507648 66 1
1700843280.507728 54 1
1700843280.507843 54 1
1700843280.510034 4367 -1
1700843280.510104 54 1
1700843280.571075 1171 -1
1700843280.571075 484 -1
1700843280.571075 4434 -1
1700843280.571075 5195 -1
1700843280.571226 54 1
1700843280.637397 1174 -1
1700843280.637397 482 -1
1700843280.637491 54 1
1700843280.641001 7354 -1
1700843280.641096 54 1
1700843280.641295 3616 -1
1700843280.641330 54 1
1700843282.185994 228 1
1700843282.187878 221 1
1700843282.188375 221 1
1700843282.190208 60 -1
1700843282.190208 60 -1
1700843282.190208 60 -1
1700843282.193410 219 1
1700843282.194826 60 -1
1700843282.200371 1175 -1
1700843282.200371 480 -1
1700843282.200371 1174 -1
1700843282.200371 482 -1
1700843282.200371 16460 -1
1700843282.200546 54 1
1700843282.201579 7867 -1
1700843282.201645 54 1
1700843282.203484 10174 -1
1700843282.203484 1143 -1
1700843282.203484 523 -1
1700843282.203484 2974 -1
1700843282.203484 6006 -1
1700843282.203622 54 1
1700843282.208962 226 1
1700843282.210693 228 1
1700843282.211859 219 1
1700843282.212806 1175 -1
1700843282.212806 478 -1
1700843282.212806 16460 -1
1700843282.212919 54 1
1700843282.213786 229 1
1700843282.215597 6509 -1
1700843282.215597 60 -1
1700843282.215682 54 1
1700843282.226369 60 -1
1700843282.226369 1173 -1
1700843282.226369 484 -1
1700843282.226369 1514 -1
1700843282.226369 7354 -1
1700843282.226369 7354 -1
1700843282.226369 400 -1
1700843282.226369 85 -1
1700843282.226369 7354 -1
1700843282.226369 1266 -1
1700843282.226369 1605 -1
1700843282.226369 7354 -1
1700843282.226603 54 1
1700843282.226774 1549 -1
1700843282.226774 1168 -1
1700843282.226774 484 -1
1700843282.226774 1173 -1
1700843282.226827 54 1
1700843282.226929 4434 -1
1700843282.226971 54 1
1700843282.227149 2771 -1
1700843282.227178 54 1
1700843282.232607 485 -1
1700843282.232607 5264 -1
1700843282.232680 54 1
1700843283.875100 220 1
1700843283.875716 229 1
1700843283.876259 230 1
1700843283.880001 227 1
1700843283.881257 230 1
1700843283.882015 220 1
1700843283.882475 220 1
1700843283.882627 221 1
1700843283.892728 60 -1
1700843283.892728 60 -1
1700843283.895444 1173 -1
1700843283.895444 481 -1
1700843283.895444 1144 -1
1700843283.895444 521 -1
1700843283.895444 1192 -1
1700843283.895444 446 -1
1700843283.895444 1174 -1
1700843283.895444 484 -1
1700843283.895567 54 1
1700843283.896800 2974 -1
1700843283.896800 4726 -1
1700843283.897054 54 1
1700843283.897122 4434 -1
1700843283.897179 54 1
1700843283.902198 1514 -1
1700843283.902198 5894 -1
1700843283.902198 1660 -1
1700843283.902198 1171 -1
1700843283.902198 1602 -1
1700843283.902198 484 -1
1700843283.902198 4434 -1
1700843283.902198 7354 -1
1700843283.902198 484 -1
1700843283.902198 5413 -1
1700843283.902198 7354 -1
1700843283.902198 1756 -1
1700843283.902198 3055 -1
1700843283.902429 54 1
1700843283.914371 1172 -1
1700843283.914371 484 -1
1700843283.914371 2974 -1
1700843283.914371 5083 -1
1700843283.914501 54 1
1700843285.521533 220 1
1700843285.531021 1168 -1
1700843285.531021 487 -1
1700843285.531021 7354 -1
1700843285.531021 1800 -1
1700843285.531164 54 1
1700843285.537164 219 1
1700843285.538908 220 1
1700843285.538992 220 1
1700843285.539072 220 1
1700843285.540081 89 1
1700843285.540159 220 1
1700843285.540259 219 1
1700843285.540352 222 1
1700843285.542061 60 -1
1700843285.543278 60 -1
1700843285.548401 1193 -1
1700843285.548401 449 -1
1700843285.548401 1173 -1
1700843285.548401 480 -1
1700843285.549196 54 1
1700843285.549300 1170 -1
1700843285.549300 481 -1
1700843285.549300 5083 -1
1700843285.549343 54 1
1700843285.550163 2974 -1
1700843285.550231 54 1
1700843285.550415 6226 -1
1700843285.550471 54 1
1700843285.550774 7354 -1
1700843285.550825 54 1
1700843285.551383 5894 -1
1700843285.551440 54 1
1700843285.551903 3320 -1
1700843285.551943 54 1
1700843285.552180 1881 -1
1700843285.552391 54 1
1700843285.552454 1599 -1
1700843285.552454 5894 -1
1700843285.552501 54 1
1700843285.552905 2581 -1
1700843285.552986 54 1
1700843285.553103 1173 -1
1700843285.553127 54 1
1700843285.553200 489 -1
1700843285.553247 2974 -1
1700843285.553265 54 1
1700843285.553476 3120 -1
1700843285.553499 54 1
1700843285.553729 1169 -1
1700843285.553832 485 -1
1700843285.553852 54 1
1700843285.555013 5516 -1
1700843285.555067 54 1
1700843285.555210 1193 -1
1700843285.555210 451 -1
1700843285.555210 5706 -1
1700843285.555248 54 1
1700843287.639454 54 1
