1700848870.252550 66 1
1700848870.254928 66 -1
1700848870.255022 54 1
1700848870.288630 631 1
1700848870.293066 60 -1
1700848870.300943 2778 -1
1700848870.301061 54 1
1700848870.399961 134 1
1700848870.400663 146 1
1700848870.400954 589 1
1700848870.402403 60 -1
1700848870.402403 60 -1
1700848870.402403 60 -1
1700848870.402908 341 -1
1700848870.402908 341 -1
1700848870.402970 54 1
1700848870.404948 115 -1
1700848870.404948 85 -1
1700848870.405019 54 1
1700848870.405493 85 1
1700848870.406420 60 -1
1700848870.406840 860 -1
1700848870.406840 4434 -1
1700848870.406934 54 1
1700848870.406993 2406 -1
1700848870.407022 54 1
1700848870.632350 234 1
1700848870.637006 60 -1
1700848870.639997 2974 -1
1700848870.639997 933 -1
1700848870.639997 7354 -1
1700848870.640087 66 1
1700848870.640160 54 1
1700848870.640219 54 1
1700848870.642672 6240 -1
1700848870.642723 54 1
1700848870.643771 3414 -1
1700848870.643811 54 1
1700848870.677966 66 1
1700848870.678424 66 1
1700848870.678921 66 1
1700848870.684282 66 -1
1700848870.684812 66 -1
1700848870.684957 54 1
1700848870.685211 54 1
1700848870.686394 230 1
1700848870.686501 228 1
1700848870.686596 232 1
1700848870.686676 230 1
1700848870.686800 229 1
1700848870.686906 232 1
1700848870.687029 232 1
1700848870.698917 66 -1
1700848870.699039 54 1
1700848870.703925 599 1
1700848870.704938 663 1
1700848870.708177 60 -1
1700848870.714767 2974 -1
1700848870.714809 54 1
1700848870.714940 958 -1
1700848870.725079 599 1
1700848870.737221 60 -1
1700848870.745117 2974 -1
1700848870.745183 54 1
1700848870.745253 958 -1
1700848870.750473 60 -1
1700848870.750473 1514 -1
1700848870.750473 1514 -1
1700848870.750473 957 -1
1700848870.751192 54 1
1700848870.752113 60 -1
1700848870.752113 60 -1
1700848870.752113 930 -1
1700848870.752113 5894 -1
1700848870.752113 6277 -1
1700848870.752113 822 -1
1700848870.752113 978 -1
1700848870.752113 7059 -1
1700848870.752113 2974 -1
1700848870.752113 7354 -1
1700848870.752113 5025 -1
1700848870.752113 7354 -1
1700848870.752113 7354 -1
1700848870.752113 2974 -1
1700848870.752113 7354 -1
1700848870.752113 7354 -1
1700848870.752113 2974 -1
1700848870.752113 7354 -1
1700848870.752113 7354 -1
1700848870.752113 2974 -1
1700848870.752113 4434 -1
1700848870.752113 1656 -1
1700848870.752113 196 -1
1700848870.752615 66 1
1700848870.792989 54 1
1700848870.821065 54 1
1700848870.821106 54 1
1700848870.867043 134 1
1700848870.868666 134 1
1700848870.869396 134 1
1700848870.873073 60 -1
1700848870.873073 341 -1
1700848870.873073 341 -1
1700848870.873143 54 1
1700848870.873385 60 -1
1700848870.873385 341 -1
1700848870.873385 341 -1
1700848870.873428 54 1
1700848870.889248 60 -1
1700848870.889248 341 -1
1700848870.889248 341 -1
1700848870.889366 54 1
1700848870.936955 54 1
1700848870.937270 54 1
1700848870.951380 146 1
1700848870.951976 78 -1
1700848870.951976 93 -1
1700848870.951976 60 -1
1700848870.952045 66 1
1700848870.952052 93 -1
1700848870.952117 54 1
1700848870.952119 54 1
1700848870.952320 78 -1
1700848870.952320 60 -1
1700848870.974466 558 1
1700848870.974645 228 1
1700848870.974765 229 1
1700848870.980596 60 -1
1700848870.980596 60 -1
1700848870.980596 60 -1
1700848870.980596 60 -1
1700848870.987643 115 -1
1700848870.987643 85 -1
1700848870.987643 1109 -1
1700848870.987643 537 -1
1700848870.987643 1234 -1
1700848870.987643 395 -1
1700848870.987643 1602 -1
1700848870.987766 54 1
1700848870.989309 5894 -1
1700848870.989363 54 1
1700848870.990553 1514 -1
1700848870.990553 7354 -1
1700848870.990613 54 1
1700848870.990702 7354 -1
1700848870.990741 54 1
1700848870.991776 7354 -1
1700848870.991832 54 1
1700848870.999559 7354 -1
1700848870.999559 7354 -1
1700848870.999559 7354 -1
1700848870.999559 1514 -1
1700848870.999559 7354 -1
1700848870.999559 1514 -1
1700848870.999559 7354 -1
1700848870.999559 4434 -1
1700848870.999559 7354 -1
1700848870.999559 2974 -1
1700848870.999559 7354 -1
1700848870.999559 2974 -1
1700848870.999559 7354 -1
1700848870.999892 54 1
1700848871.017405 7354 -1
1700848871.017405 7354 -1
1700848871.017405 1514 -1
1700848871.017405 5894 -1
1700848871.017405 1514 -1
1700848871.017405 1514 -1
1700848871.017405 2057 -1
1700848871.017665 54 1
1700848871.052902 54 1
1700848871.067432 85 1
1700848871.081081 60 -1
1700848871.151890 66 1
1700848871.155199 66 -1
1700848871.155326 54 1
1700848871.155921 663 1
1700848871.160836 60 -1
1700848871.172703 2974 -1
1700848871.172703 958 -1
1700848871.172774 54 1
1700848871.185023 134 1
1700848871.185546 146 1
1700848871.185887 563 1
1700848871.188216 60 -1
1700848871.188216 341 -1
1700848871.188216 341 -1
1700848871.188299 54 1
1700848871.190996 60 -1
1700848871.190996 60 -1
1700848871.192404 115 -1
1700848871.192404 85 -1
1700848871.192404 1116 -1
1700848871.192404 5275 -1
1700848871.192488 54 1
1700848871.193445 85 1
1700848871.201097 60 -1
1700848876.760014 54 1
1700848876.760476 54 1
1700848876.761184 54 1
1700848876.781055 78 -1
1700848876.781055 60 -1
1700848876.781142 54 1
1700848876.782344 78 -1
1700848876.782344 60 -1
1700848876.782344 78 -1
1700848876.782344 60 -1
1700848876.782344 60 -1
1700848876.782861 54 1
1700848876.782916 54 1
1700848878.198146 66 1
1700848878.205317 66 -1
1700848878.205455 54 1
1700848878.227875 870 1
1700848878.237063 60 -1
1700848878.237063 318 -1
1700848878.243251 134 1
1700848878.245901 60 -1
1700848878.245901 341 -1
1700848878.252054 146 1
1700848878.253255 60 -1
1700848878.253255 115 -1
1700848878.253255 85 -1
1700848878.253305 54 1
1700848878.273702 587 1
1700848878.273828 232 1
1700848878.273916 231 1
1700848878.274009 235 1
1700848878.274096 230 1
1700848878.283461 85 1
1700848878.293357 60 -1
1700848878.293357 60 -1
1700848878.293357 60 -1
1700848878.293357 60 -1
1700848878.293357 60 -1
1700848878.293357 911 -1
1700848878.293357 7354 -1
1700848878.293357 6901 -1
1700848878.293357 7354 -1
1700848878.293357 7354 -1
1700848878.293357 7354 -1
1700848878.293357 7354 -1
1700848878.293357 7354 -1
1700848878.293357 5217 -1
1700848878.293598 54 1
1700848878.334289 60 -1
1700848883.488532 229 1
1700848883.488678 231 1
1700848883.488762 230 1
1700848883.488848 232 1
1700848883.490234 60 -1
1700848883.490234 60 -1
1700848883.490234 60 -1
1700848883.490234 60 -1
1700848883.492987 229 1
1700848883.493120 235 1
1700848883.493223 234 1
1700848883.497335 1106 -1
1700848883.497335 655 -1
1700848883.497335 980 -1
1700848883.497335 808 -1
1700848883.497335 11734 -1
1700848883.497335 7354 -1
1700848883.497335 4434 -1
1700848883.497335 7354 -1
1700848883.497335 4434 -1
1700848883.497335 7354 -1
1700848883.497335 4434 -1
1700848883.497335 7354 -1
1700848883.497335 4434 -1
1700848883.497582 54 1
1700848883.497965 407 -1
1700848883.497965 60 -1
1700848883.500070 60 -1
1700848883.500070 1059 -1
1700848883.500070 717 -1
1700848883.500070 7354 -1
1700848883.500136 54 1
1700848883.500379 6163 -1
1700848883.500405 54 1
1700848883.501901 1056 -1
1700848883.501901 724 -1
1700848883.501901 7354 -1
1700848883.501959 54 1
1700848883.502163 89 1
1700848883.502457 7354 -1
1700848883.502497 54 1
1700848883.504460 1575 -1
1700848883.504460 1055 -1
1700848883.504460 730 -1
1700848883.504460 6002 -1
1700848883.504460 60 -1
1700848883.504531 54 1
1700848886.757922 54 1
1700848886.760628 78 -1
1700848886.760628 60 -1
1700848886.760711 54 1
1700848887.377282 66 1
1700848887.378606 66 -1
1700848887.378734 54 1
1700848887.381082 934 1
1700848887.383929 60 -1
1700848887.383929 318 -1
1700848887.385369 134 1
1700848887.386058 146 1
1700848887.394351 60 -1
1700848887.394446 60 -1
1700848887.394446 341 -1
1700848887.394446 115 -1
1700848887.394446 85 -1
1700848887.394495 54 1
1700848887.394556 584 1
1700848887.394678 231 1
1700848887.395016 230 1
1700848887.395104 230 1
1700848887.395179 222 1
1700848887.395255 230 1
1700848887.395369 230 1
1700848887.395863 85 1
1700848887.398612 60 -1
1700848887.398612 60 -1
1700848887.398612 60 -1
1700848887.398612 60 -1
1700848887.398612 60 -1
1700848887.398612 60 -1
1700848887.398612 60 -1
1700848887.399965 60 -1
1700848887.399965 982 -1
1700848887.399965 808 -1
1700848887.399965 5040 -1
1700848887.400059 54 1
1700848887.404220 986 -1
1700848887.404220 805 -1
1700848887.404220 956 -1
1700848887.404220 840 -1
1700848887.404220 981 -1
1700848887.404220 809 -1
1700848887.404220 10274 -1
1700848887.404220 6240 -1
1700848887.404220 85 -1
1700848887.404220 7354 -1
1700848887.404220 7354 -1
1700848887.404220 3618 -1
1700848887.404220 7354 -1
1700848887.404503 54 1
1700848887.414502 990 -1
1700848887.414502 2974 -1
1700848887.414502 7354 -1
1700848887.414502 7354 -1
1700848887.414502 2974 -1
1700848887.414502 1514 -1
1700848887.414787 54 1
1700848887.415528 7354 -1
1700848887.415564 54 1
1700848887.416457 7354 -1
1700848887.416485 54 1
1700848887.416532 7354 -1
1700848887.416575 54 1
1700848887.417100 5820 -1
1700848887.417128 54 1
1700848891.174664 230 1
1700848891.177407 230 1
1700848891.177485 231 1
1700848891.177547 231 1
1700848891.177627 231 1
1700848891.177876 231 1
1700848891.177946 230 1
1700848891.206235 60 -1
1700848891.206235 60 -1
1700848891.206235 60 -1
1700848891.206235 60 -1
1700848891.206235 60 -1
1700848891.206235 60 -1
1700848891.206235 60 -1
1700848891.206235 1055 -1
1700848891.206235 728 -1
1700848891.206235 1057 -1
1700848891.206235 7354 -1
1700848891.206235 8676 -1
1700848891.206235 1402 -1
1700848891.206235 7354 -1
1700848891.206423 54 1
1700848891.206664 6557 -1
1700848891.206720 54 1
1700848891.208784 1086 -1
1700848891.208784 7354 -1
1700848891.208784 1594 -1
1700848891.208784 7354 -1
1700848891.208784 744 -1
1700848891.208784 1057 -1
1700848891.208784 727 -1
1700848891.208953 54 1
1700848891.209567 1058 -1
1700848891.209567 727 -1
1700848891.209567 4434 -1
1700848891.209567 6581 -1
1700848891.209657 54 1
1700848891.211117 7354 -1
1700848891.211117 5699 -1
1700848891.211206 54 1
1700848891.228942 1076 -1
1700848891.228942 694 -1
1700848891.228942 7354 -1
1700848891.228942 7354 -1
1700848891.228942 1860 -1
1700848891.228942 85 -1
1700848891.228942 6972 -1
1700848891.229115 54 1
1700848891.230557 1132 -1
1700848891.230599 66 1
1700848892.836912 229 1
1700848892.841512 1058 -1
1700848892.841512 725 -1
1700848892.841512 7354 -1
1700848892.841641 54 1
1700848892.841745 231 1
1700848892.842074 7354 -1
1700848892.842132 54 1
1700848892.842680 1860 -1
1700848892.842680 7354 -1
1700848892.842847 232 1
1700848892.842893 54 1
1700848892.843261 231 1
1700848892.843461 4957 -1
1700848892.843498 54 1
1700848892.845485 60 -1
1700848892.846428 230 1
1700848892.847482 89 1
1700848892.847891 229 1
1700848892.850262 981 -1
1700848892.850262 809 -1
1700848892.850262 1054 -1
1700848892.850262 727 -1
1700848892.850325 54 1
1700848892.852419 7354 -1
1700848892.852496 54 1
1700848892.852895 7217 -1
1700848892.853108 54 1
1700848892.853990 7354 -1
1700848892.854037 54 1
1700848892.855022 768 -1
1700848892.855022 1727 -1
1700848892.855022 7354 -1
1700848892.855087 54 1
1700848892.855985 1236 -1
1700848892.855985 1033 -1
1700848892.855985 735 -1
1700848892.855985 1514 -1
1700848892.855985 1514 -1
1700848892.855985 12005 -1
1700848892.856490 54 1
1700848892.857089 1054 -1
1700848892.857089 730 -1
1700848892.857089 6447 -1
1700848892.857163 54 1
1700848894.472028 231 1
1700848894.472154 230 1
1700848894.472801 229 1
1700848894.473646 222 1
1700848894.474405 231 1
1700848894.475101 230 1
1700848894.476090 60 -1
1700848894.476964 60 -1
1700848894.487872 1002 -1
1700848894.487872 812 -1
1700848894.487872 7354 -1
1700848894.487872 1731 -1
1700848894.487872 983 -1
1700848894.487872 5725 -1
1700848894.487872 1708 -1
1700848894.487872 983 -1
1700848894.487872 799 -1
1700848894.487872 6668 -1
1700848894.487872 2974 -1
1700848894.487872 7354 -1
1700848894.487872 6240 -1
1700848894.487872 5894 -1
1700848894.487872 3230 -1
1700848894.487872 7354 -1
1700848894.487872 1695 -1
1700848894.487872 1053 -1
1700848894.487872 729 -1
1700848894.487872 7101 -1
1700848894.499686 54 1
1700848894.500020 1261 -1
1700848894.500049 66 1
1700848896.110617 234 1
1700848896.110913 232 1
1700848896.112223 230 1
1700848896.113406 258 1
1700848896.113475 60 -1
1700848896.113545 229 1
1700848896.115123 60 -1
1700848896.119233 984 -1
1700848896.119233 804 -1
1700848896.119233 7354 -1
1700848896.119233 3565 -1
1700848896.119233 7354 -1
1700848896.119313 54 1
1700848896.120139 7354 -1
1700848896.120173 54 1
1700848896.121436 4356 -1
1700848896.121436 7354 -1
1700848896.121499 54 1
1700848896.121899 7354 -1
1700848896.121930 54 1
1700848896.130511 7354 -1
1700848896.130511 7354 -1
1700848896.130511 3728 -1
1700848896.130511 7354 -1
1700848896.130511 7354 -1
1700848896.130511 14654 -1
1700848896.130511 7354 -1
1700848896.130511 7354 -1
1700848896.131053 54 1
1700848896.132138 7354 -1
1700848896.132138 7354 -1
1700848896.132138 7354 -1
1700848896.132138 7354 -1
1700848896.132138 7354 -1
1700848896.132138 7354 -1
1700848896.132138 4434 -1
1700848896.132138 7354 -1
1700848896.132656 54 1
1700848896.132949 7354 -1
1700848896.132949 7354 -1
1700848896.133052 54 1
1700848896.135508 54 1
1700848896.136351 7354 -1
1700848896.136351 7354 -1
1700848896.136351 5894 -1
1700848896.136351 14654 -1
1700848896.136492 54 1
1700848896.136558 7354 -1
1700848896.136587 54 1
1700848896.136606 54 1
1700848896.142639 36554 -1
1700848896.142639 7354 -1
1700848896.142639 7354 -1
1700848896.142639 7354 -1
1700848896.142639 5894 -1
1700848896.142639 7354 -1
1700848896.143529 54 1
1700848896.143601 7354 -1
1700848896.143642 54 1
1700848896.143748 7354 -1
1700848896.143805 54 1
1700848896.144036 54 1
1700848896.144581 7354 -1
1700848896.144615 54 1
1700848896.144909 7354 -1
1700848896.144940 54 1
1700848896.145373 7354 -1
1700848896.145452 54 1
1700848896.146150 7354 -1
1700848896.146202 54 1
1700848896.146979 7354 -1
1700848896.147019 54 1
1700848896.148237 5894 -1
1700848896.148237 1440 -1
1700848896.148294 54 1
1700848896.757268 54 1
1700848896.776066 78 -1
1700848896.776066 60 -1
1700848896.776170 54 1
1700848900.742204 66 1
1700848900.743170 66 -1
1700848900.743242 54 1
1700848900.744997 902 1
1700848900.745992 60 -1
1700848900.746460 318 -1
1700848900.746979 134 1
1700848900.747876 146 1
1700848900.748006 60 -1
1700848900.748121 341 -1
1700848900.748785 60 -1
1700848900.748867 589 1
1700848900.748961 232 1
1700848900.749024 231 1
1700848900.749028 115 -1
1700848900.749054 85 -1
1700848900.749073 54 1
1700848900.749091 230 1
1700848900.749183 230 1
1700848900.749276 228 1
1700848900.749963 85 1
1700848900.750077 60 -1
1700848900.750077 60 -1
1700848900.750077 60 -1
1700848900.750077 60 -1
1700848900.750077 60 -1
1700848900.750180 60 -1
1700848900.750924 60 -1
1700848900.756317 1089 -1
1700848900.756317 678 -1
1700848900.756317 1056 -1
1700848900.756317 5327 -1
1700848900.756317 724 -1
1700848900.756317 1057 -1
1700848900.756317 11034 -1
1700848900.756429 54 1
1700848900.757061 10580 -1
1700848900.757120 54 1
1700848900.757323 1056 -1
1700848900.757347 54 1
1700848900.757448 725 -1
1700848900.757448 7354 -1
1700848900.757502 54 1
1700848900.763698 7354 -1
1700848900.763698 1860 -1
1700848900.763698 85 -1
1700848900.763698 590 -1
1700848900.763698 960 -1
1700848900.763698 839 -1
1700848900.763698 4434 -1
1700848900.763698 14915 -1
1700848900.763914 54 1
1700848902.420447 231 1
1700848902.423375 60 -1
1700848902.424143 1081 -1
1700848902.424143 689 -1
1700848902.424143 7354 -1
1700848902.424242 54 1
1700848902.442199 3676 -1
1700848902.442199 756 -1
1700848902.442323 66 1
1700848902.443948 229 1
1700848902.447790 229 1
1700848902.448256 235 1
1700848902.449032 1057 -1
1700848902.449032 724 -1
1700848902.449087 54 1
1700848902.450638 7354 -1
1700848902.450699 54 1
1700848902.451073 7354 -1
1700848902.451122 54 1
1700848902.451625 238 -1
1700848902.453147 234 1
1700848902.453565 958 -1
1700848902.453565 842 -1
1700848902.453619 54 1
1700848902.453719 7354 -1
1700848902.453779 54 1
1700848902.454372 1614 -1
1700848902.454407 54 1
1700848902.456511 1055 -1
1700848902.456511 725 -1
1700848902.456573 54 1
1700848902.456804 2974 -1
1700848902.456843 54 1
1700848902.456972 7354 -1
1700848902.457007 54 1
1700848902.457453 6240 -1
1700848902.457480 54 1
1700848902.457992 85 -1
1700848902.457992 1158 -1
1700848902.458015 54 1
1700848902.458443 1053 -1
1700848902.458443 729 -1
1700848902.458443 8109 -1
1700848902.458501 54 1
1700848904.054614 221 1
1700848904.054725 232 1
1700848904.055076 230 1
1700848904.056421 60 -1
1700848904.058424 234 1
1700848904.058578 231 1
1700848904.071784 231 1
1700848904.071919 230 1
1700848904.078588 1107 -1
1700848904.078588 656 -1
1700848904.078588 981 -1
1700848904.078588 811 -1
1700848904.078588 16460 -1
1700848904.078588 85 -1
1700848904.078588 2805 -1
1700848904.078588 2974 -1
1700848904.078588 3330 -1
1700848904.078588 410 -1
1700848904.078817 66 1
1700848904.079165 60 -1
1700848904.082352 1054 -1
1700848904.082352 727 -1
1700848904.082352 9910 -1
1700848904.082449 54 1
1700848904.083350 1087 -1
1700848904.083350 686 -1
1700848904.083350 7354 -1
1700848904.083417 54 1
1700848904.086130 520 -1
1700848904.086130 981 -1
1700848904.086130 810 -1
1700848904.086130 7354 -1
1700848904.086130 1790 -1
1700848904.086249 54 1
1700848904.119471 973 -1
1700848904.119471 854 -1
1700848904.119471 7354 -1
1700848904.119471 2185 -1
1700848904.119471 1055 -1
1700848904.119471 723 -1
1700848904.119471 7850 -1
1700848904.119632 54 1
1700848904.125798 550 -1
1700848904.125860 66 1
1700848905.720432 235 1
1700848905.720562 232 1
1700848905.720640 229 1
1700848905.720728 232 1
1700848905.733211 60 -1
1700848905.733211 982 -1
1700848905.733211 806 -1
1700848905.733211 983 -1
1700848905.733211 14654 -1
1700848905.733211 1004 -1
1700848905.733211 805 -1
1700848905.733211 1113 -1
1700848905.733211 9979 -1
1700848905.733211 7354 -1
1700848905.733211 4982 -1
1700848905.733469 54 1
1700848905.736349 602 -1
1700848905.736399 66 1
1700848905.737044 982 -1
1700848905.737044 810 -1
1700848905.737085 54 1
1700848905.737149 5900 -1
1700848905.737185 54 1
1700848905.749848 228 1
1700848905.750314 231 1
1700848905.752072 60 -1
1700848905.752640 89 1
1700848905.755524 1056 -1
1700848905.755595 728 -1
1700848905.755613 54 1
1700848905.755785 7354 -1
1700848905.755825 54 1
1700848905.756359 1022 -1
1700848905.756412 54 1
1700848905.756525 1054 -1
1700848905.756525 725 -1
1700848905.756525 7354 -1
1700848905.756591 54 1
1700848905.757100 7354 -1
1700848905.757151 54 1
1700848905.757705 1860 -1
1700848905.757733 54 1
1700848905.758029 1741 -1
1700848905.758061 54 1
1700848906.776964 54 1
1700848906.781097 78 -1
1700848906.781097 60 -1
1700848906.781149 54 1
1700848907.389321 66 1
1700848907.392425 66 -1
1700848907.392565 54 1
1700848907.397985 870 1
1700848907.421101 60 -1
1700848907.421101 318 -1
1700848907.424343 134 1
1700848907.424756 146 1
1700848907.426017 584 1
1700848907.426153 230 1
1700848907.426263 230 1
1700848907.426367 232 1
1700848907.426447 230 1
1700848907.426561 230 1
1700848907.426659 223 1
1700848907.430441 60 -1
1700848907.430441 60 -1
1700848907.430441 341 -1
1700848907.430441 115 -1
1700848907.430441 85 -1
1700848907.430441 60 -1
1700848907.430441 60 -1
1700848907.430441 60 -1
1700848907.430441 60 -1
1700848907.430441 60 -1
1700848907.430441 60 -1
1700848907.430441 60 -1
1700848907.430587 54 1
1700848907.432559 85 1
1700848907.433776 1054 -1
1700848907.433776 725 -1
1700848907.433776 1056 -1
1700848907.433776 2974 -1
1700848907.433776 7354 -1
1700848907.433776 66 -1
1700848907.433776 7354 -1
1700848907.433776 6004 -1
1700848907.433776 3401 -1
1700848907.433776 7354 -1
1700848907.433984 54 1
1700848907.441258 2223 -1
1700848907.441258 1514 -1
1700848907.441258 7354 -1
1700848907.441258 1896 -1
1700848907.441258 7354 -1
1700848907.441258 1514 -1
1700848907.441258 1514 -1
1700848907.441258 4434 -1
1700848907.441258 60 -1
1700848907.441458 54 1
1700848907.444222 7354 -1
1700848907.444222 5842 -1
1700848907.444346 54 1
1700848907.447953 1057 -1
1700848907.447953 725 -1
1700848907.447953 16460 -1
1700848907.448101 54 1
1700848907.449496 85 -1
1700848907.449496 4007 -1
1700848907.449541 54 1
1700848912.964291 228 1
1700848912.969291 230 1
1700848912.969978 60 -1
1700848912.971164 60 -1
1700848912.976168 231 1
1700848912.978882 60 -1
1700848912.979531 66 1
1700848912.979592 1152 -1
1700848912.979592 597 -1
1700848912.979592 14654 -1
1700848912.979709 54 1
1700848912.980569 787 -1
1700848912.981563 89 1
1700848912.981790 1071 -1
1700848912.981790 698 -1
1700848912.981790 7668 -1
1700848912.981790 66 -1
1700848912.981866 54 1
1700848912.984222 54 1
1700848912.988888 966 1
1700848912.994572 60 -1
1700848912.994572 318 -1
1700848912.994572 1056 -1
1700848912.994572 731 -1
1700848912.994572 7186 -1
1700848912.994704 54 1
1700848913.005614 134 1
1700848913.006187 146 1
1700848913.006513 583 1
1700848913.010173 60 -1
1700848913.010173 341 -1
1700848913.011087 60 -1
1700848913.011087 60 -1
1700848913.013492 115 -1
1700848913.013492 85 -1
1700848913.013558 54 1
1700848913.025363 1172 -1
1700848913.025363 487 -1
1700848913.025438 54 1
1700848913.025892 6769 -1
1700848913.025936 54 1
1700848913.028101 85 1
1700848913.031095 60 -1
1700848914.553463 231 1
1700848914.554665 60 -1
1700848914.555396 229 1
1700848914.557934 231 1
1700848914.558923 231 1
1700848914.566064 226 1
1700848914.566772 60 -1
1700848914.566772 1010 -1
1700848914.566772 773 -1
1700848914.566772 7354 -1
1700848914.566772 3227 -1
1700848914.566772 1023 -1
1700848914.566772 769 -1
1700848914.566772 7354 -1
1700848914.566772 2549 -1
1700848914.566772 1106 -1
1700848914.566772 654 -1
1700848914.566979 54 1
1700848914.567322 7354 -1
1700848914.567322 3670 -1
1700848914.567376 54 1
1700848914.568053 60 -1
1700848914.599128 1192 -1
1700848914.599128 453 -1
1700848914.599128 1182 -1
1700848914.599128 471 -1
1700848914.599128 5239 -1
1700848914.599128 7354 -1
1700848914.599128 2791 -1
1700848914.599314 54 1
1700848916.246661 229 1
1700848916.246785 228 1
1700848916.247147 234 1
1700848916.249224 60 -1
1700848916.249884 227 1
1700848916.250039 227 1
1700848916.250132 229 1
1700848916.250598 227 1
1700848916.251074 1053 -1
1700848916.251074 731 -1
1700848916.251074 6167 -1
1700848916.251163 54 1
1700848916.251641 60 -1
1700848916.251763 220 1
1700848916.258424 60 -1
1700848916.260576 1196 -1
1700848916.260576 443 -1
1700848916.260658 54 1
1700848916.268313 1175 -1
1700848916.268313 480 -1
1700848916.268313 5275 -1
1700848916.268313 7354 -1
1700848916.268313 2068 -1
1700848916.268313 1197 -1
1700848916.268313 1565 -1
1700848916.268313 482 -1
1700848916.268313 7354 -1
1700848916.268313 6664 -1
1700848916.268313 3234 -1
1700848916.268313 1196 -1
1700848916.268313 446 -1
1700848916.268564 54 1
1700848916.268682 7354 -1
1700848916.268721 54 1
1700848916.279899 3355 -1
1700848916.279899 1172 -1
1700848916.279899 484 -1
1700848916.279899 1176 -1
1700848916.279899 478 -1
1700848916.279899 7354 -1
1700848916.279899 7354 -1
1700848916.279899 117 -1
1700848916.279899 8654 -1
1700848916.280072 54 1
1700848916.802518 54 1
1700848916.803282 54 1
1700848916.808960 78 -1
1700848916.808960 60 -1
1700848916.809201 54 1
1700848916.821614 78 -1
1700848916.821614 60 -1
1700848916.821705 54 1
1700848917.938736 66 1
1700848917.939752 66 -1
1700848917.939840 54 1
1700848917.940287 966 1
1700848917.941563 60 -1
1700848917.942396 318 -1
1700848917.942947 134 1
1700848917.943325 146 1
1700848917.944102 60 -1
1700848917.944126 579 1
1700848917.944213 229 1
1700848917.944301 228 1
1700848917.944373 228 1
1700848917.944444 226 1
1700848917.944509 230 1
1700848917.944522 341 -1
1700848917.944522 60 -1
1700848917.944522 115 -1
1700848917.944522 85 -1
1700848917.944589 54 1
1700848917.944607 229 1
1700848917.944679 228 1
1700848917.945060 85 1
1700848917.945117 60 -1
1700848917.945194 60 -1
1700848917.945194 60 -1
1700848917.945460 60 -1
1700848917.945460 60 -1
1700848917.945902 60 -1
1700848917.945902 60 -1
1700848917.945902 60 -1
1700848917.946351 60 -1
1700848917.951433 1173 -1
1700848917.951433 1630 -1
1700848917.951524 54 1
1700848917.951616 443 -1
1700848917.951616 5497 -1
1700848917.951659 54 1
1700848917.951896 1514 -1
1700848917.952039 7354 -1
1700848917.952068 54 1
1700848917.952637 1453 -1
1700848917.956176 1175 -1
1700848917.956176 1194 -1
1700848917.956176 451 -1
1700848917.956176 477 -1
1700848917.956176 7108 -1
1700848917.956301 54 1
1700848917.959287 1203 -1
1700848917.959287 439 -1
1700848917.959287 7354 -1
1700848917.959287 2310 -1
1700848917.959406 54 1
1700848917.960834 461 -1
1700848917.960834 1192 -1
1700848917.960834 7354 -1
1700848917.960924 66 1
1700848917.960975 54 1
1700848917.960999 54 1
1700848917.962349 3871 -1
1700848917.962349 1172 -1
1700848917.962349 484 -1
1700848917.962349 5431 -1
1700848917.962349 1171 -1
1700848917.962349 486 -1
1700848917.962448 54 1
1700848917.964187 5638 -1
1700848917.964261 54 1
1700848917.970653 3374 -1
1700848917.970756 54 1
1700848917.977219 454 -1
1700848917.977277 66 1
1700848920.542162 226 1
1700848920.542268 227 1
1700848920.542358 228 1
1700848920.542471 231 1
1700848920.542569 228 1
1700848920.542660 227 1
1700848920.542749 229 1
1700848920.542851 231 1
1700848920.548148 60 -1
1700848920.548148 60 -1
1700848920.548148 60 -1
1700848920.548148 60 -1
1700848920.548148 60 -1
1700848920.548148 60 -1
1700848920.548148 60 -1
1700848920.548148 60 -1
1700848920.565613 1201 -1
1700848920.565613 438 -1
1700848920.565727 54 1
1700848920.567171 7354 -1
1700848920.567171 4681 -1
1700848920.567238 54 1
1700848920.567665 1196 -1
1700848920.567665 450 -1
1700848920.567708 54 1
1700848920.568610 1169 -1
1700848920.568610 489 -1
1700848920.568641 54 1
1700848920.568791 1172 -1
1700848920.568791 484 -1
1700848920.568825 54 1
1700848920.574450 2974 -1
1700848920.574450 1775 -1
1700848920.574450 8386 -1
1700848920.574450 10274 -1
1700848920.574450 901 -1
1700848920.574450 1196 -1
1700848920.574450 446 -1
1700848920.574450 1177 -1
1700848920.574450 2974 -1
1700848920.574450 7401 -1
1700848920.574699 54 1
1700848920.574779 473 -1
1700848920.581459 7354 -1
1700848920.581459 5431 -1
1700848920.581581 54 1
1700848920.590749 1196 -1
1700848920.590749 449 -1
1700848920.590850 54 1
1700848920.591401 7354 -1
1700848920.591458 54 1
1700848920.592113 7431 -1
1700848920.592144 54 1
1700848920.592716 1177 -1
1700848920.592716 478 -1
1700848920.592745 54 1
1700848920.599592 7354 -1
1700848920.599711 54 1
1700848920.600156 3693 -1
1700848920.600191 54 1
1700848920.613610 773 -1
1700848920.613658 66 1
1700848925.386977 230 1
1700848925.394038 226 1
1700848925.394168 231 1
1700848925.394262 230 1
1700848925.395166 227 1
1700848925.395248 224 1
1700848925.395542 226 1
1700848925.395657 231 1
1700848925.397264 60 -1
1700848925.400976 60 -1
1700848925.422143 1191 -1
1700848925.422143 452 -1
1700848925.422143 1171 -1
1700848925.422143 483 -1
1700848925.422264 54 1
1700848925.422338 1231 -1
1700848925.422338 7354 -1
1700848925.422388 54 1
1700848925.422703 2242 -1
1700848925.422755 54 1
1700848925.423151 7354 -1
1700848925.423178 54 1
1700848925.423562 5873 -1
1700848925.423600 54 1
1700848925.423978 394 -1
1700848925.424002 54 1
1700848925.424044 1199 -1
1700848925.424090 450 -1
1700848925.424106 54 1
1700848925.424140 1195 -1
1700848925.424231 455 -1
1700848925.424249 54 1
1700848925.424277 1172 -1
1700848925.424572 7354 -1
1700848925.424607 54 1
1700848925.425892 7354 -1
1700848925.425892 1860 -1
1700848925.425892 1198 -1
1700848925.425892 486 -1
1700848925.425892 7354 -1
1700848925.426157 54 1
1700848925.426480 1703 -1
1700848925.426510 54 1
1700848925.426682 9103 -1
1700848925.426723 54 1
1700848925.428534 89 1
1700848925.431528 6473 -1
1700848925.431631 54 1
1700848925.431798 1204 -1
1700848925.431837 54 1
1700848925.432255 440 -1
1700848925.439585 1173 -1
1700848925.439585 479 -1
1700848925.439585 7354 -1
1700848925.439710 54 1
1700848925.439899 6119 -1
1700848925.439960 54 1
1700848925.443183 5826 -1
1700848925.443265 54 1
1700848926.808882 54 1
1700848926.813270 78 -1
1700848926.813348 54 1
1700848926.813440 60 -1
1700848927.046658 66 1
1700848927.048323 66 -1
1700848927.049195 54 1
1700848927.050119 870 1
1700848927.057818 60 -1
1700848927.057818 318 -1
1700848927.058611 134 1
1700848927.059152 146 1
1700848927.060127 583 1
1700848927.060213 227 1
1700848927.060324 228 1
1700848927.060459 230 1
1700848927.060565 229 1
1700848927.060656 227 1
1700848927.060759 229 1
1700848927.060912 229 1
1700848927.087605 60 -1
1700848927.087605 60 -1
1700848927.087605 60 -1
1700848927.087605 60 -1
1700848927.087605 60 -1
1700848927.087605 60 -1
1700848927.087605 60 -1
1700848927.087605 60 -1
1700848927.087605 60 -1
1700848927.087605 60 -1
1700848927.087605 341 -1
1700848927.087605 115 -1
1700848927.087605 85 -1
1700848927.087605 1193 -1
1700848927.087605 448 -1
1700848927.087605 1172 -1
1700848927.087605 484 -1
1700848927.087605 7354 -1
1700848927.087605 1749 -1
1700848927.087605 1172 -1
1700848927.087605 1607 -1
1700848927.087605 5797 -1
1700848927.087605 486 -1
1700848927.087605 7354 -1
1700848927.087885 54 1
1700848927.087992 5148 -1
1700848927.088035 54 1
1700848927.088211 5497 -1
1700848927.088257 54 1
1700848927.089359 1514 -1
1700848927.089359 2974 -1
1700848927.089359 4977 -1
1700848927.089404 54 1
1700848927.089477 85 1
1700848927.090558 60 -1
1700848927.103803 1199 -1
1700848927.103803 439 -1
1700848927.103907 54 1
1700848927.107512 1514 -1
1700848927.107512 7354 -1
1700848927.107512 1525 -1
1700848927.107616 54 1
1700848927.113238 1177 -1
1700848927.113238 477 -1
1700848927.113336 54 1
1700848927.113708 1177 -1
1700848927.113777 480 -1
1700848927.113802 54 1
1700848927.126782 1514 -1
1700848927.126782 1514 -1
1700848927.126782 13116 -1
1700848927.126782 7354 -1
1700848927.126782 3298 -1
1700848927.127738 54 1
1700848928.705353 232 1
1700848928.705477 230 1
1700848928.705570 220 1
1700848928.706138 227 1
1700848928.706229 234 1
1700848928.706321 220 1
1700848928.706407 228 1
1700848928.706515 227 1
1700848928.709216 60 -1
1700848928.709216 60 -1
1700848928.709216 60 -1
1700848928.709216 60 -1
1700848928.709216 60 -1
1700848928.709216 60 -1
1700848928.709216 60 -1
1700848928.709216 60 -1
1700848928.723755 1201 -1
1700848928.723755 440 -1
1700848928.723844 54 1
1700848928.724270 1172 -1
1700848928.724270 485 -1
1700848928.724270 1172 -1
1700848928.724270 482 -1
1700848928.724270 1175 -1
1700848928.724270 9140 -1
1700848928.724350 54 1
1700848928.724816 478 -1
1700848928.724816 1170 -1
1700848928.724816 489 -1
1700848928.724853 54 1
1700848928.745583 7354 -1
1700848928.745583 2937 -1
1700848928.745583 7354 -1
1700848928.745583 1331 -1
1700848928.745583 7354 -1
1700848928.745583 5979 -1
1700848928.745583 1230 -1
1700848928.745583 406 -1
1700848928.745583 5414 -1
1700848928.745583 1162 -1
1700848928.745583 496 -1
1700848928.745583 3768 -1
1700848928.745788 54 1
1700848928.750170 7354 -1
1700848928.750170 6141 -1
1700848928.750269 54 1
1700848936.258384 230 1
1700848936.261291 226 1
1700848936.261688 223 1
1700848936.262144 227 1
1700848936.263320 60 -1
1700848936.264699 227 1
1700848936.265264 226 1
1700848936.265733 227 1
1700848936.266226 227 1
1700848936.298474 1173 -1
1700848936.298474 485 -1
1700848936.298474 1514 -1
1700848936.298474 6645 -1
1700848936.298474 1194 -1
1700848936.298474 448 -1
1700848936.298474 7354 -1
1700848936.298474 4943 -1
1700848936.298474 1175 -1
1700848936.298474 477 -1
1700848936.298474 7354 -1
1700848936.298474 837 -1
1700848936.298474 837 -1
1700848936.298474 1171 -1
1700848936.298474 482 -1
1700848936.298474 7354 -1
1700848936.298474 72 -1
1700848936.298924 66 1
1700848936.299140 54 1
1700848936.299756 60 -1
1700848936.304028 89 1
1700848936.304926 1192 -1
1700848936.304926 451 -1
1700848936.304981 54 1
1700848936.305209 5297 -1
1700848936.305240 54 1
1700848936.305343 1165 -1
1700848936.305343 493 -1
1700848936.305380 54 1
1700848936.305678 7707 -1
1700848936.305727 54 1
1700848936.308833 1173 -1
1700848936.308833 477 -1
1700848936.308833 1514 -1
1700848936.308902 54 1
1700848936.308966 5338 -1
1700848936.309022 54 1
1700848936.329776 1171 -1
1700848936.329776 480 -1
1700848936.329861 54 1
1700848936.329913 5622 -1
1700848936.329955 54 1
1700848936.833592 54 1
1700848936.846630 78 -1
1700848936.846700 54 1
1700848936.846815 60 -1
1700848937.956606 66 1
1700848937.957957 66 -1
1700848937.958331 54 1
1700848937.959545 902 1
1700848937.962329 60 -1
1700848937.962329 318 -1
1700848937.967188 134 1
1700848937.969576 60 -1
1700848937.973667 341 -1
1700848937.977156 146 1
1700848937.978473 582 1
1700848937.978580 219 1
1700848937.978672 219 1
1700848937.978806 220 1
1700848937.978924 220 1
1700848937.979034 219 1
1700848937.979164 222 1
1700848937.979617 227 1
1700848937.983198 60 -1
1700848937.983198 60 -1
1700848937.983198 60 -1
1700848937.983198 60 -1
1700848937.983198 60 -1
1700848937.983198 60 -1
1700848937.983198 60 -1
1700848937.983198 60 -1
1700848937.983198 60 -1
1700848937.989018 85 -1
1700848937.989018 115 -1
1700848937.989018 1195 -1
1700848937.989018 446 -1
1700848937.989018 9907 -1
1700848937.989202 66 1
1700848937.989316 54 1
1700848937.989361 54 1
1700848937.990453 1176 -1
1700848937.990453 477 -1
1700848937.990508 54 1
1700848938.000623 85 1
1700848938.002530 1172 -1
1700848938.002530 482 -1
1700848938.002530 7900 -1
1700848938.002530 1193 -1
1700848938.002530 451 -1
1700848938.002530 7354 -1
1700848938.002530 2320 -1
1700848938.002530 1190 -1
1700848938.002530 456 -1
1700848938.002530 5821 -1
1700848938.002530 2974 -1
1700848938.002530 7354 -1
1700848938.002530 297 -1
1700848938.002530 1174 -1
1700848938.002530 483 -1
1700848938.002530 4826 -1
1700848938.002530 1180 -1
1700848938.002530 466 -1
1700848938.002530 4434 -1
1700848938.002530 19034 -1
1700848938.003259 54 1
1700848938.003382 2974 -1
1700848938.003382 2974 -1
1700848938.003486 54 1
1700848938.004512 54 1
1700848938.005671 60 -1
1700848938.005986 3460 -1
1700848938.006046 54 1
1700848939.640840 227 1
1700848939.641577 219 1
1700848939.641673 226 1
1700848939.642494 60 -1
1700848939.642582 60 -1
1700848939.642582 60 -1
1700848939.649536 1173 -1
1700848939.649536 477 -1
1700848939.649653 54 1
1700848939.649748 2974 -1
1700848939.649748 4434 -1
1700848939.649783 54 1
1700848939.650381 4946 -1
1700848939.650563 54 1
1700848939.652179 228 1
1700848939.652299 232 1
1700848939.652380 226 1
1700848939.652473 229 1
1700848939.653069 229 1
1700848939.655738 60 -1
1700848939.671248 1203 -1
1700848939.671248 444 -1
1700848939.671248 6836 -1
1700848939.671248 1195 -1
1700848939.671248 451 -1
1700848939.671248 1199 -1
1700848939.671248 439 -1
1700848939.671248 13174 -1
1700848939.671501 54 1
1700848939.671645 7344 -1
1700848939.671685 54 1
1700848939.676347 1175 -1
1700848939.676495 54 1
1700848939.682666 476 -1
1700848939.682666 1174 -1
1700848939.682666 481 -1
1700848939.682666 1198 -1
1700848939.682666 445 -1
1700848939.682666 7354 -1
1700848939.682666 7376 -1
1700848939.682666 1514 -1
1700848939.682666 6819 -1
1700848939.682666 1514 -1
1700848939.682666 7354 -1
1700848939.682666 2627 -1
1700848939.682666 1141 -1
1700848939.682666 527 -1
1700848939.682936 54 1
1700848939.704534 5608 -1
1700848939.704534 1228 -1
1700848939.704651 66 1
1700848941.442467 229 1
1700848941.442594 228 1
1700848941.443697 60 -1
1700848941.447612 219 1
1700848941.447986 219 1
1700848941.449208 231 1
1700848941.449300 232 1
1700848941.449621 230 1
1700848941.449700 230 1
1700848941.450672 60 -1
1700848941.467335 1172 -1
1700848941.467335 484 -1
1700848941.467440 54 1
1700848941.470656 1171 -1
1700848941.470656 481 -1
1700848941.470656 1175 -1
1700848941.470656 474 -1
1700848941.470656 1195 -1
1700848941.470656 1514 -1
1700848941.470656 2152 -1
1700848941.470656 448 -1
1700848941.470656 1174 -1
1700848941.470656 475 -1
1700848941.470656 2974 -1
1700848941.470656 7354 -1
1700848941.470656 5580 -1
1700848941.470828 54 1
1700848941.472642 6684 -1
1700848941.472642 5105 -1
1700848941.472686 54 1
1700848941.473003 4941 -1
1700848941.473052 54 1
1700848941.504475 1594 -1
1700848941.504475 1177 -1
1700848941.504475 482 -1
1700848941.504475 7868 -1
1700848941.504475 1176 -1
1700848941.504475 482 -1
1700848941.504475 5117 -1
1700848941.504475 4434 -1
1700848941.504475 1660 -1
1700848941.504611 54 1
1700848943.217295 230 1
1700848943.219596 226 1
1700848943.219683 228 1
1700848943.220295 228 1
1700848943.220347 229 1
1700848943.220397 227 1
1700848943.220446 227 1
1700848943.220727 228 1
1700848943.231630 60 -1
1700848943.231630 60 -1
1700848943.244783 1174 -1
1700848943.244783 478 -1
1700848943.244878 54 1
1700848943.245140 1170 -1
1700848943.245140 485 -1
1700848943.245140 1173 -1
1700848943.245140 482 -1
1700848943.245140 1172 -1
1700848943.245140 480 -1
1700848943.245190 54 1
1700848943.245244 1200 -1
1700848943.245244 439 -1
1700848943.245269 54 1
1700848943.247951 89 1
1700848943.255369 13194 -1
1700848943.255577 54 1
1700848943.256296 60 -1
1700848943.256296 5341 -1
1700848943.256342 54 1
1700848943.257000 7354 -1
1700848943.257031 54 1
1700848943.257527 2974 -1
1700848943.257554 54 1
1700848943.257599 1978 -1
1700848943.257627 54 1
1700848943.257710 5894 -1
1700848943.257733 54 1
1700848943.258345 7354 -1
1700848943.258545 54 1
1700848943.259182 5781 -1
1700848943.259252 54 1
1700848943.259467 483 -1
1700848943.259467 1601 -1
1700848943.259499 54 1
1700848943.268931 1514 -1
1700848943.268931 7054 -1
1700848943.268931 1174 -1
1700848943.268931 484 -1
1700848943.268931 7354 -1
1700848943.268931 7354 -1
1700848943.268931 1860 -1
1700848943.268931 85 -1
1700848943.268931 2974 -1
1700848943.268931 2618 -1
1700848943.268931 3634 -1
1700848943.269553 54 1
1700848945.710706 227 1
1700848945.710846 219 1
1700848945.710940 228 1
1700848945.711033 227 1
1700848945.711359 228 1
1700848945.714606 60 -1
1700848945.716016 227 1
1700848945.716167 222 1
1700848945.716257 228 1
1700848945.718696 60 -1
1700848945.723371 1196 -1
1700848945.723371 452 -1
1700848945.723371 1170 -1
1700848945.723371 481 -1
1700848945.723371 4935 -1
1700848945.723490 54 1
1700848945.724797 9221 -1
1700848945.724853 54 1
1700848945.725375 1176 -1
1700848945.725375 481 -1
1700848945.725404 54 1
1700848945.727766 1194 -1
1700848945.727766 449 -1
1700848945.727766 7354 -1
1700848945.727848 54 1
1700848945.728974 5393 -1
1700848945.728974 1604 -1
1700848945.728974 1177 -1
1700848945.728974 478 -1
1700848945.729059 54 1
1700848945.730957 11458 -1
1700848945.731021 54 1
1700848945.732114 1173 -1
1700848945.732114 483 -1
1700848945.732114 16460 -1
1700848945.732199 54 1
1700848945.732719 85 -1
1700848945.732719 2974 -1
1700848945.732747 54 1
1700848945.733570 2886 -1
1700848945.733570 7354 -1
1700848945.733610 54 1
1700848945.733792 3219 -1
1700848945.733845 54 1
1700848945.734301 1197 -1
1700848945.734326 54 1
1700848945.734373 448 -1
1700848945.734373 4434 -1
1700848945.734409 54 1
1700848945.735998 3890 -1
1700848945.736028 54 1
1700848946.847165 54 1
1700848946.848610 78 -1
1700848946.848610 60 -1
1700848946.848665 54 1
1700848951.661544 66 1
1700848951.672464 66 -1
1700848951.672664 54 1
1700848951.673486 870 1
1700848951.674714 60 -1
1700848951.675455 318 -1
1700848951.676526 134 1
1700848951.677015 146 1
1700848951.677940 577 1
1700848951.678054 228 1
1700848951.678058 60 -1
1700848951.678058 60 -1
1700848951.678183 222 1
1700848951.678286 227 1
1700848951.678346 341 -1
1700848951.678420 230 1
1700848951.678488 220 1
1700848951.678518 222 1
1700848951.678560 115 -1
1700848951.678560 85 -1
1700848951.678570 229 1
1700848951.678612 54 1
1700848951.679078 85 1
1700848951.684958 60 -1
1700848951.684958 60 -1
1700848951.684958 60 -1
1700848951.684958 60 -1
1700848951.684958 60 -1
1700848951.684958 60 -1
1700848951.684958 60 -1
1700848951.684958 60 -1
1700848951.685926 60 -1
1700848951.688349 1197 -1
1700848951.688349 444 -1
1700848951.688349 5356 -1
1700848951.701336 1175 -1
1700848951.701336 476 -1
1700848951.701336 1174 -1
1700848951.701336 484 -1
1700848951.701336 2974 -1
1700848951.701336 4154 -1
1700848951.701336 6346 -1
1700848951.701336 1197 -1
1700848951.701336 449 -1
1700848951.701336 2974 -1
1700848951.701336 5825 -1
1700848951.701336 1200 -1
1700848951.701336 449 -1
1700848951.701336 1514 -1
1700848951.701336 2974 -1
1700848951.701336 7354 -1
1700848951.701336 3091 -1
1700848951.701336 1170 -1
1700848951.701336 485 -1
1700848951.701336 1195 -1
1700848951.701336 449 -1
1700848951.701336 1514 -1
1700848951.705678 54 1
1700848951.707019 2974 -1
1700848951.707019 7354 -1
1700848951.707120 54 1
1700848951.707458 7354 -1
1700848951.707498 54 1
1700848951.708269 7437 -1
1700848951.708319 54 1
1700848953.369008 229 1
1700848953.373906 219 1
1700848953.379452 60 -1
1700848953.381988 60 -1
1700848953.393415 1205 -1
1700848953.393415 435 -1
1700848953.393518 54 1
1700848953.402644 1514 -1
1700848953.402644 7473 -1
1700848953.402764 54 1
1700848953.404605 231 1
1700848953.406493 226 1
1700848953.406907 219 1
1700848953.407642 1206 -1
1700848953.407642 438 -1
1700848953.407712 54 1
1700848953.410690 230 1
1700848953.410991 221 1
1700848953.411089 221 1
1700848953.413314 60 -1
1700848953.417894 3838 -1
1700848953.417967 54 1
1700848953.426426 1176 -1
1700848953.426498 54 1
1700848953.427057 472 -1
1700848953.427057 1175 -1
1700848953.427057 475 -1
1700848953.427057 1198 -1
1700848953.427057 444 -1
1700848953.427057 1170 -1
1700848953.427057 484 -1
1700848953.427135 54 1
1700848953.430031 5543 -1
1700848953.430105 54 1
1700848953.435406 7698 -1
1700848953.435406 7354 -1
1700848953.435406 3336 -1
1700848953.435406 2974 -1
1700848953.435406 4434 -1
1700848953.435406 7354 -1
1700848953.435406 1860 -1
1700848953.435406 949 -1
1700848953.435406 1174 -1
1700848953.435406 475 -1
1700848953.435574 54 1
1700848953.438653 1514 -1
1700848953.438653 6042 -1
1700848953.438751 54 1
1700848953.446305 1177 -1
1700848953.446305 478 -1
1700848953.446305 2974 -1
1700848953.446305 7354 -1
1700848953.446305 2683 -1
1700848953.446445 54 1
1700848955.058400 220 1
1700848955.063777 223 1
1700848955.064417 220 1
1700848955.064499 218 1
1700848955.064596 219 1
1700848955.064688 227 1
1700848955.065321 220 1
1700848955.065818 228 1
1700848955.067939 60 -1
1700848955.067939 60 -1
1700848955.074604 1172 -1
1700848955.074604 487 -1
1700848955.074604 1175 -1
1700848955.074604 475 -1
1700848955.074604 1194 -1
1700848955.074604 451 -1
1700848955.074711 54 1
1700848955.077026 4314 -1
1700848955.077026 6172 -1
1700848955.077162 54 1
1700848955.111531 1165 -1
1700848955.111531 492 -1
1700848955.111531 7012 -1
1700848955.111531 2974 -1
1700848955.111531 6114 -1
1700848955.111531 1180 -1
1700848955.111531 473 -1
1700848955.111531 4434 -1
1700848955.111531 3713 -1
1700848955.111531 1176 -1
1700848955.111531 484 -1
1700848955.111531 1171 -1
1700848955.111531 483 -1
1700848955.111531 1514 -1
1700848955.111531 7354 -1
1700848955.111531 855 -1
1700848955.111531 6046 -1
1700848955.111531 1193 -1
1700848955.111531 456 -1
1700848955.111531 4434 -1
1700848955.111531 2778 -1
1700848955.111827 54 1
1700848956.852897 54 1
1700848956.861113 78 -1
1700848956.861113 60 -1
1700848956.861216 54 1
1700848962.559775 66 1
1700848962.560858 66 -1
1700848962.560950 54 1
1700848962.562521 966 1
1700848962.564266 60 -1
1700848962.568905 318 -1
1700848962.570108 134 1
1700848962.570694 146 1
1700848962.571541 582 1
1700848962.571658 226 1
1700848962.571764 226 1
1700848962.571864 228 1
1700848962.571999 231 1
1700848962.572135 226 1
1700848962.572307 228 1
1700848962.572420 227 1
1700848962.588616 60 -1
1700848962.588616 60 -1
1700848962.588616 60 -1
1700848962.588616 60 -1
1700848962.588616 60 -1
1700848962.588616 60 -1
1700848962.588616 60 -1
1700848962.588616 60 -1
1700848962.588616 60 -1
1700848962.588616 60 -1
1700848962.588616 341 -1
1700848962.588616 115 -1
1700848962.588616 85 -1
1700848962.590070 54 1
1700848962.590281 1162 -1
1700848962.590281 490 -1
1700848962.590281 9069 -1
1700848962.590357 54 1
1700848962.590655 1199 -1
1700848962.590655 444 -1
1700848962.590686 54 1
1700848962.591790 85 1
1700848962.591997 5050 -1
1700848962.591997 1173 -1
1700848962.591997 481 -1
1700848962.591997 5682 -1
1700848962.592097 54 1
1700848962.595446 1172 -1
1700848962.595446 485 -1
1700848962.595446 1514 -1
1700848962.595446 1514 -1
1700848962.595446 3140 -1
1700848962.595446 60 -1
1700848962.595446 1224 -1
1700848962.595446 411 -1
1700848962.595593 54 1
1700848962.596566 1169 -1
1700848962.596566 490 -1
1700848962.596566 5470 -1
1700848962.596627 54 1
1700848962.597433 1196 -1
1700848962.597433 450 -1
1700848962.597469 54 1
1700848962.602968 7354 -1
1700848962.602968 394 -1
1700848962.602968 3667 -1
1700848962.602968 1197 -1
1700848962.602968 444 -1
1700848962.603101 54 1
1700848962.606980 7354 -1
1700848962.606980 4264 -1
1700848962.607101 54 1
1700848963.147571 54 1
1700848963.192281 78 -1
1700848963.192281 60 -1
1700848963.192281 60 -1
1700848963.192462 54 1
