1700857940.036335 66 1
1700857940.043883 66 -1
1700857940.044045 54 1
1700857940.045529 663 1
1700857940.046781 60 -1
1700857940.060277 2778 -1
1700857940.060321 54 1
1700857940.130405 134 1
1700857940.133878 146 1
1700857940.137192 60 -1
1700857940.137192 60 -1
1700857940.137883 341 -1
1700857940.137883 341 -1
1700857940.137930 54 1
1700857940.138135 115 -1
1700857940.138135 85 -1
1700857940.138211 54 1
1700857940.144232 561 1
1700857940.148050 60 -1
1700857940.148901 85 1
1700857940.154002 60 -1
1700857940.158148 980 -1
1700857940.158547 807 -1
1700857940.158566 54 1
1700857940.180603 7354 -1
1700857940.180603 9160 -1
1700857940.180603 85 -1
1700857940.180603 16460 -1
1700857940.180603 85 -1
1700857940.180603 16460 -1
1700857940.180603 85 -1
1700857940.180603 7354 -1
1700857940.180603 7354 -1
1700857940.180603 1891 -1
1700857940.180603 7354 -1
1700857940.180603 7354 -1
1700857940.180603 7354 -1
1700857940.180603 1514 -1
1700857940.182070 54 1
1700857940.185759 7354 -1
1700857940.185759 8694 -1
1700857940.185872 54 1
1700857940.187341 54 1
1700857940.379533 205 1
1700857940.379684 198 1
1700857940.379770 204 1
1700857940.379868 204 1
1700857940.380034 207 1
1700857940.380115 206 1
1700857940.380185 206 1
1700857940.390341 60 -1
1700857940.390341 60 -1
1700857940.390341 60 -1
1700857940.390341 60 -1
1700857940.390341 60 -1
1700857940.390341 60 -1
1700857940.390341 60 -1
1700857940.392387 230 1
1700857940.392481 265 1
1700857940.396490 983 -1
1700857940.396490 806 -1
1700857940.396490 7354 -1
1700857940.396490 7354 -1
1700857940.396490 1860 -1
1700857940.396490 4434 -1
1700857940.396490 7354 -1
1700857940.396944 54 1
1700857940.398841 4811 -1
1700857940.398841 1514 -1
1700857940.398841 2974 -1
1700857940.398841 7354 -1
1700857940.399212 54 1
1700857940.403040 4842 -1
1700857940.403040 7354 -1
1700857940.403040 7354 -1
1700857940.403040 7354 -1
1700857940.403263 54 1
1700857940.408967 4434 -1
1700857940.408967 7354 -1
1700857940.408967 7354 -1
1700857940.408967 7354 -1
1700857940.408967 1154 -1
1700857940.409262 54 1
1700857940.411916 85 -1
1700857940.411916 2974 -1
1700857940.411916 7354 -1
1700857940.411916 7354 -1
1700857940.412100 54 1
1700857940.415740 4434 -1
1700857940.415740 7354 -1
1700857940.416353 54 1
1700857940.420116 7354 -1
1700857940.420116 1953 -1
1700857940.420442 54 1
1700857940.429148 60 -1
1700857940.429148 954 -1
1700857940.429148 849 -1
1700857940.429148 4434 -1
1700857940.429148 7354 -1
1700857940.429148 4780 -1
1700857940.429148 7354 -1
1700857940.429148 1514 -1
1700857940.429148 7354 -1
1700857940.429809 54 1
1700857940.436504 431 -1
1700857940.436504 7354 -1
1700857940.436504 7354 -1
1700857940.436504 1922 -1
1700857940.436504 2974 -1
1700857940.436504 2974 -1
1700857940.436504 5894 -1
1700857940.436956 54 1
1700857940.452553 7354 -1
1700857940.452553 7354 -1
1700857940.452553 7354 -1
1700857940.452553 7354 -1
1700857940.452553 7354 -1
1700857940.452553 1154 -1
1700857940.452553 2974 -1
1700857940.452553 2974 -1
1700857940.452553 7354 -1
1700857940.452553 5894 -1
1700857940.452553 7354 -1
1700857940.453466 54 1
1700857940.453803 5894 -1
1700857940.453916 54 1
1700857940.460583 54 1
1700857940.485266 1652 -1
1700857940.485266 981 -1
1700857940.485266 812 -1
1700857940.485266 981 -1
1700857940.485266 810 -1
1700857940.485266 981 -1
1700857940.485266 808 -1
1700857940.485266 16460 -1
1700857940.485266 7354 -1
1700857940.485266 7354 -1
1700857940.485266 7354 -1
1700857940.485266 7354 -1
1700857940.485266 7354 -1
1700857940.485266 7354 -1
1700857940.485266 10274 -1
1700857940.485266 7354 -1
1700857940.485266 4434 -1
1700857940.485266 7354 -1
1700857940.485266 2974 -1
1700857940.485266 2974 -1
1700857940.485266 13194 -1
1700857940.485266 7354 -1
1700857940.485266 4434 -1
1700857940.485266 7354 -1
1700857940.485266 1514 -1
1700857940.487443 54 1
1700857940.487729 54 1
1700857940.487808 1514 -1
1700857940.487808 2974 -1
1700857940.487879 54 1
1700857940.490963 1514 -1
1700857940.490963 7354 -1
1700857940.490963 5894 -1
1700857940.490963 2974 -1
1700857940.490963 7354 -1
1700857940.490963 1514 -1
1700857940.490963 1514 -1
1700857940.490963 7354 -1
1700857940.491490 54 1
1700857940.491802 2974 -1
1700857940.491802 7354 -1
1700857940.491877 54 1
1700857940.491971 54 1
1700857940.497071 7354 -1
1700857940.497071 7354 -1
1700857940.497071 7354 -1
1700857940.497071 7354 -1
1700857940.497476 54 1
1700857940.497640 5894 -1
1700857940.497690 54 1
1700857940.498467 1514 -1
1700857940.498595 54 1
1700857940.500892 7354 -1
1700857940.500892 1514 -1
1700857940.500892 5894 -1
1700857940.501036 54 1
1700857940.501687 7354 -1
1700857940.501772 54 1
1700857940.502593 7354 -1
1700857940.502662 54 1
1700857940.512343 7354 -1
1700857940.512343 4434 -1
1700857940.512343 2974 -1
1700857940.512343 1514 -1
1700857940.512343 2974 -1
1700857940.512343 7354 -1
1700857940.512343 1514 -1
1700857940.512343 7354 -1
1700857940.512343 8814 -1
1700857940.512343 4434 -1
1700857940.512343 1394 -1
1700857940.513013 54 1
1700857940.520560 7354 -1
1700857940.520560 7354 -1
1700857940.520560 7354 -1
1700857940.520560 7354 -1
1700857940.520560 7354 -1
1700857940.520560 7354 -1
1700857940.520560 7354 -1
1700857940.520560 7354 -1
1700857940.520979 54 1
1700857940.522195 174 -1
1700857940.522195 4434 -1
1700857940.522265 54 1
1700857940.531043 7354 -1
1700857940.531043 5894 -1
1700857940.531043 7354 -1
1700857940.531043 7354 -1
1700857940.531043 7354 -1
1700857940.531043 2974 -1
1700857940.531043 7354 -1
1700857940.531043 7354 -1
1700857940.531506 54 1
1700857940.540769 234 1
1700857940.541491 54 1
1700857940.541666 7354 -1
1700857940.541666 7354 -1
1700857940.541666 7354 -1
1700857940.541666 7354 -1
1700857940.541666 2798 -1
1700857940.542965 54 1
1700857940.543768 7354 -1
1700857940.543872 54 1
1700857940.548107 7354 -1
1700857940.548107 7354 -1
1700857940.548344 54 1
1700857940.550846 7354 -1
1700857940.551089 54 1
1700857940.553838 7354 -1
1700857940.553838 1509 -1
1700857940.553838 4434 -1
1700857940.553838 14654 -1
1700857940.553981 54 1
1700857940.555389 7354 -1
1700857940.555421 54 1
1700857940.556958 7354 -1
1700857940.556992 54 1
1700857940.557865 7354 -1
1700857940.557899 54 1
1700857940.559100 7354 -1
1700857940.559139 54 1
1700857940.560218 230 1
1700857940.565290 7354 -1
1700857940.565290 4434 -1
1700857940.565290 4434 -1
1700857940.565290 7354 -1
1700857940.565290 7354 -1
1700857940.565604 54 1
1700857940.576407 7354 -1
1700857940.576407 1514 -1
1700857940.576407 4434 -1
1700857940.576407 1514 -1
1700857940.576407 7354 -1
1700857940.576407 4434 -1
1700857940.576407 7354 -1
1700857940.576407 7354 -1
1700857940.576407 7354 -1
1700857940.576407 1514 -1
1700857940.577014 54 1
1700857940.582669 232 1
1700857940.582771 230 1
1700857940.582865 234 1
1700857940.582953 234 1
1700857940.583039 235 1
1700857940.602527 17574 -1
1700857940.602527 7354 -1
1700857940.602527 4434 -1
1700857940.602527 7354 -1
1700857940.602527 7354 -1
1700857940.602527 1514 -1
1700857940.602527 7354 -1
1700857940.602527 1514 -1
1700857940.602527 2974 -1
1700857940.602527 7335 -1
1700857940.602527 73 -1
1700857940.602527 60 -1
1700857940.602527 60 -1
1700857940.603657 54 1
1700857940.620004 54 1
1700857940.620304 54 1
1700857940.623175 4434 -1
1700857940.623239 54 1
1700857940.623549 4434 -1
1700857940.623587 54 1
1700857940.624293 1514 -1
1700857940.624293 2974 -1
1700857940.624342 54 1
1700857940.625148 4434 -1
1700857940.625194 54 1
1700857940.627698 5894 -1
1700857940.627698 5894 -1
1700857940.627698 5894 -1
1700857940.627810 54 1
1700857940.628495 2974 -1
1700857940.628525 54 1
1700857940.631043 2974 -1
1700857940.631043 5894 -1
1700857940.631043 5894 -1
1700857940.631115 54 1
1700857940.631282 2974 -1
1700857940.631309 54 1
1700857940.631490 1514 -1
1700857940.631516 54 1
1700857940.631862 1514 -1
1700857940.632078 4434 -1
1700857940.632114 54 1
1700857940.633114 1514 -1
1700857940.633262 2974 -1
1700857940.633293 54 1
1700857940.633367 1514 -1
1700857940.633393 54 1
1700857940.633461 1514 -1
1700857940.634476 5894 -1
1700857940.634511 54 1
1700857940.636059 5894 -1
1700857940.636109 54 1
1700857940.636246 5894 -1
1700857940.636284 54 1
1700857940.637157 2974 -1
1700857940.637191 54 1
1700857940.637256 2974 -1
1700857940.637282 54 1
1700857940.638842 5894 -1
1700857940.638892 54 1
1700857940.639745 5894 -1
1700857940.639785 54 1
1700857940.640186 5894 -1
1700857940.640222 54 1
1700857940.641961 5894 -1
1700857940.641961 1514 -1
1700857940.642047 54 1
1700857940.642124 1514 -1
1700857940.642124 2974 -1
1700857940.642166 54 1
1700857940.645128 2974 -1
1700857940.645128 2974 -1
1700857940.645128 4434 -1
1700857940.645128 1514 -1
1700857940.645128 5894 -1
1700857940.645278 54 1
1700857940.651822 5894 -1
1700857940.651822 7354 -1
1700857940.651822 7354 -1
1700857940.651822 4434 -1
1700857940.651822 2974 -1
1700857940.651822 4434 -1
1700857940.651822 4434 -1
1700857940.651822 4434 -1
1700857940.652001 54 1
1700857940.654803 2974 -1
1700857940.654803 1514 -1
1700857940.654803 4434 -1
1700857940.654803 1514 -1
1700857940.654803 1514 -1
1700857940.654803 4434 -1
1700857940.654921 54 1
1700857940.656292 4434 -1
1700857940.656347 54 1
1700857940.656494 5894 -1
1700857940.656532 54 1
1700857940.662714 4434 -1
1700857940.662714 1514 -1
1700857940.662714 5894 -1
1700857940.662714 5894 -1
1700857940.662714 5894 -1
1700857940.662714 5894 -1
1700857940.662714 5894 -1
1700857940.662915 54 1
1700857940.673066 5894 -1
1700857940.673066 1514 -1
1700857940.673066 4434 -1
1700857940.673066 2974 -1
1700857940.673066 2974 -1
1700857940.673066 2974 -1
1700857940.673066 2974 -1
1700857940.673066 2974 -1
1700857940.673066 5894 -1
1700857940.673066 2974 -1
1700857940.673066 2974 -1
1700857940.673066 5894 -1
1700857940.673066 2974 -1
1700857940.673066 2974 -1
1700857940.673282 54 1
1700857940.675184 5894 -1
1700857940.675184 5894 -1
1700857940.675262 54 1
1700857940.675400 2974 -1
1700857940.675427 54 1
1700857940.675469 2974 -1
1700857940.675517 54 1
1700857940.676220 5894 -1
1700857940.676265 54 1
1700857940.677462 1514 -1
1700857940.677462 4434 -1
1700857940.677519 54 1
1700857940.678142 5894 -1
1700857940.678188 54 1
1700857940.679326 2974 -1
1700857940.679326 2974 -1
1700857940.679373 54 1
1700857940.680155 5894 -1
1700857940.680197 54 1
1700857940.680727 2974 -1
1700857940.680751 54 1
1700857940.680878 4434 -1
1700857940.680916 54 1
1700857940.683012 7354 -1
1700857940.683012 7354 -1
1700857940.683121 54 1
1700857940.685653 1514 -1
1700857940.685653 5894 -1
1700857940.685653 4434 -1
1700857940.685653 2974 -1
1700857940.685653 2974 -1
1700857940.685653 1514 -1
1700857940.685653 2752 -1
1700857940.685803 54 1
1700857940.687226 2974 -1
1700857940.687226 4434 -1
1700857940.687226 4434 -1
1700857940.687297 54 1
1700857940.690080 2974 -1
1700857940.690080 7354 -1
1700857940.690080 2974 -1
1700857940.690080 1514 -1
1700857940.690080 2974 -1
1700857940.690213 54 1
1700857940.698379 4434 -1
1700857940.698379 4434 -1
1700857940.698379 5894 -1
1700857940.698379 5894 -1
1700857940.698379 2961 -1
1700857940.698379 4434 -1
1700857940.698379 1514 -1
1700857940.698379 5894 -1
1700857940.698379 1514 -1
1700857940.698379 1514 -1
1700857940.698379 2974 -1
1700857940.698379 1514 -1
1700857940.698379 2250 -1
1700857940.698628 54 1
1700857940.700422 54 1
1700857940.701088 54 1
1700857940.916323 1114 -1
1700857940.916436 691 -1
1700857940.916470 54 1
1700857940.921963 2974 -1
1700857940.922042 54 1
1700857940.922099 1054 -1
1700857940.977443 54 1
1700857942.289467 54 1
1700857942.310671 78 -1
1700857942.310671 60 -1
1700857942.310836 54 1
1700857949.854233 66 1
1700857949.855457 66 -1
1700857949.855522 54 1
1700857949.856721 966 1
1700857949.857754 60 -1
1700857949.858541 318 -1
1700857949.859409 134 1
1700857949.859690 146 1
1700857949.860169 587 1
1700857949.860242 231 1
1700857949.876294 60 -1
1700857949.876294 341 -1
1700857949.889504 60 -1
1700857949.889504 60 -1
1700857949.889504 60 -1
1700857949.889504 115 -1
1700857949.889504 85 -1
1700857949.889504 85 -1
1700857949.889504 1048 -1
1700857949.889504 735 -1
1700857949.889504 1019 -1
1700857949.889504 772 -1
1700857949.889504 4971 -1
1700857949.889637 66 1
1700857949.889713 54 1
1700857949.893428 85 1
1700857949.893542 231 1
1700857949.893632 235 1
1700857949.893733 232 1
1700857949.893837 1514 -1
1700857949.893837 5056 -1
1700857949.893915 54 1
1700857949.894021 232 1
1700857949.894130 232 1
1700857949.899485 60 -1
1700857949.899485 60 -1
1700857949.904611 1053 -1
1700857949.904611 729 -1
1700857949.904611 2974 -1
1700857949.904611 4434 -1
1700857949.904682 54 1
1700857949.905416 2516 -1
1700857949.905416 1050 -1
1700857949.905416 733 -1
1700857949.905464 54 1
1700857949.905983 4434 -1
1700857949.906017 54 1
1700857949.906067 7354 -1
1700857949.906104 54 1
1700857949.906649 4463 -1
1700857949.906797 54 1
1700857949.911651 982 -1
1700857949.911651 807 -1
1700857949.911925 54 1
1700857949.912547 2592 -1
1700857949.912586 54 1
1700857949.913311 981 -1
1700857949.913311 807 -1
1700857949.913355 54 1
1700857949.915414 4434 -1
1700857949.915550 54 1
1700857949.918913 12080 -1
1700857949.918913 85 -1
1700857949.918913 3879 -1
1700857949.919034 54 1
1700857950.450096 949 -1
1700857950.450096 855 -1
1700857950.450096 4434 -1
1700857950.450096 3738 -1
1700857950.450212 54 1
1700857950.527110 211 1
1700857950.533625 1073 -1
1700857950.533746 703 -1
1700857950.533746 2530 -1
1700857950.533790 54 1
1700857952.296365 54 1
1700857952.303401 78 -1
1700857952.303401 60 -1
1700857952.303445 54 1
1700857952.452879 66 1
1700857952.454177 66 -1
1700857952.454264 54 1
1700857952.455076 934 1
1700857952.456256 60 -1
1700857952.457113 318 -1
1700857952.457634 134 1
1700857952.457988 146 1
1700857952.458520 620 1
1700857952.458643 60 -1
1700857952.458703 232 1
1700857952.458838 234 1
1700857952.459099 229 1
1700857952.459166 341 -1
1700857952.459166 60 -1
1700857952.459310 115 -1
1700857952.459310 85 -1
1700857952.459333 54 1
1700857952.459562 85 1
1700857952.459596 60 -1
1700857952.459667 60 -1
1700857952.460382 60 -1
1700857952.460382 60 -1
1700857952.460746 60 -1
1700857952.467130 230 1
1700857952.468251 232 1
1700857952.468372 232 1
1700857952.477880 60 -1
1700857952.477880 60 -1
1700857952.477880 60 -1
1700857952.477880 1035 -1
1700857952.477880 733 -1
1700857952.477880 7354 -1
1700857952.477971 54 1
1700857952.486820 5894 -1
1700857952.486820 3320 -1
1700857952.486820 85 -1
1700857952.486820 7354 -1
1700857952.486820 7354 -1
1700857952.486820 1860 -1
1700857952.486820 1514 -1
1700857952.486820 2974 -1
1700857952.486820 7354 -1
1700857952.486820 4811 -1
1700857952.486820 85 -1
1700857952.486820 7354 -1
1700857952.486820 7354 -1
1700857952.486820 7354 -1
1700857952.486820 7354 -1
1700857952.486820 3697 -1
1700857952.486820 85 -1
1700857952.486820 1514 -1
1700857952.487194 54 1
1700857952.487516 54 1
1700857952.492885 4434 -1
1700857952.492885 7354 -1
1700857952.492885 7354 -1
1700857952.493033 54 1
1700857952.496175 4434 -1
1700857952.496175 36295 -1
1700857952.496411 54 1
1700857952.497317 14654 -1
1700857952.497385 54 1
1700857952.498304 7354 -1
1700857952.498381 54 1
1700857952.498998 7354 -1
1700857952.499042 54 1
1700857952.499631 5449 -1
1700857952.499695 54 1
1700857952.551475 984 -1
1700857952.551475 806 -1
1700857952.551475 1085 -1
1700857952.551475 517 -1
1700857952.551561 54 1
1700857952.556153 2974 -1
1700857952.556244 54 1
1700857952.556307 3585 -1
1700857952.556338 54 1
1700857952.556465 1514 -1
1700857952.556491 54 1
1700857952.556594 5999 -1
1700857952.556635 54 1
1700857952.630565 1082 -1
1700857952.630565 499 -1
1700857952.630681 54 1
1700857952.631562 2974 -1
1700857952.631610 54 1
1700857952.631704 4935 -1
1700857952.631771 54 1
1700857956.155293 232 1
1700857956.155372 230 1
1700857956.155442 231 1
1700857956.155819 231 1
1700857956.155887 231 1
1700857956.156392 60 -1
1700857956.156525 60 -1
1700857956.156525 60 -1
1700857956.156993 60 -1
1700857956.156993 60 -1
1700857956.169922 982 -1
1700857956.170063 805 -1
1700857956.170089 54 1
1700857956.179099 4434 -1
1700857956.179099 5150 -1
1700857956.179099 976 -1
1700857956.179099 816 -1
1700857956.179099 7354 -1
1700857956.179099 461 -1
1700857956.179099 982 -1
1700857956.179099 807 -1
1700857956.179252 54 1
1700857956.180312 2974 -1
1700857956.180312 7354 -1
1700857956.180369 54 1
1700857956.181726 4833 -1
1700857956.181783 54 1
1700857956.199624 1053 -1
1700857956.199624 728 -1
1700857956.199709 54 1
1700857956.209930 4434 -1
1700857956.210026 54 1
1700857956.210086 12080 -1
1700857956.210132 54 1
1700857956.211002 2974 -1
1700857956.211038 54 1
1700857956.211197 2510 -1
1700857956.211226 54 1
1700857956.216663 979 -1
1700857956.216663 813 -1
1700857956.216754 54 1
1700857956.216998 7354 -1
1700857956.217055 54 1
1700857956.217196 1089 -1
1700857956.217221 54 1
1700857958.055284 235 1
1700857958.055383 230 1
1700857958.056995 60 -1
1700857958.058278 230 1
1700857958.058356 231 1
1700857958.062457 60 -1
1700857958.062457 1051 -1
1700857958.062457 731 -1
1700857958.062556 54 1
1700857958.065207 2974 -1
1700857958.065268 54 1
1700857958.065320 4676 -1
1700857958.065363 54 1
1700857958.066863 89 1
1700857958.068604 1007 -1
1700857958.068604 772 -1
1700857958.068690 54 1
1700857958.068979 7354 -1
1700857958.069034 54 1
1700857958.069359 2974 -1
1700857958.069390 54 1
1700857958.069599 1514 -1
1700857958.069625 54 1
1700857958.070559 1070 -1
1700857958.076316 1107 -1
1700857958.076316 653 -1
1700857958.076316 1053 -1
1700857958.076316 729 -1
1700857958.076316 14109 -1
1700857958.076316 7354 -1
1700857958.076316 3483 -1
1700857958.076546 54 1
1700857961.779329 232 1
1700857961.790758 980 -1
1700857961.790758 808 -1
1700857961.790828 54 1
1700857961.790882 7354 -1
1700857961.790935 54 1
1700857961.796918 231 1
1700857961.797031 234 1
1700857961.799020 231 1
1700857961.799130 230 1
1700857961.806359 1687 -1
1700857961.806359 227 -1
1700857961.806470 66 1
1700857961.807255 60 -1
1700857961.819676 1007 -1
1700857961.819676 771 -1
1700857961.819778 54 1
1700857961.820098 5894 -1
1700857961.820167 54 1
1700857961.820883 4466 -1
1700857961.820945 54 1
1700857961.840172 1053 -1
1700857961.840172 730 -1
1700857961.840230 54 1
1700857961.840279 5894 -1
1700857961.840340 54 1
1700857961.841101 2520 -1
1700857961.841149 54 1
1700857961.843845 1057 -1
1700857961.843845 725 -1
1700857961.843933 54 1
1700857961.844360 4434 -1
1700857961.844360 7354 -1
1700857961.844441 54 1
1700857961.845412 4338 -1
1700857961.845476 54 1
1700857961.852179 976 -1
1700857961.852179 813 -1
1700857961.852179 7354 -1
1700857961.852313 54 1
1700857961.852423 1076 -1
1700857961.910835 54 1
1700857962.307345 54 1
1700857962.310567 78 -1
1700857962.310567 60 -1
1700857962.310654 54 1
1700857963.383370 66 1
1700857963.403089 66 -1
1700857963.403261 54 1
1700857963.403766 870 1
1700857963.412591 60 -1
1700857963.412591 318 -1
1700857963.415978 134 1
1700857963.416432 146 1
1700857963.417183 587 1
1700857963.417311 234 1
1700857963.417412 234 1
1700857963.417505 230 1
1700857963.417592 234 1
1700857963.417774 60 -1
1700857963.417774 60 -1
1700857963.417927 234 1
1700857963.418156 341 -1
1700857963.418156 115 -1
1700857963.418156 85 -1
1700857963.418208 54 1
1700857963.418347 60 -1
1700857963.418347 60 -1
1700857963.418395 60 -1
1700857963.418548 85 1
1700857963.418638 60 -1
1700857963.419193 60 -1
1700857963.419193 60 -1
1700857963.419734 60 -1
1700857963.428509 981 -1
1700857963.428509 809 -1
1700857963.428594 54 1
1700857963.428659 10274 -1
1700857963.428705 54 1
1700857963.429328 1350 -1
1700857963.429371 54 1
1700857963.429415 1047 -1
1700857963.429492 737 -1
1700857963.429492 7354 -1
1700857963.429528 54 1
1700857963.430104 2069 -1
1700857963.430145 54 1
1700857963.435833 1057 -1
1700857963.435833 728 -1
1700857963.435919 54 1
1700857963.436037 7354 -1
1700857963.436067 54 1
1700857963.436352 5278 -1
1700857963.436384 54 1
1700857963.465364 1055 -1
1700857963.465364 725 -1
1700857963.465480 54 1
1700857963.473887 982 -1
1700857963.473887 807 -1
1700857963.473887 3777 -1
1700857963.473887 5894 -1
1700857963.473887 7354 -1
1700857963.473887 2905 -1
1700857963.474046 54 1
1700857963.649182 1088 -1
1700857963.649182 489 -1
1700857963.649280 54 1
1700857963.656945 2974 -1
1700857963.656945 13220 -1
1700857963.657075 54 1
1700857965.036164 232 1
1700857965.036277 231 1
1700857965.036426 235 1
1700857965.036557 234 1
1700857965.037738 60 -1
1700857965.037738 60 -1
1700857965.037738 60 -1
1700857965.037738 60 -1
1700857965.038219 229 1
1700857965.038352 231 1
1700857965.038482 235 1
1700857965.039250 60 -1
1700857965.039492 60 -1
1700857965.040050 60 -1
1700857965.053211 979 -1
1700857965.053211 630 -1
1700857965.053211 807 -1
1700857965.053211 1128 -1
1700857965.053344 66 1
1700857965.053390 66 1
1700857965.053436 54 1
1700857965.054719 979 -1
1700857965.054719 808 -1
1700857965.054719 1514 -1
1700857965.054768 54 1
1700857965.054936 7076 -1
1700857965.054958 54 1
1700857965.055403 1514 -1
1700857965.055424 54 1
1700857965.055530 3008 -1
1700857965.055554 54 1
1700857965.058575 7354 -1
1700857965.058663 54 1
1700857965.058967 2974 -1
1700857965.059005 54 1
1700857965.059164 4872 -1
1700857965.059196 54 1
1700857965.059583 1058 -1
1700857965.059645 724 -1
1700857965.059669 54 1
1700857965.064217 13194 -1
1700857965.064361 54 1
1700857965.065205 2723 -1
1700857965.065253 54 1
1700857965.075417 1036 -1
1700857965.075417 731 -1
1700857965.075417 5756 -1
1700857965.075544 54 1
1700857965.120440 1034 -1
1700857965.120440 735 -1
1700857965.120440 1057 -1
1700857965.120440 728 -1
1700857965.120440 4434 -1
1700857965.120440 4041 -1
1700857965.120580 54 1
1700857965.122823 5653 -1
1700857965.123040 54 1
1700857966.661364 232 1
1700857966.661558 230 1
1700857966.662778 232 1
1700857966.663652 267 1
1700857966.665507 232 1
1700857966.668094 60 -1
1700857966.681112 1051 -1
1700857966.681112 732 -1
1700857966.681112 7076 -1
1700857966.681112 979 -1
1700857966.681112 808 -1
1700857966.681112 4434 -1
1700857966.681241 54 1
1700857966.681652 2348 -1
1700857966.681694 54 1
1700857966.688662 980 -1
1700857966.688662 809 -1
1700857966.688771 54 1
1700857966.689033 1514 -1
1700857966.689033 2053 -1
1700857966.689076 54 1
1700857966.699682 1056 -1
1700857966.699682 728 -1
1700857966.699682 7354 -1
1700857966.699682 581 -1
1700857966.699682 1037 -1
1700857966.699682 732 -1
1700857966.699841 54 1
1700857966.703188 4434 -1
1700857966.703188 12080 -1
1700857966.703305 54 1
1700857966.704284 85 -1
1700857966.704284 2974 -1
1700857966.704360 54 1
1700857966.704588 7354 -1
1700857966.704588 6240 -1
1700857966.704648 54 1
1700857966.705237 7354 -1
1700857966.705293 54 1
1700857966.705733 7354 -1
1700857966.705773 54 1
1700857966.707152 5894 -1
1700857966.707152 7354 -1
1700857966.707221 54 1
1700857966.707415 2974 -1
1700857966.707445 54 1
1700857966.707563 28032 -1
1700857966.707639 54 1
1700857966.712528 4434 -1
1700857966.712623 54 1
1700857966.712707 8814 -1
1700857966.712764 54 1
1700857966.713501 3320 -1
1700857966.713547 54 1
1700857966.714065 85 -1
1700857966.714104 54 1
1700857966.717300 7354 -1
1700857966.717387 54 1
1700857966.717449 737 -1
1700857966.717480 54 1
1700857972.321757 54 1
1700857972.333560 78 -1
1700857972.333644 54 1
1700857972.333740 60 -1
1700857972.374163 66 1
1700857972.383113 66 -1
1700857972.383341 54 1
1700857972.385350 966 1
1700857972.395207 60 -1
1700857972.395207 318 -1
1700857972.396008 134 1
1700857972.396551 146 1
1700857972.397370 587 1
1700857972.397460 229 1
1700857972.397543 234 1
1700857972.397622 231 1
1700857972.397774 230 1
1700857972.397884 270 1
1700857972.416713 60 -1
1700857972.416713 60 -1
1700857972.416713 60 -1
1700857972.416713 60 -1
1700857972.416713 60 -1
1700857972.416713 60 -1
1700857972.416713 60 -1
1700857972.416713 60 -1
1700857972.416713 341 -1
1700857972.416713 115 -1
1700857972.416713 85 -1
1700857972.416855 54 1
1700857972.417744 85 1
1700857972.419398 60 -1
1700857972.421611 1054 -1
1700857972.421611 731 -1
1700857972.421679 54 1
1700857972.422559 7354 -1
1700857972.422607 54 1
1700857972.425111 6632 -1
1700857972.425111 1054 -1
1700857972.425111 727 -1
1700857972.425111 8918 -1
1700857972.425216 54 1
1700857972.426286 982 -1
1700857972.426286 807 -1
1700857972.426365 54 1
1700857972.426417 7354 -1
1700857972.426448 54 1
1700857972.427493 8079 -1
1700857972.427562 54 1
1700857972.430840 977 -1
1700857972.430840 807 -1
1700857972.431077 54 1
1700857972.431274 2974 -1
1700857972.431471 54 1
1700857972.431496 1514 -1
1700857972.431496 4434 -1
1700857972.431516 54 1
1700857972.431817 3030 -1
1700857972.431845 54 1
1700857972.701470 1088 -1
1700857972.701470 483 -1
1700857972.701580 54 1
1700857972.701646 4434 -1
1700857972.701670 54 1
1700857972.701716 4136 -1
1700857972.701745 54 1
1700857973.097350 1098 -1
1700857973.097350 480 -1
1700857973.097350 5894 -1
1700857973.097350 10620 -1
1700857973.097350 7354 -1
1700857973.097350 8185 -1
1700857973.097546 54 1
1700857973.098653 885 -1
1700857973.098687 66 1
1700857973.199489 7354 -1
1700857973.199647 54 1
1700857973.199768 7354 -1
1700857973.200087 54 1
1700857973.200498 1860 -1
1700857973.200538 54 1
1700857973.200575 85 -1
1700857973.200575 7354 -1
1700857973.200614 54 1
1700857973.201337 7354 -1
1700857973.201370 54 1
1700857973.202471 1860 -1
1700857973.202471 4434 -1
1700857973.202471 7354 -1
1700857973.202524 54 1
1700857973.203025 4811 -1
1700857973.203074 54 1
1700857973.203346 7354 -1
1700857973.203566 54 1
1700857973.204347 7354 -1
1700857973.204413 54 1
1700857973.204719 1922 -1
1700857973.204755 54 1
1700857973.222358 16460 -1
1700857973.222504 54 1
1700857973.223497 85 -1
1700857973.223549 54 1
1700857973.225407 4434 -1
1700857973.225461 54 1
1700857973.225749 7354 -1
1700857973.225785 54 1
1700857973.226238 4780 -1
1700857973.226304 54 1
1700857973.226591 85 -1
1700857973.226591 2974 -1
1700857973.226626 54 1
1700857973.227078 7354 -1
1700857973.227111 54 1
1700857973.227460 6240 -1
1700857973.227531 54 1
1700857973.228198 13194 -1
1700857973.228255 54 1
1700857973.229165 7354 -1
1700857973.229229 54 1
1700857973.229750 7354 -1
1700857973.229783 54 1
1700857973.230311 2974 -1
1700857973.230342 54 1
1700857973.230603 14654 -1
1700857973.230692 54 1
1700857973.231785 7354 -1
1700857973.231828 54 1
1700857973.232310 7354 -1
1700857973.232349 54 1
1700857973.233258 1514 -1
1700857973.233258 4513 -1
1700857973.233573 54 1
1700857973.281126 4434 -1
1700857973.281126 7354 -1
1700857973.281126 4780 -1
1700857973.281126 85 -1
1700857973.281126 7354 -1
1700857973.281126 7354 -1
1700857973.281126 1860 -1
1700857973.281126 85 -1
1700857973.281126 7354 -1
1700857973.281334 54 1
1700857973.281820 2974 -1
1700857973.281820 6240 -1
1700857973.281854 54 1
1700857973.283059 5894 -1
1700857973.283059 7354 -1
1700857973.283113 54 1
1700857973.284614 1514 -1
1700857973.284614 7354 -1
1700857973.284614 7354 -1
1700857973.284614 3728 -1
1700857973.284709 54 1
1700857973.284761 7354 -1
1700857973.284793 54 1
1700857973.285250 2974 -1
1700857973.285281 54 1
1700857973.285701 6302 -1
1700857973.285730 54 1
1700857973.339685 7354 -1
1700857973.339804 54 1
1700857973.340078 7354 -1
1700857973.340108 54 1
1700857973.341241 1860 -1
1700857973.341241 85 -1
1700857973.341274 54 1
1700857973.342602 2974 -1
1700857973.342602 7354 -1
1700857973.342698 54 1
1700857973.342736 6240 -1
1700857973.342764 54 1
1700857973.343253 85 -1
1700857973.343253 7354 -1
1700857973.343312 54 1
1700857973.344217 7354 -1
1700857973.344261 54 1
1700857973.344428 1860 -1
1700857973.344463 54 1
1700857973.345362 7354 -1
1700857973.345414 54 1
1700857973.345674 7354 -1
1700857973.345721 54 1
1700857973.345820 7354 -1
1700857973.346021 54 1
1700857973.346578 7354 -1
1700857973.346626 54 1
1700857973.347224 3728 -1
1700857973.347274 54 1
1700857973.347318 7354 -1
1700857973.347364 54 1
1700857973.348149 7354 -1
1700857973.348189 54 1
1700857973.348497 1922 -1
1700857973.348532 54 1
1700857973.403610 16460 -1
1700857973.403738 54 1
1700857973.404604 85 -1
1700857973.404604 1343 -1
1700857973.404664 54 1
1700857973.994942 230 1
1700857973.995061 230 1
1700857973.995203 230 1
1700857973.995923 228 1
1700857973.996071 60 -1
1700857973.996071 60 -1
1700857973.996208 60 -1
1700857973.998793 232 1
1700857973.999321 229 1
1700857974.007513 60 -1
1700857974.008465 60 -1
1700857974.008465 60 -1
1700857974.009643 1057 -1
1700857974.009643 729 -1
1700857974.009643 1054 -1
1700857974.009643 730 -1
1700857974.009643 5508 -1
1700857974.009709 54 1
1700857974.010529 1050 -1
1700857974.010564 6441 -1
1700857974.010593 54 1
1700857974.011727 728 -1
1700857974.011727 6082 -1
1700857974.011772 54 1
1700857974.029567 1029 -1
1700857974.029567 766 -1
1700857974.029567 1053 -1
1700857974.029567 729 -1
1700857974.029567 7354 -1
1700857974.029567 5544 -1
1700857974.029729 54 1
1700857974.029827 7354 -1
1700857974.029861 54 1
1700857974.030618 3796 -1
1700857974.030653 54 1
1700857974.090148 982 -1
1700857974.090148 810 -1
1700857974.090148 4434 -1
1700857974.090148 3726 -1
1700857974.090272 54 1
1700857975.602075 231 1
1700857975.605834 257 1
1700857975.605977 231 1
1700857975.608695 229 1
1700857975.613629 60 -1
1700857975.644188 984 -1
1700857975.644188 805 -1
1700857975.644300 54 1
1700857975.656108 1060 -1
1700857975.656108 719 -1
1700857975.656200 54 1
1700857975.656273 12080 -1
1700857975.656393 66 1
1700857975.656583 4434 -1
1700857975.656627 54 1
1700857975.657500 85 -1
1700857975.657500 4722 -1
1700857975.657552 54 1
1700857975.657587 2974 -1
1700857975.657611 66 1
1700857975.657841 1514 -1
1700857975.657862 66 1
1700857975.658394 7354 -1
1700857975.658435 54 1
1700857975.659243 4434 -1
1700857975.659273 54 1
1700857975.659304 4780 -1
1700857975.659326 54 1
1700857975.659664 7354 -1
1700857975.659765 54 1
1700857975.660275 7354 -1
1700857975.660312 54 1
1700857975.660855 7354 -1
1700857975.661036 54 1
1700857975.661613 7354 -1
1700857975.661647 54 1
1700857975.662319 1514 -1
1700857975.662319 2974 -1
1700857975.662366 54 1
1700857975.662517 7354 -1
1700857975.662541 54 1
1700857975.663634 7354 -1
1700857975.663684 54 1
1700857975.663860 4434 -1
1700857975.663922 54 1
1700857975.664412 2974 -1
1700857975.664412 7354 -1
1700857975.664462 54 1
1700857975.665207 1514 -1
1700857975.665207 4434 -1
1700857975.665258 54 1
1700857975.665995 7354 -1
1700857975.666038 54 1
1700857975.681590 7354 -1
1700857975.681590 1514 -1
1700857975.681590 7354 -1
1700857975.681590 2974 -1
1700857975.681590 2974 -1
1700857975.681590 4434 -1
1700857975.681590 7354 -1
1700857975.681590 7354 -1
1700857975.681590 4434 -1
1700857975.681590 7354 -1
1700857975.681590 2974 -1
1700857975.681590 4434 -1
1700857975.681590 7354 -1
1700857975.681590 7354 -1
1700857975.681590 7354 -1
1700857975.681590 2974 -1
1700857975.681590 6783 -1
1700857975.681977 54 1
1700857975.682364 54 1
1700857976.615091 1166 -1
1700857976.615091 362 -1
1700857976.615322 54 1
1700857976.615415 13194 -1
1700857976.615415 3320 -1
1700857976.615519 54 1
1700857976.616124 343 -1
1700857976.616124 407 -1
1700857976.616154 54 1
1700857976.909621 1113 -1
1700857976.909621 443 -1
1700857976.909928 54 1
1700857976.917804 4434 -1
1700857976.917889 54 1
1700857976.918142 7354 -1
1700857976.918172 54 1
1700857976.918515 2907 -1
1700857976.918576 54 1
1700857977.751089 229 1
1700857977.751695 234 1
1700857977.752996 258 1
1700857977.754304 60 -1
1700857977.759657 230 1
1700857977.761521 60 -1
1700857977.765671 230 1
1700857977.765804 231 1
1700857977.765885 231 1
1700857977.769023 1052 -1
1700857977.769023 727 -1
1700857977.769139 54 1
1700857977.772065 89 1
1700857977.774298 7354 -1
1700857977.774358 54 1
1700857977.774702 2974 -1
1700857977.774735 54 1
1700857977.779875 2377 -1
1700857977.779875 988 -1
1700857977.779875 800 -1
1700857977.779961 54 1
1700857977.780213 1107 -1
1700857977.780213 655 -1
1700857977.780213 7354 -1
1700857977.780314 54 1
1700857977.781643 7354 -1
1700857977.781643 1860 -1
1700857977.781643 85 -1
1700857977.781643 7354 -1
1700857977.781730 54 1
1700857977.781895 7354 -1
1700857977.781948 54 1
1700857977.782873 1860 -1
1700857977.782873 7354 -1
1700857977.783224 54 1
1700857977.784587 2974 -1
1700857977.784587 7354 -1
1700857977.784587 7354 -1
1700857977.784652 54 1
1700857977.784708 7354 -1
1700857977.784740 54 1
1700857977.790997 808 -1
1700857977.790997 1514 -1
1700857977.790997 7354 -1
1700857977.790997 7354 -1
1700857977.790997 1514 -1
1700857977.790997 7354 -1
1700857977.790997 7354 -1
1700857977.790997 2974 -1
1700857977.790997 7354 -1
1700857977.790997 7354 -1
1700857977.790997 7354 -1
1700857977.790997 7354 -1
1700857977.791223 54 1
1700857977.791370 5894 -1
1700857977.791370 4434 -1
1700857977.791426 54 1
1700857977.791509 7354 -1
1700857977.791544 54 1
1700857977.798187 7354 -1
1700857977.798187 7354 -1
1700857977.798187 5894 -1
1700857977.798187 7354 -1
1700857977.798187 108 -1
1700857977.798187 7354 -1
1700857977.798187 5613 -1
1700857977.798187 7354 -1
1700857977.798187 3825 -1
1700857977.798445 54 1
1700857977.798554 4434 -1
1700857977.798554 1055 -1
1700857977.798554 724 -1
1700857977.798554 950 -1
1700857977.798554 852 -1
1700857977.798627 66 1
1700857977.798671 66 1
1700857977.798711 66 1
1700857977.799166 66 1
1700857977.799200 54 1
1700857977.799267 4817 -1
1700857977.799267 13583 -1
1700857977.799320 54 1
1700857977.800256 1055 -1
1700857977.800282 66 1
1700857977.800415 724 -1
1700857977.800415 950 -1
1700857977.800415 852 -1
1700857977.800441 66 1
1700857977.800479 66 1
1700857977.800496 66 1
1700857978.064683 1088 -1
1700857978.064683 488 -1
1700857978.064865 54 1
1700857978.075412 5022 -1
1700857978.075509 54 1
1700857982.055083 218 1
1700857982.055609 230 1
1700857982.058324 60 -1
1700857982.059917 222 1
1700857982.060671 229 1
1700857982.060751 234 1
1700857982.061377 230 1
1700857982.061481 231 1
1700857982.063429 60 -1
1700857982.070275 985 -1
1700857982.070275 756 -1
1700857982.070275 7354 -1
1700857982.070275 7354 -1
1700857982.070275 1860 -1
1700857982.070460 54 1
1700857982.085333 2974 -1
1700857982.085333 6271 -1
1700857982.085333 4434 -1
1700857982.085333 7354 -1
1700857982.085333 4842 -1
1700857982.085333 7354 -1
1700857982.085333 7354 -1
1700857982.085333 7354 -1
1700857982.085333 7354 -1
1700857982.085333 7354 -1
1700857982.085333 2974 -1
1700857982.085333 4434 -1
1700857982.085333 36554 -1
1700857982.085333 36554 -1
1700857982.085795 66 1
1700857982.085878 66 1
1700857982.085910 66 1
1700857982.085954 66 1
1700857982.085982 66 1
1700857982.086039 54 1
1700857982.086132 54 1
1700857982.088305 10274 -1
1700857982.088390 54 1
1700857982.088435 20494 -1
1700857982.088521 54 1
1700857982.089061 54 1
1700857982.089410 54 1
1700857982.099985 2974 -1
1700857982.099985 4434 -1
1700857982.099985 2974 -1
1700857982.099985 4434 -1
1700857982.099985 7354 -1
1700857982.099985 5894 -1
1700857982.099985 7354 -1
1700857982.099985 4434 -1
1700857982.099985 1514 -1
1700857982.099985 1514 -1
1700857982.099985 7354 -1
1700857982.099985 7354 -1
1700857982.099985 1514 -1
1700857982.099985 7354 -1
1700857982.099985 7354 -1
1700857982.099985 5894 -1
1700857982.099985 7354 -1
1700857982.099985 7354 -1
1700857982.099985 7354 -1
1700857982.099985 2544 -1
1700857982.099985 21954 -1
1700857982.100399 66 1
1700857982.100454 66 1
1700857982.100580 54 1
1700857982.100645 2974 -1
1700857982.100668 54 1
1700857982.100692 54 1
1700857982.119774 7354 -1
1700857982.119774 4434 -1
1700857982.119774 4434 -1
1700857982.119774 7354 -1
1700857982.119905 54 1
1700857982.129691 7354 -1
1700857982.129691 7354 -1
1700857982.129691 1514 -1
1700857982.129691 4434 -1
1700857982.129691 7354 -1
1700857982.129691 2974 -1
1700857982.129691 7354 -1
1700857982.129691 7354 -1
1700857982.129691 4434 -1
1700857982.129691 7354 -1
1700857982.129691 5894 -1
1700857982.129691 4434 -1
1700857982.129691 7354 -1
1700857982.129691 7354 -1
1700857982.129691 2061 -1
1700857982.130019 54 1
1700857982.130298 54 1
1700857982.193543 1041 -1
1700857982.193543 731 -1
1700857982.193543 2669 -1
1700857982.193644 54 1
1700857982.321456 1089 -1
1700857982.321456 495 -1
1700857982.321456 7354 -1
1700857982.321456 1170 -1
1700857982.321554 54 1
1700857982.325790 1086 -1
1700857982.325790 494 -1
1700857982.325790 7354 -1
1700857982.325790 1509 -1
1700857982.326239 54 1
1700857982.584453 984 -1
1700857982.584453 805 -1
1700857982.584453 4434 -1
1700857982.584453 7354 -1
1700857982.584453 3106 -1
1700857982.584631 54 1
1700857983.750712 224 1
1700857983.751372 230 1
1700857983.755654 60 -1
1700857983.757914 229 1
1700857983.758074 231 1
1700857983.758174 222 1
1700857983.758379 230 1
1700857983.773555 60 -1
1700857983.773555 1110 -1
1700857983.773555 650 -1
1700857983.773555 7354 -1
1700857983.773639 54 1
1700857983.774492 4385 -1
1700857983.774535 54 1
1700857983.776476 89 1
1700857983.782100 979 -1
1700857983.782100 809 -1
1700857983.782100 2974 -1
1700857983.782100 4794 -1
1700857983.782206 54 1
1700857983.787178 976 -1
1700857983.787178 816 -1
1700857983.787229 54 1
1700857983.792028 1751 -1
1700857983.792028 1129 -1
1700857983.792028 620 -1
1700857983.792028 7108 -1
1700857983.792105 54 1
1700857983.802516 1053 -1
1700857983.802619 54 1
1700857983.802682 730 -1
1700857983.808114 1514 -1
1700857983.808114 2432 -1
1700857983.808216 54 1
1700857984.065588 1090 -1
1700857984.065588 484 -1
1700857984.065588 7354 -1
1700857984.065588 8440 -1
1700857984.065731 54 1
1700857985.520537 232 1
1700857985.523281 231 1
1700857985.526885 229 1
1700857985.527031 229 1
1700857985.528405 232 1
1700857985.528484 224 1
1700857985.530373 60 -1
1700857985.531816 60 -1
1700857985.537564 1028 -1
1700857985.537564 764 -1
1700857985.537564 7968 -1
1700857985.537677 54 1
1700857985.546388 1052 -1
1700857985.546388 728 -1
1700857985.546388 948 -1
1700857985.546388 850 -1
1700857985.546388 7354 -1
1700857985.546388 2439 -1
1700857985.546527 54 1
1700857985.546607 1055 -1
1700857985.546607 732 -1
1700857985.546607 7354 -1
1700857985.546607 2121 -1
1700857985.546671 54 1
1700857985.556500 4434 -1
1700857985.556500 7354 -1
1700857985.556500 1947 -1
1700857985.556500 980 -1
1700857985.556500 806 -1
1700857985.556500 4434 -1
1700857985.556500 4489 -1
1700857985.556695 54 1
1700857985.838491 1064 -1
1700857985.838491 529 -1
1700857985.838598 54 1
1700857985.839346 7354 -1
1700857985.839384 54 1
1700857985.839778 2294 -1
1700857985.839809 54 1
1700857987.963694 230 1
1700857987.970021 234 1
1700857987.971155 222 1
1700857987.972316 225 1
1700857988.005605 60 -1
1700857988.025346 1034 -1
1700857988.025346 736 -1
1700857988.025346 1023 -1
1700857988.025346 768 -1
1700857988.025408 54 1
1700857988.037900 1056 -1
1700857988.037900 725 -1
1700857988.037900 4215 -1
1700857988.037900 2974 -1
1700857988.037900 6661 -1
1700857988.037900 1514 -1
1700857988.037900 7354 -1
1700857988.037900 1077 -1
1700857988.038354 54 1
1700857988.064764 1054 -1
1700857988.064764 726 -1
1700857988.064873 54 1
1700857988.069847 2974 -1
1700857988.070344 54 1
1700857988.085417 5894 -1
1700857988.085417 3406 -1
1700857988.085532 54 1
1700857992.349977 54 1
1700857992.354352 78 -1
1700857992.354352 60 -1
1700857992.354417 54 1
1700857993.543632 66 1
1700857993.550136 66 -1
1700857993.553500 54 1
1700857993.556612 902 1
1700857993.558216 60 -1
1700857993.559394 318 -1
1700857993.560001 134 1
1700857993.560620 146 1
1700857993.563538 584 1
1700857993.563673 223 1
1700857993.563766 257 1
1700857993.563853 259 1
1700857993.572078 60 -1
1700857993.572078 60 -1
1700857993.572078 341 -1
1700857993.573076 115 -1
1700857993.573076 85 -1
1700857993.573076 60 -1
1700857993.573076 60 -1
1700857993.573076 60 -1
1700857993.573076 60 -1
1700857993.573160 54 1
1700857993.585509 985 -1
1700857993.585509 804 -1
1700857993.585509 7354 -1
1700857993.585509 7354 -1
1700857993.585651 54 1
1700857993.585739 1860 -1
1700857993.585766 54 1
1700857993.586369 85 -1
1700857993.586369 2974 -1
1700857993.586413 54 1
1700857993.592743 7354 -1
1700857993.592743 6240 -1
1700857993.592743 7354 -1
1700857993.592743 7354 -1
1700857993.592945 54 1
1700857993.593492 1514 -1
1700857993.594301 4434 -1
1700857993.594333 54 1
1700857993.595618 4434 -1
1700857993.595669 54 1
1700857993.596430 4434 -1
1700857993.596479 54 1
1700857993.597524 85 1
1700857993.604656 7354 -1
1700857993.604656 7354 -1
1700857993.604656 5894 -1
1700857993.604656 4434 -1
1700857993.604656 4434 -1
1700857993.604656 7354 -1
1700857993.604656 4434 -1
1700857993.604656 7354 -1
1700857993.604656 5894 -1
1700857993.604656 7354 -1
1700857993.604656 5894 -1
1700857993.605145 54 1
1700857993.613388 7354 -1
1700857993.613388 4434 -1
1700857993.613388 7354 -1
1700857993.613388 7354 -1
1700857993.613388 7354 -1
1700857993.613388 7354 -1
1700857993.613388 7354 -1
1700857993.613652 54 1
1700857993.613745 2974 -1
1700857993.613772 54 1
1700857993.613850 3234 -1
1700857993.613880 54 1
1700857993.614500 986 -1
1700857993.614500 800 -1
1700857993.614500 7354 -1
1700857993.614563 54 1
1700857993.626440 7354 -1
1700857993.626440 1514 -1
1700857993.626440 400 -1
1700857993.626440 85 -1
1700857993.626440 5894 -1
1700857993.626440 7354 -1
1700857993.626440 8814 -1
1700857993.626440 60 -1
1700857993.626440 7354 -1
1700857993.626440 7354 -1
1700857993.626440 7354 -1
1700857993.626440 2974 -1
1700857993.626440 4434 -1
1700857993.626440 7354 -1
1700857993.626440 7354 -1
1700857993.626440 5894 -1
1700857993.626740 54 1
1700857993.626984 54 1
1700857993.627655 2974 -1
1700857993.627655 2974 -1
1700857993.627655 7354 -1
1700857993.627725 54 1
1700857993.628337 7354 -1
1700857993.628382 54 1
1700857993.629358 7354 -1
1700857993.629358 2974 -1
1700857993.629419 54 1
1700857993.629452 4434 -1
1700857993.629486 54 1
1700857993.629803 7354 -1
1700857993.629852 54 1
1700857993.630505 4434 -1
1700857993.630537 54 1
1700857993.630877 7354 -1
1700857993.630921 54 1
1700857993.631377 1514 -1
1700857993.631404 54 1
1700857993.633388 4434 -1
1700857993.633388 7354 -1
1700857993.633388 2974 -1
1700857993.633388 7354 -1
1700857993.634405 54 1
1700857993.634468 5894 -1
1700857993.634468 7354 -1
1700857993.634468 7354 -1
1700857993.634845 54 1
1700857993.635429 7354 -1
1700857993.635457 54 1
1700857993.635606 2974 -1
1700857993.635629 54 1
1700857993.635916 3825 -1
1700857993.635943 54 1
1700857993.817156 1084 -1
1700857993.817156 496 -1
1700857993.817156 3546 -1
1700857993.817367 54 1
1700857995.247167 231 1
1700857995.248039 226 1
1700857995.248173 60 -1
1700857995.248644 228 1
1700857995.249185 60 -1
1700857995.249713 223 1
1700857995.249726 60 -1
1700857995.250726 60 -1
1700857995.251584 230 1
1700857995.252662 60 -1
1700857995.254454 230 1
1700857995.255534 60 -1
1700857995.285456 737 -1
1700857995.285456 1037 -1
1700857995.285456 5894 -1
1700857995.285456 3504 -1
1700857995.285563 66 1
1700857995.285641 54 1
1700857995.285678 54 1
1700857995.297099 1053 -1
1700857995.297099 730 -1
1700857995.297099 4434 -1
1700857995.297099 6971 -1
1700857995.297205 54 1
1700857995.303259 1051 -1
1700857995.303259 728 -1
1700857995.303339 54 1
1700857995.308699 7226 -1
1700857995.308758 54 1
1700857995.441789 981 -1
1700857995.441789 808 -1
1700857995.441901 54 1
1700857995.458627 7354 -1
1700857995.458732 54 1
1700857995.458946 1352 -1
1700857995.458966 54 1
1700857995.508616 1089 -1
1700857995.508707 488 -1
1700857995.508741 54 1
1700857995.510861 780 -1
1700857995.514010 4434 -1
1700857995.514010 4217 -1
1700857995.514270 54 1
1700857995.593225 1091 -1
1700857995.593225 482 -1
1700857995.593615 54 1
1700857995.598154 2974 -1
1700857995.598154 7354 -1
1700857995.598272 54 1
1700857995.598795 1816 -1
1700857995.598840 54 1
1700857996.935077 229 1
1700857996.935894 221 1
1700857996.940701 231 1
1700857996.940943 223 1
1700857996.942692 235 1
1700857996.943855 60 -1
1700857996.949953 232 1
1700857996.954596 1025 -1
1700857996.954596 767 -1
1700857996.954699 54 1
1700857996.959400 1003 -1
1700857996.959400 773 -1
1700857996.959400 16114 -1
1700857996.959740 54 1
1700857996.973519 400 -1
1700857996.973519 238 -1
1700857996.973519 2974 -1
1700857996.973519 5006 -1
1700857996.973519 1727 -1
1700857996.973519 2974 -1
1700857996.973519 6595 -1
1700857996.973677 54 1
1700857996.983342 951 -1
1700857996.983342 848 -1
1700857996.983342 4434 -1
1700857996.983342 7354 -1
1700857996.983342 4780 -1
1700857996.983342 85 -1
1700857996.983342 2221 -1
1700857996.983506 54 1
1700857996.995297 983 -1
1700857996.995297 807 -1
1700857996.995297 1514 -1
1700857996.995297 1514 -1
1700857996.995297 1514 -1
1700857996.995297 2974 -1
1700857996.995297 4324 -1
1700857996.995449 54 1
1700857997.026749 1112 -1
1700857997.026749 648 -1
1700857997.026853 54 1
1700857997.030691 4434 -1
1700857997.030691 5977 -1
1700857997.030796 54 1
1700857998.609714 224 1
1700857998.610491 232 1
1700857998.611646 230 1
1700857998.611879 230 1
1700857998.646339 60 -1
1700857998.664343 1054 -1
1700857998.664343 730 -1
1700857998.664343 1106 -1
1700857998.664343 650 -1
1700857998.664343 1514 -1
1700857998.664343 8690 -1
1700857998.664463 54 1
1700857998.665611 1052 -1
1700857998.665611 732 -1
1700857998.665647 54 1
1700857998.666212 7354 -1
1700857998.666243 54 1
1700857998.666716 4338 -1
1700857998.666747 54 1
1700857998.667602 7354 -1
1700857998.667653 54 1
1700857998.668593 7354 -1
1700857998.668636 54 1
1700857998.669859 1860 -1
1700857998.669890 54 1
1700857998.674788 144 -1
1700857998.674835 54 1
1700857998.697697 981 -1
1700857998.697697 803 -1
1700857998.697781 54 1
1700857998.699315 89 1
1700857998.700164 16039 -1
1700857998.700270 54 1
1700857998.742762 60 -1
1700858001.045944 234 1
1700858001.046055 221 1
1700858001.047375 60 -1
1700858001.047375 60 -1
1700858001.056537 231 1
1700858001.057563 60 -1
1700858001.083677 1006 -1
1700858001.083677 809 -1
1700858001.083677 4434 -1
1700858001.083677 7354 -1
1700858001.083677 1966 -1
1700858001.083677 1056 -1
1700858001.083677 724 -1
1700858001.083677 4434 -1
1700858001.083677 7219 -1
1700858001.083877 54 1
1700858001.094183 1379 -1
1700858001.094228 66 1
1700858001.247370 950 -1
1700858001.247370 853 -1
1700858001.247370 7354 -1
1700858001.247370 480 -1
1700858001.247370 480 -1
1700858001.247497 66 1
1700858002.361177 54 1
1700858002.368328 78 -1
1700858002.368328 60 -1
1700858002.368382 54 1
1700858002.921174 66 1
1700858002.922297 66 -1
1700858002.922420 54 1
1700858002.922837 902 1
1700858002.923824 60 -1
1700858002.929775 318 -1
1700858002.930491 134 1
1700858002.930906 146 1
1700858002.932005 60 -1
1700858002.932005 60 -1
1700858002.932620 341 -1
1700858002.935316 585 1
1700858002.935999 223 1
1700858002.936114 223 1
1700858002.936201 229 1
1700858002.936289 223 1
1700858002.936299 60 -1
1700858002.936495 250 1
1700858002.936581 232 1
1700858002.936904 60 -1
1700858002.936959 60 -1
1700858002.937437 60 -1
1700858002.937437 60 -1
1700858002.937493 115 -1
1700858002.938040 85 1
1700858002.946338 85 -1
1700858002.946338 60 -1
1700858002.946338 60 -1
1700858002.946338 85 -1
1700858002.946454 66 1
1700858002.946533 60 -1
1700858002.949995 1052 -1
1700858002.949995 730 -1
1700858002.950091 54 1
1700858002.950201 5143 -1
1700858002.950241 54 1
1700858002.956757 1037 -1
1700858002.956757 750 -1
1700858002.956861 54 1
1700858002.959734 1514 -1
1700858002.959804 54 1
1700858002.963821 7354 -1
1700858002.963821 5894 -1
1700858002.963821 1860 -1
1700858002.963821 85 -1
1700858002.963821 1053 -1
1700858002.963821 727 -1
1700858002.963821 4434 -1
1700858002.963821 5894 -1
1700858002.963821 6240 -1
1700858002.963821 7354 -1
1700858002.963821 74 -1
1700858002.963821 7354 -1
1700858002.964106 54 1
1700858002.987575 7354 -1
1700858002.987575 1860 -1
1700858002.987575 2974 -1
1700858002.987575 7354 -1
1700858002.987575 7354 -1
1700858002.987575 7354 -1
1700858002.987575 7354 -1
1700858002.987575 808 -1
1700858002.987575 7354 -1
1700858002.987575 2974 -1
1700858002.987575 2974 -1
1700858002.987575 1514 -1
1700858002.987575 7354 -1
1700858002.987575 7354 -1
1700858002.987575 7354 -1
1700858002.987575 7354 -1
1700858002.987575 7354 -1
1700858002.987575 5894 -1
1700858002.987575 7354 -1
1700858002.987575 7354 -1
1700858002.987575 2974 -1
1700858002.988153 54 1
1700858002.990066 54 1
1700858002.993936 7354 -1
1700858002.993936 21954 -1
1700858002.993936 7354 -1
1700858002.994178 54 1
1700858002.996110 2974 -1
1700858002.996110 7354 -1
1700858002.996110 2974 -1
1700858002.996110 7354 -1
1700858002.996110 7354 -1
1700858002.996110 7354 -1
1700858002.996264 54 1
1700858003.000460 1514 -1
1700858003.000460 4852 -1
1700858003.000536 54 1
1700858003.006517 54 1
1700858003.041892 1087 -1
1700858003.041892 519 -1
1700858003.041892 338 -1
1700858003.042007 54 1
1700858003.052697 6086 -1
1700858003.052792 54 1
1700858003.247114 1088 -1
1700858003.247114 491 -1
1700858003.247222 54 1
1700858003.247291 2638 -1
1700858003.247326 54 1
1700858008.059628 225 1
1700858008.069383 222 1
1700858008.069509 231 1
1700858008.069585 231 1
1700858008.069976 224 1
1700858008.070060 232 1
1700858008.070185 218 1
1700858008.076760 981 -1
1700858008.076760 807 -1
1700858008.076760 2974 -1
1700858008.076760 4434 -1
1700858008.076760 2197 -1
1700858008.076980 54 1
1700858008.084422 60 -1
1700858008.090228 89 1
1700858008.106286 60 -1
1700858008.106286 1056 -1
1700858008.106286 727 -1
1700858008.106401 54 1
1700858008.111825 7354 -1
1700858008.111825 2999 -1
1700858008.111948 54 1
1700858008.125066 1052 -1
1700858008.125066 731 -1
1700858008.125066 981 -1
1700858008.125066 845 -1
1700858008.125066 986 -1
1700858008.125066 806 -1
1700858008.125066 2974 -1
1700858008.125066 1514 -1
1700858008.125066 2315 -1
1700858008.125066 4434 -1
1700858008.125066 7354 -1
1700858008.125066 4780 -1
1700858008.125066 2974 -1
1700858008.125066 7354 -1
1700858008.125066 6271 -1
1700858008.125066 85 -1
1700858008.125066 5894 -1
1700858008.125066 7354 -1
1700858008.125066 7354 -1
1700858008.125066 7354 -1
1700858008.125066 5157 -1
1700858008.125066 7354 -1
1700858008.125066 7354 -1
1700858008.125565 54 1
1700858008.125657 1922 -1
1700858008.125657 7354 -1
1700858008.125657 7354 -1
1700858008.125751 54 1
1700858008.125930 7354 -1
1700858008.125978 54 1
1700858008.126744 7354 -1
1700858008.126789 54 1
1700858008.127145 7354 -1
1700858008.127190 54 1
1700858008.127914 7354 -1
1700858008.127950 54 1
1700858008.128348 6509 -1
1700858008.128385 54 1
1700858008.129203 2974 -1
1700858008.129203 5309 -1
1700858008.129241 54 1
1700858008.129359 54 1
1700858008.129622 7354 -1
1700858008.129655 54 1
1700858008.130608 7354 -1
1700858008.130698 54 1
1700858008.130954 1860 -1
1700858008.130977 54 1
1700858008.131464 4434 -1
1700858008.131464 7354 -1
1700858008.131509 54 1
1700858008.131567 54 1
1700858008.131738 54 1
1700858008.131977 4811 -1
1700858008.132028 54 1
1700858008.132375 85 -1
1700858008.132375 5894 -1
1700858008.132404 54 1
1700858008.132801 54 1
1700858008.132881 7354 -1
1700858008.132940 54 1
1700858008.133477 7354 -1
1700858008.133512 54 1
1700858008.134048 7354 -1
1700858008.134083 54 1
1700858008.134656 5157 -1
1700858008.134696 54 1
1700858008.135090 4434 -1
1700858008.135138 54 1
1700858008.135448 7354 -1
1700858008.135475 54 1
1700858008.139442 1514 -1
1700858008.139442 7354 -1
1700858008.139442 7354 -1
1700858008.139442 5894 -1
1700858008.139442 4434 -1
1700858008.139442 6700 -1
1700858008.139442 7354 -1
1700858008.139577 54 1
1700858008.150351 14654 -1
1700858008.150351 7354 -1
1700858008.150351 7354 -1
1700858008.150351 7354 -1
1700858008.150351 7354 -1
1700858008.150351 1514 -1
1700858008.150351 1514 -1
1700858008.150351 4188 -1
1700858008.150351 2974 -1
1700858008.150351 7354 -1
1700858008.150351 3963 -1
1700858008.150351 7354 -1
1700858008.150351 7354 -1
1700858008.150351 4434 -1
1700858008.150351 7354 -1
1700858008.150351 7354 -1
1700858008.150351 5894 -1
1700858008.150351 4434 -1
1700858008.150351 7354 -1
1700858008.150761 54 1
1700858008.150802 54 1
1700858008.150843 7354 -1
1700858008.150885 54 1
1700858008.151046 54 1
1700858008.151149 4434 -1
1700858008.151199 54 1
1700858008.151203 54 1
1700858008.151502 1514 -1
1700858008.151713 7354 -1
1700858008.151740 54 1
1700858008.152329 4434 -1
1700858008.152372 54 1
1700858008.152576 4192 -1
1700858008.152620 54 1
1700858008.152929 7354 -1
1700858008.152979 54 1
1700858008.153592 7354 -1
1700858008.153644 54 1
1700858008.154191 5894 -1
1700858008.154239 54 1
1700858008.154804 7354 -1
1700858008.154853 54 1
1700858008.155286 285 -1
1700858008.155314 54 1
1700858008.155340 5599 -1
1700858008.155377 54 1
1700858008.155763 6622 -1
1700858008.155809 54 1
1700858008.279602 983 -1
1700858008.279602 807 -1
1700858008.279720 54 1
1700858008.291211 2974 -1
1700858008.291211 7354 -1
1700858008.291331 54 1
1700858008.291614 6240 -1
1700858008.291649 54 1
1700858008.296210 1288 -1
1700858008.340780 54 1
1700858008.422500 1089 -1
1700858008.422500 487 -1
1700858008.422550 54 1
1700858008.431251 4434 -1
1700858008.431348 54 1
1700858008.431401 2172 -1
1700858008.431419 54 1
1700858009.730734 220 1
1700858009.738349 230 1
1700858009.743599 250 1
1700858009.743709 231 1
1700858009.744881 225 1
1700858009.745284 224 1
1700858009.745792 60 -1
1700858009.792668 1055 -1
1700858009.792668 725 -1
1700858009.792668 984 -1
1700858009.792668 804 -1
1700858009.792668 5917 -1
1700858009.792668 7354 -1
1700858009.792668 7354 -1
1700858009.792668 1860 -1
1700858009.792668 85 -1
1700858009.792668 7354 -1
1700858009.792668 7354 -1
1700858009.792668 1860 -1
1700858009.792668 85 -1
1700858009.792668 7354 -1
1700858009.792668 7354 -1
1700858009.792668 1891 -1
1700858009.792668 29254 -1
1700858009.792668 3697 -1
1700858009.792668 7354 -1
1700858009.792668 7354 -1
1700858009.792668 1922 -1
1700858009.792668 4434 -1
1700858009.792668 7354 -1
1700858009.792668 7354 -1
1700858009.792668 7354 -1
1700858009.792668 7354 -1
1700858009.792668 5894 -1
1700858009.792668 7354 -1
1700858009.792668 7354 -1
1700858009.792668 4316 -1
1700858009.792668 1053 -1
1700858009.792668 7354 -1
1700858009.792668 3308 -1
1700858009.792668 1054 -1
1700858009.792668 734 -1
1700858009.792668 5894 -1
1700858009.792668 2356 -1
1700858009.793803 54 1
1700858009.793963 54 1
1700858009.794359 54 1
1700858009.799942 984 -1
1700858009.799942 805 -1
1700858009.799942 7354 -1
1700858009.799942 9160 -1
1700858009.799942 85 -1
1700858009.799942 7354 -1
1700858009.799942 7354 -1
1700858009.799942 7354 -1
1700858009.799942 7354 -1
1700858009.799942 1514 -1
1700858009.799942 7354 -1
1700858009.799942 7354 -1
1700858009.799942 1514 -1
1700858009.799942 5894 -1
1700858009.799942 5894 -1
1700858009.800387 54 1
1700858009.803069 54 1
1700858009.824887 4434 -1
1700858009.824887 7354 -1
1700858009.824887 7354 -1
1700858009.824887 1514 -1
1700858009.824887 7354 -1
1700858009.824887 4739 -1
1700858009.824887 1034 -1
1700858009.824887 765 -1
1700858009.824887 2974 -1
1700858009.824887 4719 -1
1700858009.825105 54 1
1700858011.462306 232 1
1700858011.462438 230 1
1700858011.462498 223 1
1700858011.463305 223 1
1700858011.463442 218 1
1700858011.463519 232 1
1700858011.482247 60 -1
1700858011.482247 60 -1
1700858011.482247 981 -1
1700858011.482247 810 -1
1700858011.482247 6399 -1
1700858011.482247 1057 -1
1700858011.482247 728 -1
1700858011.482247 7354 -1
1700858011.482247 7354 -1
1700858011.482247 1691 -1
1700858011.482499 54 1
1700858011.504430 982 -1
1700858011.504430 808 -1
1700858011.504430 7354 -1
1700858011.504430 4434 -1
1700858011.504430 4780 -1
1700858011.504430 1514 -1
1700858011.504430 7354 -1
1700858011.504430 7354 -1
1700858011.504430 431 -1
1700858011.504430 14654 -1
1700858011.504430 1922 -1
1700858011.504430 7354 -1
1700858011.504430 1514 -1
1700858011.504430 7354 -1
1700858011.504430 431 -1
1700858011.504430 7354 -1
1700858011.504430 1514 -1
1700858011.504430 7354 -1
1700858011.504430 7354 -1
1700858011.504430 7354 -1
1700858011.504430 1514 -1
1700858011.504430 7354 -1
1700858011.504430 1118 -1
1700858011.504430 4434 -1
1700858011.504430 7354 -1
1700858011.504430 7354 -1
1700858011.504430 5494 -1
1700858011.504430 7354 -1
1700858011.505059 54 1
1700858011.505171 56994 -1
1700858011.505429 54 1
1700858011.512485 54 1
1700858011.516396 1060 -1
1700858011.516396 20494 -1
1700858011.516396 7354 -1
1700858011.516396 10274 -1
1700858011.516396 7354 -1
1700858011.516396 2974 -1
1700858011.516396 7354 -1
1700858011.516396 7354 -1
1700858011.516396 7354 -1
1700858011.516396 1514 -1
1700858011.516396 7354 -1
1700858011.516396 7354 -1
1700858011.516730 54 1
1700858011.516823 26334 -1
1700858011.516909 54 1
1700858011.521654 23414 -1
1700858011.521654 7354 -1
1700858011.521654 2974 -1
1700858011.521654 7354 -1
1700858011.521864 54 1
1700858011.521974 2974 -1
1700858011.522002 54 1
1700858011.522398 7354 -1
1700858011.522437 54 1
1700858011.522870 7354 -1
1700858011.522903 54 1
1700858011.523074 54 1
1700858011.523445 5894 -1
1700858011.523518 54 1
1700858011.523968 7354 -1
1700858011.524012 54 1
1700858011.524630 14654 -1
1700858011.524712 54 1
1700858011.525763 8814 -1
1700858011.525807 54 1
1700858011.526490 7354 -1
1700858011.526518 54 1
1700858011.528008 7354 -1
1700858011.528048 54 1
1700858011.528551 7354 -1
1700858011.528583 54 1
1700858011.529130 7354 -1
1700858011.529175 54 1
1700858011.529737 4434 -1
1700858011.529780 54 1
1700858011.530092 2974 -1
1700858011.530094 54 1
1700858011.530120 54 1
1700858011.530837 54 1
1700858011.531858 7354 -1
1700858011.531858 7354 -1
1700858011.531858 7354 -1
1700858011.531939 54 1
1700858011.532170 7354 -1
1700858011.532199 54 1
1700858011.532762 7354 -1
1700858011.532782 54 1
1700858011.533364 3601 -1
1700858011.533385 54 1
1700858011.557043 1087 -1
1700858011.557043 521 -1
1700858011.557043 8631 -1
1700858011.557180 54 1
1700858011.760959 1090 -1
1700858011.761130 494 -1
1700858011.761203 54 1
1700858011.767477 4434 -1
1700858011.767477 8072 -1
1700858011.767584 54 1
1700858011.857446 1089 -1
1700858011.857446 489 -1
1700858011.857446 777 -1
1700858011.857551 54 1
1700858011.857810 4845 -1
1700858011.857847 54 1
1700858011.858097 7354 -1
1700858011.858156 54 1
1700858011.858748 929 -1
1700858011.907498 54 1
1700858012.391685 54 1
1700858012.398342 78 -1
1700858012.398385 54 1
1700858012.398444 60 -1
1700858013.617599 66 1
1700858013.618599 66 -1
1700858013.618711 54 1
1700858013.620484 870 1
1700858013.621536 60 -1
1700858013.622637 318 -1
1700858013.623760 134 1
1700858013.624394 146 1
1700858013.625059 578 1
1700858013.625112 232 1
1700858013.625214 230 1
1700858013.625301 230 1
1700858013.625385 258 1
1700858013.625519 229 1
1700858013.627485 60 -1
1700858013.627485 60 -1
1700858013.627485 60 -1
1700858013.627485 60 -1
1700858013.627485 60 -1
1700858013.627485 60 -1
1700858013.627485 60 -1
1700858013.627485 341 -1
1700858013.634335 115 -1
1700858013.634335 85 -1
1700858013.634433 54 1
1700858013.634789 85 1
1700858013.635950 60 -1
1700858013.642674 1054 -1
1700858013.642674 732 -1
1700858013.642794 54 1
1700858013.642919 7354 -1
1700858013.642966 54 1
1700858013.643581 5218 -1
1700858013.643619 54 1
1700858013.643790 1049 -1
1700858013.643821 54 1
1700858013.643938 733 -1
1700858013.644027 4863 -1
1700858013.644053 54 1
1700858013.644350 1054 -1
1700858013.644374 54 1
1700858013.650348 731 -1
1700858013.650348 7354 -1
1700858013.650348 85 -1
1700858013.650463 54 1
1700858013.671435 1050 -1
1700858013.671435 729 -1
1700858013.671435 5894 -1
1700858013.671435 1607 -1
1700858013.671591 54 1
1700858013.781149 1057 -1
1700858013.781149 726 -1
1700858013.781149 7354 -1
1700858013.781149 5571 -1
1700858013.781324 54 1
1700858014.004667 1095 -1
1700858014.004667 482 -1
1700858014.004667 7354 -1
1700858014.004667 7354 -1
1700858014.004667 1860 -1
1700858014.004667 7354 -1
1700858014.004667 7354 -1
1700858014.004667 1891 -1
1700858014.004667 7354 -1
1700858014.004667 7354 -1
1700858014.004667 884 -1
1700858014.004982 54 1
1700858014.078733 5340 -1
1700858014.078733 7354 -1
1700858014.078733 7354 -1
1700858014.078733 1860 -1
1700858014.078733 85 -1
1700858014.078733 10274 -1
1700858014.078733 6240 -1
1700858014.078733 7354 -1
1700858014.078733 7354 -1
1700858014.078733 7354 -1
1700858014.078733 7354 -1
1700858014.078733 3728 -1
1700858014.078733 5894 -1
1700858014.078733 10651 -1
1700858014.078733 7354 -1
1700858014.078733 7354 -1
1700858014.078733 7354 -1
1700858014.078733 2974 -1
1700858014.078733 7354 -1
1700858014.078733 7354 -1
1700858014.078733 4699 -1
1700858014.079345 54 1
1700858014.079662 54 1
1700858014.100596 319 -1
1700858014.100669 66 1
1700858014.131001 4572 -1
1700858014.131109 54 1
1700858014.131417 7354 -1
1700858014.131469 54 1
1700858014.131752 7354 -1
1700858014.131795 54 1
1700858014.132578 1860 -1
1700858014.132578 7354 -1
1700858014.132654 54 1
1700858014.133184 2888 -1
1700858014.133268 54 1
1700858019.890389 230 1
1700858019.890536 231 1
1700858019.890642 230 1
1700858019.891163 225 1
1700858019.891290 229 1
1700858019.894761 60 -1
1700858019.894761 60 -1
1700858019.894761 60 -1
1700858019.894761 60 -1
1700858019.894761 60 -1
1700858019.906488 1051 -1
1700858019.906488 733 -1
1700858019.906585 54 1
1700858019.907521 1056 -1
1700858019.907521 726 -1
1700858019.907521 961 -1
1700858019.907521 839 -1
1700858019.907521 7354 -1
1700858019.907609 54 1
1700858019.908180 1180 -1
1700858019.908341 54 1
1700858019.908486 1514 -1
1700858019.908486 4434 -1
1700858019.908530 54 1
1700858019.916930 89 1
1700858019.922655 7354 -1
1700858019.922655 3320 -1
1700858019.922655 5894 -1
1700858019.922655 8574 -1
1700858019.922655 2974 -1
1700858019.922655 7354 -1
1700858019.922655 997 -1
1700858019.922655 1055 -1
1700858019.922655 723 -1
1700858019.922655 7354 -1
1700858019.922655 7354 -1
1700858019.922655 1860 -1
1700858019.922655 2290 -1
1700858019.922910 54 1
1700858019.926605 830 -1
1700858019.926675 66 1
1700858019.950692 1053 -1
1700858019.950692 725 -1
1700858019.950787 54 1
1700858019.953607 8814 -1
1700858019.953702 54 1
1700858019.954123 60 -1
1700858019.996697 54 1
1700858021.655862 216 1
1700858021.655958 230 1
1700858021.657870 225 1
1700858021.657931 60 -1
1700858021.658016 229 1
1700858021.659095 232 1
1700858021.675711 60 -1
1700858021.675711 1053 -1
1700858021.675711 733 -1
1700858021.675711 10480 -1
1700858021.675907 54 1
1700858021.684143 1056 -1
1700858021.684143 722 -1
1700858021.684143 7354 -1
1700858021.684143 6950 -1
1700858021.684496 54 1
1700858021.689461 984 -1
1700858021.689461 803 -1
1700858021.689461 7354 -1
1700858021.689461 7354 -1
1700858021.689461 1860 -1
1700858021.689461 85 -1
1700858021.689461 10274 -1
1700858021.689660 54 1
1700858021.691257 6240 -1
1700858021.691257 7354 -1
1700858021.691257 7354 -1
1700858021.691364 54 1
1700858021.692402 1832 -1
1700858021.692402 7354 -1
1700858021.692489 54 1
1700858021.692881 833 -1
1700858021.692881 5894 -1
1700858021.692961 54 1
1700858021.693459 7354 -1
1700858021.693494 54 1
1700858021.695898 3320 -1
1700858021.695898 1514 -1
1700858021.695898 4434 -1
1700858021.695898 7354 -1
1700858021.695898 3264 -1
1700858021.695898 7354 -1
1700858021.696046 54 1
1700858021.696127 833 -1
1700858021.696127 8421 -1
1700858021.696208 54 1
1700858021.696799 7354 -1
1700858021.696865 54 1
1700858021.697465 737 -1
1700858021.697465 7354 -1
1700858021.697517 54 1
1700858021.697906 929 -1
1700858021.698013 5894 -1
1700858021.698039 54 1
1700858021.698666 10620 -1
1700858021.698723 54 1
1700858021.699887 85 -1
1700858021.699887 11734 -1
1700858021.699945 54 1
1700858021.700472 4780 -1
1700858021.700546 54 1
1700858021.701050 8814 -1
1700858021.701100 54 1
1700858021.701541 7354 -1
1700858021.701570 54 1
1700858021.706265 7354 -1
1700858021.706265 7354 -1
1700858021.706265 2268 -1
1700858021.706265 7354 -1
1700858021.706265 7354 -1
1700858021.706265 7354 -1
1700858021.706265 7354 -1
1700858021.706265 3759 -1
1700858021.706265 7354 -1
1700858021.706488 54 1
1700858021.706910 5894 -1
1700858021.706944 54 1
1700858021.707495 7354 -1
1700858021.707524 54 1
1700858021.708045 7354 -1
1700858021.708100 54 1
1700858021.711507 7354 -1
1700858021.711507 7354 -1
1700858021.711507 7025 -1
1700858021.711507 4434 -1
1700858021.711507 1514 -1
1700858021.711507 7354 -1
1700858021.711661 54 1
1700858021.711730 7354 -1
1700858021.711762 54 1
1700858021.711991 7354 -1
1700858021.712026 54 1
1700858021.716065 2974 -1
1700858021.716065 7354 -1
1700858021.716065 7354 -1
1700858021.716065 7354 -1
1700858021.716065 2697 -1
1700858021.716065 14654 -1
1700858021.716384 54 1
1700858021.716452 5894 -1
1700858021.716487 54 1
1700858021.716567 7354 -1
1700858021.716601 54 1
1700858021.717811 7354 -1
1700858021.717811 7354 -1
1700858021.717884 54 1
1700858021.718434 4434 -1
1700858021.718468 54 1
1700858021.718879 2974 -1
1700858021.718910 54 1
1700858021.719092 1514 -1
1700858021.719435 2974 -1
1700858021.719435 1514 -1
1700858021.719473 54 1
1700858021.719707 2974 -1
1700858021.719748 54 1
1700858021.720517 299 -1
1700858021.720517 1265 -1
1700858021.720556 54 1
1700858021.721209 7354 -1
1700858021.721257 54 1
1700858021.721362 9160 -1
1700858021.721391 54 1
1700858021.722054 85 -1
1700858021.722054 7354 -1
1700858021.722103 54 1
1700858021.722615 9160 -1
1700858021.722659 54 1
1700858021.723393 85 -1
1700858021.723393 16460 -1
1700858021.723453 54 1
1700858021.724799 4434 -1
1700858021.724873 54 1
1700858021.725599 7354 -1
1700858021.725650 54 1
1700858021.726908 7354 -1
1700858021.726959 54 1
1700858021.727671 7354 -1
1700858021.727708 54 1
1700858021.728198 7354 -1
1700858021.728243 54 1
1700858021.728836 2974 -1
1700858021.728871 54 1
1700858021.729034 1514 -1
1700858021.729056 54 1
1700858021.729157 7354 -1
1700858021.729183 54 1
1700858021.729808 5894 -1
1700858021.729853 54 1
1700858021.730390 7354 -1
1700858021.730418 54 1
1700858021.730858 3800 -1
1700858021.730908 54 1
1700858021.731175 7354 -1
1700858021.731238 54 1
1700858021.731786 7354 -1
1700858021.731819 54 1
1700858021.732682 7354 -1
1700858021.732745 54 1
1700858021.732998 7354 -1
1700858021.733055 54 1
1700858021.733757 4434 -1
1700858021.733790 54 1
1700858021.734791 4434 -1
1700858021.734791 7354 -1
1700858021.734859 54 1
1700858021.736504 7354 -1
1700858021.736504 7354 -1
1700858021.736504 4105 -1
1700858021.736504 383 -1
1700858021.736504 7354 -1
1700858021.736626 54 1
1700858021.737187 7354 -1
1700858021.737241 54 1
1700858021.737719 7354 -1
1700858021.737755 54 1
1700858021.738480 1514 -1
1700858021.738524 54 1
1700858021.738591 5894 -1
1700858021.738629 54 1
1700858021.739134 1514 -1
1700858021.739134 7354 -1
1700858021.739181 54 1
1700858021.739780 7354 -1
1700858021.739819 54 1
1700858021.741707 7354 -1
1700858021.741707 7354 -1
1700858021.741707 4013 -1
1700858021.741793 54 1
1700858021.741880 1053 -1
1700858021.741962 728 -1
1700858021.741985 54 1
1700858021.742025 5894 -1
1700858021.742067 54 1
1700858021.742813 1572 -1
1700858021.742840 54 1
1700858021.986516 1090 -1
1700858021.986516 483 -1
1700858021.986647 54 1
1700858021.990795 7354 -1
1700858021.990893 54 1
1700858021.991447 3222 -1
1700858021.991494 54 1
1700858022.410335 54 1
1700858022.430426 78 -1
1700858022.430426 60 -1
1700858022.430531 54 1
1700858023.337323 66 1
1700858023.338451 66 -1
1700858023.338608 54 1
1700858023.339732 966 1
1700858023.340753 60 -1
1700858023.341773 318 -1
1700858023.342639 134 1
1700858023.343647 60 -1
1700858023.343694 146 1
1700858023.343780 341 -1
1700858023.344780 85 -1
1700858023.344780 60 -1
1700858023.344780 115 -1
1700858023.344828 66 1
1700858023.344881 54 1
1700858023.345357 85 1
1700858023.345505 605 1
1700858023.345593 230 1
1700858023.345657 222 1
1700858023.345723 257 1
1700858023.345786 260 1
1700858023.345867 232 1
1700858023.346654 60 -1
1700858023.346654 60 -1
1700858023.346709 60 -1
1700858023.346709 60 -1
1700858023.346709 60 -1
1700858023.346964 60 -1
1700858023.346998 60 -1
1700858023.358993 953 -1
1700858023.358993 846 -1
1700858023.358993 1051 -1
1700858023.358993 733 -1
1700858023.358993 984 -1
1700858023.359119 54 1
1700858023.359175 803 -1
1700858023.359481 54 1
1700858023.367100 7354 -1
1700858023.367100 7354 -1
1700858023.367100 1860 -1
1700858023.367100 85 -1
1700858023.367100 16460 -1
1700858023.367100 85 -1
1700858023.367100 5894 -1
1700858023.367100 5894 -1
1700858023.367100 4811 -1
1700858023.367524 54 1
1700858023.369601 7354 -1
1700858023.369601 7354 -1
1700858023.369601 7354 -1
1700858023.369601 7354 -1
1700858023.370716 54 1
1700858023.373984 3697 -1
1700858023.373984 7354 -1
1700858023.373984 5894 -1
1700858023.373984 7354 -1
1700858023.373984 2974 -1
1700858023.373984 7354 -1
1700858023.373984 7354 -1
1700858023.373984 7354 -1
1700858023.373984 7354 -1
1700858023.374209 54 1
1700858023.376889 7354 -1
1700858023.376889 7354 -1
1700858023.376889 7354 -1
1700858023.376995 54 1
1700858023.379423 2974 -1
1700858023.379423 5894 -1
1700858023.379423 1514 -1
1700858023.379423 5894 -1
1700858023.379423 2974 -1
1700858023.379423 5894 -1
1700858023.379423 7354 -1
1700858023.379423 7354 -1
1700858023.379597 54 1
1700858023.379681 7354 -1
1700858023.379724 54 1
1700858023.380196 54 1
1700858023.390503 7354 -1
1700858023.390503 7354 -1
1700858023.390503 5894 -1
1700858023.390503 7354 -1
1700858023.390503 7354 -1
1700858023.390503 7354 -1
1700858023.390503 7354 -1
1700858023.390503 7354 -1
1700858023.390503 2974 -1
1700858023.390503 7354 -1
1700858023.390503 7354 -1
1700858023.390503 5760 -1
1700858023.390503 986 -1
1700858023.390503 807 -1
1700858023.390781 54 1
1700858023.390845 54 1
1700858023.404380 7354 -1
1700858023.404380 7354 -1
1700858023.404380 1860 -1
1700858023.404380 11734 -1
1700858023.404380 4811 -1
1700858023.404380 1514 -1
1700858023.404380 7354 -1
1700858023.404380 7354 -1
1700858023.404380 462 -1
1700858023.404380 5894 -1
1700858023.404380 7354 -1
1700858023.404380 7354 -1
1700858023.404380 7354 -1
1700858023.404380 5894 -1
1700858023.404380 7354 -1
1700858023.404380 2974 -1
1700858023.404380 5534 -1
1700858023.404380 14654 -1
1700858023.405083 54 1
1700858023.405296 1514 -1
1700858023.405327 54 1
1700858023.406102 54 1
1700858023.406849 7354 -1
1700858023.406849 7354 -1
1700858023.406849 5894 -1
1700858023.406981 54 1
1700858023.407070 7354 -1
1700858023.407099 54 1
1700858023.407548 1514 -1
1700858023.407588 54 1
1700858023.407869 7354 -1
1700858023.407918 54 1
1700858023.418828 5894 -1
1700858023.418828 7354 -1
1700858023.418828 14654 -1
1700858023.418828 7354 -1
1700858023.418828 7354 -1
1700858023.418828 7354 -1
1700858023.418828 7354 -1
1700858023.418828 4434 -1
1700858023.418828 7354 -1
1700858023.418828 1514 -1
1700858023.418828 1514 -1
1700858023.418828 4434 -1
1700858023.418828 3070 -1
1700858023.418828 85 -1
1700858023.418828 10274 -1
1700858023.418828 6240 -1
1700858023.418828 7354 -1
1700858023.418828 7354 -1
1700858023.422906 54 1
1700858023.423208 1891 -1
1700858023.423208 1758 -1
1700858023.423208 7354 -1
1700858023.423208 7354 -1
1700858023.423208 1860 -1
1700858023.423208 85 -1
1700858023.423208 14654 -1
1700858023.423208 1860 -1
1700858023.423208 85 -1
1700858023.423208 16460 -1
1700858023.424524 54 1
1700858023.425193 11734 -1
1700858023.425193 7354 -1
1700858023.425193 14654 -1
1700858023.425662 54 1
1700858023.426197 7354 -1
1700858023.426373 54 1
1700858023.427524 7354 -1
1700858023.427524 11734 -1
1700858023.427599 54 1
1700858023.429578 1514 -1
1700858023.429578 7354 -1
1700858023.429578 7354 -1
1700858023.429699 54 1
1700858023.430458 14654 -1
1700858023.430539 54 1
1700858023.430805 7354 -1
1700858023.430863 54 1
1700858023.431403 1514 -1
1700858023.431538 7354 -1
1700858023.431572 54 1
1700858023.432129 7354 -1
1700858023.432171 54 1
1700858023.432742 7354 -1
1700858023.432784 54 1
1700858023.433673 4434 -1
1700858023.433729 54 1
1700858023.433770 7354 -1
1700858023.433807 54 1
1700858023.435101 7354 -1
1700858023.435101 7354 -1
1700858023.435174 54 1
1700858023.435631 7354 -1
1700858023.435665 54 1
1700858023.436736 7354 -1
1700858023.436791 54 1
1700858023.436983 7354 -1
1700858023.437030 54 1
1700858023.437495 7354 -1
1700858023.437536 54 1
1700858023.437984 1514 -1
1700858023.438169 2974 -1
1700858023.438196 54 1
1700858023.438729 7354 -1
1700858023.438783 54 1
1700858023.439005 1514 -1
1700858023.439056 7354 -1
1700858023.439092 54 1
1700858023.439677 7354 -1
1700858023.439725 54 1
1700858023.443518 7354 -1
1700858023.443518 7354 -1
1700858023.443518 7354 -1
1700858023.443518 515 -1
1700858023.443677 54 1
1700858023.445960 1057 -1
1700858023.445960 578 -1
1700858023.446058 54 1
1700858023.452063 16460 -1
1700858023.452063 85 -1
1700858023.452063 16460 -1
1700858023.452323 54 1
1700858023.454208 911 -1
1700858023.454208 4434 -1
1700858023.454208 7354 -1
1700858023.454208 4780 -1
1700858023.454208 85 -1
1700858023.454208 7354 -1
1700858023.454686 54 1
1700858023.454759 7354 -1
1700858023.454792 54 1
1700858023.455809 1860 -1
1700858023.455809 85 -1
1700858023.455809 7354 -1
1700858023.455865 54 1
1700858023.456011 737 -1
1700858023.456499 54 1
1700858023.457359 7354 -1
1700858023.457402 54 1
1700858023.457816 929 -1
1700858023.459180 7354 -1
1700858023.459410 54 1
1700858023.459579 1025 -1
1700858023.460647 7354 -1
1700858023.460691 54 1
1700858023.484143 9160 -1
1700858023.484143 85 -1
1700858023.484143 7354 -1
1700858023.484143 9160 -1
1700858023.484143 85 -1
1700858023.484143 7941 -1
1700858023.484143 14654 -1
1700858023.484143 1860 -1
1700858023.484143 85 -1
1700858023.497134 54 1
1700858023.497313 7354 -1
1700858023.497313 833 -1
1700858023.497536 54 1
1700858031.557502 224 1
1700858031.557602 230 1
1700858031.559997 223 1
1700858031.560074 235 1
1700858031.560139 231 1
1700858031.560199 230 1
1700858031.560309 231 1
1700858031.560392 257 1
1700858031.576599 60 -1
1700858031.576599 60 -1
1700858031.586055 1056 -1
1700858031.586055 728 -1
1700858031.586055 1052 -1
1700858031.586055 729 -1
1700858031.586055 1054 -1
1700858031.586055 7354 -1
1700858031.586211 54 1
1700858031.586415 4434 -1
1700858031.586470 54 1
1700858031.589307 4224 -1
1700858031.589307 7354 -1
1700858031.589307 4690 -1
1700858031.589307 1514 -1
1700858031.589307 3452 -1
1700858031.589307 1059 -1
1700858031.589307 723 -1
1700858031.589307 1514 -1
1700858031.589307 15000 -1
1700858031.589477 54 1
1700858031.590160 85 -1
1700858031.590160 16114 -1
1700858031.590229 54 1
1700858031.591847 89 1
1700858031.592472 400 -1
1700858031.592472 4434 -1
1700858031.592472 7354 -1
1700858031.592472 1514 -1
1700858031.592557 54 1
1700858031.592618 3382 -1
1700858031.592655 54 1
1700858031.593696 2974 -1
1700858031.593696 7354 -1
1700858031.593766 54 1
1700858031.600132 6271 -1
1700858031.600132 4947 -1
1700858031.600262 54 1
1700858031.609845 984 -1
1700858031.609845 808 -1
1700858031.609845 1053 -1
1700858031.609845 730 -1
1700858031.609943 54 1
1700858031.615300 3548 -1
1700858031.615573 54 1
1700858031.615644 1050 -1
1700858031.615854 731 -1
1700858031.615854 5380 -1
1700858031.615893 54 1
1700858031.618273 3919 -1
1700858031.618473 54 1
1700858031.636419 1031 -1
1700858031.636419 760 -1
1700858031.636419 7354 -1
1700858031.636419 346 -1
1700858031.636541 54 1
1700858032.060190 54 1
