1700863392.145384 66 1
1700863392.146254 66 1
1700863392.146429 66 -1
1700863392.146535 54 1
1700863392.146985 66 1
1700863392.147586 66 -1
1700863392.147657 54 1
1700863392.147750 631 1
1700863392.148014 66 -1
1700863392.148073 54 1
1700863392.148340 631 1
1700863392.148797 663 1
1700863392.152478 60 -1
1700863392.153548 60 -1
1700863392.160670 60 -1
1700863392.163660 2779 -1
1700863392.163745 54 1
1700863392.165306 2778 -1
1700863392.165380 54 1
1700863392.166099 2778 -1
1700863392.166147 54 1
1700863392.171323 134 1
1700863392.172065 134 1
1700863392.172758 134 1
1700863392.173173 54 1
1700863392.173366 54 1
1700863392.173506 146 1
1700863392.174162 590 1
1700863392.174247 232 1
1700863392.174327 217 1
1700863392.175488 234 1
1700863392.175690 232 1
1700863392.175810 234 1
1700863392.182852 60 -1
1700863392.182950 60 -1
1700863392.182950 341 -1
1700863392.182950 341 -1
1700863392.182950 93 -1
1700863392.182950 78 -1
1700863392.182985 60 -1
1700863392.182985 60 -1
1700863392.182985 60 -1
1700863392.182985 60 -1
1700863392.182985 60 -1
1700863392.182985 60 -1
1700863392.182985 60 -1
1700863392.182985 341 -1
1700863392.182985 341 -1
1700863392.183020 54 1
1700863392.183054 54 1
1700863392.183149 60 -1
1700863392.184741 60 -1
1700863392.184741 341 -1
1700863392.184741 341 -1
1700863392.184741 93 -1
1700863392.184741 78 -1
1700863392.184741 60 -1
1700863392.184810 54 1
1700863392.187944 60 -1
1700863392.195433 115 -1
1700863392.195433 85 -1
1700863392.195433 1051 -1
1700863392.195433 731 -1
1700863392.195433 7354 -1
1700863392.195433 7354 -1
1700863392.195433 1545 -1
1700863392.195746 54 1
1700863392.198380 85 1
1700863392.205268 1054 -1
1700863392.205268 729 -1
1700863392.205268 7354 -1
1700863392.205268 2516 -1
1700863392.205268 1018 -1
1700863392.205268 774 -1
1700863392.205268 4969 -1
1700863392.206659 54 1
1700863392.217953 60 -1
1700863392.217953 589 -1
1700863392.217953 947 -1
1700863392.217953 856 -1
1700863392.218016 66 1
1700863392.218080 54 1
1700863392.218158 7354 -1
1700863392.218216 54 1
1700863392.218778 817 -1
1700863392.224297 983 -1
1700863392.224297 804 -1
1700863392.224392 54 1
1700863392.238454 7354 -1
1700863392.238454 4434 -1
1700863392.238454 4780 -1
1700863392.238454 8814 -1
1700863392.238454 7354 -1
1700863392.238454 431 -1
1700863392.238454 85 -1
1700863392.238454 4434 -1
1700863392.238454 7354 -1
1700863392.238454 4811 -1
1700863392.238454 14654 -1
1700863392.238454 7354 -1
1700863392.238454 7354 -1
1700863392.238454 3697 -1
1700863392.238454 85 -1
1700863392.238454 2974 -1
1700863392.238454 7354 -1
1700863392.238454 2974 -1
1700863392.238454 1514 -1
1700863392.238454 1891 -1
1700863392.239459 54 1
1700863392.239535 7354 -1
1700863392.239603 54 1
1700863392.239626 7354 -1
1700863392.239675 54 1
1700863392.240157 7354 -1
1700863392.240207 54 1
1700863392.240721 5894 -1
1700863392.240769 54 1
1700863392.241041 2974 -1
1700863392.241070 54 1
1700863392.241278 2237 -1
1700863392.241301 54 1
1700863392.241464 346 -1
1700863392.241487 54 1
1700863392.241585 1051 -1
1700863392.241744 731 -1
1700863392.241762 54 1
1700863392.241790 7354 -1
1700863392.241839 54 1
1700863392.242859 54 1
1700863392.243261 5894 -1
1700863392.243261 7354 -1
1700863392.243341 54 1
1700863392.246295 54 1
1700863392.248031 234 1
1700863392.253687 20471 -1
1700863392.253687 4434 -1
1700863392.253687 2140 -1
1700863392.253878 54 1
1700863392.259244 60 -1
1700863392.300433 981 -1
1700863392.300433 812 -1
1700863392.300523 54 1
1700863392.311327 2587 -1
1700863392.311383 54 1
1700863394.418790 208 1
1700863394.420138 60 -1
1700863394.422207 952 -1
1700863394.422207 3148 -1
1700863394.422315 54 1
1700863396.552108 267 1
1700863396.556572 230 1
1700863396.558459 232 1
1700863396.558554 231 1
1700863396.558664 229 1
1700863396.560866 60 -1
1700863396.607041 60 -1
1700863396.618984 983 -1
1700863396.618984 811 -1
1700863396.618984 1087 -1
1700863396.618984 681 -1
1700863396.619315 54 1
1700863396.638968 1035 -1
1700863396.638968 7180 -1
1700863396.639064 54 1
1700863396.639372 7295 -1
1700863396.639408 54 1
1700863396.646262 7354 -1
1700863396.646362 54 1
1700863396.646752 7354 -1
1700863396.646811 54 1
1700863396.647338 1860 -1
1700863396.647372 54 1
1700863396.647765 11734 -1
1700863396.647845 54 1
1700863396.648373 4811 -1
1700863396.648421 54 1
1700863396.649031 85 -1
1700863396.649031 7354 -1
1700863396.649159 54 1
1700863396.649733 7354 -1
1700863396.649773 54 1
1700863396.650165 1860 -1
1700863396.650165 7354 -1
1700863396.650210 54 1
1700863396.652817 7354 -1
1700863396.652817 7354 -1
1700863396.652817 11028 -1
1700863396.654082 54 1
1700863396.654128 7354 -1
1700863396.654179 54 1
1700863396.661044 7354 -1
1700863396.661044 7354 -1
1700863396.661044 7354 -1
1700863396.661044 3759 -1
1700863396.661044 7354 -1
1700863396.661044 7354 -1
1700863396.661044 13194 -1
1700863396.661044 7354 -1
1700863396.661044 6048 -1
1700863396.661044 980 -1
1700863396.661044 813 -1
1700863396.661676 54 1
1700863396.672972 1051 -1
1700863396.672972 732 -1
1700863396.672972 5235 -1
1700863396.673118 54 1
1700863396.702929 6076 -1
1700863396.702929 236 -1
1700863396.703024 66 1
1700863400.560375 230 1
1700863400.560488 229 1
1700863400.560680 230 1
1700863400.560919 231 1
1700863400.561373 219 1
1700863400.561417 60 -1
1700863400.561471 60 -1
1700863400.561527 229 1
1700863400.562045 60 -1
1700863400.562045 60 -1
1700863400.562367 60 -1
1700863400.562536 60 -1
1700863400.575357 984 -1
1700863400.575357 802 -1
1700863400.575357 949 -1
1700863400.575357 854 -1
1700863400.575467 54 1
1700863400.576327 1051 -1
1700863400.576327 732 -1
1700863400.576357 54 1
1700863400.576399 7354 -1
1700863400.576458 54 1
1700863400.577406 2233 -1
1700863400.577406 4434 -1
1700863400.577464 54 1
1700863400.577859 204 -1
1700863400.577859 7354 -1
1700863400.577924 54 1
1700863400.578094 7354 -1
1700863400.578138 54 1
1700863400.578608 1860 -1
1700863400.578680 54 1
1700863400.578847 5426 -1
1700863400.578907 54 1
1700863400.579276 976 -1
1700863400.579276 817 -1
1700863400.579307 54 1
1700863400.579860 7354 -1
1700863400.579914 54 1
1700863400.580133 460 -1
1700863400.593605 982 -1
1700863400.593605 810 -1
1700863400.593928 54 1
1700863400.597466 7354 -1
1700863400.597549 54 1
1700863400.598185 89 1
1700863400.598217 7750 -1
1700863400.598268 54 1
1700863400.604104 60 -1
1700863400.606143 984 -1
1700863400.606143 809 -1
1700863400.606214 54 1
1700863400.625967 2974 -1
1700863400.625967 7354 -1
1700863400.625967 6240 -1
1700863400.625967 7354 -1
1700863400.625967 7354 -1
1700863400.625967 1891 -1
1700863400.625967 4434 -1
1700863400.625967 7354 -1
1700863400.627449 54 1
1700863400.627539 2974 -1
1700863400.627539 1922 -1
1700863400.627539 4434 -1
1700863400.627539 7354 -1
1700863400.627539 7354 -1
1700863400.627911 54 1
1700863400.629508 7354 -1
1700863400.629508 6617 -1
1700863400.629508 1514 -1
1700863400.629508 7354 -1
1700863400.629762 54 1
1700863400.630070 7354 -1
1700863400.630109 54 1
1700863400.630610 7354 -1
1700863400.630855 54 1
1700863400.634571 7354 -1
1700863400.634571 2299 -1
1700863400.634571 7354 -1
1700863400.634571 7354 -1
1700863400.634571 7354 -1
1700863400.634571 7354 -1
1700863400.634571 7354 -1
1700863400.634898 54 1
1700863400.635020 7354 -1
1700863400.635065 54 1
1700863400.635670 5534 -1
1700863400.635721 54 1
1700863400.636040 7354 -1
1700863400.636107 54 1
1700863400.636970 7354 -1
1700863400.637011 54 1
1700863400.637365 7354 -1
1700863400.637395 54 1
1700863400.638055 7354 -1
1700863400.638095 54 1
1700863400.639114 7354 -1
1700863400.639114 2887 -1
1700863400.639193 54 1
1700863404.375791 230 1
1700863404.377424 60 -1
1700863404.379799 230 1
1700863404.379909 235 1
1700863404.379980 230 1
1700863404.387318 231 1
1700863404.396457 60 -1
1700863404.396457 60 -1
1700863404.396457 60 -1
1700863404.398643 60 -1
1700863404.401147 1057 -1
1700863404.401147 721 -1
1700863404.401223 54 1
1700863404.404152 1034 -1
1700863404.404508 7354 -1
1700863404.404562 54 1
1700863404.404813 1955 -1
1700863404.404837 54 1
1700863404.407975 8178 -1
1700863404.408071 54 1
1700863404.417157 1107 -1
1700863404.417157 653 -1
1700863404.417157 1052 -1
1700863404.417157 730 -1
1700863404.417244 54 1
1700863404.419335 10783 -1
1700863404.419409 54 1
1700863404.420809 9220 -1
1700863404.421040 54 1
1700863404.452600 1057 -1
1700863404.452600 726 -1
1700863404.452600 7354 -1
1700863404.452600 2847 -1
1700863404.452911 54 1
1700863405.590288 229 1
1700863405.590512 231 1
1700863405.590695 230 1
1700863405.590883 229 1
1700863405.591422 230 1
1700863405.594439 60 -1
1700863405.613337 980 -1
1700863405.613337 812 -1
1700863405.613337 1052 -1
1700863405.613337 732 -1
1700863405.613337 977 -1
1700863405.613337 812 -1
1700863405.613445 54 1
1700863405.615855 5795 -1
1700863405.615855 1514 -1
1700863405.615855 6898 -1
1700863405.615960 54 1
1700863405.616353 5894 -1
1700863405.616396 54 1
1700863405.618216 2537 -1
1700863405.618277 54 1
1700863405.627600 978 -1
1700863405.627600 811 -1
1700863405.627712 54 1
1700863405.631243 7731 -1
1700863405.631337 54 1
1700863405.641232 984 -1
1700863405.641232 801 -1
1700863405.641336 54 1
1700863405.647550 7354 -1
1700863405.648513 54 1
1700863405.648579 1694 -1
1700863405.648601 54 1
1700863405.653753 89 1
1700863405.700958 60 -1
1700863406.584246 54 1
1700863406.605584 78 -1
1700863406.605584 60 -1
1700863406.605792 54 1
1700863407.271342 66 1
1700863407.281160 66 -1
1700863407.281301 54 1
1700863407.282464 870 1
1700863407.286014 60 -1
1700863407.291531 318 -1
1700863407.292726 134 1
1700863407.293133 146 1
1700863407.293990 589 1
1700863407.294076 229 1
1700863407.294157 229 1
1700863407.294240 232 1
1700863407.294350 230 1
1700863407.294464 230 1
1700863407.294574 230 1
1700863407.300943 60 -1
1700863407.300943 60 -1
1700863407.300943 60 -1
1700863407.300943 60 -1
1700863407.300943 60 -1
1700863407.300943 60 -1
1700863407.300943 60 -1
1700863407.300943 60 -1
1700863407.300943 60 -1
1700863407.300943 341 -1
1700863407.302881 115 -1
1700863407.302881 85 -1
1700863407.302968 54 1
1700863407.303331 85 1
1700863407.304248 60 -1
1700863407.305075 1050 -1
1700863407.305075 731 -1
1700863407.305137 54 1
1700863407.306286 1056 -1
1700863407.306286 728 -1
1700863407.306286 1514 -1
1700863407.306286 8814 -1
1700863407.306394 54 1
1700863407.307010 5678 -1
1700863407.307077 54 1
1700863407.318657 1056 -1
1700863407.318657 726 -1
1700863407.318657 7354 -1
1700863407.318657 5278 -1
1700863407.318657 2974 -1
1700863407.318657 5894 -1
1700863407.318657 2434 -1
1700863407.318657 1084 -1
1700863407.318657 693 -1
1700863407.318657 1514 -1
1700863407.318657 4744 -1
1700863407.318927 54 1
1700863407.337751 1054 -1
1700863407.337751 729 -1
1700863407.337751 11734 -1
1700863407.337889 54 1
1700863407.342822 4361 -1
1700863407.342945 54 1
1700863407.353601 981 -1
1700863407.353601 812 -1
1700863407.353700 54 1
1700863407.357974 3772 -1
1700863407.358042 54 1
1700863407.387829 1051 -1
1700863407.387829 727 -1
1700863407.387934 54 1
1700863407.391886 4434 -1
1700863407.391886 4999 -1
1700863407.391990 54 1
1700863408.885683 230 1
1700863408.887064 230 1
1700863408.887148 230 1
1700863408.888264 60 -1
1700863408.888264 60 -1
1700863408.888264 60 -1
1700863408.889266 232 1
1700863408.889397 236 1
1700863408.892925 60 -1
1700863408.892925 60 -1
1700863408.902637 1129 -1
1700863408.902637 626 -1
1700863408.902929 54 1
1700863408.903288 4472 -1
1700863408.903340 54 1
1700863408.905214 1035 -1
1700863408.905214 734 -1
1700863408.905281 54 1
1700863408.917271 5753 -1
1700863408.917271 979 -1
1700863408.917271 811 -1
1700863408.917271 7354 -1
1700863408.917271 1232 -1
1700863408.917271 1056 -1
1700863408.917271 730 -1
1700863408.917483 54 1
1700863408.918220 4434 -1
1700863408.918220 1271 -1
1700863408.918253 54 1
1700863408.932446 1057 -1
1700863408.932446 728 -1
1700863408.932446 2974 -1
1700863408.932446 7354 -1
1700863408.932622 54 1
1700863408.932818 5639 -1
1700863408.932853 54 1
1700863410.508985 232 1
1700863410.510932 231 1
1700863410.511021 266 1
1700863410.511078 232 1
1700863410.512507 60 -1
1700863410.517578 1054 -1
1700863410.517578 730 -1
1700863410.517578 7354 -1
1700863410.517676 54 1
1700863410.520099 579 -1
1700863410.520158 54 1
1700863410.522349 983 -1
1700863410.522349 807 -1
1700863410.522349 9845 -1
1700863410.522455 54 1
1700863410.523129 1031 -1
1700863410.523129 761 -1
1700863410.523129 2974 -1
1700863410.523188 54 1
1700863410.524452 5894 -1
1700863410.524452 6220 -1
1700863410.524530 54 1
1700863410.531459 1037 -1
1700863410.531459 733 -1
1700863410.531459 7354 -1
1700863410.531459 7354 -1
1700863410.531459 1860 -1
1700863410.531459 85 -1
1700863410.531459 1514 -1
1700863410.531459 7354 -1
1700863410.531459 7354 -1
1700863410.531459 400 -1
1700863410.531459 7354 -1
1700863410.531459 7354 -1
1700863410.531459 1514 -1
1700863410.531459 7354 -1
1700863410.531459 7354 -1
1700863410.531843 54 1
1700863410.531975 2268 -1
1700863410.532004 54 1
1700863410.532118 7354 -1
1700863410.532151 54 1
1700863410.542115 7354 -1
1700863410.542115 7354 -1
1700863410.542115 7354 -1
1700863410.542115 5894 -1
1700863410.542115 7354 -1
1700863410.542115 1514 -1
1700863410.542115 6459 -1
1700863410.542443 54 1
1700863410.542803 54 1
1700863410.545953 231 1
1700863410.547816 230 1
1700863410.550478 60 -1
1700863410.554074 1051 -1
1700863410.554074 730 -1
1700863410.554156 54 1
1700863410.555962 2974 -1
1700863410.555962 4158 -1
1700863410.556040 54 1
1700863410.579119 1056 -1
1700863410.579119 731 -1
1700863410.579119 1514 -1
1700863410.579119 6530 -1
1700863410.579250 54 1
1700863410.624324 690 -1
1700863410.624385 66 1
1700863416.084966 269 1
1700863416.100296 230 1
1700863416.107092 232 1
1700863416.107219 231 1
1700863416.107304 228 1
1700863416.113141 60 -1
1700863416.121545 813 -1
1700863416.121545 980 -1
1700863416.121632 66 1
1700863416.121719 54 1
1700863416.122524 6077 -1
1700863416.122576 54 1
1700863416.127469 1053 -1
1700863416.127469 730 -1
1700863416.127469 2974 -1
1700863416.127573 54 1
1700863416.127660 7037 -1
1700863416.127703 54 1
1700863416.133078 1055 -1
1700863416.133078 727 -1
1700863416.133078 7354 -1
1700863416.133078 6636 -1
1700863416.133187 54 1
1700863416.135997 981 -1
1700863416.135997 812 -1
1700863416.135997 7354 -1
1700863416.135997 7354 -1
1700863416.135997 774 -1
1700863416.136073 54 1
1700863416.147711 89 1
1700863416.157936 1093 -1
1700863416.157936 678 -1
1700863416.157936 4434 -1
1700863416.157936 7354 -1
1700863416.157936 4780 -1
1700863416.157936 85 -1
1700863416.157936 1514 -1
1700863416.157936 1514 -1
1700863416.158134 54 1
1700863416.158505 7354 -1
1700863416.158505 6240 -1
1700863416.158563 54 1
1700863416.159039 7354 -1
1700863416.159079 54 1
1700863416.159525 7354 -1
1700863416.159570 54 1
1700863416.161925 2974 -1
1700863416.161925 7354 -1
1700863416.161925 7354 -1
1700863416.161925 808 -1
1700863416.161925 4434 -1
1700863416.162442 54 1
1700863416.167852 28579 -1
1700863416.167852 2974 -1
1700863416.167852 7354 -1
1700863416.167852 4434 -1
1700863416.167852 7354 -1
1700863416.167852 10755 -1
1700863416.168189 54 1
1700863416.196605 4434 -1
1700863416.196726 54 1
1700863416.196821 8814 -1
1700863416.196880 54 1
1700863416.197366 3320 -1
1700863416.197409 54 1
1700863416.198206 85 -1
1700863416.199123 4434 -1
1700863416.199123 7354 -1
1700863416.199205 54 1
1700863416.199847 4780 -1
1700863416.199917 54 1
1700863416.201094 85 -1
1700863416.201094 7354 -1
1700863416.201094 7354 -1
1700863416.201175 54 1
1700863416.201766 1860 -1
1700863416.201766 4434 -1
1700863416.201766 7354 -1
1700863416.201873 54 1
1700863416.202640 7354 -1
1700863416.202692 54 1
1700863416.203083 7354 -1
1700863416.203124 54 1
1700863416.203355 6648 -1
1700863416.203409 54 1
1700863416.204467 7354 -1
1700863416.204534 54 1
1700863416.205772 7354 -1
1700863416.205772 7354 -1
1700863416.205889 54 1
1700863416.205966 7354 -1
1700863416.205999 54 1
1700863416.206539 3759 -1
1700863416.206565 54 1
1700863416.206730 7354 -1
1700863416.206969 54 1
1700863416.207551 7354 -1
1700863416.207618 54 1
1700863416.207978 5226 -1
1700863416.208015 54 1
1700863416.209698 7354 -1
1700863416.209698 7354 -1
1700863416.209698 1860 -1
1700863416.209856 54 1
1700863416.210044 85 -1
1700863416.210044 7354 -1
1700863416.210097 54 1
1700863416.210253 7354 -1
1700863416.210300 54 1
1700863416.219172 1860 -1
1700863416.219172 85 -1
1700863416.219172 7354 -1
1700863416.219172 7354 -1
1700863416.219172 1860 -1
1700863416.219172 7354 -1
1700863416.219172 7354 -1
1700863416.219172 7354 -1
1700863416.219172 7354 -1
1700863416.219491 54 1
1700863416.219710 3728 -1
1700863416.219710 7354 -1
1700863416.219710 7354 -1
1700863416.219710 7354 -1
1700863416.219710 7354 -1
1700863416.219710 5894 -1
1700863416.219710 4434 -1
1700863416.219710 7354 -1
1700863416.219710 6011 -1
1700863416.219710 7354 -1
1700863416.220272 54 1
1700863416.220365 54 1
1700863416.220394 7354 -1
1700863416.220469 54 1
1700863416.220853 54 1
1700863416.223091 7354 -1
1700863416.223091 4694 -1
1700863416.223165 54 1
1700863416.611184 54 1
1700863416.625500 78 -1
1700863416.625500 60 -1
1700863416.625737 54 1
1700863417.733358 66 1
1700863417.734622 66 -1
1700863417.734731 54 1
1700863417.736198 966 1
1700863417.737448 60 -1
1700863417.738360 318 -1
1700863417.739296 134 1
1700863417.740122 146 1
1700863417.740282 60 -1
1700863417.740444 341 -1
1700863417.741092 60 -1
1700863417.741922 581 1
1700863417.741993 230 1
1700863417.742866 115 -1
1700863417.742866 85 -1
1700863417.742912 54 1
1700863417.743254 85 1
1700863417.743840 60 -1
1700863417.743840 60 -1
1700863417.744168 60 -1
1700863417.747282 235 1
1700863417.747377 229 1
1700863417.747426 229 1
1700863417.748316 231 1
1700863417.748433 231 1
1700863417.748639 60 -1
1700863417.748639 60 -1
1700863417.748639 60 -1
1700863417.749356 60 -1
1700863417.749438 60 -1
1700863417.754437 1053 -1
1700863417.754533 4434 -1
1700863417.754560 54 1
1700863417.754920 7354 -1
1700863417.754984 54 1
1700863417.755413 91 -1
1700863417.755459 54 1
1700863417.756920 984 -1
1700863417.756920 808 -1
1700863417.756960 54 1
1700863417.757152 16460 -1
1700863417.757258 54 1
1700863417.758345 16491 -1
1700863417.758419 54 1
1700863417.759929 85 -1
1700863417.759929 7354 -1
1700863417.759991 54 1
1700863417.760369 7354 -1
1700863417.760419 54 1
1700863417.761046 2974 -1
1700863417.761091 54 1
1700863417.761298 7354 -1
1700863417.761357 54 1
1700863417.773085 7354 -1
1700863417.773085 777 -1
1700863417.773085 4434 -1
1700863417.773085 7354 -1
1700863417.773085 7354 -1
1700863417.773085 7354 -1
1700863417.773085 6679 -1
1700863417.773085 1514 -1
1700863417.773085 5894 -1
1700863417.773085 4434 -1
1700863417.773085 7354 -1
1700863417.773085 7354 -1
1700863417.773085 6769 -1
1700863417.773085 1514 -1
1700863417.773085 7354 -1
1700863417.773085 7354 -1
1700863417.773085 7354 -1
1700863417.773085 7354 -1
1700863417.773085 4434 -1
1700863417.773085 7354 -1
1700863417.773085 1514 -1
1700863417.773085 7354 -1
1700863417.773085 7354 -1
1700863417.773085 7354 -1
1700863417.773854 54 1
1700863417.773945 7354 -1
1700863417.774010 54 1
1700863417.776247 54 1
1700863417.785200 2974 -1
1700863417.785200 4434 -1
1700863417.785200 16114 -1
1700863417.785200 11734 -1
1700863417.785200 7354 -1
1700863417.785200 7354 -1
1700863417.785200 7354 -1
1700863417.785200 7354 -1
1700863417.785200 7354 -1
1700863417.785200 1514 -1
1700863417.785200 7354 -1
1700863417.785200 7354 -1
1700863417.785200 7354 -1
1700863417.785200 4434 -1
1700863417.785200 7354 -1
1700863417.785200 7354 -1
1700863417.785200 7354 -1
1700863417.785200 7354 -1
1700863417.785200 7354 -1
1700863417.785716 54 1
1700863417.785961 4434 -1
1700863417.786018 54 1
1700863417.786863 54 1
1700863417.795319 7354 -1
1700863417.795319 7354 -1
1700863417.795319 7354 -1
1700863417.795319 1514 -1
1700863417.795319 7354 -1
1700863417.795319 7354 -1
1700863417.795319 4842 -1
1700863417.795319 7354 -1
1700863417.795319 7354 -1
1700863417.795319 7354 -1
1700863417.795319 7354 -1
1700863417.795319 7354 -1
1700863417.795319 5894 -1
1700863417.795319 7354 -1
1700863417.795319 7354 -1
1700863417.795841 54 1
1700863417.797072 54 1
1700863417.800474 7354 -1
1700863417.800474 2974 -1
1700863417.800474 4434 -1
1700863417.800474 8262 -1
1700863417.800474 14654 -1
1700863417.800474 7354 -1
1700863417.800474 7354 -1
1700863417.800474 7354 -1
1700863417.800474 7354 -1
1700863417.800474 1499 -1
1700863417.801025 54 1
1700863419.351042 257 1
1700863419.352129 231 1
1700863419.352722 258 1
1700863419.354279 60 -1
1700863419.354279 60 -1
1700863419.354279 60 -1
1700863419.362835 236 1
1700863419.362976 234 1
1700863419.363063 237 1
1700863419.363163 229 1
1700863419.376102 1061 -1
1700863419.376102 713 -1
1700863419.376102 1051 -1
1700863419.376102 731 -1
1700863419.376102 16460 -1
1700863419.376102 16491 -1
1700863419.376102 20494 -1
1700863419.376102 7127 -1
1700863419.376102 14654 -1
1700863419.376102 7354 -1
1700863419.376102 7354 -1
1700863419.376783 54 1
1700863419.377268 54 1
1700863419.377361 54 1
1700863419.389573 5894 -1
1700863419.389573 1514 -1
1700863419.389573 7354 -1
1700863419.389573 5565 -1
1700863419.389573 4434 -1
1700863419.389573 7354 -1
1700863419.389573 4842 -1
1700863419.389573 7354 -1
1700863419.389573 7354 -1
1700863419.389573 7354 -1
1700863419.389573 7354 -1
1700863419.389573 7354 -1
1700863419.389573 7354 -1
1700863419.389573 7354 -1
1700863419.389573 13194 -1
1700863419.389573 4496 -1
1700863419.389573 1057 -1
1700863419.389573 722 -1
1700863419.389573 1055 -1
1700863419.389573 723 -1
1700863419.389573 4434 -1
1700863419.389573 12318 -1
1700863419.389573 729 -1
1700863419.389573 2974 -1
1700863419.389573 4844 -1
1700863419.390430 54 1
1700863419.391219 54 1
1700863419.411009 989 -1
1700863419.411009 805 -1
1700863419.411009 7354 -1
1700863419.411009 7354 -1
1700863419.411009 1860 -1
1700863419.411009 7354 -1
1700863419.411009 2974 -1
1700863419.411009 6271 -1
1700863419.411009 85 -1
1700863419.411009 5894 -1
1700863419.411009 7354 -1
1700863419.411009 7354 -1
1700863419.411009 7354 -1
1700863419.411009 5157 -1
1700863419.411009 1514 -1
1700863419.411009 7354 -1
1700863419.411009 7354 -1
1700863419.411009 7354 -1
1700863419.411009 5894 -1
1700863419.411009 7354 -1
1700863419.411009 7354 -1
1700863419.411009 7354 -1
1700863419.411009 7354 -1
1700863419.411009 3276 -1
1700863419.411009 7354 -1
1700863419.411009 7354 -1
1700863419.411009 7354 -1
1700863419.411009 7354 -1
1700863419.411725 54 1
1700863419.411860 7354 -1
1700863419.411916 54 1
1700863419.424278 20494 -1
1700863419.424278 7354 -1
1700863419.424278 7354 -1
1700863419.424278 5894 -1
1700863419.424278 7354 -1
1700863419.424278 14654 -1
1700863419.424278 7354 -1
1700863419.424278 7354 -1
1700863419.424278 7354 -1
1700863419.424278 7354 -1
1700863419.424278 5205 -1
1700863419.424737 54 1
1700863419.425150 7354 -1
1700863419.425210 54 1
1700863419.432080 54 1
1700863419.435182 16114 -1
1700863419.435182 7354 -1
1700863419.435182 4434 -1
1700863419.435182 5377 -1
1700863419.435296 54 1
1700863421.738181 236 1
1700863421.752954 258 1
1700863421.753499 256 1
1700863421.754236 232 1
1700863421.756012 229 1
1700863421.760849 60 -1
1700863421.764565 229 1
1700863421.765946 1051 -1
1700863421.766512 729 -1
1700863421.766512 11121 -1
1700863421.766588 54 1
1700863421.776405 1107 -1
1700863421.776405 655 -1
1700863421.776405 1514 -1
1700863421.776405 9783 -1
1700863421.776590 54 1
1700863421.785929 1054 -1
1700863421.785929 728 -1
1700863421.785929 4434 -1
1700863421.785929 9199 -1
1700863421.785929 950 -1
1700863421.785929 855 -1
1700863421.785929 7354 -1
1700863421.785929 1894 -1
1700863421.787885 54 1
1700863421.792063 985 -1
1700863421.792063 802 -1
1700863421.792144 54 1
1700863421.798610 4434 -1
1700863421.798610 8814 -1
1700863421.798759 54 1
1700863421.799320 3320 -1
1700863421.799372 54 1
1700863421.800335 16491 -1
1700863421.800404 54 1
1700863421.802571 7354 -1
1700863421.802571 4434 -1
1700863421.802571 4842 -1
1700863421.802571 7354 -1
1700863421.802744 54 1
1700863421.803710 7354 -1
1700863421.803710 7354 -1
1700863421.803797 54 1
1700863421.806004 7354 -1
1700863421.806004 3728 -1
1700863421.806092 54 1
1700863421.806805 7354 -1
1700863421.806805 7354 -1
1700863421.806805 7354 -1
1700863421.806884 54 1
1700863421.807211 7354 -1
1700863421.807252 54 1
1700863421.814219 7354 -1
1700863421.814219 7354 -1
1700863421.814219 7354 -1
1700863421.814219 7354 -1
1700863421.814219 5894 -1
1700863421.814219 7354 -1
1700863421.814219 7354 -1
1700863421.814219 7354 -1
1700863421.814219 7354 -1
1700863421.814219 7354 -1
1700863421.814219 7354 -1
1700863421.814219 1514 -1
1700863421.814219 3068 -1
1700863421.814655 54 1
1700863421.817182 54 1
1700863421.834395 987 -1
1700863421.834395 805 -1
1700863421.834494 54 1
1700863421.839037 2974 -1
1700863421.839037 7354 -1
1700863421.839149 54 1
1700863421.839394 6240 -1
1700863421.839465 54 1
1700863421.840333 85 -1
1700863421.840333 16460 -1
1700863421.840417 54 1
1700863421.841415 7354 -1
1700863421.841521 54 1
1700863421.841831 7354 -1
1700863421.841862 54 1
1700863421.842434 7354 -1
1700863421.842485 54 1
1700863421.843081 7354 -1
1700863421.843115 54 1
1700863421.843717 3728 -1
1700863421.843749 54 1
1700863421.843938 85 -1
1700863421.843938 7354 -1
1700863421.843986 54 1
1700863421.844562 7354 -1
1700863421.844605 54 1
1700863421.845217 7354 -1
1700863421.845282 54 1
1700863421.845961 7354 -1
1700863421.846007 54 1
1700863421.846365 7354 -1
1700863421.846409 54 1
1700863421.846969 7354 -1
1700863421.847000 54 1
1700863421.847597 5534 -1
1700863421.847628 54 1
1700863421.848246 7354 -1
1700863421.848275 54 1
1700863421.848696 7354 -1
1700863421.848728 54 1
1700863421.849255 7354 -1
1700863421.849307 54 1
1700863421.855607 7354 -1
1700863421.855607 3759 -1
1700863421.855607 7354 -1
1700863421.855607 7354 -1
1700863421.855607 7354 -1
1700863421.855607 5487 -1
1700863421.855827 54 1
1700863426.061765 215 1
1700863426.061918 229 1
1700863426.062011 221 1
1700863426.062096 231 1
1700863426.062202 223 1
1700863426.064200 231 1
1700863426.064307 230 1
1700863426.064403 236 1
1700863426.065572 60 -1
1700863426.068375 60 -1
1700863426.087551 807 -1
1700863426.087551 982 -1
1700863426.087551 975 -1
1700863426.087551 850 -1
1700863426.087659 66 1
1700863426.087758 54 1
1700863426.087795 54 1
1700863426.092318 1056 -1
1700863426.092318 728 -1
1700863426.092318 14784 -1
1700863426.092461 54 1
1700863426.093162 89 1
1700863426.093319 8632 -1
1700863426.093379 54 1
1700863426.097837 3397 -1
1700863426.097837 2664 -1
1700863426.097837 1085 -1
1700863426.097837 692 -1
1700863426.097837 6098 -1
1700863426.097942 54 1
1700863426.102579 7354 -1
1700863426.102688 54 1
1700863426.102950 2843 -1
1700863426.103000 54 1
1700863426.103043 7354 -1
1700863426.103080 54 1
1700863426.103652 973 -1
1700863426.111601 1083 -1
1700863426.111601 691 -1
1700863426.111703 54 1
1700863426.118391 1514 -1
1700863426.118480 54 1
1700863426.118539 7152 -1
1700863426.118593 54 1
1700863426.121077 984 -1
1700863426.121077 762 -1
1700863426.121143 54 1
1700863426.124193 10274 -1
1700863426.124306 54 1
1700863426.125554 6240 -1
1700863426.125604 54 1
1700863426.125654 7354 -1
1700863426.125683 54 1
1700863426.131606 7354 -1
1700863426.131606 1891 -1
1700863426.131606 85 -1
1700863426.131606 5894 -1
1700863426.131606 7354 -1
1700863426.131606 7354 -1
1700863426.131606 7354 -1
1700863426.131606 5157 -1
1700863426.131606 20494 -1
1700863426.131606 28925 -1
1700863426.132059 54 1
1700863426.133822 7354 -1
1700863426.133879 54 1
1700863426.135229 30714 -1
1700863426.135353 54 1
1700863426.136775 7354 -1
1700863426.136923 54 1
1700863426.137350 4105 -1
1700863426.137400 54 1
1700863426.137696 7354 -1
1700863426.137761 54 1
1700863426.138364 7354 -1
1700863426.138405 54 1
1700863426.139086 7354 -1
1700863426.139126 54 1
1700863426.139534 7354 -1
1700863426.139580 54 1
1700863426.140146 7354 -1
1700863426.140182 54 1
1700863426.140760 7354 -1
1700863426.140788 54 1
1700863426.141373 5894 -1
1700863426.141423 54 1
1700863426.141962 7354 -1
1700863426.142011 54 1
1700863426.142453 7354 -1
1700863426.142505 54 1
1700863426.143065 7354 -1
1700863426.143113 54 1
1700863426.143679 7354 -1
1700863426.143724 54 1
1700863426.144351 7354 -1
1700863426.144394 54 1
1700863426.144952 7354 -1
1700863426.144996 54 1
1700863426.145629 4931 -1
1700863426.145655 54 1
1700863426.145911 390 -1
1700863426.145911 9938 -1
1700863426.145962 54 1
1700863426.146738 6240 -1
1700863426.146775 54 1
1700863426.147255 7354 -1
1700863426.147298 54 1
1700863426.147867 7354 -1
1700863426.147982 54 1
1700863426.148459 7354 -1
1700863426.148500 54 1
1700863426.149238 7354 -1
1700863426.149294 54 1
1700863426.149694 7354 -1
1700863426.149721 54 1
1700863426.150359 5894 -1
1700863426.150397 54 1
1700863426.150914 7354 -1
1700863426.150946 54 1
1700863426.151383 7354 -1
1700863426.151424 54 1
1700863426.152121 1168 -1
1700863426.152121 19034 -1
1700863426.152190 54 1
1700863426.155215 7354 -1
1700863426.155215 7354 -1
1700863426.155215 8814 -1
1700863426.155472 54 1
1700863426.155628 5582 -1
1700863426.155655 54 1
1700863426.187513 1514 -1
1700863426.187513 1514 -1
1700863426.187513 4434 -1
1700863426.187513 5626 -1
1700863426.187744 54 1
1700863426.646636 54 1
1700863426.648738 78 -1
1700863426.648738 60 -1
1700863426.648780 54 1
1700863427.847680 66 1
1700863427.854089 66 -1
1700863427.854190 54 1
1700863427.856304 934 1
1700863427.859419 60 -1
1700863427.861392 318 -1
1700863427.862728 134 1
1700863427.869608 146 1
1700863427.870198 587 1
1700863427.870280 259 1
1700863427.870349 230 1
1700863427.887152 60 -1
1700863427.887152 341 -1
1700863427.903471 60 -1
1700863427.903471 60 -1
1700863427.903471 60 -1
1700863427.903471 60 -1
1700863427.903471 115 -1
1700863427.903471 85 -1
1700863427.903471 1127 -1
1700863427.903471 622 -1
1700863427.903471 4434 -1
1700863427.903471 2726 -1
1700863427.903625 54 1
1700863427.910783 977 -1
1700863427.910783 814 -1
1700863427.910783 987 -1
1700863427.910783 796 -1
1700863427.910783 7354 -1
1700863427.910783 409 -1
1700863427.910783 7354 -1
1700863427.910783 7354 -1
1700863427.910783 1860 -1
1700863427.910783 7354 -1
1700863427.911243 85 1
1700863427.911303 54 1
1700863427.921131 7354 -1
1700863427.921131 1891 -1
1700863427.921131 7354 -1
1700863427.921131 7354 -1
1700863427.921131 4434 -1
1700863427.921131 7354 -1
1700863427.921131 2974 -1
1700863427.921131 5894 -1
1700863427.921131 11734 -1
1700863427.921131 11734 -1
1700863427.921131 7354 -1
1700863427.921131 7354 -1
1700863427.921688 54 1
1700863427.922250 7354 -1
1700863427.922250 7354 -1
1700863427.922313 54 1
1700863427.924213 54 1
1700863427.929883 5894 -1
1700863427.929883 7354 -1
1700863427.929883 7354 -1
1700863427.929883 7568 -1
1700863427.930066 54 1
1700863429.522684 230 1
1700863429.531552 230 1
1700863429.532641 230 1
1700863429.532741 231 1
1700863429.533021 224 1
1700863429.535675 222 1
1700863429.536828 60 -1
1700863429.537457 231 1
1700863429.547520 60 -1
1700863429.553200 1031 -1
1700863429.553200 756 -1
1700863429.553294 54 1
1700863429.562082 1514 -1
1700863429.562082 6516 -1
1700863429.562082 1056 -1
1700863429.562082 728 -1
1700863429.562082 982 -1
1700863429.562082 806 -1
1700863429.562082 4434 -1
1700863429.562082 2412 -1
1700863429.562274 54 1
1700863429.562358 1052 -1
1700863429.562383 54 1
1700863429.563211 730 -1
1700863429.566091 7354 -1
1700863429.566091 6331 -1
1700863429.566091 9419 -1
1700863429.566732 54 1
1700863429.567205 1748 -1
1700863429.567205 4434 -1
1700863429.567253 54 1
1700863429.570784 5356 -1
1700863429.570887 54 1
1700863429.571176 1085 -1
1700863429.571176 692 -1
1700863429.571207 54 1
1700863429.572125 2974 -1
1700863429.572125 3898 -1
1700863429.572183 54 1
1700863429.575351 979 -1
1700863429.575351 813 -1
1700863429.575452 54 1
1700863429.587683 2974 -1
1700863429.587683 5942 -1
1700863429.587811 54 1
1700863431.975474 230 1
1700863431.975595 222 1
1700863431.975675 231 1
1700863431.977725 231 1
1700863431.977815 222 1
1700863431.977911 230 1
1700863431.979066 60 -1
1700863431.991490 60 -1
1700863431.991490 971 -1
1700863431.991490 859 -1
1700863431.991490 1615 -1
1700863431.991613 54 1
1700863431.996550 1000 -1
1700863431.996550 778 -1
1700863431.996550 1055 -1
1700863431.996550 722 -1
1700863431.996550 7354 -1
1700863431.996550 3390 -1
1700863431.996550 7354 -1
1700863431.996550 4870 -1
1700863431.996550 1034 -1
1700863431.996550 737 -1
1700863431.996550 4214 -1
1700863431.996801 54 1
1700863432.008317 1055 -1
1700863432.008317 729 -1
1700863432.008317 984 -1
1700863432.008317 9833 -1
1700863432.008464 54 1
1700863432.008762 809 -1
1700863432.028522 4434 -1
1700863432.028522 7001 -1
1700863432.028632 54 1
1700863436.693205 54 1
1700863436.706388 78 -1
1700863436.706388 60 -1
1700863436.706524 54 1
1700863437.557288 66 1
1700863437.558339 66 -1
1700863437.558419 54 1
1700863437.559012 870 1
1700863437.560121 60 -1
1700863437.560877 318 -1
1700863437.561736 134 1
1700863437.562957 146 1
1700863437.564147 587 1
1700863437.564272 223 1
1700863437.564595 258 1
1700863437.564796 231 1
1700863437.569763 259 1
1700863437.569919 224 1
1700863437.575069 222 1
1700863437.575181 257 1
1700863437.579288 60 -1
1700863437.579288 341 -1
1700863437.579288 60 -1
1700863437.579288 115 -1
1700863437.579288 85 -1
1700863437.579288 60 -1
1700863437.579288 60 -1
1700863437.579288 60 -1
1700863437.579288 60 -1
1700863437.579288 85 -1
1700863437.579288 60 -1
1700863437.579445 66 1
1700863437.579760 85 1
1700863437.582230 1082 -1
1700863437.582230 691 -1
1700863437.582230 1051 -1
1700863437.582230 728 -1
1700863437.582357 54 1
1700863437.583636 3351 -1
1700863437.583636 2974 -1
1700863437.583636 7354 -1
1700863437.583715 54 1
1700863437.583932 2176 -1
1700863437.583932 1057 -1
1700863437.583966 54 1
1700863437.584027 718 -1
1700863437.584049 54 1
1700863437.591548 2974 -1
1700863437.591548 7354 -1
1700863437.591548 1005 -1
1700863437.591548 985 -1
1700863437.591548 807 -1
1700863437.591548 14654 -1
1700863437.591548 1860 -1
1700863437.591548 85 -1
1700863437.591548 16460 -1
1700863437.591548 85 -1
1700863437.591548 2974 -1
1700863437.591548 7354 -1
1700863437.591548 2974 -1
1700863437.591548 3351 -1
1700863437.591903 54 1
1700863437.592766 4434 -1
1700863437.592766 7354 -1
1700863437.592766 7354 -1
1700863437.592877 54 1
1700863437.593342 1514 -1
1700863437.593342 7354 -1
1700863437.593401 54 1
1700863437.599862 5157 -1
1700863437.599862 7354 -1
1700863437.599862 2974 -1
1700863437.599862 4434 -1
1700863437.599862 4434 -1
1700863437.599862 2974 -1
1700863437.599862 7354 -1
1700863437.599862 7354 -1
1700863437.599862 7354 -1
1700863437.599862 4434 -1
1700863437.599862 7354 -1
1700863437.599862 7354 -1
1700863437.599862 7354 -1
1700863437.600202 54 1
1700863437.600519 54 1
1700863437.605629 4434 -1
1700863437.605629 2974 -1
1700863437.605629 7354 -1
1700863437.605629 7354 -1
1700863437.605629 1514 -1
1700863437.605629 7354 -1
1700863437.605629 3404 -1
1700863437.605629 985 -1
1700863437.605629 804 -1
1700863437.605629 7354 -1
1700863437.605629 7354 -1
1700863437.605629 7354 -1
1700863437.605629 7354 -1
1700863437.605629 7354 -1
1700863437.605958 54 1
1700863437.613504 7354 -1
1700863437.613504 7354 -1
1700863437.613504 2974 -1
1700863437.613504 2974 -1
1700863437.613504 7354 -1
1700863437.613504 7354 -1
1700863437.613504 2974 -1
1700863437.613504 7354 -1
1700863437.613504 7354 -1
1700863437.613504 7354 -1
1700863437.613504 7354 -1
1700863437.613504 5894 -1
1700863437.613504 2974 -1
1700863437.613504 5894 -1
1700863437.613504 1514 -1
1700863437.613504 7354 -1
1700863437.613504 7354 -1
1700863437.613957 54 1
1700863437.614266 7354 -1
1700863437.614330 54 1
1700863437.614543 7354 -1
1700863437.614609 54 1
1700863437.614736 54 1
1700863437.615620 7354 -1
1700863437.615656 54 1
1700863437.618666 4434 -1
1700863437.618666 4434 -1
1700863437.618666 7354 -1
1700863437.618666 7354 -1
1700863437.618666 2974 -1
1700863437.618666 7354 -1
1700863437.618666 7354 -1
1700863437.618849 54 1
1700863437.619092 7354 -1
1700863437.619120 54 1
1700863437.619704 7354 -1
1700863437.619737 54 1
1700863437.620312 7354 -1
1700863437.620367 54 1
1700863437.624446 7354 -1
1700863437.624446 719 -1
1700863437.624446 11734 -1
1700863437.624446 7354 -1
1700863437.624446 7354 -1
1700863437.624446 7354 -1
1700863437.624446 7354 -1
1700863437.624692 54 1
1700863437.625111 7354 -1
1700863437.625140 54 1
1700863437.625572 1514 -1
1700863437.625696 7354 -1
1700863437.625743 54 1
1700863437.626308 7354 -1
1700863437.626365 54 1
1700863437.626972 7354 -1
1700863437.627024 54 1
1700863437.630182 7354 -1
1700863437.630182 7354 -1
1700863437.630182 7354 -1
1700863437.630182 7354 -1
1700863437.630182 4434 -1
1700863437.630342 54 1
1700863437.630389 7354 -1
1700863437.630429 54 1
1700863437.630929 7354 -1
1700863437.630968 54 1
1700863437.631567 7354 -1
1700863437.631606 54 1
1700863437.632102 1514 -1
1700863437.632217 1514 -1
1700863437.632236 54 1
1700863437.632338 6137 -1
1700863437.632365 54 1
1700863439.336081 232 1
1700863439.338513 224 1
1700863439.338654 231 1
1700863439.340146 60 -1
1700863439.348837 980 -1
1700863439.348837 811 -1
1700863439.348945 54 1
1700863439.349142 7354 -1
1700863439.349202 54 1
1700863439.349888 1349 -1
1700863439.349942 54 1
1700863439.361243 223 1
1700863439.361351 224 1
1700863439.361668 1054 -1
1700863439.361668 728 -1
1700863439.361742 54 1
1700863439.361874 234 1
1700863439.370844 60 -1
1700863439.370844 11353 -1
1700863439.371057 54 1
1700863439.379936 1083 -1
1700863439.379936 691 -1
1700863439.379936 4434 -1
1700863439.379936 1440 -1
1700863439.379936 1054 -1
1700863439.379936 727 -1
1700863439.379936 7354 -1
1700863439.379936 7354 -1
1700863439.379936 1036 -1
1700863439.380128 54 1
1700863439.405458 1038 -1
1700863439.405458 734 -1
1700863439.405458 4434 -1
1700863439.405458 4967 -1
1700863439.405583 54 1
1700863439.414465 1050 -1
1700863439.414465 732 -1
1700863439.414465 2974 -1
1700863439.414465 4302 -1
1700863439.414575 54 1
1700863441.062293 230 1
1700863441.062863 234 1
1700863441.064579 231 1
1700863441.065012 223 1
1700863441.065554 234 1
1700863441.066141 231 1
1700863441.067668 60 -1
1700863441.074529 1005 -1
1700863441.074529 772 -1
1700863441.074529 7927 -1
1700863441.074529 1026 -1
1700863441.074670 54 1
1700863441.076795 761 -1
1700863441.076795 16460 -1
1700863441.076795 85 -1
1700863441.076795 213 -1
1700863441.076946 54 1
1700863441.127413 1059 -1
1700863441.127413 720 -1
1700863441.127413 7354 -1
1700863441.127413 2219 -1
1700863441.127413 1111 -1
1700863441.127413 650 -1
1700863441.127413 1514 -1
1700863441.127413 7354 -1
1700863441.127413 1595 -1
1700863441.127413 983 -1
1700863441.127413 810 -1
1700863441.127413 5894 -1
1700863441.127413 5781 -1
1700863441.127413 1053 -1
1700863441.127413 728 -1
1700863441.127413 1514 -1
1700863441.127413 7354 -1
1700863441.127413 7354 -1
1700863441.127413 400 -1
1700863441.127413 85 -1
1700863441.127413 2451 -1
1700863441.127413 991 -1
1700863441.127767 66 1
1700863442.737451 222 1
1700863442.740463 232 1
1700863442.740590 224 1
1700863442.743366 234 1
1700863442.743773 257 1
1700863442.758018 60 -1
1700863442.791274 1053 -1
1700863442.791274 728 -1
1700863442.791274 7354 -1
1700863442.791274 4342 -1
1700863442.791274 983 -1
1700863442.791274 808 -1
1700863442.791274 1039 -1
1700863442.791274 733 -1
1700863442.791274 7354 -1
1700863442.791274 6218 -1
1700863442.791274 7354 -1
1700863442.791274 9160 -1
1700863442.791274 85 -1
1700863442.791274 16460 -1
1700863442.791573 54 1
1700863442.791646 85 -1
1700863442.791646 16460 -1
1700863442.791720 54 1
1700863442.811329 4434 -1
1700863442.811329 7354 -1
1700863442.811329 7354 -1
1700863442.811329 7354 -1
1700863442.811329 6648 -1
1700863442.811329 85 -1
1700863442.811329 7354 -1
1700863442.811329 7354 -1
1700863442.811329 7354 -1
1700863442.811329 7354 -1
1700863442.811329 7354 -1
1700863442.811329 7354 -1
1700863442.811329 5534 -1
1700863442.811329 7354 -1
1700863442.811329 7354 -1
1700863442.811329 1922 -1
1700863442.811329 4434 -1
1700863442.811329 7354 -1
1700863442.811329 7354 -1
1700863442.811329 7354 -1
1700863442.811329 763 -1
1700863442.811329 1085 -1
1700863442.811329 689 -1
1700863442.811329 2974 -1
1700863442.811329 4434 -1
1700863442.811329 1406 -1
1700863442.812122 54 1
1700863442.812486 54 1
1700863442.837786 980 -1
1700863442.837786 808 -1
1700863442.837786 4434 -1
1700863442.837786 11654 -1
1700863442.837925 54 1
1700863442.848167 89 1
1700863442.889764 60 -1
1700863445.140590 231 1
1700863445.140682 230 1
1700863445.142246 60 -1
1700863445.142246 60 -1
1700863445.151047 1055 -1
1700863445.151047 730 -1
1700863445.151142 54 1
1700863445.154160 1514 -1
1700863445.154160 5035 -1
1700863445.154252 54 1
1700863445.164844 1024 -1
1700863445.164844 770 -1
1700863445.164933 54 1
1700863445.165938 7354 -1
1700863445.166010 54 1
1700863445.166423 3509 -1
1700863445.166453 54 1
1700863445.182352 231 1
1700863445.192405 230 1
1700863445.192510 232 1
1700863445.210989 60 -1
1700863445.218527 1055 -1
1700863445.218527 726 -1
1700863445.218617 54 1
1700863445.218885 4434 -1
1700863445.218938 54 1
1700863445.219177 7217 -1
1700863445.219230 54 1
1700863445.236072 1059 -1
1700863445.236072 726 -1
1700863445.236072 1051 -1
1700863445.236072 733 -1
1700863445.236154 54 1
1700863445.238171 2974 -1
1700863445.238171 7024 -1
1700863445.238222 54 1
1700863445.245325 9039 -1
1700863445.245418 54 1
1700863446.707548 54 1
1700863446.709138 78 -1
1700863446.709138 60 -1
1700863446.709176 54 1
1700863451.156412 66 1
1700863451.157564 66 -1
1700863451.157726 54 1
1700863451.158684 870 1
1700863451.159719 60 -1
1700863451.160937 318 -1
1700863451.162227 134 1
1700863451.164985 60 -1
1700863451.167982 146 1
1700863451.170035 585 1
1700863451.170162 224 1
1700863451.170256 230 1
1700863451.170347 232 1
1700863451.171674 222 1
1700863451.173130 341 -1
1700863451.175165 248 1
1700863451.175296 60 -1
1700863451.175296 60 -1
1700863451.175296 60 -1
1700863451.175296 60 -1
1700863451.175296 60 -1
1700863451.175296 60 -1
1700863451.187192 60 -1
1700863451.187192 115 -1
1700863451.187192 85 -1
1700863451.193007 54 1
1700863451.193144 1035 -1
1700863451.193144 752 -1
1700863451.193204 54 1
1700863451.193972 85 1
1700863451.209110 7354 -1
1700863451.209110 14654 -1
1700863451.209110 7354 -1
1700863451.209110 1514 -1
1700863451.209110 7354 -1
1700863451.209110 7354 -1
1700863451.209110 1514 -1
1700863451.209404 54 1
1700863451.214044 7354 -1
1700863451.214044 7354 -1
1700863451.214044 2974 -1
1700863451.214044 1562 -1
1700863451.214044 5894 -1
1700863451.214044 7354 -1
1700863451.214044 1514 -1
1700863451.214044 7354 -1
1700863451.214044 7354 -1
1700863451.214044 2974 -1
1700863451.214257 54 1
1700863451.219062 7354 -1
1700863451.219062 7354 -1
1700863451.219062 7354 -1
1700863451.219062 7354 -1
1700863451.219062 7354 -1
1700863451.219062 5894 -1
1700863451.219062 2974 -1
1700863451.219062 4434 -1
1700863451.219062 1514 -1
1700863451.219255 54 1
1700863451.219923 5894 -1
1700863451.219923 7354 -1
1700863451.219971 54 1
1700863451.220941 7354 -1
1700863451.220941 7354 -1
1700863451.221012 54 1
1700863451.221417 7354 -1
1700863451.221446 54 1
1700863451.232854 4434 -1
1700863451.232854 7354 -1
1700863451.232854 7354 -1
1700863451.232854 7354 -1
1700863451.232854 7354 -1
1700863451.232854 7354 -1
1700863451.232854 1514 -1
1700863451.232854 5894 -1
1700863451.232854 7354 -1
1700863451.232854 7354 -1
1700863451.232854 3399 -1
1700863451.232854 1057 -1
1700863451.232854 722 -1
1700863451.233374 54 1
1700863451.235884 7354 -1
1700863451.235884 2851 -1
1700863451.235986 54 1
1700863451.242137 54 1
1700863452.900968 223 1
1700863452.902475 60 -1
1700863452.908140 230 1
1700863452.909274 60 -1
1700863452.909335 215 1
1700863452.917131 60 -1
1700863452.917131 982 -1
1700863452.917131 808 -1
1700863452.917131 7354 -1
1700863452.917131 2196 -1
1700863452.917224 54 1
1700863452.923512 981 -1
1700863452.923512 850 -1
1700863452.923512 985 -1
1700863452.923512 804 -1
1700863452.923616 54 1
1700863452.925704 6690 -1
1700863452.925771 54 1
1700863452.925816 7354 -1
1700863452.925863 54 1
1700863452.926586 7354 -1
1700863452.926620 54 1
1700863452.927169 1860 -1
1700863452.927203 54 1
1700863452.927234 85 -1
1700863452.927234 7354 -1
1700863452.927278 54 1
1700863452.927813 7354 -1
1700863452.927844 54 1
1700863452.928559 1860 -1
1700863452.928559 7354 -1
1700863452.928607 54 1
1700863452.929185 7354 -1
1700863452.929232 54 1
1700863452.929882 7354 -1
1700863452.929925 54 1
1700863452.930327 7354 -1
1700863452.930380 54 1
1700863452.930992 3728 -1
1700863452.931027 54 1
1700863452.931357 7354 -1
1700863452.931385 54 1
1700863452.931979 7354 -1
1700863452.932031 54 1
1700863452.932445 7354 -1
1700863452.932477 54 1
1700863452.935863 42394 -1
1700863452.936082 54 1
1700863452.936819 2539 -1
1700863452.936844 54 1
1700863452.936900 7354 -1
1700863452.936928 54 1
1700863452.937666 7354 -1
1700863452.937696 54 1
1700863452.938193 1860 -1
1700863452.938193 85 -1
1700863452.938193 2974 -1
1700863452.938226 54 1
1700863452.938399 7354 -1
1700863452.938424 54 1
1700863452.939028 6240 -1
1700863452.939060 54 1
1700863452.941829 54 1
1700863452.945772 7354 -1
1700863452.945772 5894 -1
1700863452.945772 7354 -1
1700863452.945772 2974 -1
1700863452.945772 7354 -1
1700863452.945772 2268 -1
1700863452.945772 85 -1
1700863452.945772 7354 -1
1700863452.945772 7354 -1
1700863452.945772 2974 -1
1700863452.945772 7354 -1
1700863452.945772 14654 -1
1700863452.945772 7354 -1
1700863452.946102 54 1
1700863452.946183 2614 -1
1700863452.946216 54 1
1700863452.946367 7354 -1
1700863452.946399 54 1
1700863452.946534 54 1
1700863452.947273 7354 -1
1700863452.947318 54 1
1700863452.947671 7354 -1
1700863452.947700 54 1
1700863452.948267 7354 -1
1700863452.948310 54 1
1700863452.948790 2974 -1
1700863452.948816 54 1
1700863452.949729 14654 -1
1700863452.949786 54 1
1700863452.950333 7354 -1
1700863452.950359 54 1
1700863452.950856 7354 -1
1700863452.950883 54 1
1700863452.951466 7354 -1
1700863452.951513 54 1
1700863452.952206 7354 -1
1700863452.952236 54 1
1700863452.952657 1514 -1
1700863452.952695 54 1
1700863452.952790 5894 -1
1700863452.952817 54 1
1700863452.953267 7354 -1
1700863452.953302 54 1
1700863452.953888 5894 -1
1700863452.953914 54 1
1700863452.954382 7354 -1
1700863452.954410 54 1
1700863452.955152 7354 -1
1700863452.955193 54 1
1700863452.955573 7354 -1
1700863452.955624 54 1
1700863452.956221 7354 -1
1700863452.956258 54 1
1700863452.956896 4434 -1
1700863452.956935 54 1
1700863452.957132 7354 -1
1700863452.957165 54 1
1700863452.957750 8039 -1
1700863452.957781 54 1
1700863452.958463 4434 -1
1700863452.958499 54 1
1700863452.958855 8037 -1
1700863452.958888 54 1
1700863452.959440 7354 -1
1700863452.959527 54 1
1700863452.959704 54 1
1700863452.960115 7354 -1
1700863452.960182 54 1
1700863452.960538 54 1
1700863452.960700 7354 -1
1700863452.960729 54 1
1700863452.961258 7354 -1
1700863452.961287 54 1
1700863452.961974 2575 -1
1700863452.962043 54 1
1700863454.586495 258 1
1700863454.587164 234 1
1700863454.590889 60 -1
1700863454.593529 252 1
1700863454.598970 1057 -1
1700863454.598970 721 -1
1700863454.598970 5921 -1
1700863454.599086 54 1
1700863454.600151 234 1
1700863454.600850 231 1
1700863454.603439 222 1
1700863454.603564 60 -1
1700863454.609306 1058 -1
1700863454.609306 724 -1
1700863454.609369 54 1
1700863454.616321 4434 -1
1700863454.616321 1514 -1
1700863454.616321 7354 -1
1700863454.616321 3320 -1
1700863454.616321 2974 -1
1700863454.616321 7354 -1
1700863454.616321 6271 -1
1700863454.616321 85 -1
1700863454.616321 7354 -1
1700863454.616321 7354 -1
1700863454.616321 4757 -1
1700863454.616321 1054 -1
1700863454.616321 730 -1
1700863454.616321 7354 -1
1700863454.616321 900 -1
1700863454.616574 54 1
1700863454.638270 1054 -1
1700863454.638270 730 -1
1700863454.638347 54 1
1700863454.639052 986 -1
1700863454.639052 805 -1
1700863454.639052 7354 -1
1700863454.639221 54 1
1700863454.639511 1299 -1
1700863454.640751 7354 -1
1700863454.640819 54 1
1700863454.641271 7354 -1
1700863454.641306 54 1
1700863454.641888 1860 -1
1700863454.641920 54 1
1700863454.642010 85 -1
1700863454.642010 2974 -1
1700863454.642073 54 1
1700863454.642376 7354 -1
1700863454.642431 54 1
1700863454.642872 1514 -1
1700863454.642898 54 1
1700863454.642972 4780 -1
1700863454.642995 54 1
1700863454.643424 7354 -1
1700863454.643453 54 1
1700863454.644112 14654 -1
1700863454.644176 54 1
1700863454.645402 7354 -1
1700863454.645448 54 1
1700863454.645796 3728 -1
1700863454.645922 54 1
1700863454.648234 85 -1
1700863454.648234 7354 -1
1700863454.648234 7354 -1
1700863454.648234 7354 -1
1700863454.648234 7354 -1
1700863454.648365 54 1
1700863454.648545 7354 -1
1700863454.648582 54 1
1700863454.649214 7354 -1
1700863454.649242 54 1
1700863454.649741 5534 -1
1700863454.649762 54 1
1700863454.650189 7354 -1
1700863454.650223 54 1
1700863454.650806 7354 -1
1700863454.650839 54 1
1700863454.651408 7354 -1
1700863454.651453 54 1
1700863454.652011 7354 -1
1700863454.652199 54 1
1700863454.652922 7354 -1
1700863454.652961 54 1
1700863454.653313 5429 -1
1700863454.653357 54 1
1700863454.653701 1745 -1
1700863454.653718 54 1
1700863454.653798 4434 -1
1700863454.653834 54 1
1700863454.654617 3259 -1
1700863454.654643 54 1
1700863456.292151 234 1
1700863456.292540 234 1
1700863456.297232 60 -1
1700863456.304051 222 1
1700863456.304188 218 1
1700863456.304269 257 1
1700863456.304331 232 1
1700863456.304404 232 1
1700863456.309712 60 -1
1700863456.328290 981 -1
1700863456.328290 815 -1
1700863456.328290 1085 -1
1700863456.328290 690 -1
1700863456.328290 984 -1
1700863456.328290 800 -1
1700863456.328290 6394 -1
1700863456.328290 8462 -1
1700863456.328458 54 1
1700863456.328631 7354 -1
1700863456.328669 54 1
1700863456.329253 7354 -1
1700863456.329287 54 1
1700863456.329904 1860 -1
1700863456.329938 54 1
1700863456.330175 85 -1
1700863456.330175 13194 -1
1700863456.330259 54 1
1700863456.338930 89 1
1700863456.346736 3320 -1
1700863456.346736 7354 -1
1700863456.346736 9222 -1
1700863456.346736 7354 -1
1700863456.346736 7354 -1
1700863456.346736 1891 -1
1700863456.346736 7354 -1
1700863456.346736 5894 -1
1700863456.346736 4434 -1
1700863456.346736 7354 -1
1700863456.346736 7354 -1
1700863456.346736 7354 -1
1700863456.346736 7354 -1
1700863456.346736 2614 -1
1700863456.346736 2974 -1
1700863456.346736 7354 -1
1700863456.346736 7354 -1
1700863456.346736 7354 -1
1700863456.346736 7354 -1
1700863456.346736 5894 -1
1700863456.346736 2974 -1
1700863456.346736 7354 -1
1700863456.346736 1216 -1
1700863456.346736 1514 -1
1700863456.346736 7354 -1
1700863456.346736 2974 -1
1700863456.346736 7354 -1
1700863456.346736 21954 -1
1700863456.346736 4434 -1
1700863456.346736 11734 -1
1700863456.347440 54 1
1700863456.347524 4434 -1
1700863456.347555 54 1
1700863456.347627 14654 -1
1700863456.347695 54 1
1700863456.347918 54 1
1700863456.348636 7354 -1
1700863456.348667 54 1
1700863456.348890 54 1
1700863456.349393 2974 -1
1700863456.349413 54 1
1700863456.349453 7354 -1
1700863456.349503 54 1
1700863456.349992 7354 -1
1700863456.350057 54 1
1700863456.350857 2974 -1
1700863456.350857 7354 -1
1700863456.350895 54 1
1700863456.351525 7354 -1
1700863456.351569 54 1
1700863456.352138 7354 -1
1700863456.352173 54 1
1700863456.352716 4434 -1
1700863456.352764 54 1
1700863456.353012 7354 -1
1700863456.353059 54 1
1700863456.353632 7354 -1
1700863456.353665 54 1
1700863456.354235 7354 -1
1700863456.354288 54 1
1700863456.354878 7354 -1
1700863456.354919 54 1
1700863456.355621 7354 -1
1700863456.355667 54 1
1700863456.356316 7354 -1
1700863456.356360 54 1
1700863456.356833 7354 -1
1700863456.356876 54 1
1700863456.357453 7354 -1
1700863456.357478 54 1
1700863456.358047 1514 -1
1700863456.358171 7354 -1
1700863456.358217 54 1
1700863456.358750 7354 -1
1700863456.358791 54 1
1700863456.359602 7354 -1
1700863456.359644 54 1
1700863456.359948 7354 -1
1700863456.359980 54 1
1700863456.360532 7354 -1
1700863456.360572 54 1
1700863456.361186 7354 -1
1700863456.361233 54 1
1700863456.361740 7354 -1
1700863456.361779 54 1
1700863456.362347 7354 -1
1700863456.362403 54 1
1700863456.363179 5894 -1
1700863456.363222 54 1
1700863456.363738 7354 -1
1700863456.363794 54 1
1700863456.368450 7354 -1
1700863456.368450 4434 -1
1700863456.368450 7354 -1
1700863456.368450 7354 -1
1700863456.368450 1514 -1
1700863456.368450 7354 -1
1700863456.368450 5894 -1
1700863456.368450 7354 -1
1700863456.368450 7348 -1
1700863456.368708 54 1
1700863456.379385 7354 -1
1700863456.379385 7354 -1
1700863456.379385 4434 -1
1700863456.379385 7354 -1
1700863456.379385 7354 -1
1700863456.379385 7354 -1
1700863456.379385 7354 -1
1700863456.379385 2974 -1
1700863456.379385 7354 -1
1700863456.379385 5165 -1
1700863456.379385 1514 -1
1700863456.379385 4434 -1
1700863456.379385 7354 -1
1700863456.379385 7354 -1
1700863456.379385 7354 -1
1700863456.379385 7354 -1
1700863456.379385 7354 -1
1700863456.379385 7354 -1
1700863456.379385 7354 -1
1700863456.379385 7354 -1
1700863456.379385 1514 -1
1700863456.380045 54 1
1700863456.383295 54 1
1700863456.385346 1514 -1
1700863456.385346 1514 -1
1700863456.385346 2974 -1
1700863456.385346 1514 -1
1700863456.385346 1514 -1
1700863456.385346 2974 -1
1700863456.385346 4434 -1
1700863456.385346 4434 -1
1700863456.385346 4434 -1
1700863456.385346 4434 -1
1700863456.385346 2974 -1
1700863456.385346 1514 -1
1700863456.385346 4434 -1
1700863456.385346 4434 -1
1700863456.385346 4434 -1
1700863456.385346 4434 -1
1700863456.385346 4434 -1
1700863456.385346 4434 -1
1700863456.385346 2974 -1
1700863456.385346 4434 -1
1700863456.385346 4434 -1
1700863456.385639 54 1
1700863456.385833 54 1
1700863456.389439 4434 -1
1700863456.389439 2974 -1
1700863456.389439 1514 -1
1700863456.389439 4434 -1
1700863456.389439 4434 -1
1700863456.389439 4434 -1
1700863456.389439 4434 -1
1700863456.389439 4434 -1
1700863456.389439 4434 -1
1700863456.389439 2974 -1
1700863456.389439 1514 -1
1700863456.389439 4434 -1
1700863456.389439 4434 -1
1700863456.389439 4434 -1
1700863456.389679 54 1
1700863456.390214 2177 -1
1700863456.390241 54 1
1700863456.399879 4434 -1
1700863456.399879 4434 -1
1700863456.399879 4434 -1
1700863456.399879 689 -1
1700863456.400003 54 1
1700863456.721471 54 1
1700863456.722761 78 -1
1700863456.722761 60 -1
1700863456.722802 54 1
1700863464.089472 66 1
1700863464.100791 66 -1
1700863464.100905 54 1
1700863464.101838 966 1
1700863464.125935 60 -1
1700863464.125935 318 -1
1700863464.126998 134 1
1700863464.127565 146 1
1700863464.128113 589 1
1700863464.128385 231 1
1700863464.128513 258 1
1700863464.128552 60 -1
1700863464.128552 60 -1
1700863464.129362 341 -1
1700863464.129362 60 -1
1700863464.129525 60 -1
1700863464.129525 60 -1
1700863464.133559 115 -1
1700863464.133559 85 -1
1700863464.134342 54 1
1700863464.135706 85 1
1700863464.139377 1054 -1
1700863464.139377 723 -1
1700863464.139377 1050 -1
1700863464.139377 731 -1
1700863464.139472 54 1
1700863464.140407 60 -1
1700863464.142390 7354 -1
1700863464.142390 1964 -1
1700863464.142390 1090 -1
1700863464.142390 679 -1
1700863464.142517 54 1
1700863464.144171 4865 -1
1700863464.144171 16114 -1
1700863464.144318 54 1
1700863464.145501 1514 -1
1700863464.145501 2974 -1
1700863464.145557 54 1
1700863464.145688 7354 -1
1700863464.145714 54 1
1700863464.146384 4434 -1
1700863464.146428 54 1
1700863464.146654 2974 -1
1700863464.146680 54 1
1700863464.147011 1514 -1
1700863464.147011 7354 -1
1700863464.147048 54 1
1700863464.147622 4434 -1
1700863464.147652 54 1
1700863464.148073 7354 -1
1700863464.148123 54 1
1700863464.156705 7354 -1
1700863464.156705 1514 -1
1700863464.156705 4434 -1
1700863464.156705 7354 -1
1700863464.156705 4434 -1
1700863464.156705 1514 -1
1700863464.156705 7354 -1
1700863464.156705 8814 -1
1700863464.156705 1514 -1
1700863464.156705 7354 -1
1700863464.156705 1514 -1
1700863464.156705 7354 -1
1700863464.156705 2974 -1
1700863464.156705 7354 -1
1700863464.156705 5894 -1
1700863464.156705 7354 -1
1700863464.156705 7354 -1
1700863464.156705 2974 -1
1700863464.156705 1514 -1
1700863464.156705 7354 -1
1700863464.157105 66 1
1700863464.157339 66 1
1700863464.157387 66 1
1700863464.157421 66 1
1700863464.157461 66 1
1700863464.157505 66 1
1700863464.157534 66 1
1700863464.157577 66 1
1700863464.157626 66 1
1700863464.157690 66 1
1700863464.157740 66 1
1700863464.157779 66 1
1700863464.157843 66 1
1700863464.157890 66 1
1700863464.157968 17574 -1
1700863464.158034 66 1
1700863464.158522 1514 -1
1700863464.158552 66 1
1700863464.158636 5894 -1
1700863464.158670 66 1
1700863464.159140 7354 -1
1700863464.159203 66 1
1700863464.159730 4434 -1
1700863464.159770 66 1
1700863464.160147 7354 -1
1700863464.160209 66 1
1700863464.160751 6275 -1
1700863464.160813 66 1
1700863464.161373 1514 -1
1700863464.161373 1514 -1
1700863464.161419 66 1
1700863464.161586 54 1
1700863465.713833 230 1
1700863465.718244 60 -1
1700863465.720741 231 1
1700863465.720854 225 1
1700863465.721589 230 1
1700863465.721688 231 1
1700863465.721804 60 -1
1700863465.721804 60 -1
1700863465.723762 60 -1
1700863465.723762 60 -1
1700863465.732456 1055 -1
1700863465.732558 728 -1
1700863465.732558 1053 -1
1700863465.732588 54 1
1700863465.732621 727 -1
1700863465.732641 54 1
1700863465.734622 11215 -1
1700863465.734673 54 1
1700863465.735501 16460 -1
1700863465.735561 54 1
1700863465.736640 3956 -1
1700863465.736682 54 1
1700863465.736994 8490 -1
1700863465.737028 54 1
1700863465.737705 961 -1
1700863465.737729 54 1
1700863465.737766 842 -1
1700863465.737795 2974 -1
1700863465.737819 54 1
1700863465.738043 7354 -1
1700863465.738073 54 1
1700863465.738647 1514 -1
1700863465.738777 4780 -1
1700863465.738796 54 1
1700863465.739375 7354 -1
1700863465.739419 54 1
1700863465.740232 1514 -1
1700863465.740232 5651 -1
1700863465.740263 54 1
1700863465.767950 1088 -1
1700863465.767950 686 -1
1700863465.768055 54 1
1700863465.768442 11734 -1
1700863465.768502 54 1
1700863465.770826 63 -1
1700863465.770880 54 1
1700863466.743379 54 1
1700863466.745036 78 -1
1700863466.745036 60 -1
1700863466.745328 54 1
1700863467.438621 66 1
1700863467.439734 66 -1
1700863467.439807 54 1
1700863467.441425 870 1
1700863467.442764 60 -1
1700863467.445069 318 -1
1700863467.447202 134 1
1700863467.448454 146 1
1700863467.448547 60 -1
1700863467.449334 571 1
1700863467.449438 223 1
1700863467.449529 231 1
1700863467.449635 231 1
1700863467.449729 231 1
1700863467.449816 232 1
1700863467.449902 223 1
1700863467.451197 60 -1
1700863467.451490 341 -1
1700863467.452029 115 -1
1700863467.452029 85 -1
1700863467.452080 54 1
1700863467.452151 60 -1
1700863467.452151 60 -1
1700863467.452151 60 -1
1700863467.452151 60 -1
1700863467.452151 60 -1
1700863467.452151 60 -1
1700863467.452151 60 -1
1700863467.452383 85 1
1700863467.453353 60 -1
1700863467.459759 1053 -1
1700863467.459759 731 -1
1700863467.459864 54 1
1700863467.462051 1054 -1
1700863467.462051 729 -1
1700863467.462257 54 1
1700863467.462314 7354 -1
1700863467.462359 54 1
1700863467.463045 336 -1
1700863467.463045 1053 -1
1700863467.463045 733 -1
1700863467.463094 54 1
1700863467.470723 982 -1
1700863467.470723 807 -1
1700863467.470723 1085 -1
1700863467.470723 7354 -1
1700863467.470723 3816 -1
1700863467.470723 7354 -1
1700863467.470723 9160 -1
1700863467.470723 16491 -1
1700863467.471064 54 1
1700863467.471399 7354 -1
1700863467.471399 7354 -1
1700863467.471449 54 1
1700863467.471994 1922 -1
1700863467.472023 54 1
1700863467.473028 7354 -1
1700863467.473028 7354 -1
1700863467.473070 54 1
1700863467.474121 7354 -1
1700863467.474121 7354 -1
1700863467.474184 54 1
1700863467.474581 4434 -1
1700863467.474613 54 1
1700863467.477885 7354 -1
1700863467.477885 2974 -1
1700863467.477885 7354 -1
1700863467.477885 7354 -1
1700863467.477885 7354 -1
1700863467.477885 7354 -1
1700863467.478121 54 1
1700863467.478926 5894 -1
1700863467.478926 7354 -1
1700863467.478982 54 1
1700863467.480707 5894 -1
1700863467.480707 5894 -1
1700863467.480707 7354 -1
1700863467.480834 54 1
1700863467.480970 7354 -1
1700863467.481019 54 1
1700863467.481460 7354 -1
1700863467.481523 54 1
1700863467.482216 7354 -1
1700863467.482275 54 1
1700863467.482755 7354 -1
1700863467.482812 54 1
1700863467.483263 4434 -1
1700863467.483334 54 1
1700863467.483969 7354 -1
1700863467.484019 54 1
1700863467.484621 7354 -1
1700863467.484665 54 1
1700863467.485509 1514 -1
1700863467.485509 7354 -1
1700863467.485582 54 1
1700863467.485706 7354 -1
1700863467.485752 54 1
1700863467.486477 1514 -1
1700863467.486477 7354 -1
1700863467.486529 54 1
1700863467.487025 7354 -1
1700863467.487058 54 1
1700863467.487913 7354 -1
1700863467.487983 54 1
1700863467.488305 7354 -1
1700863467.488353 54 1
1700863467.489487 7354 -1
1700863467.489558 54 1
1700863467.489608 1514 -1
1700863467.489608 5894 -1
1700863467.489651 54 1
1700863467.493077 7354 -1
1700863467.493077 4434 -1
1700863467.493077 7354 -1
1700863467.493077 4434 -1
1700863467.493077 7354 -1
1700863467.493077 1514 -1
1700863467.493077 7354 -1
1700863467.493356 54 1
1700863467.495025 7354 -1
1700863467.495025 7354 -1
1700863467.495025 7354 -1
1700863467.495302 54 1
1700863467.496660 7354 -1
1700863467.496660 5894 -1
1700863467.496660 1514 -1
1700863467.496660 7354 -1
1700863467.496763 54 1
1700863467.497446 7354 -1
1700863467.497577 54 1
1700863467.497670 7354 -1
1700863467.497707 54 1
1700863467.498327 7354 -1
1700863467.498382 54 1
1700863467.498749 7354 -1
1700863467.498779 54 1
1700863467.499347 2974 -1
1700863467.499386 54 1
1700863467.499660 7354 -1
1700863467.499708 54 1
1700863467.500328 1514 -1
1700863467.500328 7354 -1
1700863467.500372 54 1
1700863467.500996 5894 -1
1700863467.501025 54 1
1700863467.501993 2974 -1
1700863467.501993 7354 -1
1700863467.502040 54 1
1700863467.504306 2974 -1
1700863467.504306 1514 -1
1700863467.504306 7354 -1
1700863467.504306 5894 -1
1700863467.504306 16114 -1
1700863467.504489 54 1
1700863467.505513 2974 -1
1700863467.505513 7354 -1
1700863467.505556 54 1
1700863467.506031 7354 -1
1700863467.506101 54 1
1700863467.506531 1514 -1
1700863467.506632 4434 -1
1700863467.506661 54 1
1700863467.506962 7354 -1
1700863467.507001 54 1
1700863467.507601 7354 -1
1700863467.507666 54 1
1700863467.513815 4434 -1
1700863467.513815 7354 -1
1700863467.513815 7354 -1
1700863467.513815 5894 -1
1700863467.513815 1514 -1
1700863467.513815 7354 -1
1700863467.513815 7354 -1
1700863467.513815 7354 -1
1700863467.513815 1514 -1
1700863467.513815 7354 -1
1700863467.513815 7354 -1
1700863467.513815 5894 -1
1700863467.514086 54 1
1700863467.515007 1514 -1
1700863467.515007 7354 -1
1700863467.515007 7354 -1
1700863467.515145 54 1
1700863467.517243 4434 -1
1700863467.517243 1514 -1
1700863467.517243 2974 -1
1700863467.517243 14654 -1
1700863467.517405 54 1
1700863467.517646 4434 -1
1700863467.517699 54 1
1700863467.517754 7354 -1
1700863467.517818 54 1
1700863467.518285 7354 -1
1700863467.518345 54 1
1700863467.518987 5894 -1
1700863467.519038 54 1
1700863467.519773 7354 -1
1700863467.519817 54 1
1700863467.520026 4434 -1
1700863467.520064 54 1
1700863467.520381 7354 -1
1700863467.520423 54 1
1700863467.521819 2974 -1
1700863467.521819 7354 -1
1700863467.521819 7354 -1
1700863467.521910 54 1
1700863467.522450 7354 -1
1700863467.522502 54 1
1700863467.526933 5526 -1
1700863467.527024 54 1
1700863469.058005 250 1
1700863469.059030 60 -1
1700863469.059449 219 1
1700863469.060385 60 -1
1700863469.061200 256 1
1700863469.062192 60 -1
1700863469.066751 232 1
1700863469.068776 224 1
1700863469.075869 60 -1
1700863469.075869 953 -1
1700863469.075869 846 -1
1700863469.075869 988 -1
1700863469.075869 799 -1
1700863469.075999 54 1
1700863469.079308 1514 -1
1700863469.079308 11734 -1
1700863469.079308 3320 -1
1700863469.079308 7354 -1
1700863469.079469 54 1
1700863469.088303 7354 -1
1700863469.088303 1891 -1
1700863469.088303 85 -1
1700863469.088303 10274 -1
1700863469.088303 7354 -1
1700863469.088303 7354 -1
1700863469.088303 8077 -1
1700863469.088303 7354 -1
1700863469.088303 7354 -1
1700863469.088303 7354 -1
1700863469.088303 1922 -1
1700863469.088303 7354 -1
1700863469.088303 20494 -1
1700863469.088303 4434 -1
1700863469.088303 7354 -1
1700863469.088755 66 1
1700863469.088824 54 1
1700863469.088889 54 1
1700863469.089230 54 1
1700863469.098894 7354 -1
1700863469.098894 2974 -1
1700863469.098894 6171 -1
1700863469.098894 7354 -1
1700863469.098894 7354 -1
1700863469.098894 7354 -1
1700863469.098894 2974 -1
1700863469.098894 4434 -1
1700863469.098894 7354 -1
1700863469.098894 7354 -1
1700863469.098894 5596 -1
1700863469.099141 54 1
1700863469.099213 7354 -1
1700863469.099246 54 1
1700863469.101608 54 1
1700863469.114180 7354 -1
1700863469.114180 7354 -1
1700863469.114180 7354 -1
1700863469.114180 7354 -1
1700863469.114180 1514 -1
1700863469.114180 7354 -1
1700863469.114180 5894 -1
1700863469.114180 1514 -1
1700863469.114180 7354 -1
1700863469.114180 7354 -1
1700863469.114180 7354 -1
1700863469.114180 1514 -1
1700863469.114180 1922 -1
1700863469.114180 11734 -1
1700863469.114180 7354 -1
1700863469.114180 1514 -1
1700863469.114180 7354 -1
1700863469.114180 5894 -1
1700863469.114180 7354 -1
1700863469.114180 7354 -1
1700863469.114180 7354 -1
1700863469.114180 7354 -1
1700863469.114180 1514 -1
1700863469.114180 4434 -1
1700863469.114180 4434 -1
1700863469.114180 4434 -1
1700863469.114180 4434 -1
1700863469.114771 66 1
1700863469.114933 54 1
1700863469.115090 4434 -1
1700863469.115154 54 1
1700863469.116666 54 1
1700863469.119115 4434 -1
1700863469.119115 4434 -1
1700863469.119115 2974 -1
1700863469.119115 4434 -1
1700863469.119115 4434 -1
1700863469.119285 54 1
1700863469.119600 4434 -1
1700863469.119638 54 1
1700863469.121102 54 1
1700863469.129449 4434 -1
1700863469.129449 4434 -1
1700863469.129449 2974 -1
1700863469.129449 11734 -1
1700863469.129449 7354 -1
1700863469.129449 7354 -1
1700863469.129449 7354 -1
1700863469.129449 5894 -1
1700863469.129449 7354 -1
1700863469.129449 7354 -1
1700863469.129449 7354 -1
1700863469.129449 7354 -1
1700863469.129449 4434 -1
1700863469.129449 7354 -1
1700863469.129449 2974 -1
1700863469.129449 7354 -1
1700863469.129449 7354 -1
1700863469.130065 54 1
1700863469.130194 5894 -1
1700863469.130278 54 1
1700863469.130495 54 1
1700863469.137607 7354 -1
1700863469.137607 7354 -1
1700863469.137607 7354 -1
1700863469.137607 7354 -1
1700863469.137607 7354 -1
1700863469.137607 7354 -1
1700863469.137607 4434 -1
1700863469.137607 7354 -1
1700863469.137607 2974 -1
1700863469.137607 5894 -1
1700863469.137607 7354 -1
1700863469.137607 7354 -1
1700863469.137607 7354 -1
1700863469.137918 54 1
1700863469.138031 54 1
1700863469.149731 1514 -1
1700863469.149731 5894 -1
1700863469.149731 7354 -1
1700863469.149731 1514 -1
1700863469.149731 7354 -1
1700863469.149731 1514 -1
1700863469.149731 7354 -1
1700863469.149731 1514 -1
1700863469.149731 7354 -1
1700863469.149731 1514 -1
1700863469.149731 7354 -1
1700863469.149731 4434 -1
1700863469.149731 7354 -1
1700863469.149731 4434 -1
1700863469.149731 7354 -1
1700863469.149731 4434 -1
1700863469.149731 7354 -1
1700863469.149731 4434 -1
1700863469.149731 7354 -1
1700863469.149731 4434 -1
1700863469.149731 5894 -1
1700863469.149731 7354 -1
1700863469.149731 4434 -1
1700863469.149731 7354 -1
1700863469.149731 4434 -1
1700863469.149731 7354 -1
1700863469.149731 4434 -1
1700863469.150339 54 1
1700863469.150362 54 1
1700863469.150540 7354 -1
1700863469.150576 54 1
1700863469.151078 54 1
1700863469.176519 4434 -1
1700863469.176519 7354 -1
1700863469.176519 4434 -1
1700863469.176519 5894 -1
1700863469.176519 7354 -1
1700863469.176519 4434 -1
1700863469.176519 7354 -1
1700863469.176519 4434 -1
1700863469.176519 4434 -1
1700863469.176519 2974 -1
1700863469.176519 1514 -1
1700863469.176519 2974 -1
1700863469.176519 7354 -1
1700863469.176519 4434 -1
1700863469.176519 7354 -1
1700863469.176519 4434 -1
1700863469.176519 5894 -1
1700863469.176519 7354 -1
1700863469.176519 1514 -1
1700863469.176519 2974 -1
1700863469.176519 747 -1
1700863469.176956 54 1
1700863469.179383 54 1
1700863476.795528 54 1
1700863476.807466 78 -1
1700863476.807466 60 -1
1700863476.807564 54 1
