1700866613.867975 66 1
1700866613.894552 66 -1
1700866613.894752 54 1
1700866613.899210 663 1
1700866613.904715 60 -1
1700866613.912960 2778 -1
1700866613.913078 54 1
1700866613.937570 134 1
1700866613.948252 60 -1
1700866613.949504 341 -1
1700866613.949504 341 -1
1700866613.949545 54 1
1700866613.953519 146 1
1700866613.954693 60 -1
1700866613.959490 115 -1
1700866613.959490 85 -1
1700866613.959531 54 1
1700866613.976366 587 1
1700866613.978370 85 1
1700866613.980874 60 -1
1700866613.980874 60 -1
1700866614.018541 1049 -1
1700866614.018601 729 -1
1700866614.018632 54 1
1700866614.023823 7354 -1
1700866614.023936 54 1
1700866614.031046 4675 -1
1700866614.031169 54 1
1700866614.110553 204 1
1700866614.110674 207 1
1700866614.110844 207 1
1700866614.110992 258 1
1700866614.111300 205 1
1700866614.111430 266 1
1700866614.111551 268 1
1700866614.111691 234 1
1700866614.111798 232 1
1700866614.111895 232 1
1700866614.112022 234 1
1700866614.112121 230 1
1700866614.112230 60 -1
1700866614.112849 60 -1
1700866614.113217 60 -1
1700866614.121462 956 -1
1700866614.121531 841 -1
1700866614.121556 54 1
1700866614.125335 232 1
1700866614.125964 234 1
1700866614.126088 234 1
1700866614.126185 231 1
1700866614.130052 987 -1
1700866614.130052 806 -1
1700866614.130158 54 1
1700866614.131507 4434 -1
1700866614.131507 7354 -1
1700866614.131591 54 1
1700866614.132687 4434 -1
1700866614.132735 54 1
1700866614.133517 2974 -1
1700866614.133553 54 1
1700866614.134386 7354 -1
1700866614.134441 54 1
1700866614.136728 5894 -1
1700866614.136785 54 1
1700866614.137916 2974 -1
1700866614.137960 54 1
1700866614.138624 7354 -1
1700866614.138653 54 1
1700866614.140451 5894 -1
1700866614.140494 54 1
1700866614.141973 5894 -1
1700866614.142018 54 1
1700866614.143232 7354 -1
1700866614.143287 54 1
1700866614.144932 2974 -1
1700866614.144987 54 1
1700866614.145790 60 -1
1700866614.145790 14654 -1
1700866614.145836 54 1
1700866614.149917 1514 -1
1700866614.150172 11734 -1
1700866614.150228 54 1
1700866614.152932 4434 -1
1700866614.152997 54 1
1700866614.153525 7354 -1
1700866614.153574 54 1
1700866614.155232 5894 -1
1700866614.155271 54 1
1700866614.156702 7354 -1
1700866614.156753 54 1
1700866614.159370 7354 -1
1700866614.159431 54 1
1700866614.160762 1514 -1
1700866614.160803 54 1
1700866614.160868 1514 -1
1700866614.160931 1514 -1
1700866614.160971 54 1
1700866614.161411 1514 -1
1700866614.162272 1514 -1
1700866614.162305 54 1
1700866614.162346 5894 -1
1700866614.162405 54 1
1700866614.163714 7354 -1
1700866614.163783 54 1
1700866614.165887 4434 -1
1700866614.167534 54 1
1700866614.167654 7354 -1
1700866614.167835 54 1
1700866614.168895 4434 -1
1700866614.168973 54 1
1700866614.169505 4434 -1
1700866614.169569 54 1
1700866614.170885 7354 -1
1700866614.170959 54 1
1700866614.175845 54 1
1700866614.178146 4434 -1
1700866614.178146 7354 -1
1700866614.178146 7354 -1
1700866614.178146 1514 -1
1700866614.178241 54 1
1700866614.178548 2974 -1
1700866614.178571 54 1
1700866614.178810 7354 -1
1700866614.178853 54 1
1700866614.182985 5894 -1
1700866614.182985 1514 -1
1700866614.182985 1514 -1
1700866614.182985 4434 -1
1700866614.183110 54 1
1700866614.184233 2974 -1
1700866614.184277 54 1
1700866614.184367 54 1
1700866614.184823 7354 -1
1700866614.184867 54 1
1700866614.185782 1514 -1
1700866614.185813 54 1
1700866614.187142 5894 -1
1700866614.187433 54 1
1700866614.187468 7354 -1
1700866614.187509 54 1
1700866614.197382 5894 -1
1700866614.197382 2974 -1
1700866614.197382 7354 -1
1700866614.197382 4434 -1
1700866614.197382 4434 -1
1700866614.197382 4434 -1
1700866614.197382 7354 -1
1700866614.197382 1514 -1
1700866614.197382 1514 -1
1700866614.197382 1514 -1
1700866614.197382 7354 -1
1700866614.197382 4434 -1
1700866614.197670 54 1
1700866614.197769 4434 -1
1700866614.197815 54 1
1700866614.198279 2974 -1
1700866614.198301 54 1
1700866614.199731 11734 -1
1700866614.199804 54 1
1700866614.200773 1514 -1
1700866614.200881 4434 -1
1700866614.200920 54 1
1700866614.201753 1514 -1
1700866614.202611 1514 -1
1700866614.202611 16114 -1
1700866614.202707 54 1
1700866614.204877 7354 -1
1700866614.204925 54 1
1700866614.206339 7354 -1
1700866614.206384 54 1
1700866614.207651 1514 -1
1700866614.207698 54 1
1700866614.207740 2974 -1
1700866614.207765 54 1
1700866614.208562 1514 -1
1700866614.208562 4434 -1
1700866614.208596 54 1
1700866614.209272 7354 -1
1700866614.209448 54 1
1700866614.210698 4434 -1
1700866614.210740 54 1
1700866614.211259 7354 -1
1700866614.211329 54 1
1700866614.213131 4434 -1
1700866614.213177 54 1
1700866614.214694 4434 -1
1700866614.214694 7354 -1
1700866614.214756 54 1
1700866614.215475 5894 -1
1700866614.215536 54 1
1700866614.216432 1514 -1
1700866614.216560 7354 -1
1700866614.216614 54 1
1700866614.217871 7354 -1
1700866614.217929 54 1
1700866614.219236 1514 -1
1700866614.219278 54 1
1700866614.219736 7354 -1
1700866614.219776 54 1
1700866614.220429 5894 -1
1700866614.220483 54 1
1700866614.221539 1514 -1
1700866614.221581 54 1
1700866614.221660 2974 -1
1700866614.221695 54 1
1700866614.226413 7354 -1
1700866614.226413 4434 -1
1700866614.226413 4434 -1
1700866614.226413 7354 -1
1700866614.226413 1514 -1
1700866614.226413 2974 -1
1700866614.226591 54 1
1700866614.240222 1514 -1
1700866614.240222 7354 -1
1700866614.240222 7354 -1
1700866614.240222 2974 -1
1700866614.240222 5894 -1
1700866614.240222 7354 -1
1700866614.240222 4434 -1
1700866614.240222 7354 -1
1700866614.240222 4434 -1
1700866614.240222 4434 -1
1700866614.240222 4434 -1
1700866614.240222 5894 -1
1700866614.240222 10274 -1
1700866614.241118 54 1
1700866614.243350 11734 -1
1700866614.243417 54 1
1700866614.244891 4434 -1
1700866614.244930 54 1
1700866614.245845 2974 -1
1700866614.245883 54 1
1700866614.246681 5894 -1
1700866614.246735 54 1
1700866614.247529 7354 -1
1700866614.247587 54 1
1700866614.250187 4434 -1
1700866614.250255 54 1
1700866614.254145 2974 -1
1700866614.254145 7354 -1
1700866614.254145 4434 -1
1700866614.254145 14654 -1
1700866614.254373 54 1
1700866614.262683 2974 -1
1700866614.262683 7354 -1
1700866614.262683 7354 -1
1700866614.262683 1514 -1
1700866614.262683 4434 -1
1700866614.262683 7354 -1
1700866614.262683 4434 -1
1700866614.262683 2974 -1
1700866614.262683 14654 -1
1700866614.263080 54 1
1700866614.276324 1514 -1
1700866614.276324 7354 -1
1700866614.276324 8814 -1
1700866614.276324 4434 -1
1700866614.276324 7354 -1
1700866614.276324 4434 -1
1700866614.276324 7354 -1
1700866614.276324 7354 -1
1700866614.276324 1514 -1
1700866614.276324 7354 -1
1700866614.276324 7354 -1
1700866614.276324 1514 -1
1700866614.276324 4434 -1
1700866614.276932 54 1
1700866614.277043 7354 -1
1700866614.277109 54 1
1700866614.287227 4434 -1
1700866614.287227 2974 -1
1700866614.287227 2974 -1
1700866614.287227 2974 -1
1700866614.287227 2974 -1
1700866614.287227 1514 -1
1700866614.287227 1514 -1
1700866614.287227 2974 -1
1700866614.287227 1514 -1
1700866614.287227 1514 -1
1700866614.287552 54 1
1700866614.298234 2974 -1
1700866614.298234 2974 -1
1700866614.298234 2974 -1
1700866614.298234 2974 -1
1700866614.298234 4434 -1
1700866614.298234 4434 -1
1700866614.298234 1514 -1
1700866614.298234 2974 -1
1700866614.298234 4434 -1
1700866614.298234 4434 -1
1700866614.298234 4434 -1
1700866614.298511 54 1
1700866614.301763 4334 -1
1700866614.301887 54 1
1700866614.324056 54 1
1700866614.324673 54 1
1700866614.325713 4434 -1
1700866614.325773 54 1
1700866614.332683 4434 -1
1700866614.332683 1514 -1
1700866614.332683 1610 -1
1700866614.332683 4434 -1
1700866614.332683 1514 -1
1700866614.332683 1514 -1
1700866614.332683 1514 -1
1700866614.332683 4434 -1
1700866614.332683 4434 -1
1700866614.332683 4434 -1
1700866614.332683 60 -1
1700866614.332683 4434 -1
1700866614.332683 4434 -1
1700866614.332986 54 1
1700866614.333101 4434 -1
1700866614.333142 54 1
1700866614.351239 2974 -1
1700866614.351239 1514 -1
1700866614.351239 4434 -1
1700866614.351239 4434 -1
1700866614.351239 4434 -1
1700866614.351239 4434 -1
1700866614.351239 4434 -1
1700866614.351239 2974 -1
1700866614.351239 1514 -1
1700866614.351239 4434 -1
1700866614.351239 4434 -1
1700866614.351239 4434 -1
1700866614.351239 4434 -1
1700866614.351239 2974 -1
1700866614.351239 4434 -1
1700866614.351239 4434 -1
1700866614.351239 4434 -1
1700866614.351239 4434 -1
1700866614.351239 4434 -1
1700866614.351239 4434 -1
1700866614.351239 2974 -1
1700866614.351239 1514 -1
1700866614.351239 4434 -1
1700866614.351239 4434 -1
1700866614.351239 4434 -1
1700866614.351677 54 1
1700866614.351860 2974 -1
1700866614.351860 1514 -1
1700866614.351894 54 1
1700866614.356048 54 1
1700866614.386458 4434 -1
1700866614.386458 4434 -1
1700866614.386458 4434 -1
1700866614.386458 2974 -1
1700866614.386458 5894 -1
1700866614.386458 4434 -1
1700866614.386458 1514 -1
1700866614.386458 5894 -1
1700866614.386458 5894 -1
1700866614.386458 5894 -1
1700866614.386458 5894 -1
1700866614.386458 4434 -1
1700866614.386458 1514 -1
1700866614.386458 5894 -1
1700866614.386458 1514 -1
1700866614.386458 4434 -1
1700866614.386458 4434 -1
1700866614.386458 1514 -1
1700866614.386458 5894 -1
1700866614.386458 5894 -1
1700866614.386458 2974 -1
1700866614.386458 2974 -1
1700866614.386458 5894 -1
1700866614.386458 4434 -1
1700866614.386458 1514 -1
1700866614.386458 5894 -1
1700866614.386458 5894 -1
1700866614.387241 54 1
1700866614.391391 54 1
1700866614.401070 1514 -1
1700866614.403729 4434 -1
1700866614.403729 4434 -1
1700866614.403785 54 1
1700866614.403847 4434 -1
1700866614.403883 54 1
1700866614.404276 2974 -1
1700866614.404303 54 1
1700866614.429460 1514 -1
1700866614.429460 4434 -1
1700866614.429460 4434 -1
1700866614.429460 1514 -1
1700866614.429460 4434 -1
1700866614.429460 4434 -1
1700866614.429460 4434 -1
1700866614.429460 4434 -1
1700866614.429460 4434 -1
1700866614.429460 4434 -1
1700866614.429460 4434 -1
1700866614.429460 4434 -1
1700866614.429460 4434 -1
1700866614.429460 4434 -1
1700866614.429460 4434 -1
1700866614.429460 4434 -1
1700866614.429460 1514 -1
1700866614.429460 2974 -1
1700866614.429460 4434 -1
1700866614.429460 2974 -1
1700866614.429460 4434 -1
1700866614.429460 4434 -1
1700866614.429460 4434 -1
1700866614.429460 4434 -1
1700866614.429460 2974 -1
1700866614.429460 1514 -1
1700866614.429460 4434 -1
1700866614.429460 4434 -1
1700866614.429460 4434 -1
1700866614.429460 4434 -1
1700866614.429460 2974 -1
1700866614.429460 1514 -1
1700866614.429460 2974 -1
1700866614.429460 1514 -1
1700866614.429460 2974 -1
1700866614.429460 1514 -1
1700866614.429460 2974 -1
1700866614.429460 1514 -1
1700866614.429460 2974 -1
1700866614.430197 54 1
1700866614.430466 54 1
1700866614.430549 1514 -1
1700866614.430549 2974 -1
1700866614.430574 54 1
1700866614.431200 1514 -1
1700866614.431230 2974 -1
1700866614.431251 54 1
1700866614.431717 4434 -1
1700866614.431744 54 1
1700866614.432489 4434 -1
1700866614.432520 54 1
1700866614.433326 1514 -1
1700866614.433354 54 1
1700866614.433430 1514 -1
1700866614.433430 1514 -1
1700866614.433454 54 1
1700866614.434528 4434 -1
1700866614.434563 54 1
1700866614.434906 4434 -1
1700866614.434935 54 1
1700866614.435775 4434 -1
1700866614.435809 54 1
1700866614.436543 4434 -1
1700866614.436571 54 1
1700866614.445277 54 1
1700866614.447356 1514 -1
1700866614.447356 2974 -1
1700866614.447356 1514 -1
1700866614.447356 4434 -1
1700866614.447356 5894 -1
1700866614.447356 4434 -1
1700866614.447356 1514 -1
1700866614.447356 3792 -1
1700866614.447356 5894 -1
1700866614.447356 4434 -1
1700866614.447356 1514 -1
1700866614.447356 5894 -1
1700866614.447356 2974 -1
1700866614.447356 2974 -1
1700866614.447356 5894 -1
1700866614.447356 4434 -1
1700866614.447356 1514 -1
1700866614.447356 5894 -1
1700866614.447684 54 1
1700866614.448898 5894 -1
1700866614.448898 5894 -1
1700866614.448942 54 1
1700866614.449629 4434 -1
1700866614.449629 1514 -1
1700866614.449684 54 1
1700866614.450284 4617 -1
1700866614.450325 54 1
1700866614.450845 2974 -1
1700866614.450845 1514 -1
1700866614.450845 1514 -1
1700866614.450884 54 1
1700866614.451298 2974 -1
1700866614.451323 54 1
1700866614.452263 2974 -1
1700866614.452288 54 1
1700866614.452604 756 -1
1700866614.457739 54 1
1700866614.666240 208 1
1700866614.676836 949 -1
1700866614.676836 3148 -1
1700866614.676964 54 1
1700866616.556896 54 1
1700866616.583372 78 -1
1700866616.583372 60 -1
1700866616.583455 54 1
1700866622.280287 66 1
1700866622.283953 66 -1
1700866622.284315 54 1
1700866622.285323 870 1
1700866622.287466 60 -1
1700866622.287768 318 -1
1700866622.289425 134 1
1700866622.289777 146 1
1700866622.290220 587 1
1700866622.292677 230 1
1700866622.293127 234 1
1700866622.298758 60 -1
1700866622.298758 60 -1
1700866622.298758 60 -1
1700866622.298758 341 -1
1700866622.298758 60 -1
1700866622.298758 60 -1
1700866622.298758 115 -1
1700866622.298758 85 -1
1700866622.299482 54 1
1700866622.300809 927 -1
1700866622.300809 16460 -1
1700866622.300809 85 -1
1700866622.300809 407 -1
1700866622.300896 54 1
1700866622.305055 85 1
1700866622.307892 980 -1
1700866622.308303 810 -1
1700866622.308303 856 -1
1700866622.308303 3314 -1
1700866622.308343 54 1
1700866622.310376 7354 -1
1700866622.310376 7354 -1
1700866622.310511 54 1
1700866622.316112 1860 -1
1700866622.316112 85 -1
1700866622.316112 3876 -1
1700866622.316383 54 1
1700866625.679711 231 1
1700866625.682937 231 1
1700866625.683341 230 1
1700866625.683513 229 1
1700866625.683592 231 1
1700866625.690554 60 -1
1700866625.695996 959 -1
1700866625.695996 7891 -1
1700866625.695996 855 -1
1700866625.695996 4434 -1
1700866625.695996 1583 -1
1700866625.696305 54 1
1700866625.700398 976 -1
1700866625.700398 816 -1
1700866625.700398 986 -1
1700866625.700398 801 -1
1700866625.700515 54 1
1700866625.704437 5522 -1
1700866625.704532 54 1
1700866625.704608 11473 -1
1700866625.704680 54 1
1700866625.714933 1080 -1
1700866625.714933 694 -1
1700866625.714997 54 1
1700866625.717931 7354 -1
1700866625.718007 54 1
1700866625.723385 360 -1
1700866625.774139 54 1
1700866626.567077 54 1
1700866626.572509 78 -1
1700866626.572509 60 -1
1700866626.572594 54 1
1700866627.611679 66 1
1700866627.618323 66 -1
1700866627.618439 54 1
1700866627.622565 870 1
1700866627.623888 60 -1
1700866627.624744 318 -1
1700866627.627073 134 1
1700866627.628140 60 -1
1700866627.629167 146 1
1700866627.629297 341 -1
1700866627.629805 587 1
1700866627.629926 234 1
1700866627.630008 217 1
1700866627.630107 230 1
1700866627.630572 60 -1
1700866627.630572 115 -1
1700866627.630572 85 -1
1700866627.630614 54 1
1700866627.630873 60 -1
1700866627.630982 60 -1
1700866627.631013 60 -1
1700866627.631070 60 -1
1700866627.632237 85 1
1700866627.633590 60 -1
1700866627.643454 1055 -1
1700866627.643454 729 -1
1700866627.643506 54 1
1700866627.644407 1514 -1
1700866627.644517 2974 -1
1700866627.644548 54 1
1700866627.645327 4434 -1
1700866627.645377 54 1
1700866627.645680 2203 -1
1700866627.645716 54 1
1700866627.646229 929 -1
1700866627.646289 7354 -1
1700866627.646322 54 1
1700866627.647652 3160 -1
1700866627.647689 54 1
1700866627.651940 859 -1
1700866627.651940 5894 -1
1700866627.651977 54 1
1700866627.652441 1386 -1
1700866627.664369 859 -1
1700866627.664427 54 1
1700866627.665036 2974 -1
1700866627.665036 4434 -1
1700866627.665102 54 1
1700866627.665567 7354 -1
1700866627.665611 54 1
1700866627.669854 1860 -1
1700866627.669854 4434 -1
1700866627.669854 7354 -1
1700866627.669854 1514 -1
1700866627.669854 1514 -1
1700866627.669854 1891 -1
1700866627.670005 54 1
1700866627.670082 85 -1
1700866627.670082 7354 -1
1700866627.670164 54 1
1700866627.673243 7354 -1
1700866627.673243 7354 -1
1700866627.673243 7354 -1
1700866627.673243 3697 -1
1700866627.673512 54 1
1700866627.676381 2974 -1
1700866627.676381 1514 -1
1700866627.676381 7354 -1
1700866627.676381 7354 -1
1700866627.676381 7354 -1
1700866627.676381 2974 -1
1700866627.676381 7354 -1
1700866627.676592 54 1
1700866627.676673 7354 -1
1700866627.676712 54 1
1700866627.677640 4434 -1
1700866627.677679 54 1
1700866627.677720 1185 -1
1700866627.677751 54 1
1700866627.677841 5894 -1
1700866627.677899 54 1
1700866627.678383 5894 -1
1700866627.678435 54 1
1700866627.678830 2974 -1
1700866627.678863 54 1
1700866627.679107 7354 -1
1700866627.679160 54 1
1700866627.679438 54 1
1700866627.679602 7354 -1
1700866627.679662 54 1
1700866627.680373 7354 -1
1700866627.680418 54 1
1700866627.680824 7354 -1
1700866627.680868 54 1
1700866627.681516 7354 -1
1700866627.681570 54 1
1700866627.681963 7228 -1
1700866627.682003 54 1
1700866627.683845 54 1
1700866629.260191 230 1
1700866629.260285 231 1
1700866629.287002 60 -1
1700866629.296344 857 -1
1700866629.307270 7354 -1
1700866629.307270 2950 -1
1700866629.307384 54 1
1700866629.325365 980 -1
1700866629.325365 814 -1
1700866629.325451 54 1
1700866629.328905 7354 -1
1700866629.329005 54 1
1700866629.329497 1088 -1
1700866629.329538 54 1
1700866632.412960 229 1
1700866632.413538 230 1
1700866632.431442 60 -1
1700866632.431442 860 -1
1700866632.431442 7354 -1
1700866632.431442 7354 -1
1700866632.431442 1175 -1
1700866632.431538 54 1
1700866632.438124 231 1
1700866632.438828 219 1
1700866632.439568 229 1
1700866632.440140 824 -1
1700866632.440140 5353 -1
1700866632.440215 54 1
1700866632.447481 60 -1
1700866632.458032 859 -1
1700866632.458088 54 1
1700866632.458320 7354 -1
1700866632.458356 54 1
1700866632.459352 7354 -1
1700866632.459352 1860 -1
1700866632.459409 54 1
1700866632.459471 14654 -1
1700866632.459544 54 1
1700866632.460538 1891 -1
1700866632.460571 54 1
1700866632.460726 85 -1
1700866632.460726 2974 -1
1700866632.460752 54 1
1700866632.460893 7354 -1
1700866632.460943 54 1
1700866632.461513 7354 -1
1700866632.461562 54 1
1700866632.462205 4434 -1
1700866632.462247 54 1
1700866632.462598 7354 -1
1700866632.462644 54 1
1700866632.467687 3697 -1
1700866632.467687 7354 -1
1700866632.467687 7354 -1
1700866632.467687 14654 -1
1700866632.467687 7354 -1
1700866632.467687 7354 -1
1700866632.467687 7354 -1
1700866632.467894 54 1
1700866632.468259 7354 -1
1700866632.468259 7354 -1
1700866632.468335 54 1
1700866632.479938 5894 -1
1700866632.479938 21954 -1
1700866632.479938 7354 -1
1700866632.479938 7354 -1
1700866632.479938 7354 -1
1700866632.479938 1514 -1
1700866632.479938 7354 -1
1700866632.479938 7354 -1
1700866632.479938 7354 -1
1700866632.479938 9268 -1
1700866632.479938 928 -1
1700866632.479938 14654 -1
1700866632.479938 1860 -1
1700866632.479938 6073 -1
1700866632.480680 54 1
1700866632.482839 54 1
1700866632.941269 230 1
1700866632.949649 231 1
1700866632.949817 232 1
1700866632.950420 230 1
1700866632.950529 235 1
1700866632.951494 231 1
1700866632.951613 60 -1
1700866632.951676 231 1
1700866632.958256 60 -1
1700866632.980121 910 -1
1700866632.980121 7354 -1
1700866632.980121 1532 -1
1700866632.980228 54 1
1700866632.998502 1053 -1
1700866632.998502 731 -1
1700866632.998502 931 -1
1700866632.998502 7354 -1
1700866632.998502 1906 -1
1700866632.998502 983 -1
1700866632.998502 7354 -1
1700866632.998502 4051 -1
1700866632.998502 933 -1
1700866632.998502 5894 -1
1700866632.998502 4948 -1
1700866632.998728 54 1
1700866633.000523 89 1
1700866633.014449 7354 -1
1700866633.014449 296 -1
1700866633.014543 54 1
1700866633.040478 1006 -1
1700866633.040478 778 -1
1700866633.040562 54 1
1700866633.078386 7354 -1
1700866633.078386 5444 -1
1700866633.078491 54 1
1700866633.086878 1054 -1
1700866633.086878 727 -1
1700866633.086980 54 1
1700866633.106331 5894 -1
1700866633.106331 8271 -1
1700866633.106463 54 1
1700866634.217729 229 1
1700866634.219103 231 1
1700866634.219880 230 1
1700866634.220745 229 1
1700866634.221956 229 1
1700866634.223146 230 1
1700866634.244053 60 -1
1700866634.251577 855 -1
1700866634.251577 6522 -1
1700866634.251577 857 -1
1700866634.251577 7354 -1
1700866634.251577 2410 -1
1700866634.251577 853 -1
1700866634.251577 4434 -1
1700866634.251577 4077 -1
1700866634.251577 927 -1
1700866634.251577 7354 -1
1700866634.251577 1705 -1
1700866634.251577 1748 -1
1700866634.251577 5894 -1
1700866634.251577 1722 -1
1700866634.251577 853 -1
1700866634.251577 7354 -1
1700866634.251577 1804 -1
1700866634.251873 54 1
1700866636.600720 54 1
1700866636.617220 78 -1
1700866636.617220 60 -1
1700866636.617323 54 1
1700866637.863148 66 1
1700866637.864345 66 -1
1700866637.864398 54 1
1700866637.865894 934 1
1700866637.867713 60 -1
1700866637.869412 318 -1
1700866637.870080 134 1
1700866637.870428 146 1
1700866637.871205 589 1
1700866637.871321 230 1
1700866637.871378 60 -1
1700866637.872544 229 1
1700866637.872680 232 1
1700866637.872771 230 1
1700866637.872855 229 1
1700866637.872964 230 1
1700866637.874747 60 -1
1700866637.874747 341 -1
1700866637.875217 60 -1
1700866637.875217 60 -1
1700866637.875217 60 -1
1700866637.875217 60 -1
1700866637.875217 60 -1
1700866637.875217 60 -1
1700866637.875217 60 -1
1700866637.875336 85 -1
1700866637.875372 66 1
1700866637.880835 115 -1
1700866637.880893 54 1
1700866637.882597 85 1
1700866637.888915 60 -1
1700866637.891450 959 -1
1700866637.891450 6812 -1
1700866637.891565 54 1
1700866637.892286 933 -1
1700866637.892286 2974 -1
1700866637.892345 54 1
1700866637.892572 7354 -1
1700866637.892648 54 1
1700866637.892698 1615 -1
1700866637.892721 54 1
1700866637.893570 930 -1
1700866637.893570 16460 -1
1700866637.893662 54 1
1700866637.894038 332 -1
1700866637.894063 54 1
1700866637.901420 924 -1
1700866637.901420 10021 -1
1700866637.901545 54 1
1700866637.908233 857 -1
1700866637.908233 2974 -1
1700866637.908333 54 1
1700866637.908859 1579 -1
1700866637.908859 926 -1
1700866637.908859 7354 -1
1700866637.908934 54 1
1700866637.912601 9160 -1
1700866637.912601 191 -1
1700866637.912704 54 1
1700866637.949546 933 -1
1700866637.949546 10274 -1
1700866637.949673 54 1
1700866637.950474 3001 -1
1700866637.950507 54 1
1700866639.443336 230 1
1700866639.443455 230 1
1700866639.443560 230 1
1700866639.444635 60 -1
1700866639.444654 230 1
1700866639.445090 232 1
1700866639.446251 60 -1
1700866639.449541 932 -1
1700866639.449541 8814 -1
1700866639.449627 54 1
1700866639.449894 7700 -1
1700866639.449955 54 1
1700866639.450586 149 -1
1700866639.450624 54 1
1700866639.452024 978 -1
1700866639.452024 808 -1
1700866639.452024 854 -1
1700866639.452065 54 1
1700866639.452103 7354 -1
1700866639.452157 54 1
1700866639.452626 1958 -1
1700866639.452667 54 1
1700866639.453597 7354 -1
1700866639.453658 54 1
1700866639.454123 7354 -1
1700866639.454175 54 1
1700866639.454669 492 -1
1700866639.461669 1033 -1
1700866639.461669 740 -1
1700866639.461669 8416 -1
1700866639.461766 54 1
1700866639.470914 1006 -1
1700866639.470914 5013 -1
1700866639.471040 54 1
1700866641.085449 235 1
1700866641.085941 232 1
1700866641.087816 231 1
1700866641.088681 232 1
1700866641.088826 231 1
1700866641.088900 230 1
1700866641.091460 60 -1
1700866641.140565 60 -1
1700866641.191011 979 -1
1700866641.191011 1668 -1
1700866641.191011 7354 -1
1700866641.191011 2974 -1
1700866641.191011 5436 -1
1700866641.191011 860 -1
1700866641.191232 54 1
1700866641.192059 7354 -1
1700866641.192059 3267 -1
1700866641.192059 7354 -1
1700866641.192341 54 1
1700866641.192766 1297 -1
1700866641.211965 3508 -1
1700866641.211965 931 -1
1700866641.211965 8524 -1
1700866641.212154 54 1
1700866641.245037 932 -1
1700866641.245037 7354 -1
1700866641.245276 54 1
1700866641.245491 1336 -1
1700866641.292536 54 1
1700866646.087708 231 1
1700866646.087841 269 1
1700866646.097107 231 1
1700866646.097233 232 1
1700866646.097333 231 1
1700866646.106282 228 1
1700866646.107475 60 -1
1700866646.107475 60 -1
1700866646.107475 60 -1
1700866646.107475 60 -1
1700866646.107475 60 -1
1700866646.107475 60 -1
1700866646.128510 969 -1
1700866646.128510 2974 -1
1700866646.128510 7354 -1
1700866646.128510 4434 -1
1700866646.128510 1860 -1
1700866646.128510 7354 -1
1700866646.128510 7354 -1
1700866646.128729 54 1
1700866646.131943 1891 -1
1700866646.131943 85 -1
1700866646.131943 7354 -1
1700866646.131943 2974 -1
1700866646.131943 5894 -1
1700866646.131943 5894 -1
1700866646.131943 4434 -1
1700866646.131943 1514 -1
1700866646.131943 2974 -1
1700866646.131943 2237 -1
1700866646.131943 7354 -1
1700866646.131943 7354 -1
1700866646.131943 7354 -1
1700866646.132208 54 1
1700866646.133977 7354 -1
1700866646.133977 7354 -1
1700866646.133977 12896 -1
1700866646.134119 54 1
1700866646.135588 89 1
1700866646.136039 1514 -1
1700866646.136039 7354 -1
1700866646.136039 7354 -1
1700866646.136039 1514 -1
1700866646.136039 4434 -1
1700866646.136474 54 1
1700866646.138157 7354 -1
1700866646.138157 2974 -1
1700866646.138157 7354 -1
1700866646.138157 7354 -1
1700866646.138347 54 1
1700866646.141153 1514 -1
1700866646.141153 7354 -1
1700866646.141153 2974 -1
1700866646.141153 2974 -1
1700866646.141153 2974 -1
1700866646.141153 4434 -1
1700866646.141153 7354 -1
1700866646.141153 4434 -1
1700866646.141442 54 1
1700866646.141519 7354 -1
1700866646.141563 54 1
1700866646.142645 26334 -1
1700866646.142748 54 1
1700866646.144109 7354 -1
1700866646.144192 54 1
1700866646.144492 54 1
1700866646.144716 7354 -1
1700866646.144765 54 1
1700866646.148372 7354 -1
1700866646.148372 4434 -1
1700866646.148372 7354 -1
1700866646.148372 4434 -1
1700866646.148372 7354 -1
1700866646.148372 7354 -1
1700866646.148568 54 1
1700866646.148645 7354 -1
1700866646.148680 54 1
1700866646.150383 7354 -1
1700866646.150383 1439 -1
1700866646.150383 60 -1
1700866646.150383 7354 -1
1700866646.150483 54 1
1700866646.150551 7354 -1
1700866646.150592 54 1
1700866646.161638 1860 -1
1700866646.161638 85 -1
1700866646.161638 1514 -1
1700866646.161638 5894 -1
1700866646.161638 7354 -1
1700866646.161638 7354 -1
1700866646.161638 7354 -1
1700866646.161638 7354 -1
1700866646.161638 4434 -1
1700866646.161638 7354 -1
1700866646.161638 7354 -1
1700866646.161638 7354 -1
1700866646.161638 1514 -1
1700866646.161638 7354 -1
1700866646.161638 4434 -1
1700866646.161638 7354 -1
1700866646.161638 7354 -1
1700866646.161638 1514 -1
1700866646.161638 7354 -1
1700866646.161638 2974 -1
1700866646.161638 7354 -1
1700866646.161638 4434 -1
1700866646.161638 5894 -1
1700866646.161638 4434 -1
1700866646.161638 7419 -1
1700866646.162303 54 1
1700866646.162314 54 1
1700866646.162430 85 -1
1700866646.162430 4434 -1
1700866646.162430 13206 -1
1700866646.162548 54 1
1700866646.162787 54 1
1700866646.163209 54 1
1700866646.174540 1084 -1
1700866646.174540 689 -1
1700866646.174638 54 1
1700866646.182531 7354 -1
1700866646.182648 54 1
1700866646.182776 1010 -1
1700866646.196405 977 -1
1700866646.196405 810 -1
1700866646.196486 54 1
1700866646.211088 7354 -1
1700866646.211088 4487 -1
1700866646.211212 54 1
1700866646.599308 54 1
1700866646.600735 78 -1
1700866646.600735 60 -1
1700866646.600776 54 1
1700866647.720329 66 1
1700866647.721434 66 -1
1700866647.721528 54 1
1700866647.722866 934 1
1700866647.724148 60 -1
1700866647.725440 318 -1
1700866647.726884 134 1
1700866647.727908 60 -1
1700866647.728021 341 -1
1700866647.728850 146 1
1700866647.729739 581 1
1700866647.729821 60 -1
1700866647.729996 230 1
1700866647.730103 229 1
1700866647.730319 231 1
1700866647.730542 115 -1
1700866647.730542 85 -1
1700866647.730589 54 1
1700866647.730763 60 -1
1700866647.730996 60 -1
1700866647.731052 60 -1
1700866647.731526 60 -1
1700866647.731993 85 1
1700866647.732099 231 1
1700866647.733006 60 -1
1700866647.733110 60 -1
1700866647.737840 859 -1
1700866647.737840 7354 -1
1700866647.737904 54 1
1700866647.738395 7354 -1
1700866647.738431 54 1
1700866647.738815 1860 -1
1700866647.738853 54 1
1700866647.738981 4434 -1
1700866647.739018 54 1
1700866647.739449 7354 -1
1700866647.739493 54 1
1700866647.739948 2974 -1
1700866647.739981 54 1
1700866647.740181 1891 -1
1700866647.740221 54 1
1700866647.740650 4434 -1
1700866647.740681 54 1
1700866647.740765 7354 -1
1700866647.740805 54 1
1700866647.741440 4811 -1
1700866647.741483 54 1
1700866647.741708 4434 -1
1700866647.741739 54 1
1700866647.742080 7354 -1
1700866647.742120 54 1
1700866647.742740 4842 -1
1700866647.742785 54 1
1700866647.743071 1514 -1
1700866647.743097 54 1
1700866647.743261 7354 -1
1700866647.743309 54 1
1700866647.743800 2974 -1
1700866647.743838 54 1
1700866647.744063 7354 -1
1700866647.744109 54 1
1700866647.744662 2974 -1
1700866647.744696 54 1
1700866647.744898 7354 -1
1700866647.744946 54 1
1700866647.745506 7354 -1
1700866647.745565 54 1
1700866647.746110 7354 -1
1700866647.746159 54 1
1700866647.746924 7354 -1
1700866647.746975 54 1
1700866647.747314 2974 -1
1700866647.747342 54 1
1700866647.747564 7354 -1
1700866647.747605 54 1
1700866647.748661 7354 -1
1700866647.748707 54 1
1700866647.748779 5894 -1
1700866647.748818 54 1
1700866647.749602 7354 -1
1700866647.749657 54 1
1700866647.750022 2974 -1
1700866647.750061 54 1
1700866647.750522 1514 -1
1700866647.750522 14654 -1
1700866647.750581 54 1
1700866647.751540 8814 -1
1700866647.751613 54 1
1700866647.752777 1514 -1
1700866647.752777 4434 -1
1700866647.752853 54 1
1700866647.753012 5894 -1
1700866647.753058 54 1
1700866647.753349 1514 -1
1700866647.753407 7354 -1
1700866647.753448 54 1
1700866647.753937 7354 -1
1700866647.753986 54 1
1700866647.754549 13194 -1
1700866647.754613 54 1
1700866647.755644 7354 -1
1700866647.755699 54 1
1700866647.756243 7354 -1
1700866647.756288 54 1
1700866647.756895 7354 -1
1700866647.756960 54 1
1700866647.757605 7354 -1
1700866647.757675 54 1
1700866647.758110 5894 -1
1700866647.758158 54 1
1700866647.758687 2974 -1
1700866647.758732 54 1
1700866647.758817 7354 -1
1700866647.758855 54 1
1700866647.759432 1734 -1
1700866647.759476 54 1
1700866647.759570 7354 -1
1700866647.759617 54 1
1700866647.760206 7354 -1
1700866647.760264 54 1
1700866647.760789 7354 -1
1700866647.760844 54 1
1700866647.761516 7354 -1
1700866647.761566 54 1
1700866647.762030 7354 -1
1700866647.762083 54 1
1700866647.765743 2974 -1
1700866647.765743 7354 -1
1700866647.765743 7354 -1
1700866647.765743 7354 -1
1700866647.765743 7354 -1
1700866647.765743 7354 -1
1700866647.765959 54 1
1700866647.766040 7354 -1
1700866647.766083 54 1
1700866647.770698 7354 -1
1700866647.770698 7354 -1
1700866647.770698 5894 -1
1700866647.770698 7354 -1
1700866647.770698 5894 -1
1700866647.770698 4434 -1
1700866647.770698 4434 -1
1700866647.770698 7354 -1
1700866647.770698 7354 -1
1700866647.770979 54 1
1700866647.771464 7354 -1
1700866647.771509 54 1
1700866647.772143 2974 -1
1700866647.772143 5894 -1
1700866647.772231 54 1
1700866647.772728 54 1
1700866647.772815 7354 -1
1700866647.772837 54 1
1700866647.777616 7354 -1
1700866647.777616 7354 -1
1700866647.777616 7354 -1
1700866647.777616 5894 -1
1700866647.777616 7354 -1
1700866647.777616 4434 -1
1700866647.777616 2974 -1
1700866647.777616 5894 -1
1700866647.777616 1514 -1
1700866647.777616 7074 -1
1700866647.777864 54 1
1700866647.778215 933 -1
1700866647.778215 6152 -1
1700866647.778290 54 1
1700866647.824440 1050 -1
1700866647.824440 732 -1
1700866647.824440 6078 -1
1700866647.824549 54 1
1700866649.352362 231 1
1700866649.354851 236 1
1700866649.355916 234 1
1700866649.356012 237 1
1700866649.359411 60 -1
1700866649.394219 983 -1
1700866649.394219 810 -1
1700866649.394219 928 -1
1700866649.394219 10101 -1
1700866649.394219 7354 -1
1700866649.394219 7354 -1
1700866649.394219 1860 -1
1700866649.394219 85 -1
1700866649.394219 4717 -1
1700866649.394219 928 -1
1700866649.394219 7354 -1
1700866649.394219 1108 -1
1700866649.394413 54 1
1700866649.395055 931 -1
1700866649.395714 6928 -1
1700866649.395761 54 1
1700866651.626135 230 1
1700866651.626787 236 1
1700866651.628828 258 1
1700866651.629831 232 1
1700866651.630315 231 1
1700866651.630460 229 1
1700866651.634086 60 -1
1700866651.642487 865 -1
1700866651.642550 7354 -1
1700866651.642605 54 1
1700866651.643584 7354 -1
1700866651.643646 54 1
1700866651.644793 1860 -1
1700866651.644848 54 1
1700866651.645514 85 -1
1700866651.645514 2974 -1
1700866651.645514 7354 -1
1700866651.645572 54 1
1700866651.647160 1514 -1
1700866651.647160 4780 -1
1700866651.647238 54 1
1700866651.647890 85 -1
1700866651.647890 7354 -1
1700866651.647929 54 1
1700866651.648856 1514 -1
1700866651.648980 7731 -1
1700866651.649017 54 1
1700866651.650740 7354 -1
1700866651.650807 54 1
1700866651.651562 7354 -1
1700866651.651620 54 1
1700866651.652639 1860 -1
1700866651.652689 54 1
1700866651.653407 85 -1
1700866651.653407 7354 -1
1700866651.653472 54 1
1700866651.654264 7354 -1
1700866651.654304 54 1
1700866651.655559 1860 -1
1700866651.655588 54 1
1700866651.656153 85 -1
1700866651.656153 8814 -1
1700866651.656230 54 1
1700866651.657580 7354 -1
1700866651.657624 54 1
1700866651.659878 400 -1
1700866651.659878 5894 -1
1700866651.659933 54 1
1700866651.660394 7354 -1
1700866651.660443 54 1
1700866651.660991 7354 -1
1700866651.661066 54 1
1700866651.661866 7354 -1
1700866651.661933 54 1
1700866651.663520 5188 -1
1700866651.663560 54 1
1700866651.667502 85 -1
1700866651.667502 7354 -1
1700866651.667502 5894 -1
1700866651.667502 1514 -1
1700866651.667502 7354 -1
1700866651.667647 54 1
1700866651.670564 7354 -1
1700866651.670564 1514 -1
1700866651.670564 2268 -1
1700866651.670564 7354 -1
1700866651.670648 54 1
1700866651.670692 4370 -1
1700866651.670723 54 1
1700866651.673016 825 -1
1700866651.673016 7354 -1
1700866651.673016 2664 -1
1700866651.673135 54 1
1700866651.673567 982 -1
1700866651.673567 4434 -1
1700866651.673567 5894 -1
1700866651.673673 54 1
1700866651.674332 1593 -1
1700866651.674332 1052 -1
1700866651.674332 731 -1
1700866651.674332 7354 -1
1700866651.674405 54 1
1700866651.684597 5293 -1
1700866651.684597 928 -1
1700866651.684597 11765 -1
1700866651.684597 1083 -1
1700866651.684597 690 -1
1700866651.684597 4820 -1
1700866651.684754 54 1
1700866655.868097 229 1
1700866655.868622 221 1
1700866655.869135 223 1
1700866655.876015 60 -1
1700866655.885075 851 -1
1700866655.885075 9397 -1
1700866655.885075 958 -1
1700866655.885075 9218 -1
1700866655.885285 54 1
1700866655.886926 930 -1
1700866655.886926 7354 -1
1700866655.886926 1514 -1
1700866655.886926 2026 -1
1700866655.887057 54 1
1700866655.927479 89 1
1700866655.927640 236 1
1700866655.946456 60 -1
1700866655.946456 928 -1
1700866655.946456 6745 -1
1700866655.946573 54 1
1700866656.613379 54 1
1700866656.641535 78 -1
1700866656.641535 60 -1
1700866656.641658 54 1
1700866657.447529 66 1
1700866657.458311 66 -1
1700866657.458434 54 1
1700866657.459192 934 1
1700866657.460436 60 -1
1700866657.463290 318 -1
1700866657.464357 134 1
1700866657.465321 146 1
1700866657.466222 587 1
1700866657.466548 229 1
1700866657.466635 257 1
1700866657.466734 230 1
1700866657.466817 224 1
1700866657.475569 60 -1
1700866657.475569 60 -1
1700866657.475569 341 -1
1700866657.475569 115 -1
1700866657.475569 85 -1
1700866657.475727 54 1
1700866657.477720 85 1
1700866657.481493 60 -1
1700866657.481493 60 -1
1700866657.481493 60 -1
1700866657.481493 60 -1
1700866657.481493 60 -1
1700866657.481493 85 -1
1700866657.481637 66 1
1700866657.489419 60 -1
1700866657.506946 1055 -1
1700866657.506946 722 -1
1700866657.506946 3900 -1
1700866657.506946 980 -1
1700866657.507207 66 1
1700866657.508503 1062 -1
1700866657.508545 54 1
1700866657.508586 719 -1
1700866657.523172 854 -1
1700866657.523172 7354 -1
1700866657.523172 1138 -1
1700866657.523172 5894 -1
1700866657.523172 10620 -1
1700866657.523172 16491 -1
1700866657.523172 16522 -1
1700866657.523423 54 1
1700866657.524637 7354 -1
1700866657.524686 54 1
1700866657.524754 25628 -1
1700866657.524875 54 1
1700866657.526697 5894 -1
1700866657.526749 54 1
1700866657.535247 24874 -1
1700866657.535247 8814 -1
1700866657.535247 7354 -1
1700866657.535247 7354 -1
1700866657.535247 4434 -1
1700866657.535247 1514 -1
1700866657.535247 1514 -1
1700866657.535247 1514 -1
1700866657.535247 7354 -1
1700866657.535247 7354 -1
1700866657.535247 7354 -1
1700866657.535247 7354 -1
1700866657.535247 16114 -1
1700866657.535707 54 1
1700866657.535802 7354 -1
1700866657.535828 54 1
1700866657.536275 7354 -1
1700866657.536306 54 1
1700866657.536608 54 1
1700866657.536865 7354 -1
1700866657.536903 54 1
1700866657.537472 2104 -1
1700866657.537495 54 1
1700866657.538209 54 1
1700866657.540935 977 -1
1700866657.540935 815 -1
1700866657.540990 54 1
1700866657.548324 1086 -1
1700866657.548324 686 -1
1700866657.548407 54 1
1700866657.568043 7354 -1
1700866657.568043 7354 -1
1700866657.568043 938 -1
1700866657.568043 1752 -1
1700866657.568199 54 1
1700866659.183387 230 1
1700866659.185056 234 1
1700866659.185615 230 1
1700866659.186729 231 1
1700866659.187311 224 1
1700866659.196598 60 -1
1700866659.196598 60 -1
1700866659.196598 904 -1
1700866659.196598 7354 -1
1700866659.196598 1347 -1
1700866659.196760 54 1
1700866659.201429 960 -1
1700866659.201429 7425 -1
1700866659.201553 54 1
1700866659.205517 222 1
1700866659.213714 932 -1
1700866659.213714 7354 -1
1700866659.213714 1514 -1
1700866659.213714 5514 -1
1700866659.213877 54 1
1700866659.227668 855 -1
1700866659.227668 9590 -1
1700866659.227809 54 1
1700866659.241826 825 -1
1700866659.241914 54 1
1700866659.241979 5894 -1
1700866659.242014 54 1
1700866659.242253 4664 -1
1700866659.242313 54 1
1700866659.253930 1061 -1
1700866659.253930 725 -1
1700866659.254010 54 1
1700866659.266910 7354 -1
1700866659.266910 2098 -1
1700866659.267036 54 1
1700866661.585096 230 1
1700866661.586169 231 1
1700866661.586711 256 1
1700866661.587199 222 1
1700866661.587684 231 1
1700866661.588150 222 1
1700866661.608758 60 -1
1700866661.609905 930 -1
1700866661.609966 10477 -1
1700866661.610011 54 1
1700866661.611942 876 -1
1700866661.611994 54 1
1700866661.612052 7354 -1
1700866661.612102 54 1
1700866661.614276 4083 -1
1700866661.614276 928 -1
1700866661.614276 1514 -1
1700866661.614276 7354 -1
1700866661.614276 4047 -1
1700866661.614438 54 1
1700866661.650187 910 -1
1700866661.650187 4866 -1
1700866661.650285 54 1
1700866661.650363 986 -1
1700866661.650389 54 1
1700866661.650650 804 -1
1700866661.676637 8814 -1
1700866661.676637 7700 -1
1700866661.676637 85 -1
1700866661.676637 11734 -1
1700866661.676637 4780 -1
1700866661.676637 7354 -1
1700866661.676637 9191 -1
1700866661.676637 16522 -1
1700866661.676637 10274 -1
1700866661.677002 54 1
1700866661.677077 5894 -1
1700866661.677077 7354 -1
1700866661.677126 54 1
1700866661.677308 54 1
1700866661.689262 25974 -1
1700866661.689262 7354 -1
1700866661.689262 13194 -1
1700866661.689262 4434 -1
1700866661.689262 7354 -1
1700866661.689262 2974 -1
1700866661.689262 5764 -1
1700866661.689262 1384 -1
1700866661.689705 66 1
1700866661.731071 1023 -1
1700866661.731169 770 -1
1700866661.731202 54 1
1700866661.753874 5894 -1
1700866661.753964 54 1
1700866661.754131 3739 -1
1700866661.754167 54 1
1700866666.615338 54 1
1700866666.618676 66 1
1700866666.622263 66 -1
1700866666.622470 54 1
1700866666.625260 934 1
1700866666.626707 60 -1
1700866666.627790 318 -1
1700866666.628422 134 1
1700866666.628833 146 1
1700866666.629407 613 1
1700866666.629533 222 1
1700866666.629604 223 1
1700866666.629661 259 1
1700866666.632709 60 -1
1700866666.632709 341 -1
1700866666.632709 60 -1
1700866666.632709 115 -1
1700866666.632709 85 -1
1700866666.632709 60 -1
1700866666.632811 54 1
1700866666.633896 60 -1
1700866666.633896 60 -1
1700866666.637915 85 1
1700866666.638936 60 -1
1700866666.639054 860 -1
1700866666.639206 7354 -1
1700866666.639245 54 1
1700866666.639773 7354 -1
1700866666.639841 54 1
1700866666.640344 1860 -1
1700866666.640378 54 1
1700866666.640586 7354 -1
1700866666.640637 54 1
1700866666.640704 78 -1
1700866666.640704 60 -1
1700866666.640859 54 1
1700866666.650804 5894 -1
1700866666.650804 3351 -1
1700866666.650804 85 -1
1700866666.650804 7354 -1
1700866666.650804 7354 -1
1700866666.650804 7354 -1
1700866666.650804 7354 -1
1700866666.650804 3697 -1
1700866666.650804 4434 -1
1700866666.650804 7354 -1
1700866666.650804 1514 -1
1700866666.650804 7354 -1
1700866666.650804 5894 -1
1700866666.650804 1514 -1
1700866666.650804 11734 -1
1700866666.650804 1514 -1
1700866666.650804 1514 -1
1700866666.650804 1514 -1
1700866666.650804 7354 -1
1700866666.650804 7354 -1
1700866666.650804 5894 -1
1700866666.651257 54 1
1700866666.651563 4434 -1
1700866666.651624 54 1
1700866666.652143 54 1
1700866666.659715 4434 -1
1700866666.659715 5894 -1
1700866666.659715 7354 -1
1700866666.659715 4434 -1
1700866666.659715 10274 -1
1700866666.659715 7354 -1
1700866666.659715 7354 -1
1700866666.659715 7354 -1
1700866666.659715 2974 -1
1700866666.659715 4434 -1
1700866666.659992 54 1
1700866666.660053 7354 -1
1700866666.660094 54 1
1700866666.661833 7354 -1
1700866666.661886 54 1
1700866666.663019 1514 -1
1700866666.671057 1514 -1
1700866666.671057 7354 -1
1700866666.671057 2974 -1
1700866666.671057 7354 -1
1700866666.671057 7354 -1
1700866666.671057 7354 -1
1700866666.671057 7354 -1
1700866666.671057 7354 -1
1700866666.671415 54 1
1700866666.692448 7354 -1
1700866666.692448 4434 -1
1700866666.692448 7354 -1
1700866666.692448 5894 -1
1700866666.692448 7354 -1
1700866666.692448 1514 -1
1700866666.692448 7354 -1
1700866666.692448 7354 -1
1700866666.692448 7354 -1
1700866666.692448 7354 -1
1700866666.692448 1514 -1
1700866666.692448 7354 -1
1700866666.692448 7354 -1
1700866666.692448 7354 -1
1700866666.692448 1514 -1
1700866666.692448 1514 -1
1700866666.692448 5850 -1
1700866666.692448 2974 -1
1700866666.692448 7354 -1
1700866666.692448 7354 -1
1700866666.692448 7354 -1
1700866666.692448 883 -1
1700866666.692448 927 -1
1700866666.692448 7354 -1
1700866666.692448 5739 -1
1700866666.692448 1359 -1
1700866666.693046 66 1
1700866666.693118 54 1
1700866668.327000 224 1
1700866668.328222 231 1
1700866668.328291 223 1
1700866668.330715 236 1
1700866668.330788 234 1
1700866668.332907 60 -1
1700866668.332907 60 -1
1700866668.332907 60 -1
1700866668.335571 60 -1
1700866668.335571 60 -1
1700866668.341524 929 -1
1700866668.341524 7354 -1
1700866668.341524 4696 -1
1700866668.341524 856 -1
1700866668.341524 2974 -1
1700866668.341524 6455 -1
1700866668.341795 54 1
1700866668.341848 7354 -1
1700866668.341882 54 1
1700866668.342981 1440 -1
1700866668.343003 54 1
1700866668.347525 1083 -1
1700866668.347525 690 -1
1700866668.347525 7354 -1
1700866668.347525 1790 -1
1700866668.347663 54 1
1700866668.352218 914 -1
1700866668.352264 54 1
1700866668.352299 5894 -1
1700866668.352367 54 1
1700866668.352762 4156 -1
1700866668.352796 54 1
1700866670.025822 230 1
1700866670.027885 234 1
1700866670.033287 222 1
1700866670.037168 231 1
1700866670.037768 231 1
1700866670.040402 60 -1
1700866670.067283 951 -1
1700866670.067283 851 -1
1700866670.067283 879 -1
1700866670.067283 8614 -1
1700866670.067662 54 1
1700866670.094404 900 -1
1700866670.094404 7354 -1
1700866670.094516 54 1
1700866670.096778 7354 -1
1700866670.096778 1860 -1
1700866670.096778 920 -1
1700866670.096778 929 -1
1700866670.096778 14654 -1
1700866670.096914 54 1
1700866670.097004 1860 -1
1700866670.097034 54 1
1700866670.097076 7354 -1
1700866670.097113 54 1
1700866670.102673 7354 -1
1700866670.102673 7126 -1
1700866670.102673 7354 -1
1700866670.102673 5851 -1
1700866670.102842 54 1
1700866671.689537 224 1
1700866671.690149 222 1
1700866671.690654 234 1
1700866671.691341 232 1
1700866671.691847 257 1
1700866671.692354 230 1
1700866671.697711 60 -1
1700866671.723581 1097 -1
1700866671.723581 701 -1
1700866671.723581 858 -1
1700866671.723581 7354 -1
1700866671.723828 54 1
1700866671.724034 6941 -1
1700866671.724067 54 1
1700866671.724600 1052 -1
1700866671.724623 54 1
1700866671.724702 1593 -1
1700866671.724733 54 1
1700866671.724810 2974 -1
1700866671.724832 54 1
1700866671.725113 7354 -1
1700866671.725184 54 1
1700866671.725667 6240 -1
1700866671.725699 54 1
1700866671.728832 89 1
1700866671.733824 7354 -1
1700866671.733824 7354 -1
1700866671.733824 7354 -1
1700866671.733824 5894 -1
1700866671.733824 5188 -1
1700866671.733824 2974 -1
1700866671.733824 7354 -1
1700866671.733824 7354 -1
1700866671.733824 7354 -1
1700866671.733824 4434 -1
1700866671.733824 5894 -1
1700866671.733824 4434 -1
1700866671.733824 7354 -1
1700866671.733824 2974 -1
1700866671.733824 1514 -1
1700866671.733824 7354 -1
1700866671.733824 7354 -1
1700866671.734575 54 1
1700866671.734752 54 1
1700866671.735823 4434 -1
1700866671.735823 1514 -1
1700866671.735823 2974 -1
1700866671.735823 4434 -1
1700866671.735823 2974 -1
1700866671.735823 7354 -1
1700866671.735907 54 1
1700866671.741940 1514 -1
1700866671.741940 7354 -1
1700866671.741940 4434 -1
1700866671.741940 1514 -1
1700866671.741940 8814 -1
1700866671.741940 5894 -1
1700866671.741940 2974 -1
1700866671.741940 1514 -1
1700866671.741940 1514 -1
1700866671.741940 2244 -1
1700866671.741940 7354 -1
1700866671.741940 1514 -1
1700866671.741940 1514 -1
1700866671.741940 1019 -1
1700866671.741940 7354 -1
1700866671.741940 7354 -1
1700866671.741940 1860 -1
1700866671.741940 142 -1
1700866671.741940 1105 -1
1700866671.741940 654 -1
1700866671.742152 54 1
1700866671.743977 1514 -1
1700866671.744029 54 1
1700866671.744168 7354 -1
1700866671.744204 54 1
1700866671.744542 1386 -1
1700866671.744569 54 1
1700866671.759331 961 -1
1700866671.759534 7354 -1
1700866671.759588 54 1
1700866671.759933 2010 -1
1700866671.759970 54 1
1700866674.325259 231 1
1700866674.326013 232 1
1700866674.326095 230 1
1700866674.326180 235 1
1700866674.327695 226 1
1700866674.328304 231 1
1700866674.328846 230 1
1700866674.332006 60 -1
1700866674.334170 232 1
1700866674.341317 60 -1
1700866674.353880 1036 -1
1700866674.353880 735 -1
1700866674.353880 934 -1
1700866674.353880 5894 -1
1700866674.353880 4745 -1
1700866674.353880 926 -1
1700866674.353880 5894 -1
1700866674.353880 1514 -1
1700866674.353880 2387 -1
1700866674.354036 54 1
1700866674.357565 7354 -1
1700866674.357656 54 1
1700866674.357809 9160 -1
1700866674.357870 54 1
1700866674.358606 2247 -1
1700866674.358635 54 1
1700866674.358859 932 -1
1700866674.358859 7140 -1
1700866674.358894 54 1
1700866674.359445 931 -1
1700866674.359471 54 1
1700866674.359580 12238 -1
1700866674.359634 54 1
1700866674.372254 1005 -1
1700866674.372254 814 -1
1700866674.372354 54 1
1700866674.376951 7354 -1
1700866674.376951 6341 -1
1700866674.377085 54 1
1700866674.411959 900 -1
1700866674.411959 7354 -1
1700866674.411959 4194 -1
1700866674.412071 54 1
1700866674.415602 948 -1
1700866674.415602 856 -1
1700866674.415602 7354 -1
1700866674.415708 54 1
1700866674.416507 477 -1
1700866674.416539 54 1
1700866676.636889 54 1
1700866676.638299 78 -1
1700866676.638333 54 1
1700866676.638835 60 -1
1700866679.919547 66 1
1700866679.928365 66 -1
1700866679.928771 54 1
1700866679.929628 934 1
1700866679.931000 60 -1
1700866679.931380 318 -1
1700866679.932638 134 1
1700866679.933467 146 1
1700866679.933562 60 -1
1700866679.933907 341 -1
1700866679.933952 585 1
1700866679.934052 232 1
1700866679.934147 230 1
1700866679.934236 224 1
1700866679.934375 222 1
1700866679.934560 60 -1
1700866679.934948 60 -1
1700866679.935020 60 -1
1700866679.935263 60 -1
1700866679.935654 60 -1
1700866679.935654 60 -1
1700866679.939930 115 -1
1700866679.939930 85 -1
1700866679.939968 54 1
1700866679.941536 85 1
1700866679.943212 60 -1
1700866679.944576 1053 -1
1700866679.944608 730 -1
1700866679.944628 54 1
1700866679.945293 6712 -1
1700866679.945331 54 1
1700866679.948314 1085 -1
1700866679.948344 54 1
1700866679.948843 690 -1
1700866679.948901 6168 -1
1700866679.948939 54 1
1700866679.950926 1036 -1
1700866679.950926 736 -1
1700866679.950982 54 1
1700866679.953852 7354 -1
1700866679.953905 54 1
1700866679.954947 2146 -1
1700866679.954981 54 1
1700866679.972288 1052 -1
1700866679.972288 731 -1
1700866679.972381 54 1
1700866679.973156 5894 -1
1700866679.973214 54 1
1700866679.973552 1499 -1
1700866679.973589 54 1
1700866679.997029 1054 -1
1700866679.997029 730 -1
1700866679.997113 54 1
1700866679.997989 7354 -1
1700866679.998050 54 1
1700866679.998232 2843 -1
1700866679.998256 54 1
1700866681.468645 223 1
1700866681.470353 225 1
1700866681.474232 230 1
1700866681.474850 231 1
1700866681.479896 60 -1
1700866681.489942 1050 -1
1700866681.489942 733 -1
1700866681.490071 54 1
1700866681.500108 6620 -1
1700866681.500108 980 -1
1700866681.500108 850 -1
1700866681.500108 1054 -1
1700866681.500108 2974 -1
1700866681.500108 3770 -1
1700866681.500108 729 -1
1700866681.500108 4434 -1
1700866681.500108 5917 -1
1700866681.500378 54 1
1700866681.508970 983 -1
1700866681.508970 808 -1
1700866681.508970 7354 -1
1700866681.508970 2196 -1
1700866681.509088 54 1
1700866681.510381 736 -1
1700866681.510422 66 1
1700866681.511954 223 1
1700866681.512403 215 1
1700866681.512495 229 1
1700866681.527680 60 -1
1700866681.532719 1058 -1
1700866681.532719 727 -1
1700866681.532719 7354 -1
1700866681.532719 4157 -1
1700866681.532856 54 1
1700866681.541080 986 -1
1700866681.541080 804 -1
1700866681.541130 54 1
1700866681.542110 981 -1
1700866681.542110 812 -1
1700866681.542146 54 1
1700866681.542420 2974 -1
1700866681.542468 54 1
1700866681.543151 2974 -1
1700866681.543151 7354 -1
1700866681.543208 54 1
1700866681.543392 3320 -1
1700866681.543426 54 1
1700866681.545222 85 -1
1700866681.545222 1252 -1
1700866681.545222 7354 -1
1700866681.545222 7354 -1
1700866681.545222 1860 -1
1700866681.545222 85 -1
1700866681.545222 2974 -1
1700866681.545348 54 1
1700866681.545608 7354 -1
1700866681.545660 54 1
1700866681.545959 6240 -1
1700866681.546004 54 1
1700866681.547347 7354 -1
1700866681.547347 7354 -1
1700866681.547690 54 1
1700866681.547849 85 -1
1700866681.547849 1891 -1
1700866681.547849 2974 -1
1700866681.547900 66 1
1700866681.547950 54 1
1700866681.548002 54 1
1700866681.548069 7354 -1
1700866681.548113 54 1
1700866681.548711 7354 -1
1700866681.548788 54 1
1700866681.549339 1514 -1
1700866681.549372 54 1
1700866681.549409 7354 -1
1700866681.549697 54 1
1700866681.550407 6617 -1
1700866681.550611 54 1
1700866681.550691 7354 -1
1700866681.550737 54 1
1700866681.551174 7354 -1
1700866681.551215 54 1
1700866681.551765 7354 -1
1700866681.551800 54 1
1700866681.552392 7354 -1
1700866681.552775 54 1
1700866681.553096 3759 -1
1700866681.553124 54 1
1700866681.553356 7354 -1
1700866681.553388 54 1
1700866681.553962 7354 -1
1700866681.553998 54 1
1700866681.554696 7354 -1
1700866681.554739 54 1
1700866681.555177 7354 -1
1700866681.555215 54 1
1700866681.555785 7354 -1
1700866681.555823 54 1
1700866681.556751 7354 -1
1700866681.556797 54 1
1700866681.556990 2974 -1
1700866681.557031 54 1
1700866681.557349 1514 -1
1700866681.557349 7354 -1
1700866681.557390 54 1
1700866681.557963 7354 -1
1700866681.558000 54 1
1700866681.558650 1514 -1
1700866681.558747 7354 -1
1700866681.558796 54 1
1700866681.559292 1514 -1
1700866681.559505 2974 -1
1700866681.559544 54 1
1700866681.559696 14654 -1
1700866681.559757 54 1
1700866681.560874 7354 -1
1700866681.560931 54 1
1700866681.561696 7354 -1
1700866681.561748 54 1
1700866681.562246 2974 -1
1700866681.562285 54 1
1700866681.562366 7354 -1
1700866681.562426 54 1
1700866681.562929 2974 -1
1700866681.562961 54 1
1700866681.563190 7354 -1
1700866681.563244 54 1
1700866681.568785 7354 -1
1700866681.568894 54 1
1700866681.577658 4434 -1
1700866681.577658 4434 -1
1700866681.577658 7354 -1
1700866681.577658 7354 -1
1700866681.577658 7354 -1
1700866681.577658 5894 -1
1700866681.577658 4434 -1
1700866681.577658 2974 -1
1700866681.577658 4434 -1
1700866681.577658 7354 -1
1700866681.577658 4434 -1
1700866681.577658 7354 -1
1700866681.577658 1514 -1
1700866681.577658 4434 -1
1700866681.577658 7354 -1
1700866681.577658 7354 -1
1700866681.577658 7354 -1
1700866681.577658 1514 -1
1700866681.577658 4434 -1
1700866681.577658 7354 -1
1700866681.577658 2974 -1
1700866681.577658 7354 -1
1700866681.577658 7354 -1
1700866681.577658 4434 -1
1700866681.577658 2974 -1
1700866681.577658 7354 -1
1700866681.577658 7354 -1
1700866681.577658 4434 -1
1700866681.577658 7354 -1
1700866681.578631 54 1
1700866681.580631 4434 -1
1700866681.580631 7354 -1
1700866681.580631 7354 -1
1700866681.580631 5894 -1
1700866681.580796 54 1
1700866681.581172 54 1
1700866681.597189 4923 -1
1700866681.597305 54 1
1700866683.141863 217 1
1700866683.146958 258 1
1700866683.147904 234 1
1700866683.148003 252 1
1700866683.152080 60 -1
1700866683.152599 234 1
1700866683.152715 222 1
1700866683.161757 60 -1
1700866683.167331 1054 -1
1700866683.167331 729 -1
1700866683.167331 1054 -1
1700866683.167331 730 -1
1700866683.167479 54 1
1700866683.170905 1514 -1
1700866683.170905 4453 -1
1700866683.170905 8200 -1
1700866683.171043 54 1
1700866683.174559 1058 -1
1700866683.174559 724 -1
1700866683.174559 16460 -1
1700866683.174690 54 1
1700866683.175169 7354 -1
1700866683.175216 54 1
1700866683.177104 2974 -1
1700866683.177104 6271 -1
1700866683.177104 4434 -1
1700866683.177215 54 1
1700866683.177265 7354 -1
1700866683.177326 54 1
1700866683.177589 4842 -1
1700866683.177633 54 1
1700866683.179441 3852 -1
1700866683.179441 805 -1
1700866683.179441 4434 -1
1700866683.179441 7354 -1
1700866683.179578 54 1
1700866683.184822 4780 -1
1700866683.184822 1514 -1
1700866683.184822 7354 -1
1700866683.184822 1514 -1
1700866683.184822 2974 -1
1700866683.184822 3351 -1
1700866683.184822 7354 -1
1700866683.184822 7354 -1
1700866683.184822 1922 -1
1700866683.184822 4434 -1
1700866683.184822 7354 -1
1700866683.184822 4780 -1
1700866683.184822 2974 -1
1700866683.184822 7354 -1
1700866683.184822 20494 -1
1700866683.185360 54 1
1700866683.185578 54 1
1700866683.186378 7354 -1
1700866683.186476 54 1
1700866683.186952 54 1
1700866683.195777 7354 -1
1700866683.195777 4105 -1
1700866683.195777 7354 -1
1700866683.195777 7354 -1
1700866683.195777 7354 -1
1700866683.195777 7354 -1
1700866683.195777 7354 -1
1700866683.195777 5429 -1
1700866683.195777 984 -1
1700866683.195777 806 -1
1700866683.195777 4434 -1
1700866683.195777 1514 -1
1700866683.195777 2974 -1
1700866683.195777 7354 -1
1700866683.195777 400 -1
1700866683.195777 85 -1
1700866683.195777 11734 -1
1700866683.195777 2974 -1
1700866683.195777 1860 -1
1700866683.195777 85 -1
1700866683.195777 10274 -1
1700866683.195777 1514 -1
1700866683.195777 4780 -1
1700866683.196513 54 1
1700866683.196906 54 1
1700866683.199600 1514 -1
1700866683.199600 7354 -1
1700866683.199600 7354 -1
1700866683.199600 7354 -1
1700866683.199600 7354 -1
1700866683.199600 2268 -1
1700866683.199600 5894 -1
1700866683.199600 7354 -1
1700866683.199600 3351 -1
1700866683.200291 54 1
1700866683.202482 85 -1
1700866683.202482 7354 -1
1700866683.202482 1393 -1
1700866683.202781 54 1
1700866683.204136 1034 -1
1700866683.204136 765 -1
1700866683.204136 7354 -1
1700866683.204136 339 -1
1700866683.204222 54 1
1700866684.825652 234 1
1700866684.825781 234 1
1700866684.825879 222 1
1700866684.826484 257 1
1700866684.829366 232 1
1700866684.830027 232 1
1700866684.836722 60 -1
1700866684.843019 1058 -1
1700866684.843019 719 -1
1700866684.843156 54 1
1700866684.843668 4434 -1
1700866684.843732 54 1
1700866684.844307 12080 -1
1700866684.844372 54 1
1700866684.845637 85 -1
1700866684.845637 14654 -1
1700866684.846070 54 1
1700866684.846760 1860 -1
1700866684.846808 54 1
1700866684.847759 85 -1
1700866684.847759 7354 -1
1700866684.847759 7354 -1
1700866684.847907 54 1
1700866684.848154 1860 -1
1700866684.848215 54 1
1700866684.848682 4434 -1
1700866684.848754 54 1
1700866684.848807 7354 -1
1700866684.848867 54 1
1700866684.849309 7354 -1
1700866684.849383 54 1
1700866684.849911 5894 -1
1700866684.849995 54 1
1700866684.850372 1514 -1
1700866684.850397 54 1
1700866684.850641 6648 -1
1700866684.850718 54 1
1700866684.851060 85 -1
1700866684.851060 7354 -1
1700866684.851151 54 1
1700866684.851671 7354 -1
1700866684.851719 54 1
1700866684.852271 7354 -1
1700866684.852313 54 1
1700866684.852863 2974 -1
1700866684.852890 54 1
1700866684.854583 1514 -1
1700866684.854630 54 1
1700866684.854943 1514 -1
1700866684.854943 7354 -1
1700866684.855001 54 1
1700866684.856082 2974 -1
1700866684.856139 54 1
1700866684.856192 7354 -1
1700866684.856425 54 1
1700866684.858310 4074 -1
1700866684.858442 54 1
1700866684.858523 1514 -1
1700866684.858523 7354 -1
1700866684.858581 54 1
1700866684.859840 7354 -1
1700866684.859912 54 1
1700866684.861019 4434 -1
1700866684.861082 54 1
1700866684.861400 7354 -1
1700866684.861444 54 1
1700866684.864426 5188 -1
1700866684.864426 7354 -1
1700866684.864650 54 1
1700866684.869531 7354 -1
1700866684.869531 7354 -1
1700866684.869531 7354 -1
1700866684.869641 54 1
1700866684.900436 1514 -1
1700866684.900436 14654 -1
1700866684.900436 15876 -1
1700866684.900436 1086 -1
1700866684.900436 687 -1
1700866684.900436 2974 -1
1700866684.900436 7354 -1
1700866684.900436 3263 -1
1700866684.900436 981 -1
1700866684.900436 815 -1
1700866684.900436 6394 -1
1700866684.900436 1085 -1
1700866684.900436 690 -1
1700866684.900436 7354 -1
1700866684.900436 1162 -1
1700866684.900717 54 1
1700866684.909066 982 -1
1700866684.909179 811 -1
1700866684.909209 54 1
1700866684.913512 4434 -1
1700866684.913594 54 1
1700866684.913648 4434 -1
1700866684.913696 54 1
1700866684.913867 60 -1
1700866684.958403 1060 -1
1700866684.958403 728 -1
1700866684.958613 54 1
1700866684.960907 89 1
1700866684.966070 7354 -1
1700866684.966177 54 1
1700866684.970451 8991 -1
1700866684.970593 54 1
1700866686.642225 54 1
1700866686.646003 78 -1
1700866686.646003 60 -1
1700866686.646038 54 1
1700866691.035146 66 1
1700866691.037858 66 -1
1700866691.038401 54 1
1700866691.038909 966 1
1700866691.042996 60 -1
1700866691.042996 318 -1
1700866691.043707 134 1
1700866691.045893 146 1
1700866691.046699 589 1
1700866691.046782 227 1
1700866691.046880 228 1
1700866691.048213 258 1
1700866691.049147 231 1
1700866691.050691 231 1
1700866691.050816 230 1
1700866691.050931 229 1
1700866691.055910 60 -1
1700866691.055910 341 -1
1700866691.057891 60 -1
1700866691.057891 60 -1
1700866691.057891 60 -1
1700866691.057891 60 -1
1700866691.057891 60 -1
1700866691.057891 60 -1
1700866691.057891 60 -1
1700866691.057891 60 -1
1700866691.057891 60 -1
1700866691.060681 115 -1
1700866691.060681 85 -1
1700866691.060761 54 1
1700866691.061054 85 1
1700866691.061744 1054 -1
1700866691.061744 723 -1
1700866691.061744 1053 -1
1700866691.061744 730 -1
1700866691.061744 1514 -1
1700866691.061818 54 1
1700866691.061902 7354 -1
1700866691.061946 54 1
1700866691.062313 504 -1
1700866691.062313 1050 -1
1700866691.062357 54 1
1700866691.076164 2974 -1
1700866691.076164 5894 -1
1700866691.076164 4784 -1
1700866691.076164 4865 -1
1700866691.076164 60 -1
1700866691.076164 1055 -1
1700866691.076164 729 -1
1700866691.076164 1055 -1
1700866691.076164 728 -1
1700866691.076164 7354 -1
1700866691.076164 87 -1
1700866691.076164 4434 -1
1700866691.076164 7354 -1
1700866691.076164 842 -1
1700866691.077430 54 1
1700866691.080973 1055 -1
1700866691.080973 728 -1
1700866691.080973 16198 -1
1700866691.082035 54 1
1700866691.082427 1091 -1
1700866691.082427 679 -1
1700866691.082427 2974 -1
1700866691.082427 7354 -1
1700866691.082495 54 1
1700866691.088970 6240 -1
1700866691.088970 4434 -1
1700866691.088970 7354 -1
1700866691.088970 4811 -1
1700866691.088970 7354 -1
1700866691.088970 7354 -1
1700866691.088970 1922 -1
1700866691.088970 7354 -1
1700866691.088970 7354 -1
1700866691.088970 7354 -1
1700866691.089232 54 1
1700866691.091412 5894 -1
1700866691.091412 7354 -1
1700866691.091412 7354 -1
1700866691.091412 6994 -1
1700866691.091412 7354 -1
1700866691.091731 54 1
1700866691.092218 7354 -1
1700866691.092218 1514 -1
1700866691.092218 7354 -1
1700866691.092218 7354 -1
1700866691.092288 54 1
1700866691.093952 1767 -1
1700866691.093952 1725 -1
1700866691.093952 1514 -1
1700866691.093952 5987 -1
1700866691.093952 4434 -1
1700866691.093952 7354 -1
1700866691.094070 54 1
1700866691.094682 54 1
1700866691.094879 7354 -1
1700866691.094931 54 1
1700866691.095159 7354 -1
1700866691.095194 54 1
1700866691.111797 6617 -1
1700866691.111797 7354 -1
1700866691.111797 7354 -1
1700866691.111797 1514 -1
1700866691.111797 5894 -1
1700866691.111797 4434 -1
1700866691.111797 7354 -1
1700866691.111797 7354 -1
1700866691.111797 5966 -1
1700866691.112923 54 1
1700866691.115544 54 1
1700866691.126057 126 -1
1700866691.126160 66 1
1700866692.736403 230 1
1700866692.738405 231 1
1700866692.739416 225 1
1700866692.741828 60 -1
1700866692.741828 60 -1
1700866692.741828 60 -1
1700866692.742486 223 1
1700866692.742622 231 1
1700866692.744041 60 -1
1700866692.744041 60 -1
1700866692.749879 1087 -1
1700866692.749879 686 -1
1700866692.749918 54 1
1700866692.749978 8814 -1
1700866692.750013 54 1
1700866692.750640 2983 -1
1700866692.750672 54 1
1700866692.751891 1052 -1
1700866692.751891 731 -1
1700866692.751891 2974 -1
1700866692.751891 5562 -1
1700866692.752048 54 1
1700866692.761304 1055 -1
1700866692.761304 728 -1
1700866692.761381 54 1
1700866692.764458 7354 -1
1700866692.764458 3915 -1
1700866692.764570 54 1
1700866692.779976 1052 -1
1700866692.779976 729 -1
1700866692.780134 54 1
1700866692.786978 2974 -1
1700866692.786978 5891 -1
1700866692.787103 54 1
1700866692.863137 1056 -1
1700866692.863137 727 -1
1700866692.863230 54 1
1700866692.870186 4434 -1
1700866692.870186 7354 -1
1700866692.870186 4780 -1
1700866692.870186 2286 -1
1700866692.870326 54 1
1700866694.409447 216 1
1700866694.419585 231 1
1700866694.421093 60 -1
1700866694.423895 232 1
1700866694.423979 231 1
1700866694.424036 231 1
1700866694.435931 983 -1
1700866694.435931 807 -1
1700866694.435931 7354 -1
1700866694.435931 7354 -1
1700866694.435931 1860 -1
1700866694.435931 11734 -1
1700866694.435931 4811 -1
1700866694.435931 7354 -1
1700866694.435931 7354 -1
1700866694.435931 1922 -1
1700866694.435931 7354 -1
1700866694.435931 7354 -1
1700866694.435931 29254 -1
1700866694.435931 5534 -1
1700866694.435931 7354 -1
1700866694.436761 54 1
1700866694.436765 54 1
1700866694.436876 7354 -1
1700866694.436906 54 1
1700866694.437366 54 1
1700866694.440843 7354 -1
1700866694.440843 7354 -1
1700866694.440843 3089 -1
1700866694.440843 60 -1
1700866694.440843 7354 -1
1700866694.440843 7354 -1
1700866694.440843 1860 -1
1700866694.440843 85 -1
1700866694.440843 4434 -1
1700866694.440843 5894 -1
1700866694.441031 54 1
1700866694.441129 2974 -1
1700866694.441129 3320 -1
1700866694.441155 54 1
1700866694.441916 7354 -1
1700866694.441963 54 1
1700866694.442273 2974 -1
1700866694.442311 54 1
1700866694.442434 6271 -1
1700866694.442469 54 1
1700866694.442996 4434 -1
1700866694.443030 54 1
1700866694.443377 7354 -1
1700866694.443781 54 1
1700866694.443842 4842 -1
1700866694.443873 54 1
1700866694.444022 1514 -1
1700866694.444047 54 1
1700866694.444438 7354 -1
1700866694.444487 54 1
1700866694.444746 7354 -1
1700866694.444781 54 1
1700866694.445488 7354 -1
1700866694.445664 54 1
1700866694.445973 5894 -1
1700866694.446014 54 1
1700866694.447443 7354 -1
1700866694.447443 7354 -1
1700866694.447725 54 1
1700866694.447806 7354 -1
1700866694.447955 54 1
1700866694.448509 7354 -1
1700866694.448677 54 1
1700866694.448882 2974 -1
1700866694.449202 54 1
1700866694.449258 7354 -1
1700866694.449311 54 1
1700866694.449963 7354 -1
1700866694.450001 54 1
1700866694.450385 14654 -1
1700866694.450449 54 1
1700866694.451885 7354 -1
1700866694.451927 54 1
1700866694.452107 4434 -1
1700866694.452134 54 1
1700866694.452676 5894 -1
1700866694.452706 54 1
1700866694.453114 7354 -1
1700866694.453140 54 1
1700866694.454880 13194 -1
1700866694.454979 54 1
1700866694.455035 7354 -1
1700866694.455315 54 1
1700866694.455372 26334 -1
1700866694.455462 54 1
1700866694.457558 7354 -1
1700866694.457619 54 1
1700866694.458055 1514 -1
1700866694.458118 54 1
1700866694.458183 4434 -1
1700866694.458231 54 1
1700866694.458583 5894 -1
1700866694.458624 54 1
1700866694.459068 1514 -1
1700866694.459094 54 1
1700866694.459421 2974 -1
1700866694.459421 7354 -1
1700866694.459458 54 1
1700866694.460004 7354 -1
1700866694.460046 54 1
1700866694.460753 4434 -1
1700866694.460786 54 1
1700866694.460960 7354 -1
1700866694.461164 54 1
1700866694.461759 7354 -1
1700866694.461793 54 1
1700866694.462252 7354 -1
1700866694.462279 54 1
1700866694.462781 1514 -1
1700866694.462893 7354 -1
1700866694.462930 54 1
1700866694.467898 7354 -1
1700866694.467898 7354 -1
1700866694.467898 7354 -1
1700866694.467898 5894 -1
1700866694.467898 13194 -1
1700866694.467898 7354 -1
1700866694.467898 1514 -1
1700866694.467898 5894 -1
1700866694.468144 54 1
1700866694.476244 7354 -1
1700866694.476244 1514 -1
1700866694.476244 7354 -1
1700866694.476244 7354 -1
1700866694.476244 7354 -1
1700866694.476244 1514 -1
1700866694.476244 2974 -1
1700866694.476244 11734 -1
1700866694.476244 7354 -1
1700866694.476244 7354 -1
1700866694.476244 7354 -1
1700866694.476244 4434 -1
1700866694.476244 4434 -1
1700866694.476244 7354 -1
1700866694.476244 7354 -1
1700866694.476578 54 1
1700866694.476699 54 1
1700866694.481499 7354 -1
1700866694.481499 7354 -1
1700866694.481499 7354 -1
1700866694.481499 7354 -1
1700866694.481499 7354 -1
1700866694.481499 7354 -1
1700866694.481499 1514 -1
1700866694.481499 7354 -1
1700866694.481499 2974 -1
1700866694.481499 5894 -1
1700866694.481826 54 1
1700866694.490541 4434 -1
1700866694.490541 7354 -1
1700866694.490541 7354 -1
1700866694.490541 2974 -1
1700866694.490541 2755 -1
1700866694.490711 54 1
1700866696.079793 250 1
1700866696.079916 230 1
1700866696.080023 219 1
1700866696.081452 230 1
1700866696.081562 232 1
1700866696.081680 224 1
1700866696.083092 60 -1
1700866696.103083 1052 -1
1700866696.103083 731 -1
1700866696.103151 54 1
1700866696.107305 2974 -1
1700866696.107305 2951 -1
1700866696.107346 54 1
1700866696.110153 986 -1
1700866696.110153 807 -1
1700866696.110224 54 1
1700866696.113206 4434 -1
1700866696.113286 54 1
1700866696.113554 12080 -1
1700866696.113600 54 1
1700866696.114913 85 -1
1700866696.114913 7354 -1
1700866696.114939 89 1
1700866696.114986 54 1
1700866696.115490 7354 -1
1700866696.115723 54 1
1700866696.117013 1860 -1
1700866696.117042 54 1
1700866696.117102 7354 -1
1700866696.117138 54 1
1700866696.118245 11734 -1
1700866696.118287 54 1
1700866696.118951 7354 -1
1700866696.119006 54 1
1700866696.119367 4434 -1
1700866696.119723 54 1
1700866696.120961 2268 -1
1700866696.120961 85 -1
1700866696.120961 4434 -1
1700866696.120961 2974 -1
1700866696.120961 9191 -1
1700866696.121062 54 1
1700866696.121305 7354 -1
1700866696.121346 54 1
1700866696.121928 7354 -1
1700866696.122004 54 1
1700866696.122471 7354 -1
1700866696.122693 54 1
1700866696.123237 7354 -1
1700866696.123296 54 1
1700866696.123876 7354 -1
1700866696.123915 54 1
1700866696.124292 7354 -1
1700866696.124344 54 1
1700866696.124989 7354 -1
1700866696.125040 54 1
1700866696.125806 2974 -1
1700866696.125851 54 1
1700866696.125937 2974 -1
1700866696.125962 54 1
1700866696.126011 2974 -1
1700866696.126041 54 1
1700866696.126227 1514 -1
1700866696.126249 54 1
1700866696.126673 7354 -1
1700866696.126725 54 1
1700866696.127036 7354 -1
1700866696.127163 54 1
1700866696.127721 4434 -1
1700866696.127775 54 1
1700866696.127926 7354 -1
1700866696.127961 54 1
1700866696.128676 7354 -1
1700866696.128720 54 1
1700866696.129155 7354 -1
1700866696.129211 54 1
1700866696.130023 7354 -1
1700866696.130154 54 1
1700866696.130330 4434 -1
1700866696.130376 54 1
1700866696.131047 4434 -1
1700866696.131082 54 1
1700866696.131124 2974 -1
1700866696.131153 54 1
1700866696.131314 7354 -1
1700866696.131344 54 1
1700866696.131925 1514 -1
1700866696.131963 54 1
1700866696.132195 5894 -1
1700866696.132249 54 1
1700866696.132668 7354 -1
1700866696.132711 54 1
1700866696.133139 7354 -1
1700866696.133194 54 1
1700866696.133844 7354 -1
1700866696.133885 54 1
1700866696.134450 7354 -1
1700866696.134492 54 1
1700866696.134942 5894 -1
1700866696.134986 54 1
1700866696.136058 7354 -1
1700866696.136058 5894 -1
1700866696.136135 54 1
1700866696.136766 5894 -1
1700866696.136821 54 1
1700866696.137017 7354 -1
1700866696.137352 54 1
1700866696.138046 1514 -1
1700866696.138046 7354 -1
1700866696.138086 54 1
1700866696.138596 2974 -1
1700866696.138637 54 1
1700866696.138997 4434 -1
1700866696.139056 54 1
1700866696.139091 7354 -1
1700866696.139124 54 1
1700866696.139674 7354 -1
1700866696.139713 54 1
1700866696.140786 8814 -1
1700866696.140838 54 1
1700866696.141010 4434 -1
1700866696.141056 54 1
1700866696.141427 7354 -1
1700866696.141464 54 1
1700866696.141981 4434 -1
1700866696.142022 54 1
1700866696.142528 7354 -1
1700866696.142585 54 1
1700866696.142950 7354 -1
1700866696.143199 54 1
1700866696.143825 1514 -1
1700866696.143825 7354 -1
1700866696.143866 54 1
1700866696.144273 1514 -1
1700866696.144384 2974 -1
1700866696.144416 54 1
1700866696.144840 7354 -1
1700866696.144888 54 1
1700866696.145341 5894 -1
1700866696.145369 54 1
1700866696.145932 4434 -1
1700866696.145971 54 1
1700866696.146105 2974 -1
1700866696.146135 54 1
1700866696.146477 7354 -1
1700866696.146525 54 1
1700866696.147052 7354 -1
1700866696.147097 54 1
1700866696.147683 4434 -1
1700866696.147728 54 1
1700866696.148064 7354 -1
1700866696.148104 54 1
1700866696.148735 7354 -1
1700866696.148806 54 1
1700866696.149229 2974 -1
1700866696.149258 54 1
1700866696.149404 5894 -1
1700866696.149429 54 1
1700866696.150020 7354 -1
1700866696.150053 54 1
1700866696.150480 5894 -1
1700866696.150526 54 1
1700866696.151087 4434 -1
1700866696.151138 54 1
1700866696.151322 4434 -1
1700866696.151353 54 1
1700866696.151697 4434 -1
1700866696.151740 54 1
1700866696.152135 7354 -1
1700866696.152174 54 1
1700866696.152836 7354 -1
1700866696.152877 54 1
1700866696.153280 5894 -1
1700866696.153341 54 1
1700866696.154017 4434 -1
1700866696.154060 54 1
1700866696.154155 5894 -1
1700866696.154195 54 1
1700866696.154730 4434 -1
1700866696.154767 54 1
1700866696.155122 1514 -1
1700866696.155122 7354 -1
1700866696.155163 54 1
1700866696.155732 7354 -1
1700866696.155777 54 1
1700866696.156303 5894 -1
1700866696.156341 54 1
1700866696.156773 2974 -1
1700866696.156812 54 1
1700866696.157197 2974 -1
1700866696.157229 54 1
1700866696.157252 7354 -1
1700866696.157269 54 1
1700866696.158054 2974 -1
1700866696.158096 54 1
1700866696.158161 2974 -1
1700866696.158207 54 1
1700866696.159148 2974 -1
1700866696.159185 54 1
1700866696.159229 3118 -1
1700866696.159313 54 1
1700866696.159870 1056 -1
1700866696.159870 726 -1
1700866696.160060 54 1
1700866696.185384 7354 -1
1700866696.185384 6784 -1
1700866696.185526 54 1
1700866696.205656 1006 -1
1700866696.205656 777 -1
1700866696.205743 54 1
1700866696.214078 954 -1
1700866696.214078 846 -1
1700866696.214078 9660 -1
1700866696.214203 54 1
1700866696.230995 4434 -1
1700866696.231264 54 1
1700866696.231325 7354 -1
1700866696.231365 54 1
1700866696.231812 4780 -1
1700866696.231849 54 1
1700866696.232397 85 -1
1700866696.232397 7354 -1
1700866696.232455 54 1
1700866696.232801 7354 -1
1700866696.232844 54 1
1700866696.233767 1860 -1
1700866696.233767 2974 -1
1700866696.233807 54 1
1700866696.233861 7354 -1
1700866696.233897 54 1
1700866696.234383 7354 -1
1700866696.234792 54 1
1700866696.234990 7354 -1
1700866696.235041 54 1
1700866696.235692 7354 -1
1700866696.235730 54 1
1700866696.236192 808 -1
1700866696.236265 4434 -1
1700866696.236299 54 1
1700866696.236731 7354 -1
1700866696.236761 54 1
1700866696.237295 7354 -1
1700866696.237332 54 1
1700866696.237842 7354 -1
1700866696.237906 54 1
1700866696.238837 6648 -1
1700866696.239064 54 1
1700866696.239109 7354 -1
1700866696.239157 54 1
1700866696.245036 7354 -1
1700866696.245036 7354 -1
1700866696.245036 7354 -1
1700866696.245036 1099 -1
1700866696.245356 54 1
1700866696.660777 54 1
1700866696.662300 78 -1
1700866696.662300 60 -1
1700866696.662341 54 1
