1700867842.343275 66 1
1700867842.344560 66 -1
1700867842.344675 54 1
1700867842.356858 599 1
1700867842.358149 60 -1
1700867842.361202 66 1
1700867842.362190 66 -1
1700867842.362262 54 1
1700867842.364365 599 1
1700867842.369278 60 -1
1700867842.369889 2779 -1
1700867842.371471 54 1
1700867842.380922 2778 -1
1700867842.380962 54 1
1700867842.414421 134 1
1700867842.415132 134 1
1700867842.415815 60 -1
1700867842.416677 341 -1
1700867842.416783 341 -1
1700867842.416896 54 1
1700867842.417029 60 -1
1700867842.417807 341 -1
1700867842.417873 341 -1
1700867842.417892 54 1
1700867842.420609 54 1
1700867842.422841 146 1
1700867842.423252 93 -1
1700867842.423282 54 1
1700867842.423329 78 -1
1700867842.423661 60 -1
1700867842.423988 60 -1
1700867842.424942 115 -1
1700867842.424942 85 -1
1700867842.424997 54 1
1700867842.443315 562 1
1700867842.443446 232 1
1700867842.444361 85 1
1700867842.446997 60 -1
1700867842.446997 60 -1
1700867842.450341 60 -1
1700867842.450341 859 -1
1700867842.450341 10274 -1
1700867842.450341 6240 -1
1700867842.450341 7354 -1
1700867842.450341 7354 -1
1700867842.450603 54 1
1700867842.450683 1891 -1
1700867842.450683 85 -1
1700867842.450683 7354 -1
1700867842.450789 54 1
1700867842.452199 7354 -1
1700867842.452237 54 1
1700867842.453209 7354 -1
1700867842.453238 54 1
1700867842.454469 4434 -1
1700867842.454499 54 1
1700867842.455290 7354 -1
1700867842.455314 54 1
1700867842.456633 4434 -1
1700867842.456720 54 1
1700867842.457030 1514 -1
1700867842.457714 7354 -1
1700867842.457739 54 1
1700867842.458782 5894 -1
1700867842.458860 54 1
1700867842.459851 2974 -1
1700867842.459875 54 1
1700867842.460089 7354 -1
1700867842.460109 54 1
1700867842.461175 7354 -1
1700867842.461204 54 1
1700867842.463002 7354 -1
1700867842.463594 54 1
1700867842.490921 4434 -1
1700867842.490921 1514 -1
1700867842.490921 3169 -1
1700867842.490921 249 -1
1700867842.493074 66 1
1700867842.628706 203 1
1700867842.628849 201 1
1700867842.628979 206 1
1700867842.629105 204 1
1700867842.629219 204 1
1700867842.629387 205 1
1700867842.629618 258 1
1700867842.629704 207 1
1700867842.629824 271 1
1700867842.629935 60 -1
1700867842.630017 229 1
1700867842.630138 266 1
1700867842.630279 231 1
1700867842.630423 231 1
1700867842.631543 60 -1
1700867842.631543 60 -1
1700867842.632762 859 -1
1700867842.632762 7354 -1
1700867842.633042 54 1
1700867842.633095 7354 -1
1700867842.633134 54 1
1700867842.633289 1860 -1
1700867842.633317 54 1
1700867842.633627 7354 -1
1700867842.633662 54 1
1700867842.634071 7354 -1
1700867842.634121 54 1
1700867842.634650 1891 -1
1700867842.634679 54 1
1700867842.634805 85 -1
1700867842.634834 54 1
1700867842.634872 1514 -1
1700867842.634927 7354 -1
1700867842.635131 54 1
1700867842.640338 3699 -1
1700867842.640338 888 -1
1700867842.640338 7354 -1
1700867842.640338 7354 -1
1700867842.640338 1860 -1
1700867842.640338 85 -1
1700867842.640338 8814 -1
1700867842.640338 7700 -1
1700867842.640338 7354 -1
1700867842.640338 7354 -1
1700867842.640338 7354 -1
1700867842.640662 54 1
1700867842.643822 7354 -1
1700867842.643822 1514 -1
1700867842.643822 7354 -1
1700867842.643822 7354 -1
1700867842.643822 1514 -1
1700867842.643822 7354 -1
1700867842.643822 7354 -1
1700867842.644028 54 1
1700867842.644087 7354 -1
1700867842.644132 54 1
1700867842.644636 7354 -1
1700867842.644760 54 1
1700867842.645257 7354 -1
1700867842.645311 54 1
1700867842.645730 7354 -1
1700867842.645809 54 1
1700867842.646561 1514 -1
1700867842.646582 54 1
1700867842.646617 7354 -1
1700867842.646681 54 1
1700867842.647145 7354 -1
1700867842.647179 54 1
1700867842.647768 7354 -1
1700867842.647813 54 1
1700867842.648367 7354 -1
1700867842.648602 54 1
1700867842.648964 7354 -1
1700867842.649022 54 1
1700867842.649321 230 1
1700867842.649450 235 1
1700867842.649560 230 1
1700867842.649571 7354 -1
1700867842.649627 54 1
1700867842.649659 235 1
1700867842.649752 231 1
1700867842.649853 235 1
1700867842.650595 54 1
1700867842.652689 7354 -1
1700867842.652689 2974 -1
1700867842.652689 7354 -1
1700867842.652689 2974 -1
1700867842.652689 7354 -1
1700867842.652689 7354 -1
1700867842.653048 54 1
1700867842.653100 7354 -1
1700867842.653142 54 1
1700867842.653735 5894 -1
1700867842.653779 54 1
1700867842.654169 2974 -1
1700867842.654198 54 1
1700867842.654942 1514 -1
1700867842.654942 7354 -1
1700867842.654986 54 1
1700867842.655151 7354 -1
1700867842.655191 54 1
1700867842.655864 7354 -1
1700867842.655900 54 1
1700867842.656359 7354 -1
1700867842.656408 54 1
1700867842.656957 2974 -1
1700867842.656983 54 1
1700867842.657223 7354 -1
1700867842.657528 54 1
1700867842.658001 2974 -1
1700867842.658037 54 1
1700867842.658293 7354 -1
1700867842.658328 54 1
1700867842.658673 7354 -1
1700867842.658715 54 1
1700867842.659340 7354 -1
1700867842.659407 54 1
1700867842.660033 1514 -1
1700867842.660033 60 -1
1700867842.660033 60 -1
1700867842.660033 7354 -1
1700867842.660144 54 1
1700867842.660930 7354 -1
1700867842.660973 54 1
1700867842.661511 7354 -1
1700867842.661954 54 1
1700867842.662577 7354 -1
1700867842.662634 54 1
1700867842.664072 1514 -1
1700867842.664072 1514 -1
1700867842.664072 7354 -1
1700867842.664072 26334 -1
1700867842.664266 54 1
1700867842.673079 1514 -1
1700867842.673079 7354 -1
1700867842.673079 7354 -1
1700867842.673079 1514 -1
1700867842.673079 5894 -1
1700867842.673079 5894 -1
1700867842.673079 8814 -1
1700867842.673079 7354 -1
1700867842.673079 4434 -1
1700867842.673079 2974 -1
1700867842.673079 7354 -1
1700867842.673079 5894 -1
1700867842.673079 7354 -1
1700867842.673079 2974 -1
1700867842.673079 2754 -1
1700867842.673488 54 1
1700867842.679017 54 1
1700867842.679266 54 1
1700867842.691779 7354 -1
1700867842.691779 178 -1
1700867842.691779 7450 -1
1700867842.691779 7354 -1
1700867842.691779 19034 -1
1700867842.698004 54 1
1700867842.698150 7354 -1
1700867842.698150 2974 -1
1700867842.698402 54 1
1700867842.701245 7354 -1
1700867842.701245 7354 -1
1700867842.701245 7354 -1
1700867842.701245 5894 -1
1700867842.701245 7354 -1
1700867842.701477 54 1
1700867842.708542 54 1
1700867842.709703 54 1
1700867842.714915 5894 -1
1700867842.714915 1514 -1
1700867842.714915 1514 -1
1700867842.714915 10274 -1
1700867842.714915 5894 -1
1700867842.714915 4434 -1
1700867842.714915 4434 -1
1700867842.714915 8814 -1
1700867842.714915 1514 -1
1700867842.714915 7354 -1
1700867842.714915 5894 -1
1700867842.714915 4434 -1
1700867842.714915 7354 -1
1700867842.717763 54 1
1700867842.718888 7354 -1
1700867842.718888 4434 -1
1700867842.718888 1514 -1
1700867842.718888 1514 -1
1700867842.718888 2974 -1
1700867842.718888 2974 -1
1700867842.719785 54 1
1700867842.723599 2974 -1
1700867842.723599 2974 -1
1700867842.723599 2974 -1
1700867842.723599 2974 -1
1700867842.723599 2974 -1
1700867842.723599 1514 -1
1700867842.723599 1514 -1
1700867842.723599 2974 -1
1700867842.723599 2974 -1
1700867842.723599 2974 -1
1700867842.723599 2974 -1
1700867842.723948 54 1
1700867842.730352 2974 -1
1700867842.730352 2974 -1
1700867842.730352 2974 -1
1700867842.730352 2974 -1
1700867842.730352 2974 -1
1700867842.730352 2974 -1
1700867842.730352 1514 -1
1700867842.730352 1514 -1
1700867842.730352 2974 -1
1700867842.730352 2974 -1
1700867842.730352 2974 -1
1700867842.730352 2974 -1
1700867842.730352 2974 -1
1700867842.730709 54 1
1700867842.732035 2974 -1
1700867842.732035 2974 -1
1700867842.732035 2974 -1
1700867842.732218 54 1
1700867842.734498 2974 -1
1700867842.734498 2974 -1
1700867842.734498 2974 -1
1700867842.734498 2974 -1
1700867842.734498 2974 -1
1700867842.734852 54 1
1700867842.739234 2974 -1
1700867842.739234 2974 -1
1700867842.739234 2974 -1
1700867842.739234 7354 -1
1700867842.739234 4434 -1
1700867842.739504 54 1
1700867842.739669 7354 -1
1700867842.739669 4434 -1
1700867842.739822 54 1
1700867842.739912 7354 -1
1700867842.739979 54 1
1700867842.740760 4434 -1
1700867842.740793 54 1
1700867842.741285 11734 -1
1700867842.741391 54 1
1700867842.743403 11734 -1
1700867842.743476 54 1
1700867842.745850 5894 -1
1700867842.745897 54 1
1700867842.746239 5894 -1
1700867842.746277 54 1
1700867842.747588 1514 -1
1700867842.747724 4434 -1
1700867842.747756 54 1
1700867842.748047 7354 -1
1700867842.748095 54 1
1700867842.750460 4434 -1
1700867842.750460 7354 -1
1700867842.750536 54 1
1700867842.751439 2974 -1
1700867842.751471 54 1
1700867842.751769 1514 -1
1700867842.751797 54 1
1700867842.752051 11734 -1
1700867842.752116 54 1
1700867842.755659 7354 -1
1700867842.755659 4434 -1
1700867842.755883 54 1
1700867842.757070 1514 -1
1700867842.757070 1514 -1
1700867842.757070 2974 -1
1700867842.757070 7354 -1
1700867842.757173 54 1
1700867842.771146 7354 -1
1700867842.771146 2974 -1
1700867842.771146 7354 -1
1700867842.771146 4434 -1
1700867842.771146 7354 -1
1700867842.771146 1514 -1
1700867842.771146 1514 -1
1700867842.771146 4434 -1
1700867842.771146 7354 -1
1700867842.771146 1514 -1
1700867842.771146 7354 -1
1700867842.771146 4434 -1
1700867842.771146 7354 -1
1700867842.771146 4434 -1
1700867842.771146 7354 -1
1700867842.771146 4434 -1
1700867842.772207 54 1
1700867842.772360 54 1
1700867842.781054 11734 -1
1700867842.781054 7354 -1
1700867842.781054 4434 -1
1700867842.781054 7354 -1
1700867842.781054 4434 -1
1700867842.781054 5894 -1
1700867842.781054 5766 -1
1700867842.783857 54 1
1700867842.807658 54 1
1700867842.816575 7354 -1
1700867842.816575 7354 -1
1700867842.816575 7354 -1
1700867842.816575 7354 -1
1700867842.816575 1514 -1
1700867842.816575 7354 -1
1700867842.816860 54 1
1700867842.819828 2974 -1
1700867842.819828 1514 -1
1700867842.819828 1514 -1
1700867842.819828 7354 -1
1700867842.820175 54 1
1700867842.820674 7354 -1
1700867842.822273 54 1
1700867842.822639 182 -1
1700867842.822639 7354 -1
1700867842.822639 7354 -1
1700867842.822748 54 1
1700867842.823662 5894 -1
1700867842.823698 54 1
1700867842.824346 7354 -1
1700867842.824394 54 1
1700867842.826044 1514 -1
1700867842.826775 7354 -1
1700867842.826843 54 1
1700867842.827133 1514 -1
1700867842.830604 54 1
1700867842.834255 5894 -1
1700867842.834255 7354 -1
1700867842.834255 7354 -1
1700867842.834255 5894 -1
1700867842.834255 7354 -1
1700867842.834885 54 1
1700867842.836006 7354 -1
1700867842.836078 54 1
1700867842.837330 7354 -1
1700867842.837707 54 1
1700867842.840800 7354 -1
1700867842.840844 54 1
1700867842.843356 4434 -1
1700867842.844641 54 1
1700867842.844686 7354 -1
1700867842.844773 54 1
1700867842.847093 1514 -1
1700867842.847211 54 1
1700867842.847248 8814 -1
1700867842.847312 54 1
1700867842.848352 7354 -1
1700867842.848400 54 1
1700867842.851063 4434 -1
1700867842.851110 54 1
1700867842.851839 1514 -1
1700867842.852108 7354 -1
1700867842.852331 54 1
1700867842.852906 211 1
1700867842.853780 4434 -1
1700867842.853814 54 1
1700867842.855329 7354 -1
1700867842.855367 54 1
1700867842.857035 4434 -1
1700867842.857058 54 1
1700867842.857706 7354 -1
1700867842.857799 54 1
1700867842.859910 4434 -1
1700867842.859940 54 1
1700867842.862219 7354 -1
1700867842.862261 54 1
1700867842.863031 4434 -1
1700867842.863061 54 1
1700867842.864119 1514 -1
1700867842.864151 54 1
1700867842.864291 5894 -1
1700867842.864325 54 1
1700867842.868531 1514 -1
1700867842.868531 7354 -1
1700867842.868531 1514 -1
1700867842.868781 54 1
1700867842.868827 11734 -1
1700867842.868898 54 1
1700867842.874543 7354 -1
1700867842.874543 1514 -1
1700867842.874543 2974 -1
1700867842.874769 54 1
1700867842.887066 7354 -1
1700867842.887066 1514 -1
1700867842.887066 1514 -1
1700867842.887066 1514 -1
1700867842.887066 1514 -1
1700867842.887066 1514 -1
1700867842.887066 1514 -1
1700867842.887066 7354 -1
1700867842.887066 2974 -1
1700867842.887066 7354 -1
1700867842.887066 1514 -1
1700867842.887066 1514 -1
1700867842.887066 4434 -1
1700867842.887066 5894 -1
1700867842.887066 5894 -1
1700867842.887630 54 1
1700867842.890677 4434 -1
1700867842.890677 7354 -1
1700867842.890677 1514 -1
1700867842.890961 54 1
1700867842.890997 4434 -1
1700867842.891055 54 1
1700867842.901263 10274 -1
1700867842.901263 4434 -1
1700867842.901263 1514 -1
1700867842.901263 2974 -1
1700867842.901263 7354 -1
1700867842.901602 54 1
1700867842.902081 1514 -1
1700867842.902081 2974 -1
1700867842.902081 4434 -1
1700867842.902081 7354 -1
1700867842.902287 54 1
1700867842.910877 1514 -1
1700867842.910877 7354 -1
1700867842.910877 1514 -1
1700867842.910877 7354 -1
1700867842.910877 1514 -1
1700867842.910877 2974 -1
1700867842.910877 7354 -1
1700867842.910877 4434 -1
1700867842.911352 54 1
1700867842.917435 54 1
1700867842.919185 11734 -1
1700867842.919185 7354 -1
1700867842.919185 4434 -1
1700867842.919185 7354 -1
1700867842.919185 4434 -1
1700867842.919185 7354 -1
1700867842.919916 54 1
1700867842.919990 4434 -1
1700867842.920348 54 1
1700867842.920900 2974 -1
1700867842.920934 54 1
1700867842.921205 7354 -1
1700867842.921274 54 1
1700867842.922646 2974 -1
1700867842.922675 54 1
1700867842.923550 1514 -1
1700867842.923550 1698 -1
1700867842.923640 54 1
1700867843.020900 90 1
1700867843.022427 54 1
1700867843.027487 54 1
1700867843.066936 60 -1
1700867844.917785 54 1
1700867844.926145 78 -1
1700867844.926145 60 -1
1700867844.926462 54 1
1700867857.471093 66 1
1700867857.473042 66 -1
1700867857.473611 54 1
1700867857.474304 902 1
1700867857.497321 60 -1
1700867857.497321 318 -1
1700867857.506362 134 1
1700867857.506935 146 1
1700867857.507510 60 -1
1700867857.507609 341 -1
1700867857.507851 586 1
1700867857.507959 216 1
1700867857.508044 235 1
1700867857.508126 234 1
1700867857.508204 230 1
1700867857.508308 229 1
1700867857.508357 60 -1
1700867857.508413 230 1
1700867857.508432 115 -1
1700867857.508432 85 -1
1700867857.508463 54 1
1700867857.508519 230 1
1700867857.508950 85 1
1700867857.509462 60 -1
1700867857.509462 60 -1
1700867857.509462 60 -1
1700867857.509462 60 -1
1700867857.509462 60 -1
1700867857.509767 60 -1
1700867857.509767 60 -1
1700867857.509767 60 -1
1700867857.509947 60 -1
1700867857.516890 929 -1
1700867857.516890 8661 -1
1700867857.516890 862 -1
1700867857.516890 7354 -1
1700867857.516890 7354 -1
1700867857.516890 1860 -1
1700867857.516890 14654 -1
1700867857.516890 2974 -1
1700867857.516890 4434 -1
1700867857.516890 13194 -1
1700867857.517191 54 1
1700867857.518472 4434 -1
1700867857.518472 7354 -1
1700867857.518472 5894 -1
1700867857.518550 54 1
1700867857.518761 54 1
1700867857.518997 7354 -1
1700867857.519026 54 1
1700867857.520152 4434 -1
1700867857.520152 4434 -1
1700867857.520212 54 1
1700867857.520264 7354 -1
1700867857.520288 54 1
1700867857.520889 7354 -1
1700867857.520919 54 1
1700867857.521654 7354 -1
1700867857.521694 54 1
1700867857.522026 2974 -1
1700867857.522057 54 1
1700867857.522373 4434 -1
1700867857.522407 54 1
1700867857.522754 1514 -1
1700867857.522754 7354 -1
1700867857.522810 54 1
1700867857.523456 7354 -1
1700867857.523610 54 1
1700867857.524013 5894 -1
1700867857.524045 54 1
1700867857.524414 8814 -1
1700867857.524455 54 1
1700867857.525143 5894 -1
1700867857.525165 54 1
1700867857.525757 7354 -1
1700867857.525792 54 1
1700867857.526230 7354 -1
1700867857.526263 54 1
1700867857.526827 7354 -1
1700867857.526851 54 1
1700867857.527448 1514 -1
1700867857.527488 54 1
1700867857.527560 4434 -1
1700867857.527579 54 1
1700867857.527912 1514 -1
1700867857.527932 54 1
1700867857.528027 4434 -1
1700867857.528073 54 1
1700867857.528465 7354 -1
1700867857.528695 54 1
1700867857.529020 7354 -1
1700867857.529055 54 1
1700867857.529725 7354 -1
1700867857.529776 54 1
1700867857.530244 4434 -1
1700867857.530286 54 1
1700867857.530572 7354 -1
1700867857.530597 54 1
1700867857.531192 7354 -1
1700867857.531221 54 1
1700867857.531805 7354 -1
1700867857.531845 54 1
1700867857.532741 7354 -1
1700867857.532779 54 1
1700867857.533809 1514 -1
1700867857.533809 2974 -1
1700867857.533809 4434 -1
1700867857.533809 7354 -1
1700867857.533871 54 1
1700867857.534334 2974 -1
1700867857.534369 54 1
1700867857.534574 2974 -1
1700867857.534601 54 1
1700867857.534845 1514 -1
1700867857.534930 2974 -1
1700867857.534956 54 1
1700867857.535220 5150 -1
1700867857.535260 54 1
1700867857.535728 852 -1
1700867857.535728 4434 -1
1700867857.535766 54 1
1700867857.536043 4112 -1
1700867857.536080 54 1
1700867859.608361 230 1
1700867859.630291 231 1
1700867859.630362 234 1
1700867859.632819 235 1
1700867859.639688 60 -1
1700867859.650659 60 -1
1700867859.650659 910 -1
1700867859.650659 7354 -1
1700867859.650659 1532 -1
1700867859.650659 985 -1
1700867859.650659 5894 -1
1700867859.650847 54 1
1700867859.651135 5511 -1
1700867859.651179 54 1
1700867859.651683 4434 -1
1700867859.651710 54 1
1700867859.651920 6361 -1
1700867859.651952 54 1
1700867859.652449 7354 -1
1700867859.652476 54 1
1700867859.653054 7354 -1
1700867859.653082 54 1
1700867859.653786 1031 -1
1700867859.653810 54 1
1700867862.979111 231 1
1700867862.979722 230 1
1700867862.983439 229 1
1700867862.986713 235 1
1700867862.986833 232 1
1700867862.997166 60 -1
1700867862.997166 859 -1
1700867862.997166 1514 -1
1700867862.997166 7354 -1
1700867862.997166 950 -1
1700867862.997166 858 -1
1700867862.997166 6522 -1
1700867862.997166 4434 -1
1700867862.997166 5501 -1
1700867862.997431 54 1
1700867863.000912 7354 -1
1700867863.000912 4522 -1
1700867863.000912 7354 -1
1700867863.000912 1804 -1
1700867863.001210 54 1
1700867863.003740 89 1
1700867863.050991 60 -1
1700867864.589469 231 1
1700867864.589626 229 1
1700867864.589709 230 1
1700867864.597097 229 1
1700867864.599129 60 -1
1700867864.599129 60 -1
1700867864.599129 60 -1
1700867864.599129 935 -1
1700867864.599129 11835 -1
1700867864.599252 54 1
1700867864.600000 60 -1
1700867864.601607 230 1
1700867864.601708 232 1
1700867864.602009 860 -1
1700867864.602009 4434 -1
1700867864.602067 54 1
1700867864.602346 7354 -1
1700867864.602390 54 1
1700867864.602884 614 -1
1700867864.602884 935 -1
1700867864.602920 54 1
1700867864.603020 1514 -1
1700867864.603041 54 1
1700867864.603093 7354 -1
1700867864.603123 54 1
1700867864.603803 4461 -1
1700867864.603842 54 1
1700867864.604768 60 -1
1700867864.605649 932 -1
1700867864.605649 7354 -1
1700867864.605854 54 1
1700867864.605922 7354 -1
1700867864.605976 54 1
1700867864.607143 1860 -1
1700867864.607143 332 -1
1700867864.607143 926 -1
1700867864.607143 4434 -1
1700867864.607211 54 1
1700867864.607280 5641 -1
1700867864.607310 54 1
1700867864.607375 230 1
1700867864.609224 231 1
1700867864.609632 60 -1
1700867864.616939 857 -1
1700867864.616939 4499 -1
1700867864.616939 962 -1
1700867864.616939 2974 -1
1700867864.616939 3892 -1
1700867864.616939 929 -1
1700867864.616939 7354 -1
1700867864.616939 2974 -1
1700867864.616939 6240 -1
1700867864.616939 191 -1
1700867864.617221 54 1
1700867864.943055 54 1
1700867864.944272 78 -1
1700867864.944272 60 -1
1700867864.944311 54 1
1700867866.227055 66 1
1700867866.228411 66 -1
1700867866.228511 54 1
1700867866.230285 966 1
1700867866.231393 60 -1
1700867866.232242 318 -1
1700867866.233028 134 1
1700867866.234057 60 -1
1700867866.234188 341 -1
1700867866.235138 146 1
1700867866.236261 60 -1
1700867866.236261 115 -1
1700867866.236261 85 -1
1700867866.236311 54 1
1700867866.237736 85 1
1700867866.237900 584 1
1700867866.237982 232 1
1700867866.238056 230 1
1700867866.238136 231 1
1700867866.239134 235 1
1700867866.239254 234 1
1700867866.239987 60 -1
1700867866.239987 60 -1
1700867866.239987 60 -1
1700867866.239987 60 -1
1700867866.240107 60 -1
1700867866.240321 60 -1
1700867866.243077 854 -1
1700867866.243077 4434 -1
1700867866.243159 54 1
1700867866.243226 7354 -1
1700867866.243287 54 1
1700867866.244014 4135 -1
1700867866.244049 54 1
1700867866.244189 935 -1
1700867866.244235 5894 -1
1700867866.244268 54 1
1700867866.245008 7354 -1
1700867866.245067 54 1
1700867866.246335 3320 -1
1700867866.246335 7354 -1
1700867866.246335 7242 -1
1700867866.246435 54 1
1700867866.247061 914 -1
1700867866.247061 5894 -1
1700867866.247092 54 1
1700867866.247479 562 -1
1700867866.247479 908 -1
1700867866.247479 7354 -1
1700867866.247722 54 1
1700867866.248194 1771 -1
1700867866.248229 54 1
1700867867.827684 234 1
1700867867.827819 229 1
1700867867.829655 232 1
1700867867.829756 232 1
1700867867.830503 232 1
1700867867.831184 60 -1
1700867867.832470 857 -1
1700867867.832470 2974 -1
1700867867.832470 1317 -1
1700867867.832470 932 -1
1700867867.832470 8524 -1
1700867867.832609 54 1
1700867867.835975 857 -1
1700867867.835975 7451 -1
1700867867.836060 54 1
1700867867.840876 907 -1
1700867867.840955 7354 -1
1700867867.841002 54 1
1700867867.842445 7354 -1
1700867867.842505 54 1
1700867867.843227 1056 -1
1700867867.843257 54 1
1700867867.843993 860 -1
1700867867.843993 1514 -1
1700867867.844027 54 1
1700867867.844088 7354 -1
1700867867.844130 54 1
1700867867.845318 1807 -1
1700867867.845345 54 1
1700867872.697929 230 1
1700867872.702072 928 -1
1700867872.709368 7354 -1
1700867872.709368 2260 -1
1700867872.709480 54 1
1700867872.716283 89 1
1700867872.716416 266 1
1700867872.718776 230 1
1700867872.718874 229 1
1700867872.719005 229 1
1700867872.719741 230 1
1700867872.719806 235 1
1700867872.738824 800 -1
1700867872.738897 66 1
1700867872.739684 60 -1
1700867872.745011 931 -1
1700867872.745011 10602 -1
1700867872.745143 54 1
1700867872.745928 859 -1
1700867872.745928 4434 -1
1700867872.745993 54 1
1700867872.746135 5894 -1
1700867872.746169 54 1
1700867872.746670 5881 -1
1700867872.746715 54 1
1700867872.747190 933 -1
1700867872.747190 7354 -1
1700867872.747240 54 1
1700867872.747842 5894 -1
1700867872.747883 54 1
1700867872.748266 1438 -1
1700867872.748285 54 1
1700867872.748356 959 -1
1700867872.748433 4434 -1
1700867872.748460 54 1
1700867872.748877 1514 -1
1700867872.749059 3074 -1
1700867872.749080 54 1
1700867872.749185 852 -1
1700867872.749252 8814 -1
1700867872.749285 54 1
1700867872.749980 3752 -1
1700867872.750007 54 1
1700867872.750457 7354 -1
1700867872.750457 971 -1
1700867872.750524 66 1
1700867872.750581 54 1
1700867872.751304 7354 -1
1700867872.751374 54 1
1700867872.751810 1860 -1
1700867872.751810 85 -1
1700867872.751810 7354 -1
1700867872.751870 54 1
1700867872.752359 7354 -1
1700867872.752401 54 1
1700867872.752954 1860 -1
1700867872.752994 54 1
1700867872.756029 7354 -1
1700867872.756029 7354 -1
1700867872.756029 7354 -1
1700867872.756029 2974 -1
1700867872.756029 7354 -1
1700867872.756029 808 -1
1700867872.756029 7354 -1
1700867872.756198 54 1
1700867872.756541 7354 -1
1700867872.756605 54 1
1700867872.757042 1922 -1
1700867872.757076 54 1
1700867872.757215 7354 -1
1700867872.757249 54 1
1700867872.757898 7354 -1
1700867872.757938 54 1
1700867872.758405 1860 -1
1700867872.758431 54 1
1700867872.758556 7354 -1
1700867872.758584 54 1
1700867872.759243 7354 -1
1700867872.759283 54 1
1700867872.759865 7354 -1
1700867872.759892 54 1
1700867872.760385 4434 -1
1700867872.760411 54 1
1700867872.760734 7354 -1
1700867872.760761 54 1
1700867872.761366 7354 -1
1700867872.761405 54 1
1700867872.761959 7354 -1
1700867872.761986 54 1
1700867872.762553 7354 -1
1700867872.762580 54 1
1700867872.763163 7354 -1
1700867872.763198 54 1
1700867872.763773 1514 -1
1700867872.763920 5894 -1
1700867872.763964 54 1
1700867872.764480 13194 -1
1700867872.764539 54 1
1700867872.771365 7354 -1
1700867872.771365 21954 -1
1700867872.771365 7354 -1
1700867872.771365 971 -1
1700867872.771365 5894 -1
1700867872.771365 2974 -1
1700867872.771365 4434 -1
1700867872.771365 7354 -1
1700867872.771365 2974 -1
1700867872.771365 2974 -1
1700867872.771365 7354 -1
1700867872.771699 66 1
1700867872.771849 54 1
1700867872.771915 7354 -1
1700867872.771956 54 1
1700867872.772273 54 1
1700867872.775020 3855 -1
1700867872.775020 1514 -1
1700867872.775020 7354 -1
1700867872.775020 7354 -1
1700867872.775020 2974 -1
1700867872.775020 4434 -1
1700867872.775020 7354 -1
1700867872.775020 7354 -1
1700867872.775212 54 1
1700867872.775458 7354 -1
1700867872.775499 54 1
1700867872.776301 4434 -1
1700867872.776354 54 1
1700867872.776426 7354 -1
1700867872.776487 54 1
1700867872.777034 2974 -1
1700867872.777089 54 1
1700867872.779612 5894 -1
1700867872.779612 71 -1
1700867872.779612 85 -1
1700867872.779612 4434 -1
1700867872.779612 7354 -1
1700867872.779612 4434 -1
1700867872.779612 2974 -1
1700867872.779781 54 1
1700867872.782728 1514 -1
1700867872.782728 4434 -1
1700867872.782728 1514 -1
1700867872.782728 7354 -1
1700867872.782728 7354 -1
1700867872.782728 2974 -1
1700867872.782728 1514 -1
1700867872.782728 7354 -1
1700867872.782728 4434 -1
1700867872.782946 54 1
1700867872.787015 2974 -1
1700867872.787015 7354 -1
1700867872.787015 7354 -1
1700867872.787015 2974 -1
1700867872.787015 1514 -1
1700867872.787015 2974 -1
1700867872.787015 7354 -1
1700867872.787015 4434 -1
1700867872.787015 5905 -1
1700867872.787202 54 1
1700867874.302898 231 1
1700867874.303451 231 1
1700867874.304056 232 1
1700867874.304534 236 1
1700867874.306080 60 -1
1700867874.307756 933 -1
1700867874.307756 7086 -1
1700867874.307826 54 1
1700867874.308923 928 -1
1700867874.308993 1514 -1
1700867874.309014 54 1
1700867874.309105 2974 -1
1700867874.309126 54 1
1700867874.310057 229 1
1700867874.310163 230 1
1700867874.310544 2345 -1
1700867874.310588 54 1
1700867874.310725 932 -1
1700867874.310810 6152 -1
1700867874.310835 54 1
1700867874.311340 860 -1
1700867874.311389 7354 -1
1700867874.311414 54 1
1700867874.312617 1531 -1
1700867874.312649 54 1
1700867874.312722 60 -1
1700867874.315896 932 -1
1700867874.315896 4434 -1
1700867874.315949 54 1
1700867874.316197 7354 -1
1700867874.316230 54 1
1700867874.317498 60 -1
1700867874.317524 54 1
1700867874.320916 857 -1
1700867874.320916 1514 -1
1700867874.320973 54 1
1700867874.321023 6171 -1
1700867874.321088 54 1
1700867874.949196 54 1
1700867874.951735 78 -1
1700867874.951735 60 -1
1700867874.951787 54 1
1700867875.940464 66 1
1700867875.942071 66 -1
1700867875.942169 54 1
1700867875.943548 902 1
1700867875.948603 60 -1
1700867875.948603 318 -1
1700867875.950114 134 1
1700867875.950742 146 1
1700867875.951594 613 1
1700867875.951703 230 1
1700867875.951803 231 1
1700867875.951881 230 1
1700867875.951969 229 1
1700867875.952054 231 1
1700867875.952125 230 1
1700867875.953932 60 -1
1700867875.953932 60 -1
1700867875.953932 60 -1
1700867875.953932 60 -1
1700867875.953932 60 -1
1700867875.953932 60 -1
1700867875.953932 60 -1
1700867875.953932 60 -1
1700867875.953932 60 -1
1700867875.953932 341 -1
1700867875.956451 115 -1
1700867875.956451 85 -1
1700867875.956451 867 -1
1700867875.956500 54 1
1700867875.956546 10274 -1
1700867875.956600 54 1
1700867875.957552 85 1
1700867875.958528 6240 -1
1700867875.958583 54 1
1700867875.959725 7354 -1
1700867875.959784 54 1
1700867875.960062 7354 -1
1700867875.960105 54 1
1700867875.961204 1891 -1
1700867875.961238 54 1
1700867875.961391 85 -1
1700867875.961391 1514 -1
1700867875.961424 54 1
1700867875.961911 7354 -1
1700867875.961957 54 1
1700867875.963031 7354 -1
1700867875.963066 54 1
1700867875.964470 2974 -1
1700867875.964520 54 1
1700867875.965855 7354 -1
1700867875.965918 54 1
1700867875.966097 6617 -1
1700867875.966156 54 1
1700867875.966901 4434 -1
1700867875.966958 54 1
1700867875.967864 4434 -1
1700867875.967904 54 1
1700867875.969198 5894 -1
1700867875.969358 54 1
1700867875.969537 2974 -1
1700867875.969574 54 1
1700867875.969775 7354 -1
1700867875.969848 54 1
1700867875.974095 4434 -1
1700867875.974095 7354 -1
1700867875.974095 13194 -1
1700867875.974282 54 1
1700867875.979377 60 -1
1700867875.979377 7354 -1
1700867875.979377 1514 -1
1700867875.979377 5894 -1
1700867875.979377 2974 -1
1700867875.979377 7354 -1
1700867875.979555 54 1
1700867875.979722 7354 -1
1700867875.979762 54 1
1700867875.981414 7354 -1
1700867875.981453 54 1
1700867875.982826 7354 -1
1700867875.982876 54 1
1700867875.982936 5894 -1
1700867875.982975 54 1
1700867875.984793 2974 -1
1700867875.984852 54 1
1700867875.985824 7354 -1
1700867875.985824 7354 -1
1700867875.985885 54 1
1700867875.986553 7354 -1
1700867875.986589 54 1
1700867875.991346 7354 -1
1700867875.991346 5894 -1
1700867875.991346 5894 -1
1700867875.991346 2974 -1
1700867875.991346 7354 -1
1700867875.991346 7354 -1
1700867875.991346 7354 -1
1700867875.991346 7354 -1
1700867875.991346 7354 -1
1700867875.991586 54 1
1700867875.994386 1514 -1
1700867875.994386 7354 -1
1700867875.994386 4434 -1
1700867875.994386 7354 -1
1700867875.994386 1514 -1
1700867875.994386 2974 -1
1700867875.994386 4434 -1
1700867875.994386 4434 -1
1700867875.994551 54 1
1700867875.998449 7354 -1
1700867875.998449 7354 -1
1700867875.998449 7354 -1
1700867875.998449 7354 -1
1700867875.998449 14654 -1
1700867875.998449 5894 -1
1700867875.998688 54 1
1700867875.998768 4434 -1
1700867875.998799 54 1
1700867876.003907 1465 -1
1700867876.003907 7354 -1
1700867876.003907 7354 -1
1700867876.003907 1514 -1
1700867876.003907 7354 -1
1700867876.003907 1569 -1
1700867876.004096 54 1
1700867877.991876 231 1
1700867877.992104 234 1
1700867877.992588 258 1
1700867877.993134 258 1
1700867877.994312 229 1
1700867877.995393 231 1
1700867878.011876 60 -1
1700867878.011876 60 -1
1700867878.011876 60 -1
1700867878.011876 60 -1
1700867878.011876 60 -1
1700867878.011876 60 -1
1700867878.011876 927 -1
1700867878.011876 11734 -1
1700867878.011876 1559 -1
1700867878.011876 985 -1
1700867878.011876 7354 -1
1700867878.011876 4513 -1
1700867878.011876 1514 -1
1700867878.011876 2974 -1
1700867878.011876 2974 -1
1700867878.011876 7354 -1
1700867878.011876 2666 -1
1700867878.011876 7354 -1
1700867878.011876 7354 -1
1700867878.011876 7354 -1
1700867878.011876 7354 -1
1700867878.011876 3728 -1
1700867878.011876 7354 -1
1700867878.011876 7354 -1
1700867878.011876 7354 -1
1700867878.011876 1514 -1
1700867878.011876 7354 -1
1700867878.012443 54 1
1700867878.012521 54 1
1700867878.012561 7354 -1
1700867878.012657 54 1
1700867878.013075 7354 -1
1700867878.013158 54 1
1700867878.013313 4136 -1
1700867878.013360 54 1
1700867878.013584 7354 -1
1700867878.013650 54 1
1700867878.013802 54 1
1700867878.015145 7354 -1
1700867878.015145 7354 -1
1700867878.015222 54 1
1700867878.015466 7354 -1
1700867878.015515 54 1
1700867878.016045 7354 -1
1700867878.016087 54 1
1700867878.016619 7354 -1
1700867878.016780 54 1
1700867878.017704 7354 -1
1700867878.017744 54 1
1700867878.017909 7354 -1
1700867878.017942 54 1
1700867878.018426 5894 -1
1700867878.018474 54 1
1700867878.019516 7354 -1
1700867878.019516 7354 -1
1700867878.019593 54 1
1700867878.020311 7354 -1
1700867878.020372 54 1
1700867878.020914 7354 -1
1700867878.020973 54 1
1700867878.021360 7354 -1
1700867878.021413 54 1
1700867878.022027 11734 -1
1700867878.022102 54 1
1700867878.022953 1514 -1
1700867878.022999 54 1
1700867878.023035 4434 -1
1700867878.023061 54 1
1700867878.023552 10274 -1
1700867878.023607 54 1
1700867878.024250 7354 -1
1700867878.024276 54 1
1700867878.025046 11734 -1
1700867878.025107 54 1
1700867878.025906 21954 -1
1700867878.026009 54 1
1700867878.027664 7354 -1
1700867878.027699 54 1
1700867878.028251 7354 -1
1700867878.028282 54 1
1700867878.029011 1514 -1
1700867878.029011 7354 -1
1700867878.029079 54 1
1700867878.029598 9580 -1
1700867878.029665 54 1
1700867878.030383 7354 -1
1700867878.030431 54 1
1700867878.031102 7354 -1
1700867878.031153 54 1
1700867878.031594 7354 -1
1700867878.031667 54 1
1700867878.032283 7354 -1
1700867878.032340 54 1
1700867878.033389 1514 -1
1700867878.033389 7354 -1
1700867878.033462 54 1
1700867878.033544 748 -1
1700867878.033569 54 1
1700867878.033623 3128 -1
1700867878.033663 54 1
1700867878.033897 7354 -1
1700867878.033940 54 1
1700867878.034499 7354 -1
1700867878.034559 54 1
1700867878.035062 7354 -1
1700867878.035122 54 1
1700867878.035659 4136 -1
1700867878.035727 54 1
1700867878.036032 1514 -1
1700867878.036062 54 1
1700867878.036163 7354 -1
1700867878.036218 54 1
1700867878.036775 5894 -1
1700867878.036816 54 1
1700867878.037201 7354 -1
1700867878.037242 54 1
1700867878.038484 7354 -1
1700867878.038515 54 1
1700867878.038557 216 -1
1700867878.038578 54 1
1700867882.472647 215 1
1700867882.479819 862 -1
1700867882.479819 7354 -1
1700867882.479819 1514 -1
1700867882.479819 7354 -1
1700867882.479980 54 1
1700867882.486196 400 -1
1700867882.486196 7354 -1
1700867882.486196 7354 -1
1700867882.486196 1891 -1
1700867882.486196 5894 -1
1700867882.486196 5894 -1
1700867882.486196 4842 -1
1700867882.486196 7354 -1
1700867882.486196 7354 -1
1700867882.486196 7354 -1
1700867882.486196 7354 -1
1700867882.486316 223 1
1700867882.486196 7354 -1
1700867882.486474 232 1
1700867882.486508 223 1
1700867882.490482 230 1
1700867882.490593 234 1
1700867882.491760 89 1
1700867882.492196 1514 -1
1700867882.492196 7354 -1
1700867882.492196 4074 -1
1700867882.492196 7354 -1
1700867882.492196 4434 -1
1700867882.492196 7354 -1
1700867882.492196 7354 -1
1700867882.492196 7354 -1
1700867882.492196 7354 -1
1700867882.492196 7354 -1
1700867882.492196 2974 -1
1700867882.492196 7354 -1
1700867882.492196 5894 -1
1700867882.492463 54 1
1700867882.494174 2974 -1
1700867882.494174 7354 -1
1700867882.494174 7354 -1
1700867882.494252 54 1
1700867882.494328 54 1
1700867882.496914 7354 -1
1700867882.496914 5894 -1
1700867882.496914 1514 -1
1700867882.496914 7354 -1
1700867882.497044 54 1
1700867882.497798 7354 -1
1700867882.497848 54 1
1700867882.498089 7354 -1
1700867882.498132 54 1
1700867882.498742 7354 -1
1700867882.498806 54 1
1700867882.499257 2974 -1
1700867882.499280 54 1
1700867882.499485 2974 -1
1700867882.499541 54 1
1700867882.499723 7354 -1
1700867882.499752 54 1
1700867882.500450 7354 -1
1700867882.500506 54 1
1700867882.501482 7354 -1
1700867882.501543 54 1
1700867882.501637 7354 -1
1700867882.501804 54 1
1700867882.502159 2455 -1
1700867882.502221 54 1
1700867882.502317 1514 -1
1700867882.502340 54 1
1700867882.503166 11734 -1
1700867882.503268 54 1
1700867882.503591 4038 -1
1700867882.503622 54 1
1700867882.504235 7354 -1
1700867882.504299 54 1
1700867882.504491 4434 -1
1700867882.504546 54 1
1700867882.505244 7354 -1
1700867882.505290 54 1
1700867882.506161 7354 -1
1700867882.506161 7354 -1
1700867882.506229 54 1
1700867882.507403 1514 -1
1700867882.507403 4434 -1
1700867882.507403 5846 -1
1700867882.507478 54 1
1700867882.507549 7354 -1
1700867882.507603 54 1
1700867882.508446 4434 -1
1700867882.508489 54 1
1700867882.508534 4434 -1
1700867882.508560 54 1
1700867882.508865 7354 -1
1700867882.508913 54 1
1700867882.509560 7354 -1
1700867882.509608 54 1
1700867882.510345 7354 -1
1700867882.510385 54 1
1700867882.511261 1514 -1
1700867882.511261 5894 -1
1700867882.511311 54 1
1700867882.511387 1514 -1
1700867882.511413 54 1
1700867882.511470 1514 -1
1700867882.511499 54 1
1700867882.511560 1514 -1
1700867882.511582 54 1
1700867882.511676 7354 -1
1700867882.511715 54 1
1700867882.512269 7354 -1
1700867882.512311 54 1
1700867882.512884 60 -1
1700867882.512884 1514 -1
1700867882.513068 5894 -1
1700867882.513113 54 1
1700867882.513571 3119 -1
1700867882.513608 54 1
1700867882.513899 860 -1
1700867882.513899 7354 -1
1700867882.513941 54 1
1700867882.514465 7354 -1
1700867882.514506 54 1
1700867882.515282 906 -1
1700867882.515282 851 -1
1700867882.515282 7354 -1
1700867882.515330 54 1
1700867882.528956 2097 -1
1700867882.528956 4177 -1
1700867882.528956 958 -1
1700867882.528956 5894 -1
1700867882.528956 3378 -1
1700867882.528956 960 -1
1700867882.528956 7354 -1
1700867882.528956 1580 -1
1700867882.529105 54 1
1700867884.120715 232 1
1700867884.120830 223 1
1700867884.120943 258 1
1700867884.121068 231 1
1700867884.123064 60 -1
1700867884.132837 964 -1
1700867884.132837 10274 -1
1700867884.132919 54 1
1700867884.137758 5919 -1
1700867884.137758 940 -1
1700867884.137758 13194 -1
1700867884.137758 3320 -1
1700867884.137936 54 1
1700867884.141744 4434 -1
1700867884.141744 2974 -1
1700867884.141744 17574 -1
1700867884.141744 8108 -1
1700867884.142003 54 1
1700867884.146467 7354 -1
1700867884.146467 7354 -1
1700867884.146467 7354 -1
1700867884.146467 19034 -1
1700867884.146625 54 1
1700867884.147433 54 1
1700867884.147447 7354 -1
1700867884.147484 54 1
1700867884.148052 1514 -1
1700867884.148215 5894 -1
1700867884.148243 54 1
1700867884.148540 54 1
1700867884.150050 7354 -1
1700867884.150050 1514 -1
1700867884.150050 1514 -1
1700867884.150050 7354 -1
1700867884.150127 54 1
1700867884.150181 7354 -1
1700867884.150204 54 1
1700867884.150836 7354 -1
1700867884.150902 54 1
1700867884.151320 7354 -1
1700867884.151368 54 1
1700867884.152018 16114 -1
1700867884.152093 54 1
1700867884.153425 7354 -1
1700867884.153467 54 1
1700867884.153953 4434 -1
1700867884.153978 54 1
1700867884.154224 1514 -1
1700867884.154246 54 1
1700867884.154349 4434 -1
1700867884.154379 54 1
1700867884.155014 29254 -1
1700867884.155134 54 1
1700867884.157151 4434 -1
1700867884.157196 54 1
1700867884.157509 12064 -1
1700867884.157562 54 1
1700867884.158501 853 -1
1700867884.158526 54 1
1700867884.158696 2482 -1
1700867884.158720 54 1
1700867884.963187 54 1
1700867884.968976 78 -1
1700867884.968976 60 -1
1700867884.969137 54 1
1700867885.838713 66 1
1700867885.839720 66 -1
1700867885.839853 54 1
1700867885.840769 966 1
1700867885.841817 60 -1
1700867885.842576 318 -1
1700867885.843177 134 1
1700867885.843460 146 1
1700867885.843781 589 1
1700867885.844182 60 -1
1700867885.844435 341 -1
1700867885.844435 60 -1
1700867885.844641 115 -1
1700867885.844641 85 -1
1700867885.844694 54 1
1700867885.844840 85 1
1700867885.845581 60 -1
1700867885.846547 60 -1
1700867885.846739 904 -1
1700867885.847155 4434 -1
1700867885.847192 54 1
1700867885.847418 1514 -1
1700867885.847541 2807 -1
1700867885.847578 54 1
1700867885.859144 235 1
1700867885.860267 60 -1
1700867885.861232 231 1
1700867885.862052 10038 -1
1700867885.862052 936 -1
1700867885.862176 66 1
1700867885.862245 54 1
1700867885.863271 930 -1
1700867885.863344 7354 -1
1700867885.863378 54 1
1700867885.863575 231 1
1700867885.864171 2764 -1
1700867885.864171 936 -1
1700867885.864219 66 1
1700867885.865539 222 1
1700867885.866101 229 1
1700867885.874985 857 -1
1700867885.874985 7354 -1
1700867885.874985 2290 -1
1700867885.875112 54 1
1700867885.876108 60 -1
1700867885.882521 827 -1
1700867885.882521 7354 -1
1700867885.882521 3204 -1
1700867885.882521 857 -1
1700867885.882521 7513 -1
1700867885.882665 54 1
1700867888.240598 222 1
1700867888.240683 232 1
1700867888.241647 234 1
1700867888.241772 223 1
1700867888.241863 232 1
1700867888.242253 60 -1
1700867888.245566 859 -1
1700867888.245713 7354 -1
1700867888.245743 54 1
1700867888.246925 4805 -1
1700867888.246969 54 1
1700867888.247813 912 -1
1700867888.247813 4866 -1
1700867888.247855 54 1
1700867888.257973 850 -1
1700867888.257973 2389 -1
1700867888.257973 876 -1
1700867888.257973 7354 -1
1700867888.257973 4083 -1
1700867888.257973 931 -1
1700867888.257973 7354 -1
1700867888.257973 5507 -1
1700867888.258134 54 1
1700867893.294278 234 1
1700867893.296106 223 1
1700867893.297835 256 1
1700867893.298336 226 1
1700867893.298429 260 1
1700867893.300994 60 -1
1700867893.302799 860 -1
1700867893.302799 7354 -1
1700867893.302852 54 1
1700867893.302895 7354 -1
1700867893.302923 54 1
1700867893.304089 1295 -1
1700867893.304125 54 1
1700867893.307679 89 1
1700867893.309767 860 -1
1700867893.309767 5894 -1
1700867893.309849 54 1
1700867893.310226 7354 -1
1700867893.310273 54 1
1700867893.311679 3320 -1
1700867893.311679 2974 -1
1700867893.311754 54 1
1700867893.312035 13571 -1
1700867893.312090 54 1
1700867893.314213 16522 -1
1700867893.314284 54 1
1700867893.317077 16460 -1
1700867893.317179 54 1
1700867893.320056 1514 -1
1700867893.320056 7354 -1
1700867893.320156 54 1
1700867893.321220 7354 -1
1700867893.321272 54 1
1700867893.322163 7354 -1
1700867893.322208 54 1
1700867893.323406 5894 -1
1700867893.323448 54 1
1700867893.324363 7354 -1
1700867893.324416 54 1
1700867893.324997 12865 -1
1700867893.325059 54 1
1700867893.326051 85 -1
1700867893.326091 54 1
1700867893.326138 7354 -1
1700867893.326178 54 1
1700867893.326696 7354 -1
1700867893.326731 54 1
1700867893.327269 2974 -1
1700867893.327298 54 1
1700867893.327526 27794 -1
1700867893.327602 54 1
1700867893.330219 4105 -1
1700867893.330261 54 1
1700867893.330292 7354 -1
1700867893.330324 54 1
1700867893.330923 2974 -1
1700867893.330961 54 1
1700867893.331029 7354 -1
1700867893.331056 54 1
1700867893.331726 7354 -1
1700867893.331773 54 1
1700867893.332259 7354 -1
1700867893.332302 54 1
1700867893.332961 4943 -1
1700867893.332990 54 1
1700867893.333380 4434 -1
1700867893.333401 54 1
1700867893.333659 14654 -1
1700867893.333725 54 1
1700867893.335056 1514 -1
1700867893.335056 13194 -1
1700867893.335133 54 1
1700867893.336256 2974 -1
1700867893.336300 54 1
1700867893.336392 2974 -1
1700867893.336422 54 1
1700867893.336635 1514 -1
1700867893.336662 54 1
1700867893.344270 7354 -1
1700867893.344270 7354 -1
1700867893.344270 2974 -1
1700867893.344270 4434 -1
1700867893.344270 2974 -1
1700867893.344270 2974 -1
1700867893.344270 7354 -1
1700867893.344270 7354 -1
1700867893.344270 7354 -1
1700867893.344270 7354 -1
1700867893.344270 1514 -1
1700867893.344270 7354 -1
1700867893.344270 4434 -1
1700867893.344270 1514 -1
1700867893.344270 7354 -1
1700867893.344270 7354 -1
1700867893.344270 5894 -1
1700867893.344658 54 1
1700867893.344697 54 1
1700867893.344949 4434 -1
1700867893.344968 54 1
1700867893.345009 2974 -1
1700867893.345028 54 1
1700867893.345087 54 1
1700867893.345112 1514 -1
1700867893.345239 7354 -1
1700867893.345286 54 1
1700867893.346161 2974 -1
1700867893.346161 7354 -1
1700867893.346220 54 1
1700867893.346587 54 1
1700867893.346669 4434 -1
1700867893.346701 54 1
1700867893.346857 54 1
1700867893.347002 2974 -1
1700867893.347027 54 1
1700867893.347252 2974 -1
1700867893.347275 54 1
1700867893.347492 2974 -1
1700867893.347510 54 1
1700867893.347730 3651 -1
1700867893.347770 54 1
1700867894.907641 234 1
1700867894.907794 230 1
1700867894.907880 224 1
1700867894.910262 60 -1
1700867894.913983 932 -1
1700867894.913983 965 -1
1700867894.913983 12433 -1
1700867894.913983 8814 -1
1700867894.914280 54 1
1700867894.915389 3236 -1
1700867894.915389 958 -1
1700867894.915389 6426 -1
1700867894.915459 54 1
1700867894.921309 224 1
1700867894.921405 231 1
1700867894.928655 60 -1
1700867894.931484 962 -1
1700867894.931484 9695 -1
1700867894.931592 54 1
1700867894.933126 930 -1
1700867894.933126 5894 -1
1700867894.933188 54 1
1700867894.935889 10438 -1
1700867894.935987 54 1
1700867894.978506 54 1
1700867894.983700 78 -1
1700867894.983700 60 -1
1700867894.983741 54 1
1700867896.566260 66 1
1700867896.568434 66 -1
1700867896.568564 54 1
1700867896.569198 870 1
1700867896.574340 60 -1
1700867896.574340 318 -1
1700867896.576170 134 1
1700867896.576733 146 1
1700867896.577377 586 1
1700867896.577462 230 1
1700867896.577574 221 1
1700867896.577666 236 1
1700867896.577751 230 1
1700867896.583972 60 -1
1700867896.583972 60 -1
1700867896.583972 60 -1
1700867896.583972 60 -1
1700867896.583972 60 -1
1700867896.583972 60 -1
1700867896.583972 341 -1
1700867896.588413 115 -1
1700867896.588413 85 -1
1700867896.588413 989 -1
1700867896.588519 54 1
1700867896.590186 85 1
1700867896.593364 4434 -1
1700867896.593364 7354 -1
1700867896.593364 117 -1
1700867896.593364 7354 -1
1700867896.593364 2854 -1
1700867896.593364 858 -1
1700867896.593364 7354 -1
1700867896.593463 54 1
1700867896.593574 54 1
1700867896.602152 5046 -1
1700867896.602152 878 -1
1700867896.602152 2974 -1
1700867896.602152 5694 -1
1700867896.602152 931 -1
1700867896.602152 8474 -1
1700867896.602152 60 -1
1700867896.602284 54 1
1700867898.205472 225 1
1700867898.206810 60 -1
1700867898.208492 931 -1
1700867898.208492 7354 -1
1700867898.208577 54 1
1700867898.208662 231 1
1700867898.209283 4985 -1
1700867898.209333 54 1
1700867898.210329 60 -1
1700867898.212051 855 -1
1700867898.212051 7354 -1
1700867898.212135 54 1
1700867898.212304 7354 -1
1700867898.212328 54 1
1700867898.213300 1860 -1
1700867898.213300 404 -1
1700867898.213347 54 1
1700867898.214561 221 1
1700867898.215998 229 1
1700867898.216092 258 1
1700867898.216221 231 1
1700867898.216700 976 -1
1700867898.216700 7354 -1
1700867898.216796 54 1
1700867898.217217 4555 -1
1700867898.217256 54 1
1700867898.217599 60 -1
1700867898.219312 861 -1
1700867898.219368 7354 -1
1700867898.219412 54 1
1700867898.220063 6941 -1
1700867898.220119 54 1
1700867898.221420 914 -1
1700867898.221420 5894 -1
1700867898.221481 54 1
1700867898.222991 4434 -1
1700867898.222991 4434 -1
1700867898.222991 1860 -1
1700867898.222991 10274 -1
1700867898.223070 54 1
1700867898.223513 6271 -1
1700867898.223538 54 1
1700867898.223987 7354 -1
1700867898.224011 54 1
1700867898.224605 1514 -1
1700867898.224634 54 1
1700867898.224760 7762 -1
1700867898.224809 54 1
1700867898.225454 4434 -1
1700867898.225480 54 1
1700867898.225722 7354 -1
1700867898.225766 54 1
1700867898.226369 7354 -1
1700867898.226429 54 1
1700867898.227026 7354 -1
1700867898.227074 54 1
1700867898.227554 7354 -1
1700867898.227605 54 1
1700867898.228229 7354 -1
1700867898.228275 54 1
1700867898.228759 7354 -1
1700867898.228814 54 1
1700867898.229358 1154 -1
1700867898.229380 54 1
1700867898.229438 7354 -1
1700867898.229463 54 1
1700867898.230069 7354 -1
1700867898.230122 54 1
1700867898.231333 4434 -1
1700867898.231369 54 1
1700867898.240035 7354 -1
1700867898.240035 2974 -1
1700867898.240035 7354 -1
1700867898.240035 7354 -1
1700867898.240035 7354 -1
1700867898.240035 5894 -1
1700867898.240035 7354 -1
1700867898.240035 7354 -1
1700867898.240035 5493 -1
1700867898.240035 2974 -1
1700867898.240035 7354 -1
1700867898.240035 1421 -1
1700867898.240259 54 1
1700867900.745466 230 1
1700867900.750043 902 -1
1700867900.750043 10274 -1
1700867900.750172 54 1
1700867900.750662 1274 -1
1700867900.757396 231 1
1700867900.758346 232 1
1700867900.758770 236 1
1700867900.759512 222 1
1700867900.760018 231 1
1700867900.761182 60 -1
1700867900.762434 235 1
1700867900.799452 912 -1
1700867900.799452 13194 -1
1700867900.799452 3320 -1
1700867900.799452 2897 -1
1700867900.799452 8020 -1
1700867900.799627 54 1
1700867900.802263 880 -1
1700867900.802263 1514 -1
1700867900.802263 7354 -1
1700867900.802263 5610 -1
1700867900.802263 7354 -1
1700867900.802263 2017 -1
1700867900.802263 7354 -1
1700867900.802263 4168 -1
1700867900.802434 54 1
1700867900.837472 932 -1
1700867900.837472 7354 -1
1700867900.837593 54 1
1700867900.838066 4938 -1
1700867900.838116 54 1
1700867904.997156 54 1
1700867905.003141 78 -1
1700867905.003189 54 1
1700867905.003269 60 -1
1700867906.108349 66 1
1700867906.110406 66 -1
1700867906.110529 54 1
1700867906.111673 966 1
1700867906.112676 60 -1
1700867906.113307 318 -1
1700867906.113898 134 1
1700867906.114256 146 1
1700867906.116442 587 1
1700867906.116561 232 1
1700867906.116651 232 1
1700867906.116737 251 1
1700867906.116820 221 1
1700867906.116973 222 1
1700867906.118582 60 -1
1700867906.118582 60 -1
1700867906.118582 60 -1
1700867906.118582 60 -1
1700867906.118582 60 -1
1700867906.118582 60 -1
1700867906.118582 60 -1
1700867906.118582 60 -1
1700867906.118582 341 -1
1700867906.122862 115 -1
1700867906.122862 85 -1
1700867906.122862 927 -1
1700867906.122862 5788 -1
1700867906.122932 54 1
1700867906.123419 958 -1
1700867906.123419 3044 -1
1700867906.123456 54 1
1700867906.124772 85 1
1700867906.128068 1053 -1
1700867906.128068 730 -1
1700867906.128068 1035 -1
1700867906.128068 736 -1
1700867906.128068 7354 -1
1700867906.128142 54 1
1700867906.128363 2843 -1
1700867906.128396 54 1
1700867906.128602 4434 -1
1700867906.128651 54 1
1700867906.129075 5066 -1
1700867906.129131 54 1
1700867906.143713 1036 -1
1700867906.143713 752 -1
1700867906.143806 54 1
1700867906.143997 7354 -1
1700867906.144037 54 1
1700867906.144301 2974 -1
1700867906.144343 54 1
1700867906.144470 6240 -1
1700867906.144495 54 1
1700867906.145016 85 -1
1700867906.145016 7354 -1
1700867906.145069 54 1
1700867906.145600 7354 -1
1700867906.145646 54 1
1700867906.146208 1860 -1
1700867906.146246 54 1
1700867906.146361 4434 -1
1700867906.146381 54 1
1700867906.146723 7354 -1
1700867906.146755 54 1
1700867906.147450 7354 -1
1700867906.147483 54 1
1700867906.148047 7354 -1
1700867906.148086 54 1
1700867906.148546 6648 -1
1700867906.148580 54 1
1700867906.149175 85 -1
1700867906.149175 2974 -1
1700867906.149225 54 1
1700867906.149335 2974 -1
1700867906.149365 54 1
1700867906.149590 2974 -1
1700867906.149630 54 1
1700867906.149822 4434 -1
1700867906.149892 54 1
1700867906.150187 7354 -1
1700867906.150236 54 1
1700867906.150790 2974 -1
1700867906.150816 54 1
1700867906.151036 7354 -1
1700867906.151084 54 1
1700867906.151633 7354 -1
1700867906.151670 54 1
1700867906.152253 7354 -1
1700867906.152303 54 1
1700867906.152872 4074 -1
1700867906.152905 54 1
1700867906.153215 4434 -1
1700867906.153257 54 1
1700867906.153561 7354 -1
1700867906.153635 54 1
1700867906.154369 1514 -1
1700867906.154369 3124 -1
1700867906.154418 54 1
1700867906.160670 5894 -1
1700867906.160877 54 1
1700867906.161038 7354 -1
1700867906.161075 54 1
1700867906.161580 3320 -1
1700867906.161621 54 1
1700867906.161870 85 -1
1700867906.161870 16460 -1
1700867906.161963 54 1
1700867906.163195 7354 -1
1700867906.163230 54 1
1700867906.163821 7354 -1
1700867906.163875 54 1
1700867906.164396 1891 -1
1700867906.164427 54 1
1700867906.164559 85 -1
1700867906.164559 4434 -1
1700867906.164594 54 1
1700867906.164928 7354 -1
1700867906.164970 54 1
1700867906.165535 7354 -1
1700867906.165570 54 1
1700867906.171255 7354 -1
1700867906.171255 6617 -1
1700867906.171255 1660 -1
1700867906.171375 54 1
1700867906.178466 928 -1
1700867906.178466 2974 -1
1700867906.178466 5065 -1
1700867906.178571 54 1
1700867907.705932 223 1
1700867907.706147 224 1
1700867907.707259 60 -1
1700867907.707259 60 -1
1700867907.710329 232 1
1700867907.710432 235 1
1700867907.715126 60 -1
1700867907.715126 60 -1
1700867907.723421 959 -1
1700867907.723421 6954 -1
1700867907.723473 54 1
1700867907.734981 1051 -1
1700867907.734981 733 -1
1700867907.735084 54 1
1700867907.737793 6620 -1
1700867907.737884 54 1
1700867907.738193 935 -1
1700867907.738219 54 1
1700867907.738301 1514 -1
1700867907.738395 10639 -1
1700867907.738424 54 1
1700867907.772913 983 -1
1700867907.772913 808 -1
1700867907.772997 54 1
1700867907.783513 4434 -1
1700867907.783513 5116 -1
1700867907.783617 54 1
1700867909.392638 259 1
1700867909.395148 256 1
1700867909.395250 232 1
1700867909.395382 230 1
1700867909.395481 223 1
1700867909.400612 60 -1
1700867909.403726 933 -1
1700867909.403726 7354 -1
1700867909.403831 54 1
1700867909.405167 7354 -1
1700867909.405167 1860 -1
1700867909.405167 7354 -1
1700867909.405291 54 1
1700867909.405580 7354 -1
1700867909.405622 54 1
1700867909.406197 1891 -1
1700867909.406262 54 1
1700867909.406468 85 -1
1700867909.406468 4434 -1
1700867909.406521 54 1
1700867909.408916 15616 -1
1700867909.409010 54 1
1700867909.412021 4434 -1
1700867909.412021 7354 -1
1700867909.412021 7354 -1
1700867909.412123 54 1
1700867909.413889 5894 -1
1700867909.413925 54 1
1700867909.414241 7354 -1
1700867909.414276 54 1
1700867909.415480 1615 -1
1700867909.415480 7354 -1
1700867909.415571 54 1
1700867909.425270 7354 -1
1700867909.425270 7354 -1
1700867909.425270 7354 -1
1700867909.425270 2974 -1
1700867909.425270 7354 -1
1700867909.425270 7354 -1
1700867909.425270 7354 -1
1700867909.425270 7354 -1
1700867909.425610 54 1
1700867909.425670 2974 -1
1700867909.425702 54 1
1700867909.426552 2974 -1
1700867909.426593 54 1
1700867909.432202 7354 -1
1700867909.432202 1514 -1
1700867909.432202 7354 -1
1700867909.432202 1514 -1
1700867909.432202 7354 -1
1700867909.432202 1514 -1
1700867909.432202 4434 -1
1700867909.432202 14654 -1
1700867909.432202 7354 -1
1700867909.432202 5959 -1
1700867909.432202 7354 -1
1700867909.432422 54 1
1700867909.432496 1514 -1
1700867909.432551 54 1
1700867909.432654 7354 -1
1700867909.432686 54 1
1700867909.433120 2850 -1
1700867909.433145 54 1
1700867909.533266 1036 -1
1700867909.533266 765 -1
1700867909.533266 7639 -1
1700867909.533405 54 1
1700867911.149417 230 1
1700867911.149526 229 1
1700867911.149643 222 1
1700867911.149697 222 1
1700867911.149757 218 1
1700867911.150112 258 1
1700867911.153564 60 -1
1700867911.163364 1084 -1
1700867911.163364 690 -1
1700867911.163457 54 1
1700867911.163536 1085 -1
1700867911.163536 687 -1
1700867911.163561 54 1
1700867911.165839 962 -1
1700867911.165839 12861 -1
1700867911.165839 4434 -1
1700867911.165839 9103 -1
1700867911.165839 1735 -1
1700867911.166010 54 1
1700867911.169542 231 1
1700867911.171277 5894 -1
1700867911.171277 2622 -1
1700867911.171277 14654 -1
1700867911.171277 1860 -1
1700867911.171277 7354 -1
1700867911.171277 9191 -1
1700867911.171277 7354 -1
1700867911.171277 1514 -1
1700867911.171277 7762 -1
1700867911.171277 7354 -1
1700867911.171533 54 1
1700867911.171695 89 1
1700867911.196954 7354 -1
1700867911.196954 7354 -1
1700867911.196954 7354 -1
1700867911.196954 5894 -1
1700867911.196954 7354 -1
1700867911.196954 6994 -1
1700867911.196954 7354 -1
1700867911.196954 7354 -1
1700867911.196954 7354 -1
1700867911.196954 7354 -1
1700867911.196954 7354 -1
1700867911.196954 7354 -1
1700867911.196954 7354 -1
1700867911.196954 7354 -1
1700867911.196954 4434 -1
1700867911.196954 1514 -1
1700867911.196954 7354 -1
1700867911.196954 14654 -1
1700867911.196954 7354 -1
1700867911.196954 7354 -1
1700867911.196954 7354 -1
1700867911.196954 7354 -1
1700867911.196954 2974 -1
1700867911.196954 2974 -1
1700867911.196954 5894 -1
1700867911.196954 7354 -1
1700867911.196954 7354 -1
1700867911.196954 7354 -1
1700867911.196954 1514 -1
1700867911.197749 54 1
1700867911.200244 7354 -1
1700867911.200244 7354 -1
1700867911.200244 7354 -1
1700867911.200244 4434 -1
1700867911.200244 4270 -1
1700867911.200419 54 1
1700867911.203498 54 1
1700867911.219902 7354 -1
1700867911.219902 7354 -1
1700867911.219902 7354 -1
1700867911.219902 7354 -1
1700867911.219902 7354 -1
1700867911.219902 7354 -1
1700867911.219902 7354 -1
1700867911.219902 5894 -1
1700867911.219902 4434 -1
1700867911.219902 2974 -1
1700867911.219902 7354 -1
1700867911.219902 7354 -1
1700867911.219902 7354 -1
1700867911.219902 7354 -1
1700867911.219902 7354 -1
1700867911.219902 7354 -1
1700867911.219902 3086 -1
1700867911.220369 54 1
1700867911.220424 54 1
1700867911.220506 1514 -1
1700867911.220611 2974 -1
1700867911.220652 54 1
1700867911.220988 7354 -1
1700867911.221026 54 1
1700867911.221115 54 1
1700867911.221299 5782 -1
1700867911.221329 54 1
1700867911.221840 5894 -1
1700867911.221885 54 1
1700867911.222818 7354 -1
1700867911.222850 54 1
1700867911.223181 7354 -1
1700867911.223210 54 1
1700867911.223557 7354 -1
1700867911.223589 54 1
1700867911.224234 7354 -1
1700867911.224284 54 1
1700867911.224750 7354 -1
1700867911.224790 54 1
1700867911.240849 7354 -1
1700867911.240849 7354 -1
1700867911.240849 7354 -1
1700867911.240849 7354 -1
1700867911.240849 7354 -1
1700867911.240849 7354 -1
1700867911.240849 7354 -1
1700867911.240849 7354 -1
1700867911.240849 7354 -1
1700867911.240849 7354 -1
1700867911.240849 7354 -1
1700867911.240849 5894 -1
1700867911.240849 7354 -1
1700867911.241189 54 1
1700867911.247001 11734 -1
1700867911.247001 7354 -1
1700867911.247001 14654 -1
1700867911.247001 7354 -1
1700867911.247001 7354 -1
1700867911.247232 54 1
1700867911.247001 8814 -1
1700867911.247001 14654 -1
1700867911.247001 7354 -1
1700867911.247001 7354 -1
1700867911.247001 2974 -1
1700867911.247001 7354 -1
1700867911.247001 1514 -1
1700867911.247001 7354 -1
1700867911.247001 2974 -1
1700867911.247001 7354 -1
1700867911.247001 4434 -1
1700867911.247001 2974 -1
1700867911.247001 2974 -1
1700867911.247001 5894 -1
1700867911.247001 4434 -1
1700867911.247001 2974 -1
1700867911.247001 7354 -1
1700867911.247001 4434 -1
1700867911.247001 2974 -1
1700867911.247001 4434 -1
1700867911.247001 7354 -1
1700867911.247001 2974 -1
1700867911.250623 54 1
1700867911.250851 4434 -1
1700867911.250914 54 1
1700867911.251270 54 1
1700867911.256559 7354 -1
1700867911.256559 1685 -1
1700867911.256731 54 1
1700867915.007797 54 1
1700867915.011832 78 -1
1700867915.011832 60 -1
1700867915.011966 54 1
1700867918.615088 66 1
1700867918.616342 66 -1
1700867918.616475 54 1
1700867918.617169 902 1
1700867918.618386 60 -1
1700867918.619563 318 -1
1700867918.620368 134 1
1700867918.621374 60 -1
1700867918.621518 341 -1
1700867918.622030 146 1
1700867918.622848 586 1
1700867918.623021 223 1
1700867918.623086 60 -1
1700867918.623201 115 -1
1700867918.623201 85 -1
1700867918.623266 231 1
1700867918.623300 54 1
1700867918.623501 85 1
1700867918.623886 60 -1
1700867918.624298 60 -1
1700867918.624433 60 -1
1700867918.624433 60 -1
1700867918.626382 927 -1
1700867918.626382 9902 -1
1700867918.626458 54 1
1700867918.626969 925 -1
1700867918.627030 8091 -1
1700867918.627075 54 1
1700867918.627779 930 -1
1700867918.627810 54 1
1700867918.627890 7354 -1
1700867918.627956 54 1
1700867918.628441 731 -1
1700867918.628462 54 1
1700867918.634743 234 1
1700867918.643202 930 -1
1700867918.643293 7354 -1
1700867918.643322 54 1
1700867918.644827 5865 -1
1700867918.644879 54 1
1700867920.375911 259 1
1700867920.376043 229 1
1700867920.376135 231 1
1700867920.377597 235 1
1700867920.377721 223 1
1700867920.377831 232 1
1700867920.377951 224 1
1700867920.378069 229 1
1700867920.391249 60 -1
1700867920.391249 60 -1
1700867920.391249 930 -1
1700867920.391249 11858 -1
1700867920.391249 927 -1
1700867920.391249 9455 -1
1700867920.391249 912 -1
1700867920.391249 7354 -1
1700867920.391249 7354 -1
1700867920.391249 1860 -1
1700867920.391249 85 -1
1700867920.391249 7354 -1
1700867920.391249 5894 -1
1700867920.391591 54 1
1700867920.391812 3320 -1
1700867920.391812 7354 -1
1700867920.391863 54 1
1700867920.392176 7354 -1
1700867920.392236 54 1
1700867920.394100 7354 -1
1700867920.394100 7354 -1
1700867920.394100 3728 -1
1700867920.394100 85 -1
1700867920.394100 8814 -1
1700867920.394231 54 1
1700867920.394827 7354 -1
1700867920.394873 54 1
1700867920.414352 4434 -1
1700867920.414352 2974 -1
1700867920.414352 7354 -1
1700867920.414352 7354 -1
1700867920.414352 1514 -1
1700867920.414352 1514 -1
1700867920.414352 7354 -1
1700867920.414352 7354 -1
1700867920.414352 10274 -1
1700867920.414352 7354 -1
1700867920.414352 7354 -1
1700867920.414352 7354 -1
1700867920.414352 7354 -1
1700867920.414352 6429 -1
1700867920.414352 589 -1
1700867920.414825 66 1
1700867920.417456 54 1
1700867920.455441 1053 -1
1700867920.455441 731 -1
1700867920.455522 54 1
1700867920.457969 1514 -1
1700867920.458055 7022 -1
1700867920.458096 54 1
1700867920.465760 1054 -1
1700867920.465760 727 -1
1700867920.465869 54 1
1700867920.483616 7354 -1
1700867920.483616 2974 -1
1700867920.483616 1514 -1
1700867920.483616 4780 -1
1700867920.483616 2286 -1
1700867920.483775 54 1
1700867920.501433 1090 -1
1700867920.501433 686 -1
1700867920.501433 7354 -1
1700867920.501433 4443 -1
1700867920.501578 54 1
1700867922.047868 220 1
1700867922.056694 982 -1
1700867922.056694 807 -1
1700867922.056815 54 1
1700867922.056898 7354 -1
1700867922.056957 54 1
1700867922.057338 231 1
1700867922.057434 230 1
1700867922.058128 5894 -1
1700867922.058128 3320 -1
1700867922.058128 10274 -1
1700867922.058197 54 1
1700867922.058863 6271 -1
1700867922.058884 54 1
1700867922.059052 230 1
1700867922.059109 230 1
1700867922.059304 2974 -1
1700867922.059324 54 1
1700867922.059572 2974 -1
1700867922.059597 54 1
1700867922.059801 2974 -1
1700867922.059838 54 1
1700867922.059907 231 1
1700867922.060408 7762 -1
1700867922.060458 54 1
1700867922.060778 7354 -1
1700867922.060819 54 1
1700867922.061463 7354 -1
1700867922.061559 54 1
1700867922.061931 7354 -1
1700867922.061990 54 1
1700867922.063197 7354 -1
1700867922.063258 54 1
1700867922.064750 3697 -1
1700867922.064803 54 1
1700867922.065315 7354 -1
1700867922.065350 54 1
1700867922.066285 7354 -1
1700867922.066342 54 1
1700867922.066743 4434 -1
1700867922.066777 54 1
1700867922.067370 7354 -1
1700867922.067409 54 1
1700867922.068253 5894 -1
1700867922.068316 54 1
1700867922.068470 7354 -1
1700867922.068512 54 1
1700867922.068845 1514 -1
1700867922.068873 54 1
1700867922.069381 1514 -1
1700867922.069381 1514 -1
1700867922.069381 4926 -1
1700867922.069460 54 1
1700867922.069741 60 -1
1700867922.069741 60 -1
1700867922.069741 908 -1
1700867922.069741 5839 -1
1700867922.069819 54 1
1700867922.070683 927 -1
1700867922.070683 8055 -1
1700867922.070780 54 1
1700867922.073900 7354 -1
1700867922.073900 7354 -1
1700867922.073900 1860 -1
1700867922.073900 85 -1
1700867922.073900 2974 -1
1700867922.074066 54 1
1700867922.078409 7354 -1
1700867922.078409 6240 -1
1700867922.078409 7354 -1
1700867922.078409 7354 -1
1700867922.078409 1891 -1
1700867922.078409 4434 -1
1700867922.078409 7354 -1
1700867922.078409 4842 -1
1700867922.078409 1514 -1
1700867922.078409 7354 -1
1700867922.078735 54 1
1700867922.085813 7354 -1
1700867922.085813 7354 -1
1700867922.085813 7354 -1
1700867922.085813 2268 -1
1700867922.085813 7354 -1
1700867922.085813 7354 -1
1700867922.085813 7354 -1
1700867922.085813 7354 -1
1700867922.085813 7063 -1
1700867922.085813 961 -1
1700867922.085813 7354 -1
1700867922.085813 3620 -1
1700867922.085813 7354 -1
1700867922.085813 5894 -1
1700867922.085813 3320 -1
1700867922.086288 54 1
1700867922.089259 85 -1
1700867922.089259 7354 -1
1700867922.089259 7354 -1
1700867922.089259 1860 -1
1700867922.089259 85 -1
1700867922.089259 4434 -1
1700867922.089259 7354 -1
1700867922.089259 4780 -1
1700867922.089259 7354 -1
1700867922.089259 5894 -1
1700867922.089570 54 1
1700867922.089664 1514 -1
1700867922.089806 1922 -1
1700867922.089831 54 1
1700867922.089973 54 1
1700867922.090004 4434 -1
1700867922.090030 54 1
1700867922.090354 2974 -1
1700867922.090374 54 1
1700867922.090501 7354 -1
1700867922.090531 54 1
1700867922.090746 54 1
1700867922.091147 5894 -1
1700867922.091182 54 1
1700867922.091638 7354 -1
1700867922.092051 54 1
1700867922.092266 7354 -1
1700867922.092300 54 1
1700867922.092891 7354 -1
1700867922.092935 54 1
1700867922.093657 7354 -1
1700867922.093703 54 1
1700867922.099173 7354 -1
1700867922.099173 7354 -1
1700867922.099173 7354 -1
1700867922.099173 1514 -1
1700867922.099173 4434 -1
1700867922.099173 4434 -1
1700867922.099173 2974 -1
1700867922.099173 7354 -1
1700867922.099173 7354 -1
1700867922.099173 1514 -1
1700867922.099173 7354 -1
1700867922.099531 54 1
1700867922.101213 1514 -1
1700867922.101213 1514 -1
1700867922.101213 7354 -1
1700867922.101213 7354 -1
1700867922.101213 7354 -1
1700867922.101213 7354 -1
1700867922.101338 54 1
1700867922.102489 7354 -1
1700867922.102489 7354 -1
1700867922.102663 54 1
1700867922.102786 7354 -1
1700867922.102815 54 1
1700867922.103387 2974 -1
1700867922.103418 54 1
1700867922.103760 7354 -1
1700867922.103817 54 1
1700867922.104250 7354 -1
1700867922.104306 54 1
1700867922.104850 7354 -1
1700867922.104901 54 1
1700867922.105470 7354 -1
1700867922.105528 54 1
1700867922.106366 7354 -1
1700867922.106429 54 1
1700867922.109275 7354 -1
1700867922.109275 7354 -1
1700867922.109275 7354 -1
1700867922.109275 5894 -1
1700867922.109275 7354 -1
1700867922.109445 54 1
1700867922.109577 2974 -1
1700867922.109613 54 1
1700867922.109781 7354 -1
1700867922.109818 54 1
1700867922.110524 7354 -1
1700867922.110569 54 1
1700867922.112404 7354 -1
1700867922.112404 7354 -1
1700867922.112486 54 1
1700867922.112570 2974 -1
1700867922.112570 4434 -1
1700867922.112624 54 1
1700867922.112842 7354 -1
1700867922.112874 54 1
1700867922.113482 7354 -1
1700867922.113536 54 1
1700867922.114437 2974 -1
1700867922.114495 54 1
1700867922.114550 21722 -1
1700867922.114609 54 1
1700867923.714063 249 1
1700867923.714194 231 1
1700867923.714291 216 1
1700867923.716297 229 1
1700867923.716399 258 1
1700867923.718376 60 -1
1700867923.724037 861 -1
1700867923.724037 7354 -1
1700867923.724120 54 1
1700867923.730404 5894 -1
1700867923.730404 3320 -1
1700867923.730404 7354 -1
1700867923.730404 1514 -1
1700867923.730404 2974 -1
1700867923.730404 4434 -1
1700867923.730404 431 -1
1700867923.730404 7354 -1
1700867923.730404 9191 -1
1700867923.730635 54 1
1700867923.730996 2974 -1
1700867923.731043 54 1
1700867923.733028 36554 -1
1700867923.733204 54 1
1700867923.735302 89 1
1700867923.740233 9945 -1
1700867923.740233 7354 -1
1700867923.740233 7354 -1
1700867923.740361 54 1
1700867923.741343 1891 -1
1700867923.741395 54 1
1700867923.741714 5894 -1
1700867923.741758 54 1
1700867923.743555 19034 -1
1700867923.743644 54 1
1700867923.745446 7354 -1
1700867923.745485 54 1
1700867923.746231 7354 -1
1700867923.746287 54 1
1700867923.746725 7354 -1
1700867923.746768 54 1
1700867923.747435 7354 -1
1700867923.747485 54 1
1700867923.748220 7354 -1
1700867923.748263 54 1
1700867923.748503 2974 -1
1700867923.748534 54 1
1700867923.748749 7354 -1
1700867923.748796 54 1
1700867923.749362 7354 -1
1700867923.749409 54 1
1700867923.750164 3430 -1
1700867923.750209 54 1
1700867923.750248 7354 -1
1700867923.750294 54 1
1700867923.751176 7354 -1
1700867923.751239 54 1
1700867923.751489 23414 -1
1700867923.751587 54 1
1700867923.753427 5894 -1
1700867923.753492 54 1
1700867923.753890 8814 -1
1700867923.753983 54 1
1700867923.754636 7354 -1
1700867923.754688 54 1
1700867923.755222 4434 -1
1700867923.755266 54 1
1700867923.755584 1514 -1
1700867923.755613 54 1
1700867923.755706 7354 -1
1700867923.755737 54 1
1700867923.756325 7354 -1
1700867923.756380 54 1
1700867923.756917 7354 -1
1700867923.756974 54 1
1700867923.757825 7354 -1
1700867923.757885 54 1
1700867923.758127 2974 -1
1700867923.758170 54 1
1700867923.758361 2974 -1
1700867923.758403 54 1
1700867923.758693 5666 -1
1700867923.758752 54 1
1700867923.759140 7354 -1
1700867923.759184 54 1
1700867923.763719 7354 -1
1700867923.763719 7354 -1
1700867923.763719 7354 -1
1700867923.763719 7354 -1
1700867923.763719 7354 -1
1700867923.763719 7354 -1
1700867923.763719 4434 -1
1700867923.763719 7354 -1
1700867923.763921 54 1
1700867923.764297 1514 -1
1700867923.764438 7354 -1
1700867923.764490 54 1
1700867923.768180 2974 -1
1700867923.768180 1514 -1
1700867923.768180 4434 -1
1700867923.768180 2974 -1
1700867923.768180 7354 -1
1700867923.768180 7354 -1
1700867923.768180 7354 -1
1700867923.768180 1514 -1
1700867923.768180 7354 -1
1700867923.768406 54 1
1700867923.769181 5894 -1
1700867923.769181 7354 -1
1700867923.769250 54 1
1700867923.779335 1514 -1
1700867923.779335 7354 -1
1700867923.779335 5894 -1
1700867923.779335 7354 -1
1700867923.779335 1514 -1
1700867923.779335 5894 -1
1700867923.779335 7354 -1
1700867923.779335 7354 -1
1700867923.779335 7354 -1
1700867923.779335 7354 -1
1700867923.779335 7354 -1
1700867923.779335 7354 -1
1700867923.779335 5894 -1
1700867923.779335 7354 -1
1700867923.779335 7354 -1
1700867923.779335 1514 -1
1700867923.779335 7354 -1
1700867923.779335 1514 -1
1700867923.779335 7354 -1
1700867923.779335 7354 -1
1700867923.779816 54 1
1700867923.780094 54 1
1700867923.790358 2974 -1
1700867923.790358 5480 -1
1700867923.790358 1514 -1
1700867923.790358 1514 -1
1700867923.790358 7354 -1
1700867923.790358 1514 -1
1700867923.790358 1514 -1
1700867923.790358 7354 -1
1700867923.790358 4434 -1
1700867923.790358 7354 -1
1700867923.790358 5894 -1
1700867923.790358 7354 -1
1700867923.790358 7354 -1
1700867923.790358 4434 -1
1700867923.790358 7354 -1
1700867923.790358 7354 -1
1700867923.790358 7354 -1
1700867923.790358 7354 -1
1700867923.790358 7354 -1
1700867923.790358 7354 -1
1700867923.790358 7354 -1
1700867923.790358 7354 -1
1700867923.790358 5894 -1
1700867923.790932 54 1
1700867923.791249 7354 -1
1700867923.791297 54 1
1700867923.792794 7354 -1
1700867923.792794 7354 -1
1700867923.792880 54 1
1700867923.793048 7354 -1
1700867923.793102 54 1
1700867923.793500 7354 -1
1700867923.793543 54 1
1700867923.794839 7354 -1
1700867923.794839 7354 -1
1700867923.794911 54 1
1700867923.796392 7354 -1
1700867923.796392 7354 -1
1700867923.796473 54 1
1700867923.796622 5894 -1
1700867923.796667 54 1
1700867923.797036 7354 -1
1700867923.797097 54 1
1700867923.798169 54 1
1700867923.799931 7354 -1
1700867923.799931 7354 -1
1700867923.799931 4434 -1
1700867923.799931 7354 -1
1700867923.799931 7354 -1
1700867923.800111 54 1
1700867923.800817 7354 -1
1700867923.800848 54 1
1700867923.801228 7354 -1
1700867923.801259 54 1
1700867923.801709 7354 -1
1700867923.801775 54 1
1700867923.802275 1514 -1
1700867923.802343 11734 -1
1700867923.802392 54 1
1700867923.803360 3886 -1
1700867923.803404 54 1
1700867925.023356 54 1
1700867925.027871 78 -1
1700867925.027871 60 -1
1700867925.027935 54 1
