1700878134.581030 66 1
1700878134.584804 66 1
1700878134.586914 66 -1
1700878134.587018 54 1
1700878134.590009 663 1
1700878134.595101 66 -1
1700878134.595311 54 1
1700878134.597075 60 -1
1700878134.597075 2780 -1
1700878134.597142 54 1
1700878134.598657 599 1
1700878134.600345 60 -1
1700878134.624691 134 1
1700878134.625784 60 -1
1700878134.626098 341 -1
1700878134.626098 341 -1
1700878134.626125 54 1
1700878134.635535 2779 -1
1700878134.635811 54 1
1700878134.653330 134 1
1700878134.654225 146 1
1700878134.654344 54 1
1700878134.655154 554 1
1700878134.655265 60 -1
1700878134.655294 235 1
1700878134.656061 60 -1
1700878134.656075 341 -1
1700878134.656126 54 1
1700878134.656704 341 -1
1700878134.657508 60 -1
1700878134.657629 60 -1
1700878134.660079 115 -1
1700878134.660257 85 -1
1700878134.660257 854 -1
1700878134.660303 54 1
1700878134.660371 7354 -1
1700878134.660419 54 1
1700878134.660780 2974 -1
1700878134.660808 54 1
1700878134.661169 2974 -1
1700878134.661205 54 1
1700878134.661254 3320 -1
1700878134.661281 54 1
1700878134.661570 85 -1
1700878134.661570 7354 -1
1700878134.661615 54 1
1700878134.661897 85 1
1700878134.662128 4434 -1
1700878134.662169 54 1
1700878134.662515 4780 -1
1700878134.662562 54 1
1700878134.663050 4434 -1
1700878134.663091 54 1
1700878134.663599 8191 -1
1700878134.663646 54 1
1700878134.665320 925 -1
1700878134.665455 6420 -1
1700878134.665492 54 1
1700878134.666162 60 -1
1700878134.800876 206 1
1700878134.800962 230 1
1700878134.801051 230 1
1700878134.801121 231 1
1700878134.801192 230 1
1700878134.801288 236 1
1700878134.801394 231 1
1700878134.801504 230 1
1700878134.801613 230 1
1700878134.808643 60 -1
1700878134.808643 60 -1
1700878134.808643 60 -1
1700878134.808643 897 -1
1700878134.808643 2974 -1
1700878134.808643 7354 -1
1700878134.808643 3438 -1
1700878134.808643 854 -1
1700878134.808643 1514 -1
1700878134.808643 6234 -1
1700878134.809138 54 1
1700878134.809385 949 -1
1700878134.809385 8105 -1
1700878134.809385 858 -1
1700878134.809385 4434 -1
1700878134.809385 7354 -1
1700878134.809385 4780 -1
1700878134.809385 7354 -1
1700878134.809544 54 1
1700878134.809678 2974 -1
1700878134.809698 54 1
1700878134.812486 6271 -1
1700878134.812486 4434 -1
1700878134.812486 7354 -1
1700878134.812486 4842 -1
1700878134.812486 5894 -1
1700878134.812698 54 1
1700878134.812796 7354 -1
1700878134.812926 54 1
1700878134.813029 7354 -1
1700878134.813082 54 1
1700878134.829388 1514 -1
1700878134.829388 7354 -1
1700878134.829388 7354 -1
1700878134.829388 2974 -1
1700878134.829388 4682 -1
1700878134.829388 930 -1
1700878134.829388 1514 -1
1700878134.829388 5894 -1
1700878134.829388 1862 -1
1700878134.829388 923 -1
1700878134.829388 7185 -1
1700878134.829388 904 -1
1700878134.829388 1514 -1
1700878134.829388 4434 -1
1700878134.829388 4016 -1
1700878134.829388 977 -1
1700878134.829388 4362 -1
1700878134.829388 6437 -1
1700878134.830432 54 1
1700878134.836049 597 -1
1700878134.836107 66 1
1700878134.840791 54 1
1700878134.842389 232 1
1700878134.845770 928 -1
1700878134.846038 6770 -1
1700878134.846085 54 1
1700878134.856701 54 1
1700878134.879952 66 1
1700878134.991651 66 -1
1700878134.991756 54 1
1700878134.992667 599 1
1700878135.106186 60 -1
1700878135.114303 2974 -1
1700878135.114303 959 -1
1700878135.114421 54 1
1700878135.123264 134 1
1700878135.124290 146 1
1700878135.125713 548 1
1700878135.234353 60 -1
1700878135.234554 341 -1
1700878135.234554 341 -1
1700878135.234611 54 1
1700878135.243569 60 -1
1700878135.243569 60 -1
1700878135.244216 85 -1
1700878135.244216 115 -1
1700878135.244291 66 1
1700878135.244364 54 1
1700878135.246225 1076 -1
1700878135.246407 596 -1
1700878135.246436 54 1
1700878135.247325 1514 -1
1700878135.247325 1514 -1
1700878135.247376 54 1
1700878135.249543 2974 -1
1700878135.249611 54 1
1700878135.250255 2974 -1
1700878135.250286 54 1
1700878135.251208 85 1
1700878135.252265 2974 -1
1700878135.252330 54 1
1700878135.262201 2974 -1
1700878135.262201 2974 -1
1700878135.262201 2974 -1
1700878135.262201 2974 -1
1700878135.262201 2974 -1
1700878135.262324 54 1
1700878135.262802 2974 -1
1700878135.262831 54 1
1700878135.264288 1514 -1
1700878135.264288 1514 -1
1700878135.264344 54 1
1700878135.266760 2974 -1
1700878135.266815 54 1
1700878135.267708 2974 -1
1700878135.267752 54 1
1700878135.291916 2974 -1
1700878135.291916 1514 -1
1700878135.291916 1514 -1
1700878135.291916 1514 -1
1700878135.291916 1514 -1
1700878135.291916 2974 -1
1700878135.291916 2974 -1
1700878135.291916 2974 -1
1700878135.291916 2974 -1
1700878135.292104 54 1
1700878135.345604 2974 -1
1700878135.345646 54 1
1700878135.346588 2974 -1
1700878135.346615 54 1
1700878135.355535 2974 -1
1700878135.355582 54 1
1700878135.356314 2974 -1
1700878135.356335 54 1
1700878135.358057 2974 -1
1700878135.358086 54 1
1700878135.359804 2974 -1
1700878135.359838 54 1
1700878135.361362 196 1
1700878135.361687 2974 -1
1700878135.361710 54 1
1700878135.363580 1514 -1
1700878135.363580 1514 -1
1700878135.363616 54 1
1700878135.365210 2974 -1
1700878135.365245 54 1
1700878135.367136 60 -1
1700878135.367136 2974 -1
1700878135.367190 54 1
1700878135.368706 2974 -1
1700878135.368751 54 1
1700878135.370653 2974 -1
1700878135.370712 54 1
1700878135.379197 2974 -1
1700878135.379197 1335 -1
1700878135.379308 54 1
1700878135.473054 60 -1
1700878135.473349 916 -1
1700878135.476748 2603 -1
1700878135.477015 54 1
1700878141.704089 54 1
1700878141.705209 54 1
1700878141.724276 78 -1
1700878141.724276 60 -1
1700878141.726271 54 1
1700878141.831511 78 -1
1700878141.831511 60 -1
1700878141.831549 54 1
1700878145.550190 66 1
1700878145.557196 66 -1
1700878145.557309 54 1
1700878145.558134 966 1
1700878145.559308 60 -1
1700878145.559775 318 -1
1700878145.561008 134 1
1700878145.561454 146 1
1700878145.562002 60 -1
1700878145.562157 341 -1
1700878145.562266 586 1
1700878145.562375 235 1
1700878145.562468 231 1
1700878145.562550 231 1
1700878145.562633 235 1
1700878145.562706 60 -1
1700878145.562706 115 -1
1700878145.562706 85 -1
1700878145.562744 54 1
1700878145.563120 85 1
1700878145.563638 60 -1
1700878145.563638 60 -1
1700878145.563638 60 -1
1700878145.563638 60 -1
1700878145.563638 60 -1
1700878145.564430 60 -1
1700878145.565620 823 -1
1700878145.565673 3332 -1
1700878145.565709 54 1
1700878145.565776 912 -1
1700878145.565820 7354 -1
1700878145.565846 54 1
1700878145.566479 3244 -1
1700878145.566521 54 1
1700878145.566713 981 -1
1700878145.566740 54 1
1700878145.566785 1514 -1
1700878145.566888 1514 -1
1700878145.566913 54 1
1700878145.567086 2297 -1
1700878145.567110 54 1
1700878145.567624 928 -1
1700878145.567624 4434 -1
1700878145.567671 54 1
1700878145.567831 4665 -1
1700878145.567856 54 1
1700878145.574605 1075 -1
1700878145.574605 697 -1
1700878145.574605 3027 -1
1700878145.574686 54 1
1700878149.551982 229 1
1700878149.552095 230 1
1700878149.552171 234 1
1700878149.552881 231 1
1700878149.552969 230 1
1700878149.553030 225 1
1700878149.555343 60 -1
1700878149.555343 60 -1
1700878149.555343 60 -1
1700878149.555557 60 -1
1700878149.555557 60 -1
1700878149.555557 60 -1
1700878149.559622 857 -1
1700878149.559622 13194 -1
1700878149.559689 54 1
1700878149.560377 3320 -1
1700878149.560417 54 1
1700878149.560654 1514 -1
1700878149.560679 54 1
1700878149.566209 984 -1
1700878149.566404 859 -1
1700878149.566443 54 1
1700878149.566489 5362 -1
1700878149.566537 54 1
1700878149.566616 854 -1
1700878149.566641 3387 -1
1700878149.566656 54 1
1700878149.566930 1053 -1
1700878149.567018 732 -1
1700878149.567040 54 1
1700878149.567076 7061 -1
1700878149.567119 54 1
1700878149.586667 931 -1
1700878149.586667 7354 -1
1700878149.586667 1514 -1
1700878149.586667 4106 -1
1700878149.586667 980 -1
1700878149.586667 811 -1
1700878149.586667 3401 -1
1700878149.586805 54 1
1700878149.600185 481 -1
1700878149.600256 66 1
1700878151.175692 258 1
1700878151.175797 230 1
1700878151.176820 231 1
1700878151.177030 235 1
1700878151.182033 256 1
1700878151.189806 60 -1
1700878151.189806 855 -1
1700878151.189806 5894 -1
1700878151.189806 2974 -1
1700878151.189806 4434 -1
1700878151.189806 3320 -1
1700878151.189806 1514 -1
1700878151.189806 5059 -1
1700878151.189985 54 1
1700878151.195408 89 1
1700878151.210682 982 -1
1700878151.210682 803 -1
1700878151.210682 1052 -1
1700878151.210682 732 -1
1700878151.210682 1057 -1
1700878151.210682 720 -1
1700878151.210682 1514 -1
1700878151.210682 3656 -1
1700878151.210682 10274 -1
1700878151.210682 6240 -1
1700878151.210682 7354 -1
1700878151.210682 7354 -1
1700878151.210682 1891 -1
1700878151.210682 891 -1
1700878151.210682 10274 -1
1700878151.210682 7354 -1
1700878151.210682 2974 -1
1700878151.210682 7354 -1
1700878151.210682 2974 -1
1700878151.210682 1514 -1
1700878151.210682 777 -1
1700878151.210682 7354 -1
1700878151.210682 7354 -1
1700878151.210682 7354 -1
1700878151.210682 7354 -1
1700878151.210682 4434 -1
1700878151.210682 7354 -1
1700878151.210682 5894 -1
1700878151.210682 2645 -1
1700878151.210682 85 -1
1700878151.210682 7354 -1
1700878151.210682 7354 -1
1700878151.210682 7354 -1
1700878151.210682 7354 -1
1700878151.210682 3728 -1
1700878151.210682 7354 -1
1700878151.210682 7354 -1
1700878151.210682 7354 -1
1700878151.210682 7354 -1
1700878151.211321 54 1
1700878151.211440 54 1
1700878151.211481 7354 -1
1700878151.211509 54 1
1700878151.211759 7354 -1
1700878151.211786 54 1
1700878151.212421 54 1
1700878151.215320 7354 -1
1700878151.215320 1514 -1
1700878151.215320 5894 -1
1700878151.215320 4434 -1
1700878151.215320 1514 -1
1700878151.215320 7354 -1
1700878151.215320 7354 -1
1700878151.215320 1514 -1
1700878151.215462 54 1
1700878151.219407 7354 -1
1700878151.219407 7354 -1
1700878151.219407 7354 -1
1700878151.219407 7354 -1
1700878151.219407 7354 -1
1700878151.219407 7354 -1
1700878151.219642 54 1
1700878151.220933 2974 -1
1700878151.220933 1497 -1
1700878151.220933 4494 -1
1700878151.220933 7354 -1
1700878151.220933 7354 -1
1700878151.221048 54 1
1700878151.221152 21954 -1
1700878151.221220 54 1
1700878151.222819 5903 -1
1700878151.222854 54 1
1700878151.223548 7354 -1
1700878151.223577 54 1
1700878151.224317 54 1
1700878151.227254 1514 -1
1700878151.227254 13194 -1
1700878151.227254 5894 -1
1700878151.227254 1514 -1
1700878151.227254 5894 -1
1700878151.227254 2974 -1
1700878151.227254 20494 -1
1700878151.227463 66 1
1700878151.227533 66 1
1700878151.227568 66 1
1700878151.227611 74 1
1700878151.227664 74 1
1700878151.227710 74 1
1700878151.228322 7354 -1
1700878151.228381 74 1
1700878151.228794 7354 -1
1700878151.228883 74 1
1700878151.238556 7354 -1
1700878151.238556 5894 -1
1700878151.238556 2974 -1
1700878151.238556 7354 -1
1700878151.238556 7354 -1
1700878151.238556 7354 -1
1700878151.238556 1514 -1
1700878151.238556 1514 -1
1700878151.238556 7354 -1
1700878151.238556 1514 -1
1700878151.238556 7354 -1
1700878151.238556 2974 -1
1700878151.238556 7354 -1
1700878151.238556 7354 -1
1700878151.238556 4434 -1
1700878151.238556 7354 -1
1700878151.238556 2974 -1
1700878151.238556 7354 -1
1700878151.238556 2974 -1
1700878151.238556 1514 -1
1700878151.238556 2974 -1
1700878151.238556 7354 -1
1700878151.238840 74 1
1700878151.238906 74 1
1700878151.238951 74 1
1700878151.239022 74 1
1700878151.239107 74 1
1700878151.239178 74 1
1700878151.239235 74 1
1700878151.239259 74 1
1700878151.239308 74 1
1700878151.239338 74 1
1700878151.239396 74 1
1700878151.239443 74 1
1700878151.239509 74 1
1700878151.239535 74 1
1700878151.239558 74 1
1700878151.239596 74 1
1700878151.239621 74 1
1700878151.239656 74 1
1700878151.239677 74 1
1700878151.239709 74 1
1700878151.239740 74 1
1700878151.239781 74 1
1700878151.239850 2974 -1
1700878151.239850 4198 -1
1700878151.239850 7354 -1
1700878151.239897 74 1
1700878151.239917 74 1
1700878151.239935 74 1
1700878151.242248 7354 -1
1700878151.242248 7354 -1
1700878151.242248 7354 -1
1700878151.242248 2974 -1
1700878151.242248 1514 -1
1700878151.242248 1514 -1
1700878151.242248 2974 -1
1700878151.242415 74 1
1700878151.242541 74 1
1700878151.242583 74 1
1700878151.242614 74 1
1700878151.242648 74 1
1700878151.242672 74 1
1700878151.242698 74 1
1700878151.242736 2974 -1
1700878151.242768 74 1
1700878151.246663 1514 -1
1700878151.246663 4434 -1
1700878151.246663 4434 -1
1700878151.246663 1514 -1
1700878151.246663 4434 -1
1700878151.246663 3672 -1
1700878151.246663 1514 -1
1700878151.246791 74 1
1700878151.246918 66 1
1700878151.247211 66 1
1700878151.247267 66 1
1700878151.247293 66 1
1700878151.247323 66 1
1700878151.247546 54 1
1700878151.718344 54 1
1700878151.721754 78 -1
1700878151.721754 60 -1
1700878151.721859 54 1
1700878154.798495 66 1
1700878154.804482 66 -1
1700878154.804629 54 1
1700878154.815243 902 1
1700878154.817792 60 -1
1700878154.818815 318 -1
1700878154.821693 134 1
1700878154.823234 146 1
1700878154.823345 60 -1
1700878154.823345 341 -1
1700878154.824463 584 1
1700878154.824573 257 1
1700878154.824810 235 1
1700878154.824906 257 1
1700878154.825015 60 -1
1700878154.825015 115 -1
1700878154.825213 85 -1
1700878154.825219 230 1
1700878154.825256 54 1
1700878154.825356 229 1
1700878154.825458 260 1
1700878154.825776 60 -1
1700878154.825776 60 -1
1700878154.826596 85 1
1700878154.826716 60 -1
1700878154.826716 60 -1
1700878154.826716 60 -1
1700878154.826716 60 -1
1700878154.826716 60 -1
1700878154.830665 60 -1
1700878154.831514 936 -1
1700878154.831514 1514 -1
1700878154.831514 7354 -1
1700878154.831627 54 1
1700878154.832336 7700 -1
1700878154.832372 54 1
1700878154.840593 7354 -1
1700878154.840593 2974 -1
1700878154.840593 5894 -1
1700878154.840593 431 -1
1700878154.840593 85 -1
1700878154.840593 7354 -1
1700878154.840593 7354 -1
1700878154.840593 7354 -1
1700878154.840593 4434 -1
1700878154.840593 7354 -1
1700878154.840593 7354 -1
1700878154.840593 2974 -1
1700878154.840593 7354 -1
1700878154.840593 1514 -1
1700878154.840593 1514 -1
1700878154.840593 1514 -1
1700878154.840593 7354 -1
1700878154.840593 2974 -1
1700878154.840593 10274 -1
1700878154.840940 54 1
1700878154.840965 54 1
1700878154.842932 7354 -1
1700878154.842932 2974 -1
1700878154.842932 7354 -1
1700878154.843026 54 1
1700878154.844206 2974 -1
1700878154.844206 5894 -1
1700878154.844268 54 1
1700878154.844594 7354 -1
1700878154.844651 54 1
1700878154.850036 4434 -1
1700878154.850036 5894 -1
1700878154.850036 10274 -1
1700878154.850036 7354 -1
1700878154.850036 7354 -1
1700878154.850036 1514 -1
1700878154.850036 4434 -1
1700878154.850036 7354 -1
1700878154.850036 4434 -1
1700878154.850036 2974 -1
1700878154.850036 7354 -1
1700878154.850284 54 1
1700878154.852720 1514 -1
1700878154.852720 2974 -1
1700878154.852720 5894 -1
1700878154.852720 1514 -1
1700878154.852720 7354 -1
1700878154.852720 7354 -1
1700878154.852720 7354 -1
1700878154.852875 54 1
1700878154.853429 7354 -1
1700878154.853475 54 1
1700878154.853722 1514 -1
1700878154.854001 1514 -1
1700878154.854030 54 1
1700878154.854377 7354 -1
1700878154.854413 54 1
1700878154.854531 7354 -1
1700878154.854562 54 1
1700878154.855227 7354 -1
1700878154.855257 54 1
1700878154.860944 7354 -1
1700878154.860944 803 -1
1700878154.860944 5894 -1
1700878154.860944 7354 -1
1700878154.860944 7354 -1
1700878154.860944 5894 -1
1700878154.860944 4434 -1
1700878154.860944 4434 -1
1700878154.860944 7354 -1
1700878154.860944 1514 -1
1700878154.860944 7354 -1
1700878154.860944 7354 -1
1700878154.861224 54 1
1700878154.865528 2974 -1
1700878154.865528 1514 -1
1700878154.865528 1514 -1
1700878154.865528 7354 -1
1700878154.865528 8814 -1
1700878154.865528 14654 -1
1700878154.865528 4434 -1
1700878154.865528 1514 -1
1700878154.865528 1514 -1
1700878154.865528 1514 -1
1700878154.865528 1514 -1
1700878154.865528 7354 -1
1700878154.865800 54 1
1700878154.865905 2974 -1
1700878154.865939 54 1
1700878154.877694 10274 -1
1700878154.877694 2974 -1
1700878154.877694 7354 -1
1700878154.877694 7354 -1
1700878154.877694 7354 -1
1700878154.877694 7354 -1
1700878154.877694 1514 -1
1700878154.877694 16114 -1
1700878154.877694 2974 -1
1700878154.877694 5894 -1
1700878154.877694 5894 -1
1700878154.877694 1514 -1
1700878154.877694 1514 -1
1700878154.877694 7354 -1
1700878154.877694 7354 -1
1700878154.877694 1514 -1
1700878154.877694 5894 -1
1700878154.877694 7354 -1
1700878154.877694 2974 -1
1700878154.877694 7354 -1
1700878154.877694 7354 -1
1700878154.877694 7354 -1
1700878154.877694 7354 -1
1700878154.878275 54 1
1700878154.878666 54 1
1700878154.879066 2974 -1
1700878154.879066 4434 -1
1700878154.879066 7354 -1
1700878154.879066 7354 -1
1700878154.879129 54 1
1700878154.882904 7354 -1
1700878154.882904 4434 -1
1700878154.882904 7354 -1
1700878154.882904 5894 -1
1700878154.882904 7354 -1
1700878154.882904 7354 -1
1700878154.883076 54 1
1700878154.883541 2974 -1
1700878154.883541 2974 -1
1700878154.883541 10274 -1
1700878154.883598 54 1
1700878154.884382 7354 -1
1700878154.884434 54 1
1700878154.884846 4434 -1
1700878154.884870 54 1
1700878154.888318 7354 -1
1700878154.888318 5894 -1
1700878154.888318 2974 -1
1700878154.888318 7354 -1
1700878154.888318 7354 -1
1700878154.888318 11734 -1
1700878154.888490 54 1
1700878154.891963 7354 -1
1700878154.891963 7354 -1
1700878154.891963 7354 -1
1700878154.891963 4257 -1
1700878154.892088 54 1
1700878154.917377 54 1
1700878156.373471 262 1
1700878156.376943 222 1
1700878156.377540 230 1
1700878156.377608 230 1
1700878156.377674 234 1
1700878156.378042 934 -1
1700878156.378042 8814 -1
1700878156.378154 54 1
1700878156.402784 7354 -1
1700878156.402784 400 -1
1700878156.402784 4434 -1
1700878156.402784 7354 -1
1700878156.402784 1514 -1
1700878156.402784 3351 -1
1700878156.402784 4434 -1
1700878156.402784 7354 -1
1700878156.402784 4434 -1
1700878156.402784 7354 -1
1700878156.402784 4434 -1
1700878156.402784 5894 -1
1700878156.402784 4434 -1
1700878156.402784 2974 -1
1700878156.402784 7354 -1
1700878156.402784 19034 -1
1700878156.402784 7354 -1
1700878156.402784 1514 -1
1700878156.402784 7354 -1
1700878156.402784 7354 -1
1700878156.402784 7354 -1
1700878156.402784 7354 -1
1700878156.402784 1514 -1
1700878156.402784 7354 -1
1700878156.402784 60 -1
1700878156.402784 14654 -1
1700878156.402784 7354 -1
1700878156.402784 7354 -1
1700878156.402784 7354 -1
1700878156.402784 1514 -1
1700878156.402784 1514 -1
1700878156.402784 2974 -1
1700878156.402784 7354 -1
1700878156.402784 7354 -1
1700878156.402784 2974 -1
1700878156.403481 54 1
1700878156.403596 54 1
1700878156.403633 4434 -1
1700878156.403655 54 1
1700878156.404594 54 1
1700878156.413050 2974 -1
1700878156.413050 7354 -1
1700878156.413050 7354 -1
1700878156.413050 7354 -1
1700878156.413050 5894 -1
1700878156.413050 7354 -1
1700878156.413050 2974 -1
1700878156.413050 1672 -1
1700878156.413201 54 1
1700878158.057490 231 1
1700878158.065211 222 1
1700878158.065338 230 1
1700878158.065447 256 1
1700878158.066810 257 1
1700878158.066894 231 1
1700878158.067344 928 -1
1700878158.067344 2974 -1
1700878158.067344 7354 -1
1700878158.067344 2974 -1
1700878158.067344 6193 -1
1700878158.067496 54 1
1700878158.074073 60 -1
1700878158.076798 930 -1
1700878158.076798 3769 -1
1700878158.076798 861 -1
1700878158.076798 13194 -1
1700878158.076943 54 1
1700878158.078495 7354 -1
1700878158.078495 1514 -1
1700878158.078495 4434 -1
1700878158.078559 54 1
1700878158.079833 13194 -1
1700878158.079975 54 1
1700878158.080048 7354 -1
1700878158.080095 54 1
1700878158.081357 5894 -1
1700878158.081394 54 1
1700878158.081524 7354 -1
1700878158.081550 54 1
1700878158.088248 5894 -1
1700878158.088248 1514 -1
1700878158.088248 11734 -1
1700878158.088248 7354 -1
1700878158.088248 5894 -1
1700878158.088248 4434 -1
1700878158.088248 5894 -1
1700878158.088248 1514 -1
1700878158.088248 7354 -1
1700878158.088248 7354 -1
1700878158.088248 1514 -1
1700878158.088248 7354 -1
1700878158.088532 54 1
1700878158.091752 7354 -1
1700878158.091752 1514 -1
1700878158.091752 7354 -1
1700878158.091752 7354 -1
1700878158.091752 1514 -1
1700878158.091752 7354 -1
1700878158.091752 5894 -1
1700878158.091752 2974 -1
1700878158.091752 7354 -1
1700878158.091752 7354 -1
1700878158.091943 54 1
1700878158.100421 1514 -1
1700878158.100421 7354 -1
1700878158.100421 5894 -1
1700878158.100421 2974 -1
1700878158.100421 2974 -1
1700878158.100421 7354 -1
1700878158.100421 5894 -1
1700878158.100421 4434 -1
1700878158.100421 7354 -1
1700878158.100421 4434 -1
1700878158.100421 4434 -1
1700878158.100421 7354 -1
1700878158.100421 4434 -1
1700878158.100421 7354 -1
1700878158.100421 1514 -1
1700878158.100421 7354 -1
1700878158.100421 7354 -1
1700878158.100421 5894 -1
1700878158.100421 2974 -1
1700878158.100720 54 1
1700878158.101206 54 1
1700878158.101541 2974 -1
1700878158.101541 7354 -1
1700878158.101541 2501 -1
1700878158.101587 54 1
1700878158.102580 54 1
1700878159.659853 229 1
1700878159.660243 231 1
1700878159.661444 231 1
1700878159.661542 60 -1
1700878159.662801 231 1
1700878159.663928 927 -1
1700878159.663994 221 1
1700878159.664109 4434 -1
1700878159.664143 54 1
1700878159.664256 3396 -1
1700878159.664283 54 1
1700878159.666305 926 -1
1700878159.666357 2974 -1
1700878159.666392 54 1
1700878159.666478 5165 -1
1700878159.666515 54 1
1700878159.666647 230 1
1700878159.666742 230 1
1700878159.668691 927 -1
1700878159.668806 4434 -1
1700878159.668826 54 1
1700878159.668986 60 -1
1700878159.671671 928 -1
1700878159.671671 1514 -1
1700878159.671671 6563 -1
1700878159.671754 54 1
1700878159.672880 1008 -1
1700878159.672880 2974 -1
1700878159.672880 5750 -1
1700878159.672880 906 -1
1700878159.672880 4434 -1
1700878159.672956 54 1
1700878159.673335 5894 -1
1700878159.673382 54 1
1700878159.673733 2974 -1
1700878159.673762 54 1
1700878159.675208 1514 -1
1700878159.675208 7354 -1
1700878159.675208 4434 -1
1700878159.675272 54 1
1700878159.678497 169 -1
1700878159.678497 1077 -1
1700878159.678497 7871 -1
1700878159.678606 54 1
1700878161.727472 54 1
1700878161.738615 78 -1
1700878161.738615 60 -1
1700878161.738662 54 1
1700878161.744066 60 -1
1700878164.626071 66 1
1700878164.628922 66 -1
1700878164.629083 54 1
1700878164.630501 902 1
1700878164.635839 60 -1
1700878164.636916 318 -1
1700878164.638019 134 1
1700878164.638412 146 1
1700878164.639572 60 -1
1700878164.639671 60 -1
1700878164.639882 580 1
1700878164.640008 232 1
1700878164.640125 223 1
1700878164.640223 229 1
1700878164.640340 222 1
1700878164.640437 231 1
1700878164.640552 232 1
1700878164.641544 60 -1
1700878164.642581 60 -1
1700878164.642581 60 -1
1700878164.642581 60 -1
1700878164.642581 60 -1
1700878164.642581 60 -1
1700878164.642581 60 -1
1700878164.642648 341 -1
1700878164.645314 115 -1
1700878164.645314 85 -1
1700878164.645314 932 -1
1700878164.645314 1514 -1
1700878164.645314 7354 -1
1700878164.645314 1529 -1
1700878164.645314 860 -1
1700878164.645412 54 1
1700878164.645583 7354 -1
1700878164.645617 54 1
1700878164.645937 7354 -1
1700878164.645975 54 1
1700878164.647038 85 1
1700878164.647543 163 -1
1700878164.647543 7354 -1
1700878164.647543 3493 -1
1700878164.647543 953 -1
1700878164.647543 9852 -1
1700878164.647647 54 1
1700878164.648366 953 -1
1700878164.648366 4434 -1
1700878164.648419 54 1
1700878164.648692 1514 -1
1700878164.648732 54 1
1700878164.650233 2974 -1
1700878164.650233 1639 -1
1700878164.650233 898 -1
1700878164.650233 7354 -1
1700878164.650233 7354 -1
1700878164.650361 54 1
1700878164.650437 1860 -1
1700878164.650461 54 1
1700878164.653373 4918 -1
1700878164.653373 60 -1
1700878164.653373 896 -1
1700878164.653373 5894 -1
1700878164.653373 3539 -1
1700878164.653482 54 1
1700878166.310216 66 1
1700878166.317048 229 1
1700878166.317868 230 1
1700878166.324430 60 -1
1700878166.324430 60 -1
1700878166.363588 1084 -1
1700878166.363588 691 -1
1700878166.363671 54 1
1700878166.364979 7354 -1
1700878166.365051 54 1
1700878166.365484 5894 -1
1700878166.365527 54 1
1700878166.365939 769 -1
1700878166.365965 54 1
1700878166.378420 928 -1
1700878166.378420 1514 -1
1700878166.378420 7354 -1
1700878166.378573 54 1
1700878166.378763 1290 -1
1700878166.378798 54 1
1700878166.420695 66 -1
1700878166.420876 54 1
1700878166.427558 934 1
1700878166.538443 318 -1
1700878166.538443 60 -1
1700878166.538555 54 1
1700878166.540291 134 1
1700878166.540847 146 1
1700878166.542470 584 1
1700878166.542569 228 1
1700878166.542640 228 1
1700878166.542817 228 1
1700878166.542937 232 1
1700878166.649836 60 -1
1700878166.649919 341 -1
1700878166.650661 60 -1
1700878166.650661 115 -1
1700878166.650661 85 -1
1700878166.650725 54 1
1700878166.650891 85 1
1700878166.652409 60 -1
1700878166.652409 60 -1
1700878166.652409 60 -1
1700878166.652512 60 -1
1700878166.652512 60 -1
1700878166.655691 1206 -1
1700878166.655771 54 1
1700878166.655840 441 -1
1700878166.655866 54 1
1700878166.656646 1197 -1
1700878166.656690 54 1
1700878166.656738 2974 -1
1700878166.656763 54 1
1700878166.658718 1514 -1
1700878166.658718 1514 -1
1700878166.658788 54 1
1700878166.660427 2974 -1
1700878166.660476 54 1
1700878166.662277 2974 -1
1700878166.662343 54 1
1700878166.663826 2974 -1
1700878166.663869 54 1
1700878166.665540 2974 -1
1700878166.665597 54 1
1700878166.667370 2974 -1
1700878166.667415 54 1
1700878166.669269 2974 -1
1700878166.669316 54 1
1700878166.670914 2974 -1
1700878166.671059 54 1
1700878166.672676 2974 -1
1700878166.672758 54 1
1700878166.678243 2974 -1
1700878166.678243 2974 -1
1700878166.678243 2974 -1
1700878166.678342 54 1
1700878166.684885 2974 -1
1700878166.684885 2974 -1
1700878166.684885 690 -1
1700878166.684997 54 1
1700878166.806456 60 -1
1700878167.888569 236 1
1700878167.889235 228 1
1700878167.890793 227 1
1700878167.890882 227 1
1700878167.891963 226 1
1700878167.892058 218 1
1700878167.893751 230 1
1700878167.894368 60 -1
1700878167.904560 898 -1
1700878167.904560 3587 -1
1700878167.904645 54 1
1700878168.003017 60 -1
1700878168.003017 60 -1
1700878168.003017 60 -1
1700878168.003017 60 -1
1700878168.007814 60 -1
1700878168.007814 60 -1
1700878168.007814 1179 -1
1700878168.007814 476 -1
1700878168.007814 1205 -1
1700878168.007814 2974 -1
1700878168.007954 54 1
1700878168.009399 2974 -1
1700878168.009444 54 1
1700878168.019949 2974 -1
1700878168.019949 2974 -1
1700878168.019949 2974 -1
1700878168.020097 54 1
1700878168.024822 2974 -1
1700878168.024822 1514 -1
1700878168.024822 1514 -1
1700878168.024822 2974 -1
1700878168.024822 2974 -1
1700878168.024822 2974 -1
1700878168.024822 2974 -1
1700878168.025000 54 1
1700878168.027345 2974 -1
1700878168.027421 54 1
1700878168.028015 2974 -1
1700878168.028047 54 1
1700878168.029904 2974 -1
1700878168.029967 54 1
1700878168.033645 2974 -1
1700878168.033645 2974 -1
1700878168.033738 54 1
1700878168.035688 2974 -1
1700878168.035735 54 1
1700878168.037303 2974 -1
1700878168.037344 54 1
1700878168.038925 2974 -1
1700878168.038976 54 1
1700878168.040532 2974 -1
1700878168.040573 54 1
1700878168.042659 2974 -1
1700878168.042708 54 1
1700878168.044306 2974 -1
1700878168.044357 54 1
1700878168.046315 2974 -1
1700878168.046379 54 1
1700878168.047618 2974 -1
1700878168.047667 54 1
1700878168.049541 2974 -1
1700878168.049584 54 1
1700878168.051368 2974 -1
1700878168.051414 54 1
1700878168.053306 135 -1
1700878168.094378 54 1
1700878169.514700 222 1
1700878169.514833 231 1
1700878169.514917 232 1
1700878169.515010 232 1
1700878169.515962 230 1
1700878169.516926 228 1
1700878169.518504 60 -1
1700878169.518504 60 -1
1700878169.518504 60 -1
1700878169.518504 60 -1
1700878169.518504 60 -1
1700878169.520485 932 -1
1700878169.520485 6301 -1
1700878169.520582 54 1
1700878169.531597 931 -1
1700878169.531597 5996 -1
1700878169.531597 959 -1
1700878169.531597 7354 -1
1700878169.531597 5002 -1
1700878169.531597 929 -1
1700878169.531597 8662 -1
1700878169.531780 54 1
1700878169.581378 1050 -1
1700878169.581378 731 -1
1700878169.581378 8370 -1
1700878169.581519 54 1
1700878169.596409 1070 -1
1700878169.596479 66 1
1700878169.631057 60 -1
1700878169.631057 1201 -1
1700878169.631057 440 -1
1700878169.631057 2974 -1
1700878169.631338 54 1
1700878169.632262 2974 -1
1700878169.632294 54 1
1700878169.634047 2974 -1
1700878169.634895 54 1
1700878169.637090 629 -1
1700878169.682682 54 1
1700878171.128323 219 1
1700878171.129337 228 1
1700878171.130915 226 1
1700878171.131019 221 1
1700878171.131583 218 1
1700878171.131673 225 1
1700878171.131771 222 1
1700878171.131872 220 1
1700878171.240580 60 -1
1700878171.240580 60 -1
1700878171.240828 60 -1
1700878171.240828 60 -1
1700878171.241103 60 -1
1700878171.241522 60 -1
1700878171.241522 60 -1
1700878171.241522 60 -1
1700878171.243945 1174 -1
1700878171.244348 479 -1
1700878171.244382 54 1
1700878171.244642 2974 -1
1700878171.244662 54 1
1700878171.246421 2974 -1
1700878171.246471 54 1
1700878171.248100 2243 -1
1700878171.248423 54 1
1700878171.249555 2974 -1
1700878171.249609 54 1
1700878171.251345 2974 -1
1700878171.251397 54 1
1700878171.253077 2974 -1
1700878171.253261 54 1
1700878171.254722 2974 -1
1700878171.254758 54 1
1700878171.256565 2974 -1
1700878171.256760 54 1
1700878171.258261 2974 -1
1700878171.258363 54 1
1700878171.260073 2974 -1
1700878171.260772 54 1
1700878171.261959 2974 -1
1700878171.262002 54 1
1700878171.263900 2974 -1
1700878171.263967 54 1
1700878171.265624 2974 -1
1700878171.265683 54 1
1700878171.267221 2974 -1
1700878171.267280 54 1
1700878171.269373 2974 -1
1700878171.269443 54 1
1700878171.276637 2974 -1
1700878171.276637 2974 -1
1700878171.276637 1514 -1
1700878171.276637 1514 -1
1700878171.276637 2974 -1
1700878171.276781 54 1
1700878171.298240 2974 -1
1700878171.298240 2974 -1
1700878171.298240 2330 -1
1700878171.298353 54 1
1700878171.310685 1177 -1
1700878171.310685 486 -1
1700878171.310685 1514 -1
1700878171.310685 1514 -1
1700878171.310838 54 1
1700878171.312214 2974 -1
1700878171.312265 54 1
1700878171.312618 2523 -1
1700878171.312655 54 1
1700878171.729988 54 1
1700878171.730344 54 1
1700878171.732015 78 -1
1700878171.732015 60 -1
1700878171.732068 54 1
1700878171.844416 78 -1
1700878171.844416 60 -1
1700878171.844520 54 1
1700878176.576264 66 1
1700878176.694115 66 -1
1700878176.694487 54 1
1700878176.695924 870 1
1700878176.808705 60 -1
1700878176.808705 318 -1
1700878176.809771 134 1
1700878176.810303 146 1
1700878176.811233 599 1
1700878176.811328 221 1
1700878176.811412 229 1
1700878176.811521 219 1
1700878176.811610 231 1
1700878176.811711 221 1
1700878176.811811 221 1
1700878176.811909 222 1
1700878176.924722 60 -1
1700878176.924722 60 -1
1700878176.924722 60 -1
1700878176.924722 60 -1
1700878176.924722 60 -1
1700878176.924889 60 -1
1700878176.924889 60 -1
1700878176.924889 60 -1
1700878176.924889 60 -1
1700878176.924889 60 -1
1700878176.924889 341 -1
1700878176.926274 115 -1
1700878176.926274 85 -1
1700878176.926336 54 1
1700878176.926791 85 1
1700878176.927678 1198 -1
1700878176.927736 54 1
1700878176.927943 445 -1
1700878176.927977 54 1
1700878176.928350 2974 -1
1700878176.928375 54 1
1700878176.930324 1290 -1
1700878176.933860 2974 -1
1700878176.933860 2974 -1
1700878176.933974 54 1
1700878176.934136 1514 -1
1700878176.934136 1514 -1
1700878176.934342 54 1
1700878176.936048 2974 -1
1700878176.936098 54 1
1700878176.938097 2974 -1
1700878176.938168 54 1
1700878176.939518 2974 -1
1700878176.939569 54 1
1700878176.941435 2974 -1
1700878176.941509 54 1
1700878176.942828 2974 -1
1700878176.942892 54 1
1700878176.944592 2974 -1
1700878176.944649 54 1
1700878176.946411 2974 -1
1700878176.946463 54 1
1700878176.947944 2974 -1
1700878176.947992 54 1
1700878176.949663 2974 -1
1700878176.949709 54 1
1700878176.951491 1514 -1
1700878176.951491 1514 -1
1700878176.951554 54 1
1700878176.953309 2974 -1
1700878176.953363 54 1
1700878176.954936 1514 -1
1700878176.955003 54 1
1700878176.955044 1514 -1
1700878176.955066 54 1
1700878176.956963 2974 -1
1700878176.957011 54 1
1700878176.960498 2974 -1
1700878176.960568 54 1
1700878176.963370 2974 -1
1700878176.963450 54 1
1700878176.964136 2974 -1
1700878176.964318 54 1
1700878177.034480 2974 -1
1700878177.034602 54 1
1700878177.035320 2974 -1
1700878177.035390 54 1
1700878177.037011 2974 -1
1700878177.037068 54 1
1700878177.038750 60 -1
1700878177.038750 2974 -1
1700878177.038804 54 1
1700878177.040670 2974 -1
1700878177.040710 54 1
1700878177.042863 1514 -1
1700878177.042863 1514 -1
1700878177.042905 54 1
1700878177.043879 2974 -1
1700878177.043927 54 1
1700878177.045636 2974 -1
1700878177.045693 54 1
1700878177.047379 2974 -1
1700878177.047443 54 1
1700878177.049134 2974 -1
1700878177.049184 54 1
1700878177.050804 2974 -1
1700878177.050848 54 1
1700878177.052581 2974 -1
1700878177.052641 54 1
1700878177.054271 2974 -1
1700878177.054303 54 1
1700878177.056029 2974 -1
1700878177.056071 54 1
1700878177.057975 2974 -1
1700878177.058025 54 1
1700878177.059469 2974 -1
1700878177.059520 54 1
1700878177.061299 2974 -1
1700878177.061360 54 1
1700878177.062896 2974 -1
1700878177.062941 54 1
1700878177.064720 2974 -1
1700878177.064762 54 1
1700878177.066488 2974 -1
1700878177.066538 54 1
1700878177.068179 2974 -1
1700878177.068215 54 1
1700878177.069837 2974 -1
1700878177.069876 54 1
1700878177.071817 2974 -1
1700878177.071877 54 1
1700878177.073611 2974 -1
1700878177.073676 54 1
1700878177.075069 2974 -1
1700878177.075111 54 1
1700878177.076780 2974 -1
1700878177.076853 54 1
1700878177.078687 2974 -1
1700878177.078733 54 1
1700878177.080711 2974 -1
1700878177.080755 54 1
1700878177.084415 2974 -1
1700878177.084415 2974 -1
1700878177.084533 54 1
1700878177.092699 2974 -1
1700878177.092699 175 -1
1700878177.092801 54 1
1700878178.259230 229 1
1700878178.259361 227 1
1700878178.259500 230 1
1700878178.259653 219 1
1700878178.260880 227 1
1700878178.261840 226 1
1700878178.263465 226 1
1700878178.265003 221 1
1700878178.369144 60 -1
1700878178.369337 60 -1
1700878178.373751 60 -1
1700878178.373751 60 -1
1700878178.373751 60 -1
1700878178.373751 60 -1
1700878178.373751 60 -1
1700878178.373751 60 -1
1700878178.373751 1198 -1
1700878178.374852 447 -1
1700878178.374852 1180 -1
1700878178.374852 1999 -1
1700878178.374907 54 1
1700878178.375801 2974 -1
1700878178.375910 54 1
1700878178.379733 2974 -1
1700878178.379733 2974 -1
1700878178.379817 54 1
1700878178.381401 2974 -1
1700878178.381460 54 1
1700878178.384211 2974 -1
1700878178.384211 2974 -1
1700878178.384282 54 1
1700878178.384714 2974 -1
1700878178.384737 54 1
1700878178.385786 2974 -1
1700878178.385818 54 1
1700878178.387004 2974 -1
1700878178.387050 54 1
1700878178.388667 2974 -1
1700878178.388716 54 1
1700878178.392361 2974 -1
1700878178.392361 2974 -1
1700878178.392477 54 1
1700878178.392727 2974 -1
1700878178.392756 54 1
1700878178.397625 2974 -1
1700878178.397625 2974 -1
1700878178.397625 2974 -1
1700878178.397928 54 1
1700878178.398464 2974 -1
1700878178.398530 54 1
1700878178.399939 2974 -1
1700878178.399974 54 1
1700878178.402628 2974 -1
1700878178.402628 2974 -1
1700878178.402713 54 1
1700878178.404042 2974 -1
1700878178.404090 54 1
1700878178.421280 2974 -1
1700878178.421280 2974 -1
1700878178.421280 2974 -1
1700878178.421280 2974 -1
1700878178.421280 547 -1
1700878178.421418 54 1
1700878180.005193 218 1
1700878180.016337 228 1
1700878180.018817 228 1
1700878180.018915 229 1
1700878180.018978 230 1
1700878180.019042 220 1
1700878180.019292 219 1
1700878180.019372 229 1
1700878180.116564 1198 -1
1700878180.116827 446 -1
1700878180.116866 54 1
1700878180.116915 2974 -1
1700878180.116943 54 1
1700878180.118889 2974 -1
1700878180.118951 54 1
1700878180.120594 2397 -1
1700878180.120658 54 1
1700878180.127749 1177 -1
1700878180.128043 480 -1
1700878180.128043 2974 -1
1700878180.128105 54 1
1700878180.129390 2974 -1
1700878180.129443 54 1
1700878180.130725 2974 -1
1700878180.130775 54 1
1700878180.132045 60 -1
1700878180.132090 2974 -1
1700878180.132134 54 1
1700878180.133643 2309 -1
1700878180.133696 54 1
1700878180.134655 2974 -1
1700878180.134691 54 1
1700878180.136137 2974 -1
1700878180.136301 54 1
1700878180.137482 2974 -1
1700878180.137522 54 1
1700878180.139371 2974 -1
1700878180.139429 54 1
1700878180.140465 2974 -1
1700878180.140520 54 1
1700878180.141875 2974 -1
1700878180.141936 54 1
1700878180.143193 2974 -1
1700878180.143237 54 1
1700878180.144709 1514 -1
1700878180.144709 1514 -1
1700878180.144768 54 1
1700878180.146297 2974 -1
1700878180.146333 54 1
1700878180.147614 2974 -1
1700878180.147671 54 1
1700878180.149100 2974 -1
1700878180.149155 54 1
1700878180.150793 2974 -1
1700878180.150848 54 1
1700878180.151692 2974 -1
1700878180.151725 54 1
1700878180.153122 2974 -1
1700878180.153313 54 1
1700878180.155896 2974 -1
1700878180.155975 54 1
1700878180.156026 2974 -1
1700878180.156055 54 1
1700878180.157586 2974 -1
1700878180.157635 54 1
1700878180.158896 2974 -1
1700878180.158942 54 1
1700878180.160593 2974 -1
1700878180.160650 54 1
1700878180.162557 2974 -1
1700878180.162612 54 1
1700878180.163310 2974 -1
1700878180.163337 54 1
1700878180.165377 2974 -1
1700878180.165418 54 1
1700878180.165909 2974 -1
1700878180.165950 54 1
1700878180.167427 2701 -1
1700878180.167473 54 1
1700878181.693162 222 1
1700878181.698906 219 1
1700878181.703135 219 1
1700878181.703284 228 1
1700878181.703873 229 1
1700878181.703987 220 1
1700878181.704076 231 1
1700878181.704159 225 1
1700878181.805119 1229 -1
1700878181.805119 403 -1
1700878181.805325 54 1
1700878181.807304 2974 -1
1700878181.807304 2974 -1
1700878181.807382 54 1
1700878181.808126 2920 -1
1700878181.808167 54 1
1700878181.810605 89 1
1700878181.811898 60 -1
1700878181.813418 60 -1
1700878181.817914 1148 -1
1700878181.817914 514 -1
1700878181.818028 54 1
1700878181.819541 1172 -1
1700878181.819541 2974 -1
1700878181.819639 54 1
1700878181.820623 2974 -1
1700878181.820672 54 1
1700878181.821929 2974 -1
1700878181.821976 54 1
1700878181.822714 2974 -1
1700878181.822769 54 1
1700878181.824149 2974 -1
1700878181.824207 54 1
1700878181.825795 2974 -1
1700878181.825842 54 1
1700878181.827075 1514 -1
1700878181.827075 1514 -1
1700878181.827136 54 1
1700878181.832088 2974 -1
1700878181.832088 2974 -1
1700878181.832088 2974 -1
1700878181.832214 54 1
1700878181.832730 2974 -1
1700878181.832759 54 1
1700878181.834376 2974 -1
1700878181.834427 54 1
1700878181.836362 2974 -1
1700878181.836421 54 1
1700878181.836906 2974 -1
1700878181.836939 54 1
1700878181.838588 2974 -1
1700878181.838643 54 1
1700878181.839753 2974 -1
1700878181.839793 54 1
1700878181.842652 2974 -1
1700878181.842652 2974 -1
1700878181.842734 54 1
1700878181.844822 2974 -1
1700878181.844893 54 1
1700878181.845441 2974 -1
1700878181.845480 54 1
1700878181.846895 2974 -1
1700878181.846977 54 1
1700878181.848365 2974 -1
1700878181.848411 54 1
1700878181.849943 2974 -1
1700878181.849978 54 1
1700878181.851152 2974 -1
1700878181.851320 54 1
1700878181.852610 2974 -1
1700878181.852646 54 1
1700878181.858438 915 -1
1700878181.858438 2974 -1
1700878181.858438 2974 -1
1700878181.858438 2974 -1
1700878181.858568 54 1
1700878181.859402 2974 -1
1700878181.859447 54 1
1700878181.860411 1514 -1
1700878181.860461 54 1
1700878181.860506 1514 -1
1700878181.860528 54 1
1700878181.861523 2974 -1
1700878181.861558 54 1
1700878181.862907 1757 -1
1700878181.862953 54 1
1700878181.959971 60 -1
1700878187.492213 230 1
1700878187.525662 229 1
1700878187.525810 229 1
1700878187.525902 221 1
1700878187.527346 226 1
1700878187.527441 230 1
1700878187.527546 226 1
1700878187.527661 227 1
1700878187.604839 60 -1
1700878187.608706 1197 -1
1700878187.608706 450 -1
1700878187.608706 2974 -1
1700878187.608820 54 1
1700878187.615952 2974 -1
1700878187.615952 2974 -1
1700878187.615952 2974 -1
1700878187.616084 54 1
1700878187.616590 1987 -1
1700878187.616617 54 1
1700878187.617244 89 1
1700878187.636400 60 -1
1700878187.636400 60 -1
1700878187.636400 60 -1
1700878187.639115 60 -1
1700878187.641973 1235 -1
1700878187.642178 398 -1
1700878187.642216 54 1
1700878187.643430 1179 -1
1700878187.644054 2974 -1
1700878187.644054 2974 -1
1700878187.644109 54 1
1700878187.646455 2974 -1
1700878187.646455 2974 -1
1700878187.646518 54 1
1700878187.647911 2974 -1
1700878187.647961 54 1
1700878187.648869 2974 -1
1700878187.648904 54 1
1700878187.649816 2974 -1
1700878187.649863 54 1
1700878187.651778 2974 -1
1700878187.651846 54 1
1700878187.654542 2974 -1
1700878187.654612 54 1
1700878187.655199 2974 -1
1700878187.655343 54 1
1700878187.656413 2974 -1
1700878187.656455 54 1
1700878187.658832 2974 -1
1700878187.658832 2974 -1
1700878187.658898 54 1
1700878187.659833 2974 -1
1700878187.659868 54 1
1700878187.661138 2974 -1
1700878187.661187 54 1
1700878187.662444 2974 -1
1700878187.662483 54 1
1700878187.663702 2974 -1
1700878187.663733 54 1
1700878187.665549 2974 -1
1700878187.665592 54 1
1700878187.666577 2974 -1
1700878187.666610 54 1
1700878187.668542 2974 -1
1700878187.668586 54 1
1700878187.703594 2974 -1
1700878187.703594 2974 -1
1700878187.703594 2974 -1
1700878187.703594 2974 -1
1700878187.703594 1514 -1
1700878187.703594 1514 -1
1700878187.703594 2974 -1
1700878187.703594 1514 -1
1700878187.703594 1514 -1
1700878187.703594 2974 -1
1700878187.703594 2974 -1
1700878187.703594 2974 -1
1700878187.703594 2974 -1
1700878187.703594 2974 -1
1700878187.703594 2974 -1
1700878187.703594 2974 -1
1700878187.703594 2974 -1
1700878187.703594 2974 -1
1700878187.703594 1112 -1
1700878187.703847 54 1
1700878187.728895 60 -1
1700878189.157898 221 1
1700878189.160887 228 1
1700878189.162049 221 1
1700878189.164088 226 1
1700878189.164184 221 1
1700878189.164303 222 1
1700878189.164552 231 1
1700878189.164651 232 1
1700878189.266551 60 -1
1700878189.269152 60 -1
1700878189.270681 60 -1
1700878189.276148 60 -1
1700878189.276148 1195 -1
1700878189.276148 455 -1
1700878189.276148 60 -1
1700878189.276148 2974 -1
1700878189.276148 2974 -1
1700878189.276312 54 1
1700878189.276504 1383 -1
1700878189.277153 1589 -1
1700878189.277196 54 1
1700878189.278045 2974 -1
1700878189.278089 54 1
1700878189.280636 2974 -1
1700878189.280636 2974 -1
1700878189.280714 54 1
1700878189.284748 2974 -1
1700878189.284828 54 1
1700878189.288864 2974 -1
1700878189.288864 2974 -1
1700878189.288864 2974 -1
1700878189.288864 1514 -1
1700878189.288864 1514 -1
1700878189.288999 54 1
1700878189.290805 2974 -1
1700878189.290805 2974 -1
1700878189.290866 54 1
1700878189.292703 1514 -1
1700878189.292703 1514 -1
1700878189.292774 54 1
1700878189.293424 2974 -1
1700878189.293477 54 1
1700878189.299089 2974 -1
1700878189.299089 2974 -1
1700878189.299089 2974 -1
1700878189.299215 54 1
1700878189.300928 2974 -1
1700878189.300928 2974 -1
1700878189.301026 54 1
1700878189.307422 1514 -1
1700878189.307422 1514 -1
1700878189.307422 2974 -1
1700878189.307422 2974 -1
1700878189.307422 2974 -1
1700878189.307559 54 1
1700878189.311041 2974 -1
1700878189.311041 2974 -1
1700878189.311041 2974 -1
1700878189.311175 54 1
1700878189.314274 2974 -1
1700878189.314274 1514 -1
1700878189.314274 1514 -1
1700878189.314481 54 1
1700878189.319207 2974 -1
1700878189.319207 2974 -1
1700878189.319207 2974 -1
1700878189.319207 2974 -1
1700878189.319469 54 1
1700878189.321669 2974 -1
1700878189.321734 54 1
1700878189.321853 2974 -1
1700878189.321875 54 1
1700878189.324167 2974 -1
1700878189.324262 54 1
1700878189.326056 2974 -1
1700878189.326116 54 1
1700878189.326609 2974 -1
1700878189.326660 54 1
1700878189.327560 2974 -1
1700878189.327595 54 1
1700878189.334560 2974 -1
1700878189.334560 1500 -1
1700878189.334671 54 1
1700878190.911542 228 1
1700878190.912082 230 1
1700878190.913552 228 1
1700878190.930698 232 1
1700878190.933888 228 1
1700878190.934816 220 1
1700878190.935058 224 1
1700878190.938564 227 1
1700878191.021853 60 -1
1700878191.039894 1204 -1
1700878191.039894 442 -1
1700878191.039894 1209 -1
1700878191.039894 2974 -1
1700878191.039894 2974 -1
1700878191.039894 2974 -1
1700878191.039894 2974 -1
1700878191.039894 2974 -1
1700878191.039894 2974 -1
1700878191.039894 2974 -1
1700878191.039894 2974 -1
1700878191.039894 2974 -1
1700878191.039894 2974 -1
1700878191.040116 54 1
1700878191.040188 2974 -1
1700878191.040222 54 1
1700878191.041505 2974 -1
1700878191.041540 54 1
1700878191.044986 2974 -1
1700878191.044986 2974 -1
1700878191.045090 54 1
1700878191.052734 1514 -1
1700878191.052734 1514 -1
1700878191.052734 2974 -1
1700878191.052734 2974 -1
1700878191.052734 60 -1
1700878191.052734 60 -1
1700878191.052734 2974 -1
1700878191.052734 2974 -1
1700878191.052916 54 1
1700878191.053012 2974 -1
1700878191.053057 54 1
1700878191.054403 2974 -1
1700878191.054446 54 1
1700878191.057231 2974 -1
1700878191.057231 1514 -1
1700878191.057231 1514 -1
1700878191.057329 54 1
1700878191.063479 2974 -1
1700878191.063479 2974 -1
1700878191.063479 1514 -1
1700878191.063479 1514 -1
1700878191.063479 2974 -1
1700878191.063641 54 1
1700878191.064061 2974 -1
1700878191.064088 54 1
1700878191.066115 2974 -1
1700878191.066159 54 1
1700878191.066872 2974 -1
1700878191.066897 54 1
1700878191.068585 2974 -1
1700878191.068623 54 1
1700878191.079052 2974 -1
1700878191.079052 2063 -1
1700878191.079153 54 1
1700878191.756812 54 1
1700878191.865156 78 -1
1700878191.865156 60 -1
1700878191.865247 54 1
1700878192.639545 66 1
1700878192.751386 66 -1
1700878192.751578 54 1
1700878192.752738 934 1
1700878192.865787 60 -1
1700878192.865787 318 -1
1700878192.866756 134 1
1700878192.867184 146 1
1700878192.868112 584 1
1700878192.868224 227 1
1700878192.868336 230 1
1700878192.868429 227 1
1700878192.868530 227 1
1700878192.868633 228 1
1700878192.868726 229 1
1700878192.868825 228 1
1700878192.979095 60 -1
1700878192.979095 341 -1
1700878192.979410 60 -1
1700878192.979410 115 -1
1700878192.979410 85 -1
1700878192.979448 54 1
1700878192.979890 60 -1
1700878192.979890 60 -1
1700878192.980007 85 1
1700878192.980120 60 -1
1700878192.980120 60 -1
1700878192.980150 60 -1
1700878192.980582 60 -1
1700878192.980582 60 -1
1700878192.980582 60 -1
1700878192.985437 1177 -1
1700878192.985437 478 -1
1700878192.985437 2974 -1
1700878192.985572 54 1
1700878192.987751 2974 -1
1700878192.987826 54 1
1700878192.990278 2974 -1
1700878192.990278 2974 -1
1700878192.990903 54 1
1700878192.995228 2974 -1
1700878192.995228 2974 -1
1700878192.995363 54 1
1700878192.995581 2974 -1
1700878192.995621 54 1
1700878192.997463 2974 -1
1700878192.997534 54 1
1700878192.999909 2974 -1
1700878192.999990 54 1
1700878193.001637 2974 -1
1700878193.001697 54 1
1700878193.002003 2974 -1
1700878193.002031 54 1
1700878193.003851 2974 -1
1700878193.003898 54 1
1700878193.005880 2974 -1
1700878193.005938 54 1
1700878193.007730 2974 -1
1700878193.007789 54 1
1700878193.009734 2974 -1
1700878193.009820 54 1
1700878193.023295 2974 -1
1700878193.023295 2974 -1
1700878193.023295 2974 -1
1700878193.023295 2974 -1
1700878193.023295 2974 -1
1700878193.023295 1514 -1
1700878193.023460 54 1
1700878193.093548 2974 -1
1700878193.093548 2974 -1
1700878193.093670 54 1
1700878193.093994 1514 -1
1700878193.093994 1514 -1
1700878193.094030 54 1
1700878193.132953 2974 -1
1700878193.132953 2974 -1
1700878193.132953 1514 -1
1700878193.132953 2974 -1
1700878193.132953 2974 -1
1700878193.132953 1014 -1
1700878193.133114 54 1
1700878194.951662 227 1
1700878194.951811 230 1
1700878194.954751 227 1
1700878194.954878 231 1
1700878194.955974 234 1
1700878194.956097 230 1
1700878194.956213 229 1
1700878194.961855 227 1
1700878195.065357 60 -1
1700878195.067896 60 -1
1700878195.068819 1178 -1
1700878195.068901 475 -1
1700878195.068932 54 1
1700878195.078637 2576 -1
1700878195.078637 1205 -1
1700878195.078637 2974 -1
1700878195.078637 1453 -1
1700878195.078637 1600 -1
1700878195.078637 2974 -1
1700878195.078637 2974 -1
1700878195.078637 2974 -1
1700878195.078801 54 1
1700878195.080698 2974 -1
1700878195.080767 54 1
1700878195.081765 2974 -1
1700878195.081796 54 1
1700878195.083318 2974 -1
1700878195.083358 54 1
1700878195.085894 2974 -1
1700878195.085949 54 1
1700878195.090595 2974 -1
1700878195.090595 2974 -1
1700878195.090595 2974 -1
1700878195.090718 54 1
1700878195.092197 2974 -1
1700878195.092241 54 1
1700878195.093298 2974 -1
1700878195.093340 54 1
1700878195.101588 2974 -1
1700878195.101588 2974 -1
1700878195.101588 2974 -1
1700878195.101588 2974 -1
1700878195.101701 54 1
1700878195.111616 2974 -1
1700878195.111616 1123 -1
1700878195.111710 54 1
1700878196.672037 228 1
1700878196.674557 230 1
1700878196.675166 227 1
1700878196.675777 229 1
1700878196.676458 230 1
1700878196.677196 227 1
1700878196.680559 227 1
1700878196.685238 223 1
1700878196.787170 1204 -1
1700878196.787860 439 -1
1700878196.787860 2974 -1
1700878196.787914 54 1
1700878196.791688 2974 -1
1700878196.791688 2974 -1
1700878196.791782 54 1
1700878196.793541 1351 -1
1700878196.793541 60 -1
1700878196.793541 1604 -1
1700878196.793625 54 1
1700878196.801986 2974 -1
1700878196.801986 2974 -1
1700878196.801986 2974 -1
1700878196.801986 2974 -1
1700878196.801986 2974 -1
1700878196.802100 54 1
1700878196.802535 2974 -1
1700878196.802570 54 1
1700878196.804017 2974 -1
1700878196.804055 54 1
1700878196.805979 60 -1
1700878196.805979 2974 -1
1700878196.806066 54 1
1700878196.807427 2974 -1
1700878196.807477 54 1
1700878196.809039 2974 -1
1700878196.809095 54 1
1700878196.810665 2974 -1
1700878196.810727 54 1
1700878196.813361 2974 -1
1700878196.813451 54 1
1700878196.814280 2974 -1
1700878196.814332 54 1
1700878196.816692 2974 -1
1700878196.816774 54 1
1700878196.818624 2974 -1
1700878196.818680 54 1
1700878196.818792 2974 -1
1700878196.818828 54 1
1700878196.820332 2974 -1
1700878196.820415 54 1
1700878196.824969 2974 -1
1700878196.824969 1626 -1
1700878196.825085 54 1
1700878198.404981 221 1
1700878198.405333 220 1
1700878198.405582 221 1
1700878198.405728 221 1
1700878198.406254 224 1
1700878198.406401 218 1
1700878198.518569 60 -1
1700878198.519904 60 -1
1700878198.522787 1174 -1
1700878198.526503 481 -1
1700878198.526503 1177 -1
1700878198.526503 2974 -1
1700878198.526503 2974 -1
1700878198.526632 54 1
1700878198.527900 2974 -1
1700878198.527936 54 1
1700878198.528893 2974 -1
1700878198.528938 54 1
1700878198.529124 89 1
1700878198.530584 2974 -1
1700878198.530637 54 1
1700878198.532516 1514 -1
1700878198.532516 1514 -1
1700878198.532579 54 1
1700878198.533960 2974 -1
1700878198.534015 54 1
1700878198.535737 2974 -1
1700878198.535786 54 1
1700878198.537038 2974 -1
1700878198.537080 54 1
1700878198.539696 2974 -1
1700878198.539786 54 1
1700878198.540927 2974 -1
1700878198.540976 54 1
1700878198.542413 2974 -1
1700878198.542481 54 1
1700878198.543640 2974 -1
1700878198.543686 54 1
1700878198.545201 2974 -1
1700878198.545249 54 1
1700878198.546869 1019 -1
1700878198.605650 54 1
1700878198.687563 60 -1
1700878201.802524 54 1
1700878201.937662 78 -1
1700878201.937662 60 -1
1700878201.937802 54 1
