1700879958.743443 66 1
1700879958.744546 66 -1
1700879958.744688 54 1
1700879958.744885 66 1
1700879958.746003 66 -1
1700879958.746148 54 1
1700879958.747407 66 1
1700879958.748484 66 1
1700879958.748582 66 -1
1700879958.748660 54 1
1700879958.749297 66 1
1700879958.749804 66 1
1700879958.750313 66 1
1700879958.750467 66 -1
1700879958.750917 66 -1
1700879958.750983 54 1
1700879958.751299 66 -1
1700879958.751327 66 -1
1700879958.751374 54 1
1700879958.751440 54 1
1700879958.751576 54 1
1700879958.752159 574 1
1700879958.752547 574 1
1700879958.752986 599 1
1700879958.754016 606 1
1700879958.754085 60 -1
1700879958.754090 60 -1
1700879958.754503 606 1
1700879958.754912 60 -1
1700879958.754947 638 1
1700879958.755350 60 -1
1700879958.755410 638 1
1700879958.755594 60 -1
1700879958.756025 60 -1
1700879958.765724 60 -1
1700879958.766642 2778 -1
1700879958.766699 54 1
1700879958.767278 2778 -1
1700879958.767329 54 1
1700879958.767355 2778 -1
1700879958.767400 54 1
1700879958.767437 2779 -1
1700879958.767486 54 1
1700879958.770450 2777 -1
1700879958.770510 54 1
1700879958.820414 2779 -1
1700879958.820501 54 1
1700879958.824397 2779 -1
1700879958.824478 54 1
1700879958.864893 134 1
1700879958.865708 134 1
1700879958.865949 60 -1
1700879958.866169 357 -1
1700879958.866290 341 -1
1700879958.866324 54 1
1700879958.866933 60 -1
1700879958.867298 134 1
1700879958.868432 60 -1
1700879958.868497 357 -1
1700879958.868576 357 -1
1700879958.868605 54 1
1700879958.868875 134 1
1700879958.869913 60 -1
1700879958.871659 134 1
1700879958.872089 341 -1
1700879958.872089 341 -1
1700879958.872139 54 1
1700879958.872522 134 1
1700879958.875214 134 1
1700879958.879651 60 -1
1700879958.879651 341 -1
1700879958.879651 341 -1
1700879958.879768 54 1
1700879958.880088 60 -1
1700879958.880501 357 -1
1700879958.880501 341 -1
1700879958.880578 54 1
1700879958.883117 54 1
1700879958.884367 54 1
1700879958.884661 54 1
1700879958.885066 54 1
1700879958.885323 357 -1
1700879958.885323 357 -1
1700879958.885323 357 -1
1700879958.885441 54 1
1700879958.887321 60 -1
1700879958.889669 341 -1
1700879958.889669 341 -1
1700879958.889739 54 1
1700879958.893069 93 -1
1700879958.893069 78 -1
1700879958.893069 60 -1
1700879958.893169 54 1
1700879958.902264 93 -1
1700879958.902264 78 -1
1700879958.902264 60 -1
1700879958.902264 93 -1
1700879958.902264 78 -1
1700879958.902264 60 -1
1700879958.902377 54 1
1700879958.902480 54 1
1700879958.903981 54 1
1700879958.905857 146 1
1700879958.907800 60 -1
1700879958.908016 115 -1
1700879958.908016 93 -1
1700879958.908214 54 1
1700879958.908395 85 -1
1700879958.908395 78 -1
1700879958.908395 60 -1
1700879958.908462 54 1
1700879958.912021 146 1
1700879958.913831 60 -1
1700879958.923038 115 -1
1700879958.923038 85 -1
1700879958.923139 54 1
1700879958.934570 487 1
1700879958.934665 85 1
1700879958.934821 181 1
1700879958.934945 166 1
1700879958.935085 166 1
1700879958.935217 172 1
1700879958.935339 170 1
1700879958.935446 177 1
1700879958.935557 170 1
1700879958.935646 60 -1
1700879958.935646 60 -1
1700879958.935781 168 1
1700879958.936020 60 -1
1700879958.936020 60 -1
1700879958.936139 168 1
1700879958.936214 60 -1
1700879958.936302 60 -1
1700879958.936302 60 -1
1700879958.936396 168 1
1700879958.936495 168 1
1700879958.936591 176 1
1700879958.936694 180 1
1700879958.936800 182 1
1700879958.936902 171 1
1700879958.937000 171 1
1700879958.937120 172 1
1700879958.937243 195 1
1700879958.937372 169 1
1700879958.937496 175 1
1700879958.937599 174 1
1700879958.937737 174 1
1700879958.937855 172 1
1700879958.937982 175 1
1700879958.938146 174 1
1700879958.938261 175 1
1700879958.938612 60 -1
1700879958.938612 1050 -1
1700879958.938612 2974 -1
1700879958.938612 3298 -1
1700879958.938693 54 1
1700879958.938832 175 1
1700879958.938949 171 1
1700879958.939065 175 1
1700879958.939190 169 1
1700879958.939284 195 1
1700879958.939392 60 -1
1700879958.939392 60 -1
1700879958.939502 175 1
1700879958.939608 174 1
1700879958.939729 195 1
1700879958.939855 195 1
1700879958.939979 175 1
1700879958.940123 175 1
1700879958.940254 175 1
1700879958.940369 175 1
1700879958.940461 175 1
1700879958.940528 175 1
1700879958.940623 175 1
1700879958.940711 175 1
1700879958.940800 175 1
1700879958.940885 175 1
1700879958.941003 175 1
1700879958.941113 174 1
1700879958.941223 175 1
1700879958.941316 175 1
1700879958.941406 175 1
1700879958.941500 175 1
1700879958.941611 175 1
1700879958.941728 175 1
1700879958.941869 174 1
1700879958.941979 175 1
1700879958.942075 175 1
1700879958.942163 175 1
1700879958.942246 175 1
1700879958.942341 174 1
1700879958.942427 175 1
1700879958.942555 175 1
1700879958.942716 175 1
1700879958.942878 175 1
1700879958.943006 175 1
1700879958.943147 165 1
1700879958.943327 165 1
1700879958.943417 165 1
1700879958.943506 175 1
1700879958.943617 165 1
1700879958.943762 175 1
1700879958.943858 165 1
1700879958.944611 165 1
1700879958.944752 165 1
1700879958.944909 175 1
1700879958.945069 164 1
1700879958.945225 174 1
1700879958.945369 165 1
1700879958.945476 175 1
1700879958.945762 590 1
1700879958.947282 2865 -1
1700879958.947282 4434 -1
1700879958.947282 4434 -1
1700879958.947282 7354 -1
1700879958.947282 400 -1
1700879958.947282 85 -1
1700879958.947282 4434 -1
1700879958.947282 7354 -1
1700879958.947282 1514 -1
1700879958.947282 3320 -1
1700879958.947282 14654 -1
1700879958.947282 7354 -1
1700879958.947282 1514 -1
1700879958.947282 7354 -1
1700879958.947282 2268 -1
1700879958.947282 7354 -1
1700879958.947543 60 -1
1700879958.947834 54 1
1700879958.947926 4434 -1
1700879958.947926 4434 -1
1700879958.947998 54 1
1700879958.948259 1514 -1
1700879958.948284 54 1
1700879958.948374 7354 -1
1700879958.948414 54 1
1700879958.948962 54 1
1700879958.949009 4434 -1
1700879958.949071 54 1
1700879958.949365 60 -1
1700879958.949590 60 -1
1700879958.949590 1514 -1
1700879958.949590 5894 -1
1700879958.949747 54 1
1700879958.951222 54 1
1700879958.952478 85 1
1700879958.953375 199 1
1700879958.955531 7354 -1
1700879958.955531 4434 -1
1700879958.955531 1514 -1
1700879958.955531 7354 -1
1700879958.955531 4434 -1
1700879958.955531 5894 -1
1700879958.955531 2974 -1
1700879958.955531 7354 -1
1700879958.955531 7354 -1
1700879958.955531 7354 -1
1700879958.955531 1514 -1
1700879958.955531 7354 -1
1700879958.955983 54 1
1700879958.957498 7354 -1
1700879958.957498 23414 -1
1700879958.957659 54 1
1700879958.957799 54 1
1700879958.957852 7354 -1
1700879958.957900 54 1
1700879958.958009 54 1
1700879958.958498 60 -1
1700879958.958498 60 -1
1700879958.958509 5894 -1
1700879958.958559 54 1
1700879958.958971 10274 -1
1700879958.959018 54 1
1700879958.959844 2974 -1
1700879958.959865 54 1
1700879958.960025 4434 -1
1700879958.960071 54 1
1700879958.960420 7354 -1
1700879958.960460 54 1
1700879958.960996 7354 -1
1700879958.961042 54 1
1700879958.961611 7354 -1
1700879958.961649 54 1
1700879958.962231 7354 -1
1700879958.962260 54 1
1700879958.962838 4434 -1
1700879958.962887 54 1
1700879958.963553 1514 -1
1700879958.963553 1514 -1
1700879958.963553 7354 -1
1700879958.963617 54 1
1700879958.963712 54 1
1700879958.964372 4434 -1
1700879958.964458 54 1
1700879958.964501 1514 -1
1700879958.964557 7354 -1
1700879958.964585 54 1
1700879958.965294 4434 -1
1700879958.965335 54 1
1700879958.965554 7354 -1
1700879958.965598 54 1
1700879958.967749 54 1
1700879958.967907 54 1
1700879958.968322 7354 -1
1700879958.968322 7354 -1
1700879958.968322 4434 -1
1700879958.968322 7354 -1
1700879958.968420 54 1
1700879958.968497 7354 -1
1700879958.968537 54 1
1700879958.969038 7354 -1
1700879958.969112 54 1
1700879958.970309 54 1
1700879958.978088 926 -1
1700879958.978088 6420 -1
1700879958.978203 54 1
1700879958.978612 979 -1
1700879958.978612 813 -1
1700879958.978648 54 1
1700879958.983510 2974 -1
1700879958.983510 7354 -1
1700879958.983510 6240 -1
1700879958.983510 7354 -1
1700879958.983712 54 1
1700879958.986032 1514 -1
1700879958.986032 2974 -1
1700879958.986032 4434 -1
1700879958.986032 7354 -1
1700879958.986032 4434 -1
1700879958.986032 2974 -1
1700879958.986032 7354 -1
1700879958.986032 7354 -1
1700879958.986032 4434 -1
1700879958.986032 2974 -1
1700879958.986032 7354 -1
1700879958.986032 7354 -1
1700879958.986032 7354 -1
1700879958.986032 1514 -1
1700879958.986032 2974 -1
1700879958.986032 7354 -1
1700879958.986032 7354 -1
1700879958.986032 1514 -1
1700879958.986032 2974 -1
1700879958.986032 7354 -1
1700879958.986032 4434 -1
1700879958.986032 4434 -1
1700879958.986032 7354 -1
1700879958.986032 7354 -1
1700879958.986032 7354 -1
1700879958.986032 4434 -1
1700879958.986032 7354 -1
1700879958.986032 5894 -1
1700879958.986032 7354 -1
1700879958.987134 54 1
1700879958.994454 5894 -1
1700879958.994454 3351 -1
1700879958.994454 7354 -1
1700879958.994454 2974 -1
1700879958.994454 1623 -1
1700879958.994454 163 -1
1700879958.994603 66 1
1700879958.997424 2974 -1
1700879958.997424 5894 -1
1700879958.997424 4434 -1
1700879958.997424 7354 -1
1700879958.997424 19034 -1
1700879958.997424 4434 -1
1700879958.997424 7354 -1
1700879958.997424 24874 -1
1700879958.997839 54 1
1700879959.001784 7354 -1
1700879959.001784 5894 -1
1700879959.001784 5894 -1
1700879959.001784 7354 -1
1700879959.001784 4434 -1
1700879959.001784 1514 -1
1700879959.001784 5894 -1
1700879959.001784 7354 -1
1700879959.002216 54 1
1700879959.006522 2974 -1
1700879959.006522 7354 -1
1700879959.006522 1514 -1
1700879959.006522 7354 -1
1700879959.006522 7354 -1
1700879959.006522 7354 -1
1700879959.006522 5894 -1
1700879959.006522 11734 -1
1700879959.006522 4302 -1
1700879959.006964 54 1
1700879959.008917 54 1
1700879959.017481 7354 -1
1700879959.017579 54 1
1700879959.018490 7354 -1
1700879959.018490 7354 -1
1700879959.018590 54 1
1700879959.019278 7354 -1
1700879959.019340 54 1
1700879959.020383 218 1
1700879959.029210 7354 -1
1700879959.029210 7354 -1
1700879959.029210 7354 -1
1700879959.029210 1514 -1
1700879959.029210 7354 -1
1700879959.029210 186 -1
1700879959.029210 7354 -1
1700879959.029210 5894 -1
1700879959.029210 7354 -1
1700879959.029210 7354 -1
1700879959.029210 7354 -1
1700879959.029210 7354 -1
1700879959.029210 2974 -1
1700879959.029210 5894 -1
1700879959.029210 1514 -1
1700879959.029210 7354 -1
1700879959.029210 1514 -1
1700879959.029210 2974 -1
1700879959.029210 7354 -1
1700879959.029210 7354 -1
1700879959.029210 7354 -1
1700879959.030073 54 1
1700879959.030290 7354 -1
1700879959.030290 2974 -1
1700879959.030290 7354 -1
1700879959.030414 54 1
1700879959.030851 4434 -1
1700879959.030902 54 1
1700879959.031143 54 1
1700879959.031270 7354 -1
1700879959.031365 54 1
1700879959.031843 1514 -1
1700879959.031873 54 1
1700879959.031938 5894 -1
1700879959.031995 54 1
1700879959.032430 5894 -1
1700879959.032479 54 1
1700879959.033140 5894 -1
1700879959.033219 54 1
1700879959.033415 5894 -1
1700879959.033480 54 1
1700879959.033966 1514 -1
1700879959.034018 4434 -1
1700879959.034089 54 1
1700879959.034352 5894 -1
1700879959.034388 54 1
1700879959.034932 1514 -1
1700879959.035003 4434 -1
1700879959.035042 54 1
1700879959.035403 5894 -1
1700879959.035458 54 1
1700879959.035836 5894 -1
1700879959.035907 54 1
1700879959.036441 5894 -1
1700879959.036492 54 1
1700879959.036786 5894 -1
1700879959.036854 54 1
1700879959.037296 2974 -1
1700879959.037326 54 1
1700879959.037507 1514 -1
1700879959.037620 1514 -1
1700879959.037644 54 1
1700879959.037735 2974 -1
1700879959.037772 54 1
1700879959.038033 2974 -1
1700879959.038078 54 1
1700879959.038307 2974 -1
1700879959.038359 54 1
1700879959.038467 1514 -1
1700879959.038590 1514 -1
1700879959.038622 54 1
1700879959.038723 5894 -1
1700879959.038769 54 1
1700879959.039333 1514 -1
1700879959.039333 1514 -1
1700879959.039360 54 1
1700879959.039468 54 1
1700879959.039457 2974 -1
1700879959.039493 54 1
1700879959.039630 54 1
1700879959.039693 4434 -1
1700879959.039737 54 1
1700879959.040043 1514 -1
1700879959.040087 54 1
1700879959.040285 1514 -1
1700879959.040314 4434 -1
1700879959.040348 54 1
1700879959.040577 54 1
1700879959.040689 4434 -1
1700879959.040759 54 1
1700879959.040891 54 1
1700879959.040992 1514 -1
1700879959.041018 54 1
1700879959.041301 5894 -1
1700879959.041332 54 1
1700879959.041662 5894 -1
1700879959.041699 54 1
1700879959.042257 7354 -1
1700879959.042298 54 1
1700879959.042904 7354 -1
1700879959.042979 54 1
1700879959.043505 2974 -1
1700879959.043528 54 1
1700879959.043753 7354 -1
1700879959.043797 54 1
1700879959.044380 4434 -1
1700879959.044438 54 1
1700879959.044815 5894 -1
1700879959.044868 54 1
1700879959.045315 2974 -1
1700879959.045351 54 1
1700879959.045545 5894 -1
1700879959.045619 54 1
1700879959.045943 8814 -1
1700879959.046013 54 1
1700879959.046664 7354 -1
1700879959.046704 54 1
1700879959.047323 7354 -1
1700879959.047360 54 1
1700879959.047877 7354 -1
1700879959.047905 54 1
1700879959.048684 4434 -1
1700879959.048714 54 1
1700879959.048826 2974 -1
1700879959.048846 54 1
1700879959.049108 7354 -1
1700879959.049155 54 1
1700879959.049685 7354 -1
1700879959.049748 54 1
1700879959.050444 2974 -1
1700879959.050471 54 1
1700879959.050700 2974 -1
1700879959.050756 54 1
1700879959.050818 7354 -1
1700879959.050864 54 1
1700879959.051459 7354 -1
1700879959.051836 54 1
1700879959.052027 7354 -1
1700879959.052107 54 1
1700879959.052602 7354 -1
1700879959.052671 54 1
1700879959.053258 2974 -1
1700879959.053296 54 1
1700879959.053449 7354 -1
1700879959.053504 54 1
1700879959.054068 4434 -1
1700879959.054112 54 1
1700879959.054380 1514 -1
1700879959.054521 1514 -1
1700879959.054549 54 1
1700879959.054647 5894 -1
1700879959.054718 54 1
1700879959.055170 7354 -1
1700879959.055215 54 1
1700879959.055772 1514 -1
1700879959.055792 54 1
1700879959.055865 2974 -1
1700879959.055893 54 1
1700879959.056104 7354 -1
1700879959.056147 54 1
1700879959.056699 1514 -1
1700879959.056721 54 1
1700879959.056882 2974 -1
1700879959.056904 54 1
1700879959.057067 2974 -1
1700879959.057092 54 1
1700879959.057317 7354 -1
1700879959.057360 54 1
1700879959.057953 7354 -1
1700879959.057997 54 1
1700879959.058610 2974 -1
1700879959.058641 54 1
1700879959.058771 2974 -1
1700879959.058798 54 1
1700879959.059077 7354 -1
1700879959.059121 54 1
1700879959.059766 54 1
1700879959.060081 1514 -1
1700879959.060103 54 1
1700879959.060247 7354 -1
1700879959.060283 54 1
1700879959.060812 1514 -1
1700879959.060838 54 1
1700879959.060909 1514 -1
1700879959.061085 1514 -1
1700879959.061171 66 1
1700879959.061213 1514 -1
1700879959.061246 74 1
1700879959.061335 5894 -1
1700879959.061389 74 1
1700879959.061780 1514 -1
1700879959.061808 82 1
1700879959.061883 1514 -1
1700879959.061912 82 1
1700879959.062023 5894 -1
1700879959.062105 90 1
1700879959.062512 7354 -1
1700879959.062579 90 1
1700879959.064056 7354 -1
1700879959.064056 2974 -1
1700879959.064056 7354 -1
1700879959.064176 90 1
1700879959.064242 90 1
1700879959.064312 90 1
1700879959.064661 4434 -1
1700879959.064722 90 1
1700879959.065027 13194 -1
1700879959.065121 90 1
1700879959.066659 7354 -1
1700879959.066734 90 1
1700879959.067270 90 1
1700879959.067591 5894 -1
1700879959.067637 90 1
1700879959.068456 7354 -1
1700879959.068520 90 1
1700879959.068856 4434 -1
1700879959.068907 90 1
1700879959.069334 1514 -1
1700879959.069364 90 1
1700879959.069466 7354 -1
1700879959.069523 90 1
1700879959.080328 7354 -1
1700879959.080517 90 1
1700879959.084128 2974 -1
1700879959.084128 1514 -1
1700879959.084128 5894 -1
1700879959.084128 17574 -1
1700879959.084128 7354 -1
1700879959.084128 7354 -1
1700879959.084128 2974 -1
1700879959.084128 1514 -1
1700879959.084128 7354 -1
1700879959.084128 2974 -1
1700879959.084128 5894 -1
1700879959.084128 1514 -1
1700879959.084128 4434 -1
1700879959.084128 5894 -1
1700879959.084128 7354 -1
1700879959.084128 7354 -1
1700879959.084128 2974 -1
1700879959.084128 7354 -1
1700879959.084128 7354 -1
1700879959.084128 2974 -1
1700879959.084128 2974 -1
1700879959.084128 2974 -1
1700879959.084128 5894 -1
1700879959.084128 7354 -1
1700879959.084128 2974 -1
1700879959.084128 2974 -1
1700879959.084727 90 1
1700879959.084788 90 1
1700879959.084831 90 1
1700879959.084866 90 1
1700879959.084916 90 1
1700879959.084963 90 1
1700879959.084990 90 1
1700879959.085034 90 1
1700879959.085100 90 1
1700879959.085130 90 1
1700879959.085176 90 1
1700879959.085206 90 1
1700879959.085238 90 1
1700879959.085297 90 1
1700879959.085335 90 1
1700879959.085383 90 1
1700879959.085429 90 1
1700879959.085478 90 1
1700879959.085525 90 1
1700879959.085576 90 1
1700879959.085613 90 1
1700879959.085643 90 1
1700879959.085691 90 1
1700879959.085748 90 1
1700879959.085793 90 1
1700879959.085840 90 1
1700879959.088701 4434 -1
1700879959.088701 1514 -1
1700879959.088701 2974 -1
1700879959.088701 1514 -1
1700879959.088701 1514 -1
1700879959.088701 1514 -1
1700879959.088701 1514 -1
1700879959.088701 4434 -1
1700879959.088701 7354 -1
1700879959.088701 7354 -1
1700879959.088701 2974 -1
1700879959.088701 4434 -1
1700879959.088701 1514 -1
1700879959.088701 1514 -1
1700879959.088701 4434 -1
1700879959.088701 7354 -1
1700879959.090038 90 1
1700879959.090451 82 1
1700879959.090512 74 1
1700879959.090544 74 1
1700879959.090577 66 1
1700879959.090603 66 1
1700879959.090914 54 1
1700879959.090997 54 1
1700879959.091373 5894 -1
1700879959.091373 4434 -1
1700879959.091373 2974 -1
1700879959.091373 5894 -1
1700879959.091503 54 1
1700879959.091842 1514 -1
1700879959.091842 4434 -1
1700879959.091842 1514 -1
1700879959.091842 4434 -1
1700879959.091842 1514 -1
1700879959.091842 7354 -1
1700879959.092532 54 1
1700879959.093092 7354 -1
1700879959.093092 2974 -1
1700879959.093190 54 1
1700879959.093460 7354 -1
1700879959.093510 54 1
1700879959.099550 7354 -1
1700879959.099550 5894 -1
1700879959.099550 4434 -1
1700879959.099751 54 1
1700879959.101931 7354 -1
1700879959.101931 2974 -1
1700879959.101931 5894 -1
1700879959.101931 5894 -1
1700879959.101931 1514 -1
1700879959.101931 4434 -1
1700879959.101931 8814 -1
1700879959.101931 1514 -1
1700879959.101931 7354 -1
1700879959.101931 4434 -1
1700879959.101931 1514 -1
1700879959.101931 7354 -1
1700879959.101931 4434 -1
1700879959.101931 2974 -1
1700879959.101931 7354 -1
1700879959.101931 7354 -1
1700879959.102560 54 1
1700879959.112423 7354 -1
1700879959.112423 7354 -1
1700879959.112423 2974 -1
1700879959.112423 2974 -1
1700879959.112423 4434 -1
1700879959.112423 7354 -1
1700879959.112423 2974 -1
1700879959.112423 7354 -1
1700879959.112423 3039 -1
1700879959.112423 7354 -1
1700879959.112423 7354 -1
1700879959.112423 2974 -1
1700879959.112423 7354 -1
1700879959.112423 7354 -1
1700879959.112423 2974 -1
1700879959.112423 4434 -1
1700879959.112423 7354 -1
1700879959.112423 5894 -1
1700879959.112423 4434 -1
1700879959.112423 7354 -1
1700879959.112423 1514 -1
1700879959.112423 2974 -1
1700879959.112423 4434 -1
1700879959.112423 7354 -1
1700879959.113353 54 1
1700879959.113545 1514 -1
1700879959.113545 7354 -1
1700879959.113545 7354 -1
1700879959.113694 54 1
1700879959.114631 54 1
1700879959.115247 2974 -1
1700879959.115247 4434 -1
1700879959.115247 1514 -1
1700879959.115247 1514 -1
1700879959.115247 4434 -1
1700879959.115422 54 1
1700879959.115501 7354 -1
1700879959.115554 54 1
1700879959.115760 2974 -1
1700879959.115791 54 1
1700879959.116086 4434 -1
1700879959.116134 54 1
1700879959.116382 2974 -1
1700879959.116454 54 1
1700879959.116868 7354 -1
1700879959.116961 54 1
1700879959.117421 7354 -1
1700879959.117499 54 1
1700879959.118059 2974 -1
1700879959.118059 7354 -1
1700879959.118165 54 1
1700879959.118808 7354 -1
1700879959.118873 54 1
1700879959.119367 2974 -1
1700879959.119407 54 1
1700879959.119559 4434 -1
1700879959.119626 54 1
1700879959.120022 13194 -1
1700879959.120153 54 1
1700879959.122364 7354 -1
1700879959.122364 4434 -1
1700879959.122364 2974 -1
1700879959.122509 54 1
1700879959.122638 7354 -1
1700879959.122727 54 1
1700879959.122797 4434 -1
1700879959.122844 54 1
1700879959.123219 2974 -1
1700879959.123258 54 1
1700879959.132400 4434 -1
1700879959.132400 7354 -1
1700879959.132400 5894 -1
1700879959.132400 2974 -1
1700879959.132400 7354 -1
1700879959.132400 7354 -1
1700879959.132400 7354 -1
1700879959.132400 4434 -1
1700879959.132400 7354 -1
1700879959.132400 4434 -1
1700879959.132400 1514 -1
1700879959.132400 2974 -1
1700879959.132400 2974 -1
1700879959.132400 2974 -1
1700879959.132400 7354 -1
1700879959.132400 5894 -1
1700879959.132400 7354 -1
1700879959.132400 1514 -1
1700879959.132400 1514 -1
1700879959.132400 7354 -1
1700879959.133029 66 1
1700879959.133133 54 1
1700879959.133245 54 1
1700879959.137957 4434 -1
1700879959.137957 4434 -1
1700879959.137957 2974 -1
1700879959.137957 7354 -1
1700879959.137957 8814 -1
1700879959.137957 1514 -1
1700879959.137957 4434 -1
1700879959.137957 4434 -1
1700879959.137957 4434 -1
1700879959.137957 4434 -1
1700879959.137957 4434 -1
1700879959.137957 5894 -1
1700879959.137957 7354 -1
1700879959.138497 54 1
1700879959.138647 4434 -1
1700879959.138702 54 1
1700879959.139529 7354 -1
1700879959.139529 4434 -1
1700879959.139640 54 1
1700879959.139694 7354 -1
1700879959.139762 54 1
1700879959.141220 5894 -1
1700879959.141319 54 1
1700879959.141526 17574 -1
1700879959.141651 54 1
1700879959.145240 17574 -1
1700879959.145240 11734 -1
1700879959.145392 54 1
1700879959.145876 17574 -1
1700879959.146029 54 1
1700879959.147772 7354 -1
1700879959.147838 54 1
1700879959.149035 7354 -1
1700879959.149035 2974 -1
1700879959.149136 54 1
1700879959.152231 2974 -1
1700879959.152231 2974 -1
1700879959.152231 7354 -1
1700879959.152231 7354 -1
1700879959.152231 4434 -1
1700879959.152231 4434 -1
1700879959.152231 7354 -1
1700879959.152451 54 1
1700879959.152524 4434 -1
1700879959.152580 54 1
1700879959.152717 5894 -1
1700879959.152781 54 1
1700879959.153180 1514 -1
1700879959.153227 54 1
1700879959.153317 7354 -1
1700879959.153354 54 1
1700879959.153899 7354 -1
1700879959.153929 54 1
1700879959.154506 1514 -1
1700879959.154636 7354 -1
1700879959.154685 54 1
1700879959.155254 7354 -1
1700879959.155317 54 1
1700879959.155839 2974 -1
1700879959.155900 54 1
1700879959.156212 7354 -1
1700879959.156271 54 1
1700879959.156709 1514 -1
1700879959.156815 2974 -1
1700879959.156863 54 1
1700879959.157662 1514 -1
1700879959.157662 7354 -1
1700879959.157749 54 1
1700879959.157787 7354 -1
1700879959.157876 54 1
1700879959.158395 1514 -1
1700879959.158794 7354 -1
1700879959.158880 54 1
1700879959.165458 4434 -1
1700879959.165458 5894 -1
1700879959.165458 7354 -1
1700879959.165458 7354 -1
1700879959.165458 2974 -1
1700879959.165458 7354 -1
1700879959.165458 4434 -1
1700879959.165458 2974 -1
1700879959.165458 7354 -1
1700879959.165458 2974 -1
1700879959.165458 4434 -1
1700879959.165458 8814 -1
1700879959.165458 4434 -1
1700879959.165894 54 1
1700879959.165967 8814 -1
1700879959.166042 54 1
1700879959.166703 7354 -1
1700879959.166758 54 1
1700879959.167481 1514 -1
1700879959.167507 54 1
1700879959.167544 1514 -1
1700879959.167662 4434 -1
1700879959.167696 54 1
1700879959.168470 2974 -1
1700879959.168506 54 1
1700879959.168752 7354 -1
1700879959.168793 54 1
1700879959.181328 5894 -1
1700879959.181328 7354 -1
1700879959.181328 4434 -1
1700879959.181328 2974 -1
1700879959.181328 1514 -1
1700879959.181328 7354 -1
1700879959.181328 5894 -1
1700879959.181328 2974 -1
1700879959.181328 2974 -1
1700879959.181328 5894 -1
1700879959.181328 5894 -1
1700879959.181328 2974 -1
1700879959.181328 7354 -1
1700879959.181328 1514 -1
1700879959.181328 7354 -1
1700879959.181328 7354 -1
1700879959.181328 1514 -1
1700879959.181328 4434 -1
1700879959.181328 7354 -1
1700879959.181328 1514 -1
1700879959.181328 2974 -1
1700879959.181842 54 1
1700879959.183297 1514 -1
1700879959.183297 5894 -1
1700879959.183297 8814 -1
1700879959.183297 5894 -1
1700879959.183297 1514 -1
1700879959.183297 7354 -1
1700879959.183297 1514 -1
1700879959.183297 2531 -1
1700879959.183583 54 1
1700879959.261164 206 1
1700879959.261318 229 1
1700879959.261413 230 1
1700879959.261553 235 1
1700879959.261650 232 1
1700879959.261754 230 1
1700879959.261857 231 1
1700879959.261950 230 1
1700879959.262230 235 1
1700879959.262335 230 1
1700879959.262436 231 1
1700879959.262524 60 -1
1700879959.262833 60 -1
1700879959.265235 60 -1
1700879959.267495 930 -1
1700879959.267655 7354 -1
1700879959.267713 54 1
1700879959.268323 1862 -1
1700879959.268323 915 -1
1700879959.268323 5894 -1
1700879959.268366 54 1
1700879959.268811 3383 -1
1700879959.268841 54 1
1700879959.269104 925 -1
1700879959.269177 904 -1
1700879959.269202 54 1
1700879959.269450 9856 -1
1700879959.269503 54 1
1700879959.270286 5894 -1
1700879959.270343 54 1
1700879959.271308 2846 -1
1700879959.271308 8494 -1
1700879959.271372 54 1
1700879959.271551 982 -1
1700879959.271582 54 1
1700879959.271754 809 -1
1700879959.271802 7354 -1
1700879959.271840 54 1
1700879959.278722 7354 -1
1700879959.278722 1860 -1
1700879959.278722 85 -1
1700879959.278722 10274 -1
1700879959.278722 6240 -1
1700879959.278722 1514 -1
1700879959.278722 1514 -1
1700879959.278722 7354 -1
1700879959.278722 7354 -1
1700879959.278722 15408 -1
1700879959.278722 2974 -1
1700879959.278722 7354 -1
1700879959.278722 7354 -1
1700879959.279080 54 1
1700879959.279344 54 1
1700879959.279357 7354 -1
1700879959.279403 54 1
1700879959.280398 2995 -1
1700879959.280398 7269 -1
1700879959.280398 7354 -1
1700879959.280500 54 1
1700879959.281547 7354 -1
1700879959.281547 2664 -1
1700879959.281618 54 1
1700879959.290916 3693 -1
1700879959.290916 923 -1
1700879959.290916 4434 -1
1700879959.290916 2805 -1
1700879959.290916 927 -1
1700879959.290916 2974 -1
1700879959.290916 3768 -1
1700879959.291094 54 1
1700879959.293309 230 1
1700879959.293455 232 1
1700879959.295567 54 1
1700879959.296014 54 1
1700879959.296036 60 -1
1700879959.298021 949 -1
1700879959.298021 8105 -1
1700879959.298098 54 1
1700879959.308200 928 -1
1700879959.308200 6770 -1
1700879959.308265 54 1
1700879959.309988 54 1
1700879959.310194 54 1
1700879959.311240 66 1
1700879959.335462 1022 -1
1700879959.335462 771 -1
1700879959.335462 7354 -1
1700879959.335558 54 1
1700879959.335857 1514 -1
1700879959.335970 4212 -1
1700879959.335996 54 1
1700879959.392598 54 1
1700879959.398205 54 1
1700879959.427727 66 -1
1700879959.427866 54 1
1700879959.505690 631 1
1700879959.540981 66 1
1700879959.614738 60 -1
1700879959.615608 2974 -1
1700879959.615650 54 1
1700879959.615693 956 -1
1700879959.627796 134 1
1700879959.648009 146 1
1700879959.651043 66 -1
1700879959.653490 548 1
1700879959.653594 196 1
1700879959.739844 60 -1
1700879959.739844 341 -1
1700879959.739844 341 -1
1700879959.739964 54 1
1700879959.756849 60 -1
1700879959.756849 115 -1
1700879959.756849 85 -1
1700879959.756904 54 1
1700879959.757664 85 1
1700879959.763020 60 -1
1700879959.763020 60 -1
1700879959.766423 1055 -1
1700879959.766757 624 -1
1700879959.766783 54 1
1700879959.767033 2064 -1
1700879959.767081 54 1
1700879959.772584 1075 -1
1700879959.772584 596 -1
1700879959.772584 2974 -1
1700879959.772661 54 1
1700879959.773488 2974 -1
1700879959.773529 54 1
1700879959.781718 2974 -1
1700879959.781718 1514 -1
1700879959.781718 1514 -1
1700879959.781718 2974 -1
1700879959.781823 54 1
1700879959.783548 2974 -1
1700879959.783574 54 1
1700879959.786511 2974 -1
1700879959.786587 54 1
1700879959.791949 2974 -1
1700879959.791949 2974 -1
1700879959.792082 54 1
1700879959.794025 2974 -1
1700879959.794100 54 1
1700879959.796757 2974 -1
1700879959.796847 54 1
1700879959.798852 2974 -1
1700879959.798905 54 1
1700879959.802106 2974 -1
1700879959.802179 54 1
1700879959.809490 2974 -1
1700879959.809490 2974 -1
1700879959.809588 54 1
1700879959.809672 2974 -1
1700879959.809703 54 1
1700879959.811921 1514 -1
1700879959.811921 1514 -1
1700879959.811988 54 1
1700879959.815168 2974 -1
1700879959.815244 54 1
1700879959.849001 1514 -1
1700879959.849001 1514 -1
1700879959.849106 54 1
1700879959.850170 2974 -1
1700879959.850202 54 1
1700879959.865876 1514 -1
1700879959.865876 1514 -1
1700879959.865911 54 1
1700879959.866933 2974 -1
1700879959.866975 54 1
1700879959.883209 2974 -1
1700879959.883209 2974 -1
1700879959.883209 2974 -1
1700879959.883209 2974 -1
1700879959.883344 54 1
1700879959.894293 2974 -1
1700879959.894293 2974 -1
1700879959.894293 2974 -1
1700879959.894293 2974 -1
1700879959.894427 54 1
1700879959.903461 1514 -1
1700879959.903461 1514 -1
1700879959.903461 2974 -1
1700879959.903461 2974 -1
1700879959.903461 1335 -1
1700879959.903695 54 1
1700879960.698867 66 -1
1700879962.729370 66 -1
1700879964.385294 175 1
1700879964.389482 175 1
1700879964.389606 175 1
1700879964.390140 1046 -1
1700879964.390140 423 -1
1700879964.390170 174 1
1700879964.390220 54 1
1700879964.391296 89 1
1700879964.392636 60 -1
1700879964.397050 175 1
1700879964.398452 1047 -1
1700879964.398452 1048 -1
1700879964.398452 654 -1
1700879964.398452 560 -1
1700879964.398452 994 -1
1700879964.398452 1002 -1
1700879964.398571 54 1
1700879964.398582 175 1
1700879964.400735 175 1
1700879964.400838 175 1
1700879964.400910 175 1
1700879964.403764 175 1
1700879964.410060 1047 -1
1700879964.410060 4648 -1
1700879964.410188 54 1
1700879964.413518 60 -1
1700879964.413518 1018 -1
1700879964.413621 54 1
1700879964.413675 2632 -1
1700879964.413699 54 1
1700879964.413729 1021 -1
1700879964.413729 1629 -1
1700879964.413757 54 1
1700879964.414013 1514 -1
1700879964.414013 1332 -1
1700879964.414048 54 1
1700879964.414274 552 -1
1700879964.414298 54 1
1700879964.414743 1068 -1
1700879964.414743 3648 -1
1700879964.414779 54 1
1700879964.438083 175 1
1700879964.438290 174 1
1700879964.438368 175 1
1700879964.438468 170 1
1700879964.445900 60 -1
1700879964.445900 1048 -1
1700879964.445900 2909 -1
1700879964.445900 1047 -1
1700879964.445900 868 -1
1700879964.446024 54 1
1700879964.446807 60 -1
1700879964.449016 1048 -1
1700879964.449016 1011 -1
1700879964.449016 2870 -1
1700879964.449109 54 1
1700879964.449348 5894 -1
1700879964.449381 54 1
1700879964.449683 7354 -1
1700879964.449743 54 1
1700879964.450281 2974 -1
1700879964.450307 54 1
1700879964.450671 1514 -1
1700879964.450671 7354 -1
1700879964.450696 54 1
1700879964.451254 7354 -1
1700879964.451290 54 1
1700879964.451826 5894 -1
1700879964.451860 54 1
1700879964.452475 7354 -1
1700879964.452527 54 1
1700879964.452956 2974 -1
1700879964.452993 54 1
1700879964.453309 7354 -1
1700879964.453344 54 1
1700879964.453882 7354 -1
1700879964.453914 54 1
1700879964.454381 1514 -1
1700879964.454494 7354 -1
1700879964.454538 54 1
1700879964.455205 7354 -1
1700879964.455230 54 1
1700879964.455711 1514 -1
1700879964.455744 54 1
1700879964.455869 7354 -1
1700879964.455911 54 1
1700879964.456734 716 -1
1700879964.456774 54 1
1700879964.731504 142 1
1700879964.759613 1050 -1
1700879964.759613 10274 -1
1700879964.759613 5894 -1
1700879964.759793 54 1
1700879964.759863 4434 -1
1700879964.759903 54 1
1700879964.760291 7354 -1
1700879964.760321 54 1
1700879964.762023 4434 -1
1700879964.762023 2974 -1
1700879964.762023 7354 -1
1700879964.762023 5894 -1
1700879964.762261 54 1
1700879964.762609 7354 -1
1700879964.762643 54 1
1700879964.763073 4434 -1
1700879964.763374 54 1
1700879964.763512 4434 -1
1700879964.763545 54 1
1700879964.763719 7354 -1
1700879964.763782 54 1
1700879964.764351 7354 -1
1700879964.764550 54 1
1700879964.765110 1514 -1
1700879964.765110 1514 -1
1700879964.765142 54 1
1700879964.765398 5894 -1
1700879964.765426 54 1
1700879964.765686 7354 -1
1700879964.765711 54 1
1700879964.766502 1514 -1
1700879964.766502 20494 -1
1700879964.766591 54 1
1700879964.768390 4434 -1
1700879964.768433 54 1
1700879964.768464 7354 -1
1700879964.768484 54 1
1700879964.769271 7354 -1
1700879964.769316 54 1
1700879964.779876 4434 -1
1700879964.779876 2974 -1
1700879964.779876 5894 -1
1700879964.779876 2974 -1
1700879964.779876 7354 -1
1700879964.779876 1514 -1
1700879964.779876 4434 -1
1700879964.779876 4434 -1
1700879964.779876 1514 -1
1700879964.779876 7354 -1
1700879964.779876 1514 -1
1700879964.779876 1514 -1
1700879964.779876 4434 -1
1700879964.779876 5894 -1
1700879964.779876 1514 -1
1700879964.779876 4434 -1
1700879964.779876 7354 -1
1700879964.779876 7354 -1
1700879964.779876 4434 -1
1700879964.779876 1514 -1
1700879964.779876 1514 -1
1700879964.779876 1128 -1
1700879964.780266 54 1
1700879964.784481 54 1
1700879965.409537 136 1
1700879965.414548 1075 -1
1700879965.414548 7354 -1
1700879965.414664 54 1
1700879965.415039 5894 -1
1700879965.415068 54 1
1700879965.417467 4779 -1
1700879965.417517 54 1
1700879966.590446 54 1
1700879966.590623 54 1
1700879966.592654 54 1
1700879966.602356 78 -1
1700879966.602356 60 -1
1700879966.602453 54 1
1700879966.622632 78 -1
1700879966.622632 60 -1
1700879966.622698 54 1
1700879966.715738 78 -1
1700879966.715738 60 -1
1700879966.715811 54 1
1700879966.759582 66 -1
1700879967.299324 66 1
1700879967.307964 66 -1
1700879967.309352 54 1
1700879967.316052 902 1
1700879967.331437 60 -1
1700879967.331437 318 -1
1700879967.334365 134 1
1700879967.334684 146 1
1700879967.335810 586 1
1700879967.339528 230 1
1700879967.340076 231 1
1700879967.340771 231 1
1700879967.341468 231 1
1700879967.341580 235 1
1700879967.343987 60 -1
1700879967.343987 60 -1
1700879967.345374 60 -1
1700879967.345374 60 -1
1700879967.345374 60 -1
1700879967.345374 60 -1
1700879967.345374 60 -1
1700879967.345374 60 -1
1700879967.345920 341 -1
1700879967.351596 115 -1
1700879967.351596 85 -1
1700879967.351596 1005 -1
1700879967.353279 54 1
1700879967.354551 1514 -1
1700879967.354720 2974 -1
1700879967.354752 54 1
1700879967.355102 1514 -1
1700879967.355185 54 1
1700879967.355442 1514 -1
1700879967.356491 5894 -1
1700879967.356586 54 1
1700879967.356712 7354 -1
1700879967.356761 54 1
1700879967.358289 85 1
1700879967.363692 2769 -1
1700879967.363692 855 -1
1700879967.363692 7354 -1
1700879967.363692 5894 -1
1700879967.363692 3351 -1
1700879967.363692 1149 -1
1700879967.364517 54 1
1700879967.377852 982 -1
1700879967.377852 5217 -1
1700879967.379070 54 1
1700879967.386188 948 -1
1700879967.386188 855 -1
1700879967.386188 952 -1
1700879967.386188 3639 -1
1700879967.386188 2562 -1
1700879967.386969 54 1
1700879968.509492 66 1
1700879968.523198 66 -1
1700879968.523328 54 1
1700879968.523886 574 1
1700879968.530974 60 -1
1700879968.543038 2779 -1
1700879968.543138 54 1
1700879968.544294 134 1
1700879968.544559 146 1
1700879968.544829 483 1
1700879968.549472 60 -1
1700879968.549472 341 -1
1700879968.549472 341 -1
1700879968.549527 54 1
1700879968.551539 60 -1
1700879968.551605 60 -1
1700879968.553826 115 -1
1700879968.553826 85 -1
1700879968.553886 54 1
1700879968.553969 1024 -1
1700879968.553969 5894 -1
1700879968.554014 54 1
1700879968.554403 7354 -1
1700879968.554445 54 1
1700879968.554695 85 1
1700879968.558393 3320 -1
1700879968.558393 7354 -1
1700879968.558393 9191 -1
1700879968.558393 16522 -1
1700879968.558393 7354 -1
1700879968.558539 54 1
1700879968.558590 7354 -1
1700879968.558625 54 1
1700879968.559256 4434 -1
1700879968.559290 54 1
1700879968.559609 7354 -1
1700879968.559643 54 1
1700879968.560144 10274 -1
1700879968.560184 54 1
1700879968.561036 5894 -1
1700879968.561064 54 1
1700879968.561505 7354 -1
1700879968.561536 54 1
1700879968.562066 1514 -1
1700879968.562098 54 1
1700879968.562293 5894 -1
1700879968.562328 54 1
1700879968.562668 4434 -1
1700879968.562697 54 1
1700879968.563040 7354 -1
1700879968.563072 54 1
1700879968.563638 2974 -1
1700879968.563675 54 1
1700879968.563893 60 -1
1700879968.563893 2974 -1
1700879968.563972 54 1
1700879968.564150 8168 -1
1700879968.564245 54 1
1700879970.944829 229 1
1700879970.944946 230 1
1700879970.945676 234 1
1700879970.945772 221 1
1700879970.945864 230 1
1700879970.946162 225 1
1700879970.952342 60 -1
1700879970.952342 60 -1
1700879970.952342 60 -1
1700879970.952342 854 -1
1700879970.952706 3387 -1
1700879970.952750 54 1
1700879970.959961 930 -1
1700879970.960066 5894 -1
1700879970.960113 54 1
1700879970.960567 7354 -1
1700879970.960604 54 1
1700879970.961633 2974 -1
1700879970.961679 54 1
1700879970.962576 6010 -1
1700879970.962644 54 1
1700879970.963590 1055 -1
1700879970.963590 729 -1
1700879970.963590 980 -1
1700879970.963590 4401 -1
1700879970.963676 54 1
1700879970.973044 4434 -1
1700879970.973044 7842 -1
1700879970.973404 54 1
1700879970.982231 856 -1
1700879970.982231 4127 -1
1700879970.982231 1732 -1
1700879970.982389 54 1
1700879970.986057 7061 -1
1700879970.986178 54 1
1700879972.736574 230 1
1700879972.736670 231 1
1700879972.742367 60 -1
1700879972.749700 927 -1
1700879972.749700 7354 -1
1700879972.749771 54 1
1700879972.757327 1858 -1
1700879972.757327 928 -1
1700879972.757327 7354 -1
1700879972.757327 164 -1
1700879972.757455 54 1
1700879972.784417 89 1
1700879972.841468 60 -1
1700879974.887634 66 -1
1700879976.004742 234 1
1700879976.010567 60 -1
1700879976.011652 235 1
1700879976.013877 258 1
1700879976.014008 230 1
1700879976.014083 231 1
1700879976.014459 235 1
1700879976.014543 230 1
1700879976.014625 256 1
1700879976.031482 60 -1
1700879976.031482 60 -1
1700879976.031482 60 -1
1700879976.031482 60 -1
1700879976.031482 60 -1
1700879976.031482 60 -1
1700879976.031482 60 -1
1700879976.031995 956 -1
1700879976.031995 7354 -1
1700879976.032115 54 1
1700879976.032723 9160 -1
1700879976.032772 54 1
1700879976.033531 308 -1
1700879976.033531 927 -1
1700879976.033531 1514 -1
1700879976.033531 4434 -1
1700879976.033744 54 1
1700879976.033780 1514 -1
1700879976.033780 3890 -1
1700879976.033808 54 1
1700879976.034436 4434 -1
1700879976.034474 54 1
1700879976.034578 4434 -1
1700879976.034624 54 1
1700879976.034862 7354 -1
1700879976.034901 54 1
1700879976.035496 1206 -1
1700879976.035600 7354 -1
1700879976.035641 54 1
1700879976.036151 5894 -1
1700879976.036203 54 1
1700879976.036686 7354 -1
1700879976.036746 54 1
1700879976.037475 2974 -1
1700879976.037535 54 1
1700879976.037745 7354 -1
1700879976.037775 54 1
1700879976.038163 7354 -1
1700879976.038343 54 1
1700879976.040527 7354 -1
1700879976.040527 1514 -1
1700879976.040527 5894 -1
1700879976.040527 1514 -1
1700879976.040527 4434 -1
1700879976.040664 54 1
1700879976.043983 2974 -1
1700879976.043983 1514 -1
1700879976.043983 2974 -1
1700879976.043983 4434 -1
1700879976.043983 7354 -1
1700879976.043983 2974 -1
1700879976.043983 2974 -1
1700879976.043983 5894 -1
1700879976.043983 4434 -1
1700879976.043983 7354 -1
1700879976.044347 54 1
1700879976.044425 4434 -1
1700879976.044484 54 1
1700879976.044532 5894 -1
1700879976.044743 54 1
1700879976.046471 2974 -1
1700879976.046471 1514 -1
1700879976.046471 8814 -1
1700879976.046471 5894 -1
1700879976.046471 7354 -1
1700879976.046797 54 1
1700879976.047488 7354 -1
1700879976.047535 54 1
1700879976.047575 7354 -1
1700879976.047618 54 1
1700879976.048537 7354 -1
1700879976.048577 54 1
1700879976.049013 4434 -1
1700879976.049127 54 1
1700879976.049162 7354 -1
1700879976.049345 54 1
1700879976.050411 3670 -1
1700879976.050411 855 -1
1700879976.050411 5181 -1
1700879976.050485 54 1
1700879976.061146 929 -1
1700879976.061146 5763 -1
1700879976.061146 934 -1
1700879976.061146 7354 -1
1700879976.061146 5894 -1
1700879976.061146 1514 -1
1700879976.061146 1860 -1
1700879976.061146 1514 -1
1700879976.061146 7354 -1
1700879976.061146 1514 -1
1700879976.061146 1514 -1
1700879976.061146 2974 -1
1700879976.061146 1922 -1
1700879976.061146 4434 -1
1700879976.061146 2974 -1
1700879976.061146 2974 -1
1700879976.061146 6271 -1
1700879976.061146 7354 -1
1700879976.061146 7354 -1
1700879976.061146 7354 -1
1700879976.061146 4434 -1
1700879976.061146 5894 -1
1700879976.061146 1514 -1
1700879976.061146 2974 -1
1700879976.061146 1514 -1
1700879976.061146 5894 -1
1700879976.062314 54 1
1700879976.062444 1514 -1
1700879976.062444 7354 -1
1700879976.062444 7354 -1
1700879976.062587 54 1
1700879976.062921 7354 -1
1700879976.062967 54 1
1700879976.063323 7354 -1
1700879976.063769 54 1
1700879976.064299 1514 -1
1700879976.064299 2974 -1
1700879976.064299 7354 -1
1700879976.064366 54 1
1700879976.064900 5894 -1
1700879976.064962 54 1
1700879976.065605 7354 -1
1700879976.065659 54 1
1700879976.066038 2974 -1
1700879976.066063 54 1
1700879976.066321 2974 -1
1700879976.066350 54 1
1700879976.066508 1514 -1
1700879976.066590 7354 -1
1700879976.066639 54 1
1700879976.067624 1514 -1
1700879976.067624 5894 -1
1700879976.067720 54 1
1700879976.067993 54 1
1700879976.073511 5894 -1
1700879976.073511 7354 -1
1700879976.073511 7354 -1
1700879976.073511 2974 -1
1700879976.073511 7354 -1
1700879976.073511 4434 -1
1700879976.073511 2974 -1
1700879976.073511 7354 -1
1700879976.073511 1514 -1
1700879976.073511 5894 -1
1700879976.073511 2974 -1
1700879976.073511 1514 -1
1700879976.073511 7354 -1
1700879976.074016 54 1
1700879976.079252 7354 -1
1700879976.079252 7354 -1
1700879976.079252 4434 -1
1700879976.079252 1514 -1
1700879976.079252 7354 -1
1700879976.079252 2974 -1
1700879976.079252 7354 -1
1700879976.079252 7354 -1
1700879976.079252 7354 -1
1700879976.079252 7354 -1
1700879976.079252 4434 -1
1700879976.079252 14654 -1
1700879976.079582 54 1
1700879976.090969 4434 -1
1700879976.090969 7354 -1
1700879976.090969 1266 -1
1700879976.090969 4434 -1
1700879976.090969 21954 -1
1700879976.090969 7354 -1
1700879976.090969 3222 -1
1700879976.090969 20494 -1
1700879976.090969 7354 -1
1700879976.090969 5894 -1
1700879976.090969 2974 -1
1700879976.090969 1514 -1
1700879976.090969 9999 -1
1700879976.091742 54 1
1700879976.091866 54 1
1700879976.618420 54 1
1700879976.619410 54 1
1700879976.621563 78 -1
1700879976.621563 60 -1
1700879976.621611 54 1
1700879976.623403 78 -1
1700879976.623403 60 -1
1700879976.623621 54 1
1700879979.965167 66 1
1700879979.966321 66 -1
1700879979.966479 54 1
1700879979.967163 934 1
1700879979.968190 60 -1
1700879979.969403 318 -1
1700879979.970073 134 1
1700879979.971061 60 -1
1700879979.972443 341 -1
1700879979.973550 146 1
1700879979.974037 584 1
1700879979.974130 260 1
1700879979.976335 230 1
1700879979.976428 229 1
1700879980.013090 235 1
1700879980.037528 60 -1
1700879980.037528 60 -1
1700879980.037528 60 -1
1700879980.037528 60 -1
1700879980.037528 115 -1
1700879980.037528 85 -1
1700879980.037528 883 -1
1700879980.037528 6458 -1
1700879980.037528 926 -1
1700879980.037528 6595 -1
1700879980.037528 931 -1
1700879980.037528 7354 -1
1700879980.037528 8386 -1
1700879980.037528 991 -1
1700879980.037528 13194 -1
1700879980.037528 2974 -1
1700879980.037528 400 -1
1700879980.037528 4434 -1
1700879980.037528 7354 -1
1700879980.037528 4811 -1
1700879980.037528 7354 -1
1700879980.037528 7354 -1
1700879980.037528 4434 -1
1700879980.037878 54 1
1700879980.038834 54 1
1700879980.039028 7354 -1
1700879980.039075 54 1
1700879980.039513 54 1
1700879980.039579 7354 -1
1700879980.039612 54 1
1700879980.040331 85 1
1700879980.047710 7354 -1
1700879980.047710 7354 -1
1700879980.047710 4434 -1
1700879980.047710 7354 -1
1700879980.047710 7354 -1
1700879980.047710 7354 -1
1700879980.047710 8814 -1
1700879980.047879 54 1
1700879980.048094 7354 -1
1700879980.048120 54 1
1700879980.050164 7354 -1
1700879980.050164 1514 -1
1700879980.050259 54 1
1700879980.051080 17574 -1
1700879980.051171 54 1
1700879980.053421 7354 -1
1700879980.053459 54 1
1700879980.056270 23414 -1
1700879980.056339 54 1
1700879980.060286 5894 -1
1700879980.060317 54 1
1700879980.061285 7354 -1
1700879980.061317 54 1
1700879980.062514 1874 -1
1700879980.062538 54 1
1700879980.062652 60 -1
1700879980.062652 1054 -1
1700879980.062686 54 1
1700879980.063451 730 -1
1700879980.063451 7354 -1
1700879980.063483 54 1
1700879980.064604 697 -1
1700879980.113338 54 1
1700879981.574044 234 1
1700879981.579063 261 1
1700879981.583611 230 1
1700879981.583682 234 1
1700879981.583882 234 1
1700879981.589158 60 -1
1700879981.618742 831 -1
1700879981.618742 4643 -1
1700879981.618742 1054 -1
1700879981.618742 1646 -1
1700879981.618742 7354 -1
1700879981.618742 1352 -1
1700879981.618742 812 -1
1700879981.618742 1514 -1
1700879981.618742 1514 -1
1700879981.618742 2974 -1
1700879981.618742 10620 -1
1700879981.618742 7354 -1
1700879981.618742 2030 -1
1700879981.618742 1514 -1
1700879981.618742 2974 -1
1700879981.618742 1514 -1
1700879981.618742 7354 -1
1700879981.618742 1955 -1
1700879981.618958 54 1
1700879981.622518 1113 -1
1700879981.622518 647 -1
1700879981.622581 54 1
1700879981.622926 7354 -1
1700879981.622975 54 1
1700879981.624110 7354 -1
1700879981.624110 1860 -1
1700879981.624176 54 1
1700879981.624238 7354 -1
1700879981.624278 54 1
1700879981.624846 7354 -1
1700879981.624878 54 1
1700879981.625511 1891 -1
1700879981.625545 54 1
1700879981.625588 8814 -1
1700879981.625632 54 1
1700879981.626490 7762 -1
1700879981.626521 54 1
1700879981.626941 7354 -1
1700879981.626975 54 1
1700879981.627558 7354 -1
1700879981.627595 54 1
1700879981.628168 7354 -1
1700879981.628200 54 1
1700879981.628758 5894 -1
1700879981.628789 54 1
1700879981.629520 5894 -1
1700879981.629555 54 1
1700879981.629825 7354 -1
1700879981.629881 54 1
1700879981.630452 5894 -1
1700879981.630498 54 1
1700879981.630834 2974 -1
1700879981.630876 54 1
1700879981.636578 7354 -1
1700879981.636578 7354 -1
1700879981.636578 2974 -1
1700879981.636578 7354 -1
1700879981.636578 4434 -1
1700879981.636578 1514 -1
1700879981.636578 2974 -1
1700879981.636578 2974 -1
1700879981.636578 2974 -1
1700879981.636578 2974 -1
1700879981.636578 1514 -1
1700879981.636578 2974 -1
1700879981.636578 4434 -1
1700879981.636578 2974 -1
1700879981.636578 7354 -1
1700879981.636578 7354 -1
1700879981.636767 54 1
1700879981.636954 7354 -1
1700879981.636992 54 1
1700879981.637312 54 1
1700879981.637429 5894 -1
1700879981.637466 54 1
1700879981.644422 7354 -1
1700879981.644422 2974 -1
1700879981.644422 7354 -1
1700879981.644422 7354 -1
1700879981.644422 5894 -1
1700879981.644422 4434 -1
1700879981.644422 299 -1
1700879981.644669 54 1
1700879983.194885 231 1
1700879983.199106 222 1
1700879983.200200 230 1
1700879983.200300 231 1
1700879983.200383 256 1
1700879983.200896 231 1
1700879983.201614 60 -1
1700879983.202663 60 -1
1700879983.204574 1052 -1
1700879983.204574 729 -1
1700879983.204659 54 1
1700879983.206163 7354 -1
1700879983.206163 7354 -1
1700879983.206251 54 1
1700879983.209570 1860 -1
1700879983.209570 2283 -1
1700879983.209570 4645 -1
1700879983.209570 929 -1
1700879983.209570 7354 -1
1700879983.209570 2974 -1
1700879983.209570 1361 -1
1700879983.209640 54 1
1700879983.209736 1047 -1
1700879983.209796 54 1
1700879983.209926 735 -1
1700879983.209926 1514 -1
1700879983.209990 54 1
1700879983.210032 1514 -1
1700879983.210335 2001 -1
1700879983.210419 54 1
1700879983.221766 861 -1
1700879983.221766 7354 -1
1700879983.221841 54 1
1700879983.224646 7354 -1
1700879983.224646 1860 -1
1700879983.224646 85 -1
1700879983.224646 7354 -1
1700879983.224748 54 1
1700879983.233432 4434 -1
1700879983.233432 4780 -1
1700879983.233432 7354 -1
1700879983.233432 7354 -1
1700879983.233432 5894 -1
1700879983.233432 12488 -1
1700879983.233432 7354 -1
1700879983.233432 2974 -1
1700879983.233622 54 1
1700879983.237374 7354 -1
1700879983.237374 7354 -1
1700879983.237374 5894 -1
1700879983.237495 54 1
1700879983.237719 2974 -1
1700879983.237745 54 1
1700879983.237922 1514 -1
1700879983.237960 54 1
1700879983.237991 7354 -1
1700879983.238013 54 1
1700879983.239445 7354 -1
1700879983.239488 54 1
1700879983.240520 7354 -1
1700879983.240572 54 1
1700879983.241921 6574 -1
1700879983.241960 54 1
1700879983.242431 1052 -1
1700879983.242539 733 -1
1700879983.242564 54 1
1700879983.242631 2974 -1
1700879983.242664 54 1
1700879983.242818 1514 -1
1700879983.242944 2374 -1
1700879983.242971 54 1
1700879984.852476 229 1
1700879984.855158 230 1
1700879984.859151 231 1
1700879984.860481 230 1
1700879984.860686 230 1
1700879984.860688 60 -1
1700879984.862903 60 -1
1700879984.872913 1048 -1
1700879984.872913 733 -1
1700879984.872913 1129 -1
1700879984.872913 7128 -1
1700879984.873068 54 1
1700879984.873576 628 -1
1700879984.873576 1030 -1
1700879984.873576 761 -1
1700879984.873576 7354 -1
1700879984.873650 54 1
1700879984.877014 7354 -1
1700879984.877014 1860 -1
1700879984.877014 1514 -1
1700879984.877014 7354 -1
1700879984.877014 607 -1
1700879984.877014 7354 -1
1700879984.877014 827 -1
1700879984.877014 928 -1
1700879984.877014 4831 -1
1700879984.877302 54 1
1700879984.885545 954 -1
1700879984.885545 4434 -1
1700879984.885545 3460 -1
1700879984.885661 54 1
1700879986.645289 54 1
1700879986.651409 60 -1
1700879986.651480 54 1
1700879986.651552 78 -1
1700879986.651595 54 1
1700879989.338653 66 1
1700879989.341678 66 -1
1700879989.341818 54 1
1700879989.345399 902 1
1700879989.350105 60 -1
1700879989.353058 318 -1
1700879989.354393 134 1
1700879989.355059 146 1
1700879989.355610 60 -1
1700879989.356477 580 1
1700879989.356557 222 1
1700879989.356614 232 1
1700879989.364716 341 -1
1700879989.364716 60 -1
1700879989.364716 115 -1
1700879989.364716 85 -1
1700879989.364836 54 1
1700879989.366486 85 1
1700879989.368175 60 -1
1700879989.368175 60 -1
1700879989.368175 60 -1
1700879989.368281 860 -1
1700879989.368281 929 -1
1700879989.368281 7354 -1
1700879989.368359 54 1
1700879989.369612 2989 -1
1700879989.369612 1514 -1
1700879989.369612 5894 -1
1700879989.369612 1514 -1
1700879989.369684 54 1
1700879989.369741 6003 -1
1700879989.369774 54 1
1700879989.385839 929 -1
1700879989.385839 7354 -1
1700879989.385954 54 1
1700879989.407979 2619 -1
1700879989.407979 1159 -1
1700879989.408063 66 1
1700879990.949663 230 1
1700879990.957951 66 1
1700879990.958121 229 1
1700879990.959985 60 -1
1700879990.963653 960 -1
1700879990.963653 1514 -1
1700879990.963735 54 1
1700879990.963789 7354 -1
1700879990.963827 54 1
1700879990.964210 5755 -1
1700879990.964264 54 1
1700879990.976125 1059 -1
1700879990.976125 729 -1
1700879990.976221 54 1
1700879990.976927 5894 -1
1700879990.976927 4357 -1
1700879990.976986 54 1
1700879991.057810 66 -1
1700879991.057991 54 1
1700879991.058762 934 1
1700879991.158357 60 -1
1700879991.158684 318 -1
1700879991.159383 134 1
1700879991.159826 146 1
1700879991.160585 584 1
1700879991.160666 228 1
1700879991.160746 232 1
1700879991.160863 228 1
1700879991.160989 228 1
1700879991.258974 60 -1
1700879991.259075 341 -1
1700879991.259515 60 -1
1700879991.259515 115 -1
1700879991.259515 85 -1
1700879991.259581 54 1
1700879991.259913 85 1
1700879991.260047 60 -1
1700879991.260090 60 -1
1700879991.260249 60 -1
1700879991.260669 60 -1
1700879991.260669 60 -1
1700879991.261636 1075 -1
1700879991.261681 54 1
1700879991.261785 2974 -1
1700879991.261811 54 1
1700879991.263440 2974 -1
1700879991.263483 54 1
1700879991.264951 913 -1
1700879991.264992 54 1
1700879991.265676 1196 -1
1700879991.265701 54 1
1700879991.266051 2974 -1
1700879991.266087 54 1
1700879991.267458 2974 -1
1700879991.267495 54 1
1700879991.269083 2974 -1
1700879991.269130 54 1
1700879991.270652 2974 -1
1700879991.270707 54 1
1700879991.272123 2974 -1
1700879991.272176 54 1
1700879991.273641 2974 -1
1700879991.273683 54 1
1700879991.281814 2974 -1
1700879991.281814 2974 -1
1700879991.281814 2974 -1
1700879991.281814 2974 -1
1700879991.281814 2974 -1
1700879991.281989 54 1
1700879991.283452 2974 -1
1700879991.283507 66 -1
1700879991.283512 54 1
1700879991.286834 2974 -1
1700879991.286834 184 -1
1700879991.286932 54 1
1700879991.359580 60 -1
1700879992.573601 230 1
1700879992.574525 236 1
1700879992.576480 228 1
1700879992.577548 227 1
1700879992.578926 227 1
1700879992.580508 226 1
1700879992.581483 218 1
1700879992.583422 230 1
1700879992.586183 60 -1
1700879992.594813 898 -1
1700879992.594813 3587 -1
1700879992.594960 54 1
1700879992.595165 927 -1
1700879992.595165 10050 -1
1700879992.595228 54 1
1700879992.688874 60 -1
1700879992.688874 60 -1
1700879992.688874 60 -1
1700879992.688874 60 -1
1700879992.688874 60 -1
1700879992.688874 1048 -1
1700879992.688874 1514 -1
1700879992.688874 1514 -1
1700879992.688874 2974 -1
1700879992.689061 54 1
1700879992.697781 2974 -1
1700879992.697781 2974 -1
1700879992.697781 2974 -1
1700879992.697781 2974 -1
1700879992.697781 2974 -1
1700879992.697936 54 1
1700879992.698379 2974 -1
1700879992.698379 2974 -1
1700879992.698379 2974 -1
1700879992.698462 54 1
1700879992.708476 1514 -1
1700879992.708476 1514 -1
1700879992.708476 2974 -1
1700879992.708476 2974 -1
1700879992.708476 1514 -1
1700879992.708476 1514 -1
1700879992.708476 2974 -1
1700879992.708476 2974 -1
1700879992.708627 54 1
1700879992.725065 2974 -1
1700879992.725065 2974 -1
1700879992.725065 2974 -1
1700879992.725065 1514 -1
1700879992.725065 1514 -1
1700879992.725065 1514 -1
1700879992.725065 1514 -1
1700879992.725065 2974 -1
1700879992.725065 2974 -1
1700879992.725065 2974 -1
1700879992.725065 2974 -1
1700879992.725065 2974 -1
1700879992.725065 1675 -1
1700879992.725276 54 1
1700879994.160913 257 1
1700879994.162567 231 1
1700879994.163627 60 -1
1700879994.165402 925 -1
1700879994.165574 7354 -1
1700879994.165610 54 1
1700879994.169889 1716 -1
1700879994.169941 54 1
1700879994.171954 230 1
1700879994.179463 938 -1
1700879994.179463 7354 -1
1700879994.179558 54 1
1700879994.180230 7354 -1
1700879994.180230 1860 -1
1700879994.180286 54 1
1700879994.190721 7354 -1
1700879994.190721 7354 -1
1700879994.190721 1891 -1
1700879994.190721 85 -1
1700879994.190721 7354 -1
1700879994.190721 7354 -1
1700879994.190721 2974 -1
1700879994.190721 5894 -1
1700879994.190721 7354 -1
1700879994.190721 1514 -1
1700879994.190721 1514 -1
1700879994.190721 7354 -1
1700879994.190721 7354 -1
1700879994.190721 2974 -1
1700879994.190721 7354 -1
1700879994.190721 5894 -1
1700879994.190721 5894 -1
1700879994.190721 4434 -1
1700879994.190721 7354 -1
1700879994.190721 7354 -1
1700879994.190721 7354 -1
1700879994.190721 7354 -1
1700879994.190721 7354 -1
1700879994.191334 54 1
1700879994.191921 54 1
1700879994.200239 7354 -1
1700879994.200239 7354 -1
1700879994.200239 2974 -1
1700879994.200239 7354 -1
1700879994.200239 2974 -1
1700879994.200239 19034 -1
1700879994.200446 54 1
1700879994.206192 2974 -1
1700879994.206192 7354 -1
1700879994.206192 7354 -1
1700879994.206192 5894 -1
1700879994.206192 7354 -1
1700879994.206192 2974 -1
1700879994.206192 1514 -1
1700879994.206192 7354 -1
1700879994.206192 7354 -1
1700879994.206192 5869 -1
1700879994.206411 54 1
1700879995.838275 228 1
1700879995.849433 219 1
1700879995.849547 228 1
1700879995.849610 226 1
1700879995.849809 221 1
1700879995.850280 218 1
1700879995.861684 225 1
1700879995.865519 222 1
1700879995.940992 1200 -1
1700879995.941217 443 -1
1700879995.941245 54 1
1700879995.941524 2974 -1
1700879995.941552 54 1
1700879995.943057 2974 -1
1700879995.943094 54 1
1700879995.944682 2974 -1
1700879995.944741 54 1
1700879995.946020 626 -1
1700879995.950278 60 -1
1700879995.953787 1173 -1
1700879995.953863 54 1
1700879995.954028 479 -1
1700879995.954251 1176 -1
1700879995.954274 54 1
1700879995.954943 2974 -1
1700879995.955004 54 1
1700879995.956517 2974 -1
1700879995.956561 54 1
1700879995.957972 2974 -1
1700879995.958018 54 1
1700879995.959483 2974 -1
1700879995.959519 54 1
1700879995.961207 2974 -1
1700879995.961265 54 1
1700879995.962660 2974 -1
1700879995.962703 54 1
1700879995.964092 2974 -1
1700879995.964138 54 1
1700879995.965673 2974 -1
1700879995.965725 54 1
1700879995.967156 2974 -1
1700879995.967192 54 1
1700879995.968747 2974 -1
1700879995.968793 54 1
1700879995.970195 2974 -1
1700879995.970239 54 1
1700879995.971869 2974 -1
1700879995.971925 54 1
1700879995.973554 1514 -1
1700879995.973554 1514 -1
1700879995.973627 54 1
1700879995.978777 2974 -1
1700879995.978777 2974 -1
1700879995.978777 2974 -1
1700879995.978862 54 1
1700879995.980758 2974 -1
1700879995.980831 54 1
1700879995.981101 2974 -1
1700879995.981131 54 1
1700879995.982796 2974 -1
1700879995.982852 54 1
1700879995.988914 2974 -1
1700879995.988914 2974 -1
1700879995.988914 309 -1
1700879995.989023 54 1
1700879996.652737 54 1
1700879996.653070 54 1
1700879996.654248 60 -1
1700879996.654248 78 -1
1700879996.654281 54 1
1700879996.654347 54 1
1700879996.753418 78 -1
1700879996.753418 60 -1
1700879996.753565 54 1
1700880001.090815 66 1
1700880001.195131 66 -1
1700880001.195303 54 1
1700880001.203510 966 1
1700880001.307145 60 -1
1700880001.307145 318 -1
1700880001.308520 134 1
1700880001.310164 146 1
1700880001.311472 575 1
1700880001.311612 221 1
1700880001.311704 221 1
1700880001.311822 221 1
1700880001.311938 222 1
1700880001.312075 219 1
1700880001.312188 231 1
1700880001.312316 244 1
1700880001.415213 60 -1
1700880001.415694 60 -1
1700880001.415694 60 -1
1700880001.415694 60 -1
1700880001.415694 60 -1
1700880001.415694 60 -1
1700880001.415694 60 -1
1700880001.415694 60 -1
1700880001.415694 60 -1
1700880001.415694 341 -1
1700880001.415694 60 -1
1700880001.416843 115 -1
1700880001.416843 85 -1
1700880001.416927 54 1
1700880001.417324 85 1
1700880001.419192 1172 -1
1700880001.419280 54 1
1700880001.419464 478 -1
1700880001.419489 54 1
1700880001.419699 1061 -1
1700880001.420442 2974 -1
1700880001.420478 54 1
1700880001.421936 2974 -1
1700880001.421992 54 1
1700880001.423655 2974 -1
1700880001.423700 54 1
1700880001.425902 2974 -1
1700880001.425996 54 1
1700880001.427038 2974 -1
1700880001.427088 54 1
1700880001.429210 2974 -1
1700880001.429263 54 1
1700880001.430661 2974 -1
1700880001.430717 54 1
1700880001.432312 2974 -1
1700880001.432568 54 1
1700880001.433932 2974 -1
1700880001.433973 54 1
1700880001.435546 2974 -1
1700880001.435592 54 1
1700880001.439586 2974 -1
1700880001.439586 2974 -1
1700880001.439702 54 1
1700880001.440838 2974 -1
1700880001.440873 54 1
1700880001.442471 2974 -1
1700880001.442531 54 1
1700880001.444169 2974 -1
1700880001.444214 54 1
1700880001.445837 2974 -1
1700880001.445891 54 1
1700880001.447696 2974 -1
1700880001.447761 54 1
1700880001.449213 2974 -1
1700880001.449258 54 1
1700880001.451019 2974 -1
1700880001.451076 54 1
1700880001.452723 2974 -1
1700880001.452776 54 1
1700880001.521090 2974 -1
1700880001.521217 54 1
1700880001.526476 2974 -1
1700880001.526476 2974 -1
1700880001.526476 60 -1
1700880001.526476 2974 -1
1700880001.526591 54 1
1700880001.526983 2525 -1
1700880001.527008 54 1
1700880001.529376 2974 -1
1700880001.529442 54 1
1700880001.529972 2974 -1
1700880001.530021 54 1
1700880001.533096 1514 -1
1700880001.533096 1514 -1
1700880001.533190 54 1
1700880001.534018 2974 -1
1700880001.534068 54 1
1700880001.535212 2974 -1
1700880001.535321 54 1
1700880001.536892 2974 -1
1700880001.536944 54 1
1700880001.538604 2974 -1
1700880001.538654 54 1
1700880001.540233 2974 -1
1700880001.540286 54 1
1700880001.541912 2974 -1
1700880001.541961 54 1
1700880001.543855 2974 -1
1700880001.543908 54 1
1700880001.545628 2974 -1
1700880001.545688 54 1
1700880001.547040 2974 -1
1700880001.547085 54 1
1700880001.549331 2974 -1
1700880001.549393 54 1
1700880001.550637 2974 -1
1700880001.550688 54 1
1700880001.552280 2974 -1
1700880001.552337 54 1
1700880001.553859 2974 -1
1700880001.553898 54 1
1700880001.555553 2974 -1
1700880001.555594 54 1
1700880001.557707 2974 -1
1700880001.557753 54 1
1700880001.558981 2974 -1
1700880001.559042 54 1
1700880001.560750 2974 -1
1700880001.560797 54 1
1700880001.562549 2974 -1
1700880001.562596 54 1
1700880001.564113 2974 -1
1700880001.564168 54 1
1700880001.566249 1514 -1
1700880001.566249 1514 -1
1700880001.566302 54 1
1700880001.567525 2974 -1
1700880001.567569 54 1
1700880001.569229 2974 -1
1700880001.569280 54 1
1700880001.571035 2974 -1
1700880001.571180 54 1
1700880001.573239 2974 -1
1700880001.573311 54 1
1700880001.580201 1921 -1
1700880001.580297 54 1
1700880002.753331 229 1
1700880002.753510 229 1
1700880002.758408 227 1
1700880002.759085 230 1
1700880002.761843 219 1
1700880002.762020 227 1
1700880002.763999 226 1
1700880002.764203 226 1
1700880002.856350 60 -1
1700880002.856443 60 -1
1700880002.859589 1197 -1
1700880002.859740 445 -1
1700880002.859776 54 1
1700880002.859878 2974 -1
1700880002.859903 54 1
1700880002.861167 1290 -1
1700880002.861751 1590 -1
1700880002.861781 54 1
1700880002.862575 2974 -1
1700880002.862614 54 1
1700880002.864277 60 -1
1700880002.864277 60 -1
1700880002.864277 370 -1
1700880002.864342 54 1
1700880002.867159 60 -1
1700880002.868479 1179 -1
1700880002.868691 473 -1
1700880002.868722 54 1
1700880002.868945 1232 -1
1700880002.869605 399 -1
1700880002.869634 54 1
1700880002.869693 2974 -1
1700880002.869714 54 1
1700880002.870971 2974 -1
1700880002.871013 54 1
1700880002.872249 2974 -1
1700880002.872303 54 1
1700880002.873574 2974 -1
1700880002.873621 54 1
1700880002.875252 2974 -1
1700880002.875333 54 1
1700880002.876275 2974 -1
1700880002.876314 54 1
1700880002.877889 2974 -1
1700880002.877952 54 1
1700880002.881207 2974 -1
1700880002.881207 2974 -1
1700880002.881341 54 1
1700880002.887540 2974 -1
1700880002.887540 2974 -1
1700880002.887540 2974 -1
1700880002.887540 2974 -1
1700880002.887670 54 1
1700880002.887751 2974 -1
1700880002.887780 54 1
1700880002.890138 2974 -1
1700880002.890138 2974 -1
1700880002.890223 54 1
1700880002.891443 2974 -1
1700880002.891495 54 1
1700880002.892297 2974 -1
1700880002.892327 54 1
1700880002.896641 740 -1
1700880002.951049 54 1
1700880004.527433 221 1
1700880004.527595 218 1
1700880004.527691 228 1
1700880004.527777 228 1
1700880004.529147 229 1
1700880004.529258 230 1
1700880004.529347 220 1
1700880004.529467 219 1
1700880004.632694 60 -1
1700880004.632694 60 -1
1700880004.634176 60 -1
1700880004.637088 1180 -1
1700880004.637354 471 -1
1700880004.637519 54 1
1700880004.637699 1197 -1
1700880004.638040 2974 -1
1700880004.638061 54 1
1700880004.639621 2974 -1
1700880004.639672 54 1
1700880004.640760 2974 -1
1700880004.640800 54 1
1700880004.642078 1514 -1
1700880004.642078 1514 -1
1700880004.642129 54 1
1700880004.643328 2974 -1
1700880004.643357 54 1
1700880004.644670 2974 -1
1700880004.644719 54 1
1700880004.646003 2974 -1
1700880004.646049 54 1
1700880004.647317 2974 -1
1700880004.647357 54 1
1700880004.648635 2974 -1
1700880004.648683 54 1
1700880004.649966 2974 -1
1700880004.650030 54 1
1700880004.651244 2974 -1
1700880004.651287 54 1
1700880004.652559 2974 -1
1700880004.652605 54 1
1700880004.654354 2974 -1
1700880004.654543 54 1
1700880004.655533 1514 -1
1700880004.655533 1514 -1
1700880004.655586 54 1
1700880004.656520 2974 -1
1700880004.656556 54 1
1700880004.657922 2974 -1
1700880004.657981 54 1
1700880004.659204 1514 -1
1700880004.659204 1514 -1
1700880004.659238 54 1
1700880004.660525 2974 -1
1700880004.660569 54 1
1700880004.662083 2974 -1
1700880004.662135 54 1
1700880004.663194 2974 -1
1700880004.663260 54 1
1700880004.664618 2974 -1
1700880004.664670 54 1
1700880004.665768 2974 -1
1700880004.665838 54 1
1700880004.667068 2974 -1
1700880004.667102 54 1
1700880004.668564 2974 -1
1700880004.668602 54 1
1700880004.670096 2974 -1
1700880004.670123 54 1
1700880004.671131 2974 -1
1700880004.671180 54 1
1700880004.675639 2974 -1
1700880004.675639 2974 -1
1700880004.675639 2974 -1
1700880004.675786 54 1
1700880004.677333 2974 -1
1700880004.677407 54 1
1700880004.681498 2974 -1
1700880004.681498 2785 -1
1700880004.681626 54 1
1700880006.230704 229 1
1700880006.234946 222 1
1700880006.235062 219 1
1700880006.236129 219 1
1700880006.236241 228 1
1700880006.236696 229 1
1700880006.236787 220 1
1700880006.236979 231 1
1700880006.339290 60 -1
1700880006.340741 60 -1
1700880006.343242 1231 -1
1700880006.343531 400 -1
1700880006.343563 54 1
1700880006.343775 1147 -1
1700880006.344187 2974 -1
1700880006.344254 54 1
1700880006.345567 89 1
1700880006.345634 2974 -1
1700880006.345688 54 1
1700880006.346840 2974 -1
1700880006.346874 54 1
1700880006.348133 2974 -1
1700880006.348179 54 1
1700880006.349654 2974 -1
1700880006.349685 54 1
1700880006.350963 2974 -1
1700880006.350997 54 1
1700880006.352072 2974 -1
1700880006.352116 54 1
1700880006.353594 2974 -1
1700880006.353638 54 1
1700880006.354730 2974 -1
1700880006.354777 54 1
1700880006.356034 2974 -1
1700880006.356078 54 1
1700880006.357324 2974 -1
1700880006.357367 54 1
1700880006.358702 2974 -1
1700880006.358753 54 1
1700880006.359973 2974 -1
1700880006.360013 54 1
1700880006.361343 2974 -1
1700880006.361379 54 1
1700880006.362616 2974 -1
1700880006.362650 54 1
1700880006.363949 2974 -1
1700880006.364000 54 1
1700880006.365276 2974 -1
1700880006.365309 54 1
1700880006.366673 2974 -1
1700880006.366721 54 1
1700880006.367907 2974 -1
1700880006.367942 54 1
1700880006.369254 2974 -1
1700880006.369307 54 1
1700880006.370740 2974 -1
1700880006.370789 54 1
1700880006.379032 2974 -1
1700880006.379032 2974 -1
1700880006.379032 2974 -1
1700880006.379032 2974 -1
1700880006.379032 2974 -1
1700880006.379032 2974 -1
1700880006.379178 54 1
1700880006.379968 2974 -1
1700880006.380013 54 1
1700880006.381162 2974 -1
1700880006.381195 54 1
1700880006.382892 2974 -1
1700880006.382937 54 1
1700880006.383827 2974 -1
1700880006.383855 54 1
1700880006.387814 2974 -1
1700880006.387814 2974 -1
1700880006.387814 2974 -1
1700880006.387928 54 1
1700880006.389104 2974 -1
1700880006.389134 54 1
1700880006.406509 1514 -1
1700880006.406509 1514 -1
1700880006.406509 480 -1
1700880006.406617 54 1
1700880006.492916 60 -1
1700880006.666545 54 1
1700880006.769765 78 -1
1700880006.769765 60 -1
1700880006.769856 54 1
1700880011.850415 66 1
1700880011.961530 66 -1
1700880011.961722 54 1
1700880011.962523 902 1
1700880012.079684 60 -1
1700880012.079684 318 -1
1700880012.080782 134 1
1700880012.081438 146 1
1700880012.082490 580 1
1700880012.082604 230 1
1700880012.082703 221 1
1700880012.082811 226 1
1700880012.082937 230 1
1700880012.083038 229 1
1700880012.083175 229 1
1700880012.083304 226 1
1700880012.192092 60 -1
1700880012.192092 341 -1
1700880012.207677 60 -1
1700880012.207677 115 -1
1700880012.207677 85 -1
1700880012.207677 60 -1
1700880012.207677 60 -1
1700880012.207677 60 -1
1700880012.207677 60 -1
1700880012.207677 60 -1
1700880012.207677 60 -1
1700880012.207677 60 -1
1700880012.207677 60 -1
1700880012.207677 1080 -1
1700880012.207677 2974 -1
1700880012.207867 54 1
1700880012.208032 2974 -1
1700880012.208059 54 1
1700880012.208672 85 1
1700880012.209513 2974 -1
1700880012.209562 54 1
1700880012.211206 2974 -1
1700880012.211254 54 1
1700880012.213250 2974 -1
1700880012.213313 54 1
1700880012.214768 2974 -1
1700880012.214809 54 1
1700880012.216648 2974 -1
1700880012.216695 54 1
1700880012.224792 2974 -1
1700880012.224792 2974 -1
1700880012.224792 2974 -1
1700880012.224930 54 1
1700880012.228765 2974 -1
1700880012.228765 2974 -1
1700880012.228765 1514 -1
1700880012.228765 1514 -1
1700880012.228765 2974 -1
1700880012.228897 54 1
1700880012.242271 2974 -1
1700880012.242271 2974 -1
1700880012.242271 2974 -1
1700880012.242271 2974 -1
1700880012.242271 2974 -1
1700880012.242271 2974 -1
1700880012.242271 2974 -1
1700880012.242485 54 1
1700880012.318772 2974 -1
1700880012.318868 54 1
1700880012.320037 2974 -1
1700880012.320081 54 1
1700880012.322422 1514 -1
1700880012.322422 1514 -1
1700880012.322659 54 1
1700880012.323151 60 -1
1700880012.323151 2974 -1
1700880012.323214 54 1
1700880012.324669 2974 -1
1700880012.324721 54 1
1700880012.326320 2974 -1
1700880012.326372 54 1
1700880012.331154 2974 -1
1700880012.331154 2974 -1
1700880012.331227 54 1
1700880012.331693 2974 -1
1700880012.331737 54 1
1700880012.333261 2974 -1
1700880012.333310 54 1
1700880012.334955 2974 -1
1700880012.335021 54 1
1700880012.337196 2974 -1
1700880012.337268 54 1
1700880012.342786 2974 -1
1700880012.342786 2974 -1
1700880012.342786 1514 -1
1700880012.342786 1514 -1
1700880012.342894 54 1
1700880012.343585 2974 -1
1700880012.343626 54 1
1700880012.345174 2974 -1
1700880012.345206 54 1
1700880012.346900 2974 -1
1700880012.346969 54 1
1700880012.348685 2974 -1
1700880012.348728 54 1
1700880012.350332 2974 -1
1700880012.350371 54 1
1700880012.352137 2974 -1
1700880012.352182 54 1
1700880012.357810 2147 -1
1700880012.357900 54 1
1700880013.511165 227 1
1700880013.511290 221 1
1700880013.511390 228 1
1700880013.511517 221 1
1700880013.511600 226 1
1700880013.511699 221 1
1700880013.512009 222 1
1700880013.512110 231 1
1700880013.622012 60 -1
1700880013.622012 60 -1
1700880013.622106 60 -1
1700880013.622276 60 -1
1700880013.622388 60 -1
1700880013.622388 60 -1
1700880013.622658 60 -1
1700880013.622953 60 -1
1700880013.624769 1048 -1
1700880013.625072 2974 -1
1700880013.625117 54 1
1700880013.626814 2974 -1
1700880013.626871 54 1
1700880013.628080 2974 -1
1700880013.628122 54 1
1700880013.629856 2974 -1
1700880013.629909 54 1
1700880013.631143 2974 -1
1700880013.631204 54 1
1700880013.632679 2974 -1
1700880013.632716 54 1
1700880013.634145 2974 -1
1700880013.634190 54 1
1700880013.635756 2974 -1
1700880013.635813 54 1
1700880013.637148 2974 -1
1700880013.637193 54 1
1700880013.638751 2974 -1
1700880013.638803 54 1
1700880013.640178 2974 -1
1700880013.640230 54 1
1700880013.642727 2974 -1
1700880013.642789 54 1
1700880013.643193 2974 -1
1700880013.643236 54 1
1700880013.644722 2974 -1
1700880013.644770 54 1
1700880013.646338 2974 -1
1700880013.646378 54 1
1700880013.647782 2974 -1
1700880013.647847 54 1
1700880013.649264 2974 -1
1700880013.649307 54 1
1700880013.650909 2974 -1
1700880013.650960 54 1
1700880013.652311 2974 -1
1700880013.652368 54 1
1700880013.653802 2974 -1
1700880013.653837 54 1
1700880013.655341 2974 -1
1700880013.655389 54 1
1700880013.656898 2974 -1
1700880013.656955 54 1
1700880013.658343 2974 -1
1700880013.658385 54 1
1700880013.660126 2974 -1
1700880013.660174 54 1
1700880013.661637 2974 -1
1700880013.661676 54 1
1700880013.665767 2974 -1
1700880013.665767 2974 -1
1700880013.665860 54 1
1700880013.666166 2974 -1
1700880013.666197 54 1
1700880013.668715 2974 -1
1700880013.668786 54 1
1700880013.668980 2974 -1
1700880013.669010 54 1
1700880013.670885 2974 -1
1700880013.670943 54 1
1700880013.673983 2974 -1
1700880013.673983 2974 -1
1700880013.674073 54 1
1700880013.675359 2974 -1
1700880013.675405 54 1
1700880013.676568 2974 -1
1700880013.676620 54 1
1700880013.678458 2974 -1
1700880013.678512 54 1
1700880013.679693 2974 -1
1700880013.679740 54 1
1700880013.682357 2974 -1
1700880013.682425 54 1
1700880013.688808 2974 -1
1700880013.688808 2974 -1
1700880013.688808 2974 -1
1700880013.688808 2485 -1
1700880013.688960 54 1
1700880015.179759 232 1
1700880015.186786 228 1
1700880015.187183 230 1
1700880015.187275 228 1
1700880015.187349 232 1
1700880015.187406 228 1
1700880015.187479 220 1
1700880015.187935 224 1
1700880015.297097 1197 -1
1700880015.297097 443 -1
1700880015.297097 2974 -1
1700880015.297235 54 1
1700880015.298826 2974 -1
1700880015.298884 54 1
1700880015.300140 916 -1
1700880015.302705 60 -1
1700880015.302705 60 -1
1700880015.302705 1081 -1
1700880015.302705 2974 -1
1700880015.302705 2974 -1
1700880015.302832 54 1
1700880015.304712 2974 -1
1700880015.304758 54 1
1700880015.310101 2974 -1
1700880015.310101 2974 -1
1700880015.310101 2974 -1
1700880015.310101 2974 -1
1700880015.310218 54 1
1700880015.312410 2974 -1
1700880015.312495 54 1
1700880015.315539 1514 -1
1700880015.315539 1514 -1
1700880015.315539 2974 -1
1700880015.315633 54 1
1700880015.320716 2974 -1
1700880015.320716 2974 -1
1700880015.320716 2974 -1
1700880015.320849 54 1
1700880015.322445 2974 -1
1700880015.322445 2974 -1
1700880015.322537 54 1
1700880015.324782 2974 -1
1700880015.324851 54 1
1700880015.325160 2974 -1
1700880015.325190 54 1
1700880015.326980 1514 -1
1700880015.326980 1514 -1
1700880015.327048 54 1
1700880015.328326 2974 -1
1700880015.328374 54 1
1700880015.336442 2974 -1
1700880015.336442 2974 -1
1700880015.336442 2974 -1
1700880015.336442 2974 -1
1700880015.336442 2974 -1
1700880015.336598 54 1
1700880015.339151 2974 -1
1700880015.339151 2974 -1
1700880015.339234 54 1
1700880015.340195 377 -1
1700880015.340442 2974 -1
1700880015.340484 54 1
1700880015.341974 2974 -1
1700880015.342006 54 1
1700880015.343446 1514 -1
1700880015.343446 1514 -1
1700880015.343712 54 1
1700880015.344926 2974 -1
1700880015.344967 54 1
1700880015.346479 2756 -1
1700880015.346522 54 1
1700880016.680554 54 1
1700880016.796397 78 -1
1700880016.796397 60 -1
1700880016.796534 54 1
1700880016.846904 66 1
1700880016.958926 66 -1
1700880016.959070 54 1
1700880016.959745 902 1
1700880017.071769 60 -1
1700880017.072161 318 -1
1700880017.073212 134 1
1700880017.073670 146 1
1700880017.074380 582 1
1700880017.074481 229 1
1700880017.074564 228 1
1700880017.074657 229 1
1700880017.074748 230 1
1700880017.074835 227 1
1700880017.074931 227 1
1700880017.075033 227 1
1700880017.188257 60 -1
1700880017.188257 60 -1
1700880017.188257 60 -1
1700880017.188257 60 -1
1700880017.188257 60 -1
1700880017.188257 60 -1
1700880017.188257 60 -1
1700880017.188257 60 -1
1700880017.188257 60 -1
1700880017.188257 60 -1
1700880017.188257 341 -1
1700880017.189292 115 -1
1700880017.189292 85 -1
1700880017.189292 1045 -1
1700880017.189356 54 1
1700880017.190089 85 1
1700880017.190687 2974 -1
1700880017.190735 54 1
1700880017.191644 1514 -1
1700880017.191644 1514 -1
1700880017.191729 54 1
1700880017.193265 2974 -1
1700880017.193341 54 1
1700880017.195228 2974 -1
1700880017.195326 54 1
1700880017.197076 2974 -1
1700880017.197145 54 1
1700880017.198943 1514 -1
1700880017.198943 1514 -1
1700880017.199018 54 1
1700880017.209369 2974 -1
1700880017.209369 1514 -1
1700880017.209369 1514 -1
1700880017.209369 2974 -1
1700880017.209369 2974 -1
1700880017.209369 2974 -1
1700880017.209369 2974 -1
1700880017.209526 54 1
1700880017.218128 2974 -1
1700880017.218128 1514 -1
1700880017.218128 1514 -1
1700880017.218128 2974 -1
1700880017.218128 2974 -1
1700880017.218128 2974 -1
1700880017.218261 54 1
1700880017.219903 2974 -1
1700880017.219984 54 1
1700880017.221333 2974 -1
1700880017.221394 54 1
1700880017.222700 2974 -1
1700880017.222760 54 1
1700880017.224155 2974 -1
1700880017.224201 54 1
1700880017.312564 2974 -1
1700880017.312564 1514 -1
1700880017.312564 1514 -1
1700880017.312564 2974 -1
1700880017.312564 60 -1
1700880017.312564 2974 -1
1700880017.312564 2974 -1
1700880017.312564 1042 -1
1700880017.312564 2974 -1
1700880017.312564 2974 -1
1700880017.312760 54 1
1700880017.313166 240 -1
1700880017.313190 54 1
1700880019.217410 228 1
1700880019.217558 227 1
1700880019.218236 230 1
1700880019.231152 227 1
1700880019.231267 231 1
1700880019.234662 234 1
1700880019.234831 230 1
1700880019.235318 229 1
1700880019.329875 60 -1
1700880019.329875 60 -1
1700880019.330764 60 -1
1700880019.330826 1046 -1
1700880019.331331 2966 -1
1700880019.331377 54 1
1700880019.333259 1176 -1
1700880019.333325 54 1
1700880019.333712 475 -1
1700880019.333739 54 1
1700880019.333896 2974 -1
1700880019.333927 54 1
1700880019.336069 1598 -1
1700880019.336126 54 1
1700880019.336336 2974 -1
1700880019.336366 54 1
1700880019.338033 2974 -1
1700880019.338076 54 1
1700880019.341392 2974 -1
1700880019.341392 2974 -1
1700880019.341473 54 1
1700880019.342903 659 -1
1700880019.342950 54 1
1700880019.344231 60 -1
1700880019.345263 1041 -1
1700880019.345307 54 1
1700880019.345709 2974 -1
1700880019.345736 54 1
1700880019.347203 2974 -1
1700880019.347268 54 1
1700880019.349034 2974 -1
1700880019.349081 54 1
1700880019.350934 2974 -1
1700880019.351000 54 1
1700880019.352195 2974 -1
1700880019.352248 54 1
1700880019.353770 2974 -1
1700880019.353847 54 1
1700880019.356019 2974 -1
1700880019.356087 54 1
1700880019.357090 2974 -1
1700880019.357148 54 1
1700880019.358807 2974 -1
1700880019.358846 54 1
1700880019.360377 2974 -1
1700880019.360431 54 1
1700880019.361993 2974 -1
1700880019.362049 54 1
1700880019.363678 2974 -1
1700880019.363724 54 1
1700880019.365266 1281 -1
1700880019.365313 54 1
1700880020.908195 227 1
1700880020.918617 228 1
1700880020.922400 230 1
1700880020.923432 227 1
1700880020.923583 229 1
1700880020.924270 230 1
1700880020.924375 227 1
1700880020.924601 227 1
1700880021.024198 1204 -1
1700880021.024395 54 1
1700880021.024714 445 -1
1700880021.024742 54 1
1700880021.024793 2974 -1
1700880021.024821 54 1
1700880021.026283 2974 -1
1700880021.026369 54 1
1700880021.027982 693 -1
1700880021.045003 60 -1
1700880021.045003 1072 -1
1700880021.045003 2974 -1
1700880021.045003 1514 -1
1700880021.045003 1514 -1
1700880021.045165 66 1
1700880021.045231 54 1
1700880021.050686 2974 -1
1700880021.050686 1514 -1
1700880021.050686 1514 -1
1700880021.050686 2974 -1
1700880021.050686 2974 -1
1700880021.050686 2974 -1
1700880021.050686 2974 -1
1700880021.050686 2974 -1
1700880021.050870 54 1
1700880021.052098 2974 -1
1700880021.052129 54 1
1700880021.053926 2974 -1
1700880021.053968 54 1
1700880021.055084 2974 -1
1700880021.055140 54 1
1700880021.057711 2974 -1
1700880021.057797 54 1
1700880021.058369 2974 -1
1700880021.058665 54 1
1700880021.060040 2974 -1
1700880021.060079 54 1
1700880021.061917 2974 -1
1700880021.061968 54 1
1700880021.063307 2974 -1
1700880021.063340 54 1
1700880021.064913 2974 -1
1700880021.064956 54 1
1700880021.066732 2974 -1
1700880021.066785 54 1
1700880021.068231 2974 -1
1700880021.068291 54 1
1700880021.069867 171 -1
1700880021.134351 54 1
1700880022.596664 223 1
1700880022.596805 221 1
1700880022.596951 220 1
1700880022.597050 221 1
1700880022.597141 221 1
1700880022.598058 224 1
1700880022.598668 218 1
1700880022.713866 60 -1
1700880022.713866 1038 -1
1700880022.713866 2974 -1
1700880022.714021 54 1
1700880022.714293 2974 -1
1700880022.714321 54 1
1700880022.721243 2974 -1
1700880022.721243 2974 -1
1700880022.721243 2974 -1
1700880022.721243 2974 -1
1700880022.721396 54 1
1700880022.724015 89 1
1700880022.731411 2974 -1
1700880022.731411 2974 -1
1700880022.731411 2974 -1
1700880022.731411 2974 -1
1700880022.731411 2974 -1
1700880022.731411 2974 -1
1700880022.731591 54 1
1700880022.732431 1514 -1
1700880022.732431 1514 -1
1700880022.732467 54 1
1700880022.733989 2974 -1
1700880022.734026 54 1
1700880022.735722 2974 -1
1700880022.735774 54 1
1700880022.737201 2974 -1
1700880022.737236 54 1
1700880022.738857 2974 -1
1700880022.738908 54 1
1700880022.740451 1185 -1
1700880022.798822 54 1
1700880022.880381 60 -1
1700880026.700671 54 1
1700880026.820903 78 -1
1700880026.820903 60 -1
1700880026.820995 54 1
