1700880203.362546 66 1
1700880203.363596 66 -1
1700880203.363681 54 1
1700880203.365798 66 1
1700880203.366475 66 1
1700880203.366911 66 -1
1700880203.366985 54 1
1700880203.367224 66 1
1700880203.368289 66 -1
1700880203.368363 54 1
1700880203.368490 66 -1
1700880203.368546 54 1
1700880203.369080 66 1
1700880203.370131 66 -1
1700880203.370208 54 1
1700880203.375025 66 1
1700880203.407182 66 -1
1700880203.407340 54 1
1700880203.420377 606 1
1700880203.423912 670 1
1700880203.424399 574 1
1700880203.424727 60 -1
1700880203.424970 60 -1
1700880203.425022 574 1
1700880203.425418 60 -1
1700880203.426082 60 -1
1700880203.426411 606 1
1700880203.428529 60 -1
1700880203.432854 638 1
1700880203.435740 60 -1
1700880203.437563 2780 -1
1700880203.437626 54 1
1700880203.438489 1514 -1
1700880203.438489 1319 -1
1700880203.438526 54 1
1700880203.439137 2779 -1
1700880203.439201 54 1
1700880203.440643 2779 -1
1700880203.440685 54 1
1700880203.440889 2779 -1
1700880203.440946 54 1
1700880203.444888 2779 -1
1700880203.444942 54 1
1700880203.456415 134 1
1700880203.457074 134 1
1700880203.457689 134 1
1700880203.457812 60 -1
1700880203.458143 60 -1
1700880203.458254 134 1
1700880203.458794 341 -1
1700880203.458794 341 -1
1700880203.458801 60 -1
1700880203.458814 54 1
1700880203.458887 134 1
1700880203.458968 357 -1
1700880203.459036 341 -1
1700880203.459058 54 1
1700880203.459557 134 1
1700880203.460193 60 -1
1700880203.460433 54 1
1700880203.460673 60 -1
1700880203.460788 54 1
1700880203.460810 60 -1
1700880203.460810 357 -1
1700880203.460810 357 -1
1700880203.460876 54 1
1700880203.461107 54 1
1700880203.461343 341 -1
1700880203.461343 357 -1
1700880203.461397 54 1
1700880203.461474 341 -1
1700880203.461474 357 -1
1700880203.461544 66 1
1700880203.461603 54 1
1700880203.462759 93 -1
1700880203.462804 54 1
1700880203.462814 93 -1
1700880203.462814 78 -1
1700880203.462814 60 -1
1700880203.462871 54 1
1700880203.462889 78 -1
1700880203.462889 60 -1
1700880203.463035 93 -1
1700880203.463035 78 -1
1700880203.463035 60 -1
1700880203.463068 54 1
1700880203.463090 54 1
1700880203.463097 357 -1
1700880203.463097 357 -1
1700880203.463151 54 1
1700880203.463736 54 1
1700880203.464516 146 1
1700880203.465592 60 -1
1700880203.465764 115 -1
1700880203.465848 85 -1
1700880203.465872 54 1
1700880203.467888 93 -1
1700880203.467888 78 -1
1700880203.467888 60 -1
1700880203.467930 54 1
1700880203.470268 93 -1
1700880203.470268 78 -1
1700880203.470268 60 -1
1700880203.470304 54 1
1700880203.505060 487 1
1700880203.505156 85 1
1700880203.505264 181 1
1700880203.505348 169 1
1700880203.505459 172 1
1700880203.505564 195 1
1700880203.505671 195 1
1700880203.505781 169 1
1700880203.505907 175 1
1700880203.506037 174 1
1700880203.506164 174 1
1700880203.506255 175 1
1700880203.506351 175 1
1700880203.506441 175 1
1700880203.506514 175 1
1700880203.506681 175 1
1700880203.506755 175 1
1700880203.506841 174 1
1700880203.506918 174 1
1700880203.507030 175 1
1700880203.507138 175 1
1700880203.507278 175 1
1700880203.507838 60 -1
1700880203.507838 60 -1
1700880203.507838 60 -1
1700880203.507838 60 -1
1700880203.507838 60 -1
1700880203.507838 60 -1
1700880203.507838 60 -1
1700880203.507838 60 -1
1700880203.510653 174 1
1700880203.510835 175 1
1700880203.512723 60 -1
1700880203.512723 60 -1
1700880203.512723 1050 -1
1700880203.512723 4434 -1
1700880203.512723 1514 -1
1700880203.512723 378 -1
1700880203.512723 991 -1
1700880203.512723 5894 -1
1700880203.512723 5894 -1
1700880203.513741 195 1
1700880203.513797 5894 -1
1700880203.513894 54 1
1700880203.513904 175 1
1700880203.514004 4434 -1
1700880203.514004 1514 -1
1700880203.514029 174 1
1700880203.514104 54 1
1700880203.514145 195 1
1700880203.514261 175 1
1700880203.514363 175 1
1700880203.514446 175 1
1700880203.514526 175 1
1700880203.514606 1514 -1
1700880203.514606 4434 -1
1700880203.514615 175 1
1700880203.514656 54 1
1700880203.514746 175 1
1700880203.514847 175 1
1700880203.514943 174 1
1700880203.515045 174 1
1700880203.515167 175 1
1700880203.515292 175 1
1700880203.515448 175 1
1700880203.515555 175 1
1700880203.515647 175 1
1700880203.515761 5894 -1
1700880203.515843 54 1
1700880203.515892 175 1
1700880203.515961 175 1
1700880203.516072 175 1
1700880203.516182 165 1
1700880203.516298 175 1
1700880203.516407 165 1
1700880203.516404 5894 -1
1700880203.516508 175 1
1700880203.516600 165 1
1700880203.516699 175 1
1700880203.516793 165 1
1700880203.516899 175 1
1700880203.517031 164 1
1700880203.517181 172 1
1700880203.517325 168 1
1700880203.517435 175 1
1700880203.517569 175 1
1700880203.517682 175 1
1700880203.517826 175 1
1700880203.517960 175 1
1700880203.518116 165 1
1700880203.518265 165 1
1700880203.518425 166 1
1700880203.518571 165 1
1700880203.518731 170 1
1700880203.518876 177 1
1700880203.519018 168 1
1700880203.519164 170 1
1700880203.519302 168 1
1700880203.519458 165 1
1700880203.520101 168 1
1700880203.520253 176 1
1700880203.520379 180 1
1700880203.520637 182 1
1700880203.520802 171 1
1700880203.520930 171 1
1700880203.521073 171 1
1700880203.521199 166 1
1700880203.521370 172 1
1700880203.526919 5894 -1
1700880203.526919 5894 -1
1700880203.526919 7354 -1
1700880203.526919 2974 -1
1700880203.526919 7354 -1
1700880203.526919 2974 -1
1700880203.526919 5894 -1
1700880203.526919 60 -1
1700880203.526919 60 -1
1700880203.526919 60 -1
1700880203.526919 2974 -1
1700880203.526919 7354 -1
1700880203.526919 7354 -1
1700880203.526919 4434 -1
1700880203.526919 60 -1
1700880203.526919 7354 -1
1700880203.526919 1514 -1
1700880203.526919 7354 -1
1700880203.526919 2974 -1
1700880203.526919 7354 -1
1700880203.526919 7354 -1
1700880203.526919 4434 -1
1700880203.526919 7354 -1
1700880203.526919 7354 -1
1700880203.527683 54 1
1700880203.532496 54 1
1700880203.534337 170 1
1700880203.538743 7354 -1
1700880203.538743 4434 -1
1700880203.538743 7354 -1
1700880203.538743 1514 -1
1700880203.538743 7354 -1
1700880203.538743 4434 -1
1700880203.538743 60 -1
1700880203.538743 60 -1
1700880203.538743 60 -1
1700880203.539111 54 1
1700880203.539753 7354 -1
1700880203.539804 54 1
1700880203.540151 7354 -1
1700880203.540186 54 1
1700880203.541130 4434 -1
1700880203.541130 5894 -1
1700880203.541221 54 1
1700880203.541549 7354 -1
1700880203.541598 54 1
1700880203.542457 11734 -1
1700880203.542508 54 1
1700880203.543127 7354 -1
1700880203.543167 54 1
1700880203.543995 7354 -1
1700880203.544029 54 1
1700880203.544537 1514 -1
1700880203.544537 2974 -1
1700880203.544570 54 1
1700880203.544744 19034 -1
1700880203.544840 54 1
1700880203.546280 7354 -1
1700880203.546319 54 1
1700880203.546946 7354 -1
1700880203.546992 54 1
1700880203.547456 7354 -1
1700880203.547488 54 1
1700880203.548152 11734 -1
1700880203.548204 54 1
1700880203.549120 2974 -1
1700880203.549144 54 1
1700880203.549822 7354 -1
1700880203.549857 54 1
1700880203.552788 218 1
1700880203.553270 7354 -1
1700880203.553270 14654 -1
1700880203.553270 5894 -1
1700880203.553270 21954 -1
1700880203.553582 54 1
1700880203.555584 7354 -1
1700880203.555584 7354 -1
1700880203.555584 5894 -1
1700880203.555671 54 1
1700880203.559042 7354 -1
1700880203.559042 4434 -1
1700880203.559042 7354 -1
1700880203.559042 2974 -1
1700880203.559042 7354 -1
1700880203.559042 1514 -1
1700880203.559042 7354 -1
1700880203.559042 7354 -1
1700880203.559382 54 1
1700880203.560474 7354 -1
1700880203.560474 7354 -1
1700880203.560529 54 1
1700880203.561151 4434 -1
1700880203.561151 7354 -1
1700880203.561375 54 1
1700880203.561809 2974 -1
1700880203.561834 54 1
1700880203.562020 7354 -1
1700880203.562058 54 1
1700880203.562565 4434 -1
1700880203.562593 54 1
1700880203.562729 54 1
1700880203.563026 2393 -1
1700880203.563054 54 1
1700880203.563514 85 -1
1700880203.563514 2315 -1
1700880203.563514 1025 -1
1700880203.563514 7354 -1
1700880203.563577 54 1
1700880203.564787 2974 -1
1700880203.564787 6240 -1
1700880203.564863 54 1
1700880203.564915 7354 -1
1700880203.564959 54 1
1700880203.565354 1334 -1
1700880203.565473 4434 -1
1700880203.565514 54 1
1700880203.566194 1514 -1
1700880203.566194 7354 -1
1700880203.566279 54 1
1700880203.567731 54 1
1700880203.618633 4314 -1
1700880203.618633 85 -1
1700880203.618633 7354 -1
1700880203.618633 7354 -1
1700880203.618633 7354 -1
1700880203.618633 7197 -1
1700880203.618633 7354 -1
1700880203.618633 7354 -1
1700880203.618633 4434 -1
1700880203.618633 7354 -1
1700880203.618633 7354 -1
1700880203.618633 5894 -1
1700880203.618633 7354 -1
1700880203.618633 5894 -1
1700880203.618633 7354 -1
1700880203.618633 7354 -1
1700880203.618633 1199 -1
1700880203.618633 7354 -1
1700880203.618633 5894 -1
1700880203.618633 1514 -1
1700880203.618633 1514 -1
1700880203.618633 1514 -1
1700880203.618633 1514 -1
1700880203.618633 5894 -1
1700880203.618633 5894 -1
1700880203.618633 4434 -1
1700880203.618633 5894 -1
1700880203.618633 5894 -1
1700880203.618633 1514 -1
1700880203.618633 5894 -1
1700880203.618633 1514 -1
1700880203.619653 54 1
1700880203.619891 7354 -1
1700880203.619968 54 1
1700880203.622197 54 1
1700880203.631564 2974 -1
1700880203.631564 14654 -1
1700880203.631564 1514 -1
1700880203.631564 7354 -1
1700880203.631564 7354 -1
1700880203.631564 5894 -1
1700880203.631564 7354 -1
1700880203.631564 2974 -1
1700880203.631564 7354 -1
1700880203.631564 1514 -1
1700880203.631564 7354 -1
1700880203.632025 54 1
1700880203.636699 7354 -1
1700880203.636699 7354 -1
1700880203.636699 2974 -1
1700880203.636699 7354 -1
1700880203.636699 7354 -1
1700880203.636699 7354 -1
1700880203.636699 7354 -1
1700880203.636699 7354 -1
1700880203.637102 54 1
1700880203.637209 2974 -1
1700880203.637209 7354 -1
1700880203.637313 54 1
1700880203.637375 7354 -1
1700880203.637459 54 1
1700880203.645762 54 1
1700880203.648973 7354 -1
1700880203.648973 2974 -1
1700880203.648973 5894 -1
1700880203.648973 7354 -1
1700880203.648973 1514 -1
1700880203.648973 4434 -1
1700880203.648973 7354 -1
1700880203.648973 7354 -1
1700880203.648973 7354 -1
1700880203.648973 7354 -1
1700880203.648973 7354 -1
1700880203.648973 2974 -1
1700880203.648973 5894 -1
1700880203.648973 7354 -1
1700880203.648973 7354 -1
1700880203.648973 1514 -1
1700880203.648973 11734 -1
1700880203.648973 7354 -1
1700880203.648973 4434 -1
1700880203.649787 54 1
1700880203.653789 7354 -1
1700880203.653789 7354 -1
1700880203.653789 5894 -1
1700880203.653789 2974 -1
1700880203.653789 1514 -1
1700880203.653789 7354 -1
1700880203.653789 7354 -1
1700880203.653789 5894 -1
1700880203.653789 7354 -1
1700880203.654216 54 1
1700880203.654943 10274 -1
1700880203.655060 54 1
1700880203.656122 4434 -1
1700880203.656180 54 1
1700880203.664649 1514 -1
1700880203.664649 1514 -1
1700880203.664649 1514 -1
1700880203.664649 1514 -1
1700880203.664649 1514 -1
1700880203.664649 1514 -1
1700880203.664649 2974 -1
1700880203.664649 2974 -1
1700880203.664649 2974 -1
1700880203.664649 5894 -1
1700880203.664649 1514 -1
1700880203.664649 1514 -1
1700880203.664649 1514 -1
1700880203.664649 1514 -1
1700880203.664649 1514 -1
1700880203.664649 1514 -1
1700880203.664649 4434 -1
1700880203.664649 1514 -1
1700880203.664649 4434 -1
1700880203.664649 1514 -1
1700880203.664649 7354 -1
1700880203.664649 7354 -1
1700880203.664649 7354 -1
1700880203.664649 7354 -1
1700880203.665366 54 1
1700880203.665554 4434 -1
1700880203.665554 4434 -1
1700880203.665660 54 1
1700880203.667315 2974 -1
1700880203.667315 1514 -1
1700880203.667315 7354 -1
1700880203.667315 2974 -1
1700880203.667315 7354 -1
1700880203.667315 2974 -1
1700880203.667315 7354 -1
1700880203.667635 54 1
1700880203.670034 7354 -1
1700880203.670034 7354 -1
1700880203.670034 4434 -1
1700880203.670034 5894 -1
1700880203.670034 7354 -1
1700880203.670371 54 1
1700880203.705946 5894 -1
1700880203.705946 7354 -1
1700880203.705946 2974 -1
1700880203.705946 1514 -1
1700880203.705946 2974 -1
1700880203.705946 1514 -1
1700880203.705946 2974 -1
1700880203.705946 8814 -1
1700880203.705946 7354 -1
1700880203.705946 7354 -1
1700880203.705946 5894 -1
1700880203.705946 7354 -1
1700880203.705946 2974 -1
1700880203.705946 7354 -1
1700880203.705946 17574 -1
1700880203.705946 7354 -1
1700880203.705946 7354 -1
1700880203.705946 7354 -1
1700880203.705946 7354 -1
1700880203.705946 1514 -1
1700880203.705946 4434 -1
1700880203.705946 2974 -1
1700880203.705946 1514 -1
1700880203.705946 2974 -1
1700880203.705946 2974 -1
1700880203.707041 54 1
1700880203.715825 7354 -1
1700880203.715825 7354 -1
1700880203.715825 4434 -1
1700880203.716054 54 1
1700880203.720603 7354 -1
1700880203.720603 5894 -1
1700880203.720603 7354 -1
1700880203.720603 2974 -1
1700880203.720603 2974 -1
1700880203.720603 7354 -1
1700880203.720603 5894 -1
1700880203.720603 4434 -1
1700880203.720603 5894 -1
1700880203.721032 54 1
1700880203.731933 2974 -1
1700880203.731933 7354 -1
1700880203.731933 1514 -1
1700880203.731933 2974 -1
1700880203.731933 7354 -1
1700880203.731933 5894 -1
1700880203.731933 7354 -1
1700880203.731933 5894 -1
1700880203.731933 2974 -1
1700880203.731933 4434 -1
1700880203.731933 5894 -1
1700880203.731933 2974 -1
1700880203.731933 7354 -1
1700880203.731933 2974 -1
1700880203.731933 7354 -1
1700880203.731933 4434 -1
1700880203.731933 7354 -1
1700880203.731933 5894 -1
1700880203.731933 2974 -1
1700880203.731933 2974 -1
1700880203.731933 7354 -1
1700880203.731933 7354 -1
1700880203.731933 5894 -1
1700880203.731933 7354 -1
1700880203.731933 5894 -1
1700880203.732813 54 1
1700880203.742806 2974 -1
1700880203.742806 7354 -1
1700880203.742806 1514 -1
1700880203.742806 7354 -1
1700880203.742806 2974 -1
1700880203.742806 2974 -1
1700880203.742806 7354 -1
1700880203.742806 5894 -1
1700880203.742806 13194 -1
1700880203.742806 7354 -1
1700880203.742806 5894 -1
1700880203.742806 7354 -1
1700880203.742806 4434 -1
1700880203.742806 7354 -1
1700880203.742806 5894 -1
1700880203.742806 7354 -1
1700880203.742806 5894 -1
1700880203.743614 54 1
1700880203.746076 54 1
1700880203.753723 7354 -1
1700880203.753723 1514 -1
1700880203.753723 2974 -1
1700880203.753723 1514 -1
1700880203.753723 7354 -1
1700880203.753723 5894 -1
1700880203.753723 7354 -1
1700880203.753723 4434 -1
1700880203.753723 1514 -1
1700880203.753723 7354 -1
1700880203.753723 4434 -1
1700880203.753723 5894 -1
1700880203.753723 7354 -1
1700880203.753723 7354 -1
1700880203.753723 5894 -1
1700880203.753723 7354 -1
1700880203.753723 5894 -1
1700880203.753723 8814 -1
1700880203.753723 2974 -1
1700880203.753723 7354 -1
1700880203.753723 5894 -1
1700880203.753723 1514 -1
1700880203.753723 7354 -1
1700880203.754684 54 1
1700880203.757757 4434 -1
1700880203.757757 4434 -1
1700880203.757757 7354 -1
1700880203.757757 5894 -1
1700880203.757757 4434 -1
1700880203.757757 1514 -1
1700880203.757757 4434 -1
1700880203.757757 2974 -1
1700880203.757757 1514 -1
1700880203.757757 2974 -1
1700880203.757757 2974 -1
1700880203.757757 7354 -1
1700880203.758219 54 1
1700880203.768654 5894 -1
1700880203.768654 1514 -1
1700880203.768654 2974 -1
1700880203.768654 2974 -1
1700880203.768654 7354 -1
1700880203.768654 7354 -1
1700880203.768654 7354 -1
1700880203.768654 7354 -1
1700880203.768654 2974 -1
1700880203.768654 7354 -1
1700880203.768654 4434 -1
1700880203.768654 14654 -1
1700880203.768654 2974 -1
1700880203.768654 7354 -1
1700880203.768654 2974 -1
1700880203.768654 7354 -1
1700880203.768654 2974 -1
1700880203.768654 7354 -1
1700880203.768654 2974 -1
1700880203.768654 7354 -1
1700880203.768654 2974 -1
1700880203.768654 2974 -1
1700880203.768654 2974 -1
1700880203.768654 7354 -1
1700880203.769484 54 1
1700880203.769680 2974 -1
1700880203.769680 7354 -1
1700880203.769680 2974 -1
1700880203.769809 54 1
1700880203.769859 7354 -1
1700880203.769939 54 1
1700880203.790369 2974 -1
1700880203.790369 7354 -1
1700880203.790369 2974 -1
1700880203.790369 7354 -1
1700880203.790369 2974 -1
1700880203.790369 8814 -1
1700880203.790369 4434 -1
1700880203.790369 7354 -1
1700880203.790369 5894 -1
1700880203.790369 7354 -1
1700880203.790369 5894 -1
1700880203.790369 7354 -1
1700880203.790369 5894 -1
1700880203.790369 11734 -1
1700880203.790369 1514 -1
1700880203.790369 7354 -1
1700880203.790369 2974 -1
1700880203.790369 1514 -1
1700880203.790369 1514 -1
1700880203.790369 7354 -1
1700880203.790369 2974 -1
1700880203.790369 1514 -1
1700880203.790369 5894 -1
1700880203.790369 1514 -1
1700880203.790369 1514 -1
1700880203.790369 1514 -1
1700880203.790369 2974 -1
1700880203.790369 7354 -1
1700880203.790369 2974 -1
1700880203.790369 2974 -1
1700880203.790369 7354 -1
1700880203.790369 5894 -1
1700880203.790369 2974 -1
1700880203.790369 5894 -1
1700880203.790369 2974 -1
1700880203.790369 13194 -1
1700880203.790369 7354 -1
1700880203.790369 5894 -1
1700880203.790369 5894 -1
1700880203.790369 7354 -1
1700880203.790369 7354 -1
1700880203.790369 2974 -1
1700880203.790369 2974 -1
1700880203.791700 54 1
1700880203.792081 54 1
1700880203.794055 7354 -1
1700880203.794055 4434 -1
1700880203.794148 54 1
1700880203.800928 1514 -1
1700880203.800928 7354 -1
1700880203.800928 4434 -1
1700880203.800928 2974 -1
1700880203.800928 2974 -1
1700880203.800928 7354 -1
1700880203.800928 7354 -1
1700880203.800928 5894 -1
1700880203.800928 7354 -1
1700880203.800928 5894 -1
1700880203.800928 7354 -1
1700880203.800928 4434 -1
1700880203.800928 7354 -1
1700880203.801314 54 1
1700880203.821072 5894 -1
1700880203.821072 7354 -1
1700880203.821072 5894 -1
1700880203.821072 7354 -1
1700880203.821072 2974 -1
1700880203.821072 2974 -1
1700880203.821072 7354 -1
1700880203.821072 5894 -1
1700880203.821072 7354 -1
1700880203.821072 4434 -1
1700880203.821072 13194 -1
1700880203.821072 7354 -1
1700880203.821072 5894 -1
1700880203.821072 7354 -1
1700880203.821072 5894 -1
1700880203.821072 7354 -1
1700880203.821072 5894 -1
1700880203.821072 11734 -1
1700880203.821072 7354 -1
1700880203.821072 5894 -1
1700880203.821072 7354 -1
1700880203.821072 5894 -1
1700880203.821072 7354 -1
1700880203.821072 5894 -1
1700880203.821072 4434 -1
1700880203.821072 2974 -1
1700880203.821072 5894 -1
1700880203.821072 7354 -1
1700880203.821072 207 -1
1700880203.821831 54 1
1700880203.843790 66 1
1700880203.845218 66 -1
1700880203.845346 54 1
1700880203.847070 572 1
1700880203.848638 60 -1
1700880203.863116 2974 -1
1700880203.863116 957 -1
1700880203.863212 54 1
1700880203.866584 5894 -1
1700880203.866584 8814 -1
1700880203.866719 54 1
1700880203.887096 7354 -1
1700880203.887096 4434 -1
1700880203.887096 6648 -1
1700880203.887096 1514 -1
1700880203.887096 7354 -1
1700880203.887096 2974 -1
1700880203.887096 7354 -1
1700880203.887096 4434 -1
1700880203.887096 7354 -1
1700880203.887096 4434 -1
1700880203.887096 1514 -1
1700880203.887096 7354 -1
1700880203.887096 2974 -1
1700880203.887096 7354 -1
1700880203.887096 4434 -1
1700880203.887096 7354 -1
1700880203.887096 4434 -1
1700880203.887096 7354 -1
1700880203.887096 4434 -1
1700880203.887096 1514 -1
1700880203.887096 1514 -1
1700880203.887096 1514 -1
1700880203.887096 1514 -1
1700880203.887096 7354 -1
1700880203.887096 4434 -1
1700880203.887096 5630 -1
1700880203.888364 54 1
1700880203.927214 54 1
1700880203.928786 54 1
1700880203.946727 134 1
1700880203.948361 146 1
1700880203.950275 548 1
1700880203.956500 60 -1
1700880203.956808 60 -1
1700880203.956808 60 -1
1700880203.956808 341 -1
1700880203.956808 341 -1
1700880203.956897 54 1
1700880203.981500 115 -1
1700880203.981500 85 -1
1700880203.981500 1099 -1
1700880203.981500 560 -1
1700880203.981500 10274 -1
1700880203.981500 2974 -1
1700880203.981500 3320 -1
1700880203.981500 2974 -1
1700880203.981500 7354 -1
1700880203.981500 6271 -1
1700880203.981500 85 -1
1700880203.981500 5894 -1
1700880203.981500 7354 -1
1700880203.981500 4434 -1
1700880203.981500 7354 -1
1700880203.981500 7354 -1
1700880203.981500 777 -1
1700880203.981500 4434 -1
1700880203.981500 7354 -1
1700880203.981500 2974 -1
1700880203.982063 54 1
1700880204.003316 1514 -1
1700880204.003316 4434 -1
1700880204.003471 54 1
1700880204.003773 54 1
1700880204.004895 85 1
1700880204.018456 7354 -1
1700880204.018456 4274 -1
1700880204.018456 60 -1
1700880204.018571 54 1
1700880204.621172 225 1
1700880204.630209 982 -1
1700880204.630209 809 -1
1700880204.630209 7354 -1
1700880204.630297 54 1
1700880204.634885 4434 -1
1700880204.634885 5894 -1
1700880204.634885 5894 -1
1700880204.634885 7354 -1
1700880204.634885 2268 -1
1700880204.634885 7354 -1
1700880204.634885 4434 -1
1700880204.634885 7354 -1
1700880204.634885 4434 -1
1700880204.635087 54 1
1700880204.639543 7354 -1
1700880204.639543 4434 -1
1700880204.639543 7354 -1
1700880204.639543 4434 -1
1700880204.639543 7354 -1
1700880204.639543 1514 -1
1700880204.639543 2974 -1
1700880204.639543 1415 -1
1700880204.639774 54 1
1700880204.642182 54 1
1700880204.672905 235 1
1700880204.676068 232 1
1700880204.682740 60 -1
1700880204.702758 230 1
1700880204.719498 1039 -1
1700880204.719498 777 -1
1700880204.719498 8531 -1
1700880204.719498 1051 -1
1700880204.719498 731 -1
1700880204.719498 6042 -1
1700880204.719609 54 1
1700880204.727607 1047 -1
1700880204.727607 733 -1
1700880204.727702 54 1
1700880204.727759 6537 -1
1700880204.727801 54 1
1700880204.739851 230 1
1700880204.739947 231 1
1700880204.740194 230 1
1700880204.740299 150 1
1700880204.741253 60 -1
1700880204.745793 1025 -1
1700880204.745793 1960 -1
1700880204.745878 54 1
1700880204.752628 978 -1
1700880204.752628 811 -1
1700880204.752699 54 1
1700880204.754271 6968 -1
1700880204.754314 54 1
1700880204.755169 1029 -1
1700880204.755169 764 -1
1700880204.755202 54 1
1700880204.755453 4434 -1
1700880204.755503 54 1
1700880204.755545 4797 -1
1700880204.755589 54 1
1700880204.755644 196 1
1700880204.756620 60 -1
1700880204.767648 983 -1
1700880204.767648 809 -1
1700880204.767648 7354 -1
1700880204.767710 54 1
1700880204.768112 4434 -1
1700880204.768133 54 1
1700880204.768479 7695 -1
1700880204.768522 54 1
1700880204.771879 230 1
1700880204.786438 1248 -1
1700880204.786438 382 -1
1700880204.786551 54 1
1700880204.789016 2306 -1
1700880204.789062 54 1
1700880204.799608 232 1
1700880204.801128 60 -1
1700880204.807283 1074 -1
1700880204.807283 699 -1
1700880204.807377 54 1
1700880204.810097 7354 -1
1700880204.810163 54 1
1700880204.810607 191 -1
1700880204.810643 54 1
1700880204.841868 1053 -1
1700880204.841868 733 -1
1700880204.841964 54 1
1700880204.842039 2974 -1
1700880204.842070 54 1
1700880204.842218 3202 -1
1700880204.842265 54 1
1700880208.721757 175 1
1700880208.721888 175 1
1700880208.722820 175 1
1700880208.724443 174 1
1700880208.735669 175 1
1700880208.736493 175 1
1700880208.737059 175 1
1700880208.737643 175 1
1700880208.738196 175 1
1700880208.738747 175 1
1700880208.740762 60 -1
1700880208.740762 1048 -1
1700880208.740762 654 -1
1700880208.740762 1046 -1
1700880208.740762 423 -1
1700880208.740762 423 -1
1700880208.740889 66 1
1700880208.741655 60 -1
1700880208.742084 175 1
1700880208.745058 89 1
1700880208.746254 60 -1
1700880208.747128 174 1
1700880208.764908 994 -1
1700880208.764908 1002 -1
1700880208.764908 1018 -1
1700880208.764908 2632 -1
1700880208.764908 2592 -1
1700880208.764908 2909 -1
1700880208.764908 1047 -1
1700880208.764908 1514 -1
1700880208.764908 3188 -1
1700880208.764908 1067 -1
1700880208.764908 3648 -1
1700880208.764908 4285 -1
1700880208.764908 1047 -1
1700880208.764908 560 -1
1700880208.765131 54 1
1700880208.765440 1047 -1
1700880208.765440 868 -1
1700880208.765500 54 1
1700880208.771781 175 1
1700880208.771905 170 1
1700880208.774954 1048 -1
1700880208.774954 1011 -1
1700880208.775056 54 1
1700880208.777783 2870 -1
1700880208.777783 11734 -1
1700880208.777897 54 1
1700880208.778644 7354 -1
1700880208.778680 54 1
1700880208.779226 4434 -1
1700880208.779258 54 1
1700880208.779757 2974 -1
1700880208.779788 54 1
1700880208.779864 7354 -1
1700880208.779904 54 1
1700880208.787607 1514 -1
1700880208.787607 7354 -1
1700880208.787607 4434 -1
1700880208.787607 1514 -1
1700880208.787607 4434 -1
1700880208.787607 2974 -1
1700880208.787607 5894 -1
1700880208.787607 7354 -1
1700880208.787607 7354 -1
1700880208.787817 54 1
1700880208.791330 7354 -1
1700880208.791330 5096 -1
1700880208.791451 54 1
1700880209.045494 142 1
1700880209.051041 1050 -1
1700880209.051041 4434 -1
1700880209.051165 54 1
1700880209.052205 1514 -1
1700880209.052205 2974 -1
1700880209.052265 54 1
1700880209.086960 4434 -1
1700880209.086960 4434 -1
1700880209.086960 1514 -1
1700880209.086960 1514 -1
1700880209.086960 1514 -1
1700880209.086960 4434 -1
1700880209.086960 4434 -1
1700880209.086960 1514 -1
1700880209.086960 2974 -1
1700880209.086960 4434 -1
1700880209.086960 4434 -1
1700880209.086960 4434 -1
1700880209.086960 4434 -1
1700880209.086960 4434 -1
1700880209.086960 2974 -1
1700880209.086960 1514 -1
1700880209.086960 2974 -1
1700880209.086960 1514 -1
1700880209.086960 4434 -1
1700880209.086960 1514 -1
1700880209.086960 2974 -1
1700880209.086960 4434 -1
1700880209.086960 2974 -1
1700880209.086960 2974 -1
1700880209.087602 54 1
1700880209.088303 54 1
1700880209.089373 4434 -1
1700880209.089431 54 1
1700880209.090771 4434 -1
1700880209.090771 4434 -1
1700880209.090830 54 1
1700880209.091584 4434 -1
1700880209.091631 54 1
1700880209.092640 4434 -1
1700880209.092673 54 1
1700880209.092890 4434 -1
1700880209.092920 54 1
1700880209.093689 4434 -1
1700880209.093724 54 1
1700880209.094565 4434 -1
1700880209.094620 54 1
1700880209.095446 4434 -1
1700880209.095489 54 1
1700880209.096127 4434 -1
1700880209.096183 54 1
1700880209.096873 5894 -1
1700880209.096929 54 1
1700880209.103516 5894 -1
1700880209.103516 5894 -1
1700880209.103516 2974 -1
1700880209.103516 2974 -1
1700880209.103516 5894 -1
1700880209.103516 5894 -1
1700880209.103516 5894 -1
1700880209.103516 5894 -1
1700880209.103516 5894 -1
1700880209.103760 54 1
1700880209.106170 5894 -1
1700880209.106236 54 1
1700880209.106308 1514 -1
1700880209.106308 1514 -1
1700880209.106330 54 1
1700880209.106504 1514 -1
1700880209.106504 1514 -1
1700880209.106541 54 1
1700880209.108130 5894 -1
1700880209.108205 54 1
1700880209.108555 2974 -1
1700880209.108590 54 1
1700880209.108628 2974 -1
1700880209.108654 54 1
1700880209.109476 2974 -1
1700880209.109476 2974 -1
1700880209.109476 1514 -1
1700880209.109476 1514 -1
1700880209.109545 54 1
1700880209.109594 1514 -1
1700880209.109618 54 1
1700880209.109721 4434 -1
1700880209.109751 54 1
1700880209.110671 1128 -1
1700880209.110715 54 1
1700880209.753358 136 1
1700880209.757268 1074 -1
1700880209.757268 5894 -1
1700880209.757393 54 1
1700880209.761790 5894 -1
1700880209.761790 5894 -1
1700880209.761790 399 -1
1700880209.761947 54 1
1700880209.888113 230 1
1700880209.888239 231 1
1700880209.900371 60 -1
1700880209.903601 1129 -1
1700880209.903601 625 -1
1700880209.903601 5894 -1
1700880209.903601 5894 -1
1700880209.903601 1124 -1
1700880209.903739 54 1
1700880209.908237 235 1
1700880209.908350 231 1
1700880209.908429 235 1
1700880209.916517 60 -1
1700880209.916517 1076 -1
1700880209.916517 697 -1
1700880209.916517 3027 -1
1700880209.916628 54 1
1700880209.917551 1036 -1
1700880209.917551 734 -1
1700880209.917551 5894 -1
1700880209.917596 54 1
1700880209.917928 2974 -1
1700880209.917928 1135 -1
1700880209.917967 54 1
1700880209.918514 5894 -1
1700880209.918546 54 1
1700880209.921706 459 -1
1700880209.928551 1052 -1
1700880209.928613 54 1
1700880209.928671 731 -1
1700880209.928671 7354 -1
1700880209.928728 54 1
1700880209.930778 1099 -1
1700880209.983131 54 1
1700880212.421776 66 1
1700880212.423603 66 -1
1700880212.423698 54 1
1700880212.424137 638 1
1700880212.425215 60 -1
1700880212.435188 2779 -1
1700880212.435283 54 1
1700880212.436704 134 1
1700880212.437040 146 1
1700880212.437357 483 1
1700880212.437778 60 -1
1700880212.438073 341 -1
1700880212.438131 341 -1
1700880212.438131 60 -1
1700880212.438169 54 1
1700880212.438531 115 -1
1700880212.438531 85 -1
1700880212.438570 54 1
1700880212.438706 85 1
1700880212.440742 60 -1
1700880212.440742 1024 -1
1700880212.440742 2974 -1
1700880212.440742 7354 -1
1700880212.440823 54 1
1700880212.441044 6240 -1
1700880212.441093 54 1
1700880212.445920 85 -1
1700880212.445920 5894 -1
1700880212.445920 7354 -1
1700880212.445920 3320 -1
1700880212.445920 2974 -1
1700880212.445920 13571 -1
1700880212.445920 85 -1
1700880212.445920 17574 -1
1700880212.445920 7354 -1
1700880212.446247 54 1
1700880212.446325 7354 -1
1700880212.446374 54 1
1700880212.446875 777 -1
1700880212.446913 54 1
1700880212.446954 5894 -1
1700880212.446997 54 1
1700880212.450721 60 -1
1700880212.450721 7354 -1
1700880212.450721 7354 -1
1700880212.450721 7354 -1
1700880212.450721 7354 -1
1700880212.450721 5894 -1
1700880212.450721 2974 -1
1700880212.450721 4434 -1
1700880212.450965 54 1
1700880212.451032 1605 -1
1700880212.451061 54 1
1700880214.358784 54 1
1700880214.359582 54 1
1700880214.360375 54 1
1700880214.363690 78 -1
1700880214.363716 54 1
1700880214.363899 60 -1
1700880214.370777 78 -1
1700880214.370777 60 -1
1700880214.371043 54 1
1700880214.399964 78 -1
1700880214.399964 60 -1
1700880214.399964 60 -1
1700880214.400304 54 1
1700880214.887458 66 1
1700880214.888094 66 1
1700880214.888711 66 1
1700880214.888932 66 -1
1700880214.889004 54 1
1700880214.889354 66 1
1700880214.889994 66 -1
1700880214.890022 66 1
1700880214.890072 54 1
1700880214.890591 66 -1
1700880214.890646 54 1
1700880214.890808 66 1
1700880214.891645 66 -1
1700880214.891731 54 1
1700880214.891770 66 -1
1700880214.891846 54 1
1700880214.891967 66 -1
1700880214.892033 54 1
1700880214.892059 599 1
1700880214.892538 631 1
1700880214.892950 572 1
1700880214.893410 663 1
1700880214.893838 572 1
1700880214.894120 60 -1
1700880214.894347 631 1
1700880214.894655 60 -1
1700880214.894927 60 -1
1700880214.899554 60 -1
1700880214.899731 60 -1
1700880214.900614 60 -1
1700880214.906461 2778 -1
1700880214.906514 54 1
1700880214.907741 2779 -1
1700880214.907798 54 1
1700880214.909132 2779 -1
1700880214.909228 54 1
1700880214.911576 2778 -1
1700880214.911628 54 1
1700880214.914897 2779 -1
1700880214.914950 54 1
1700880214.914989 134 1
1700880214.915521 1318 -1
1700880214.915559 66 1
1700880214.915654 134 1
1700880214.916019 60 -1
1700880214.916359 134 1
1700880214.916576 60 -1
1700880214.917039 134 1
1700880214.917396 341 -1
1700880214.917454 60 -1
1700880214.917701 341 -1
1700880214.917738 341 -1
1700880214.917760 54 1
1700880214.918202 341 -1
1700880214.918238 60 -1
1700880214.918238 341 -1
1700880214.918272 341 -1
1700880214.918377 54 1
1700880214.918491 341 -1
1700880214.918514 54 1
1700880214.918804 134 1
1700880214.919254 54 1
1700880214.919563 54 1
1700880214.919848 54 1
1700880214.919963 341 -1
1700880214.920008 54 1
1700880214.921112 93 -1
1700880214.921112 78 -1
1700880214.921112 60 -1
1700880214.921139 93 -1
1700880214.921139 78 -1
1700880214.921139 60 -1
1700880214.921186 54 1
1700880214.921215 93 -1
1700880214.921570 54 1
1700880214.921580 60 -1
1700880214.921631 78 -1
1700880214.921631 60 -1
1700880214.922125 341 -1
1700880214.922125 341 -1
1700880214.922176 54 1
1700880214.923829 54 1
1700880214.923893 54 1
1700880214.924282 146 1
1700880214.924398 54 1
1700880214.925485 584 1
1700880214.925560 230 1
1700880214.925635 234 1
1700880214.925686 221 1
1700880214.925730 231 1
1700880214.925775 230 1
1700880214.929056 60 -1
1700880214.929056 60 -1
1700880214.929056 60 -1
1700880214.929056 60 -1
1700880214.929056 60 -1
1700880214.929056 60 -1
1700880214.929135 60 -1
1700880214.937124 115 -1
1700880214.937124 85 -1
1700880214.937221 54 1
1700880214.937808 85 1
1700880214.938970 60 -1
1700880214.941042 1054 -1
1700880214.941130 730 -1
1700880214.941130 981 -1
1700880214.941130 811 -1
1700880214.941175 54 1
1700880214.942256 7354 -1
1700880214.942296 54 1
1700880214.942617 7354 -1
1700880214.942643 54 1
1700880214.943213 1860 -1
1700880214.943247 54 1
1700880214.943945 5019 -1
1700880214.943945 7354 -1
1700880214.943994 54 1
1700880214.944447 7354 -1
1700880214.944484 54 1
1700880214.944985 1860 -1
1700880214.945025 54 1
1700880214.945133 1718 -1
1700880214.945151 54 1
1700880214.947657 1054 -1
1700880214.947657 729 -1
1700880214.947657 978 -1
1700880214.947706 54 1
1700880214.947781 812 -1
1700880214.947797 54 1
1700880214.949003 4434 -1
1700880214.949036 54 1
1700880214.949233 7354 -1
1700880214.949259 54 1
1700880214.949848 542 -1
1700880214.949877 2660 -1
1700880214.949892 54 1
1700880214.950147 1737 -1
1700880214.950173 54 1
1700880214.950251 3401 -1
1700880214.950277 54 1
1700880214.950688 225 1
1700880214.959579 1105 -1
1700880214.959579 659 -1
1700880214.959672 54 1
1700880214.959998 1053 -1
1700880214.959998 732 -1
1700880214.960031 54 1
1700880214.964557 3827 -1
1700880214.964557 7061 -1
1700880214.964646 54 1
1700880214.966605 60 -1
1700880215.108659 1514 -1
1700880215.108659 1318 -1
1700880215.108659 60 -1
1700880215.108745 54 1
1700880218.310662 234 1
1700880218.310788 235 1
1700880218.310899 258 1
1700880218.312414 231 1
1700880218.312551 256 1
1700880218.315558 60 -1
1700880218.319852 60 -1
1700880218.325582 979 -1
1700880218.325582 807 -1
1700880218.325582 4434 -1
1700880218.325582 10274 -1
1700880218.325706 54 1
1700880218.325998 1860 -1
1700880218.326026 54 1
1700880218.326235 5797 -1
1700880218.326266 54 1
1700880218.326703 1057 -1
1700880218.326754 720 -1
1700880218.326772 54 1
1700880218.327978 984 -1
1700880218.327978 806 -1
1700880218.328021 54 1
1700880218.328084 1514 -1
1700880218.328229 8814 -1
1700880218.328276 54 1
1700880218.332468 2974 -1
1700880218.332468 3320 -1
1700880218.332468 85 -1
1700880218.332468 7354 -1
1700880218.332468 4434 -1
1700880218.332468 4780 -1
1700880218.332468 7354 -1
1700880218.332468 7354 -1
1700880218.332468 7354 -1
1700880218.332624 54 1
1700880218.332740 7354 -1
1700880218.332792 54 1
1700880218.340418 3728 -1
1700880218.340418 4434 -1
1700880218.340418 7354 -1
1700880218.340418 7354 -1
1700880218.340418 7354 -1
1700880218.340418 5894 -1
1700880218.340418 7354 -1
1700880218.340418 2974 -1
1700880218.340418 7354 -1
1700880218.340418 7354 -1
1700880218.340418 7354 -1
1700880218.340418 726 -1
1700880218.340418 4434 -1
1700880218.340418 7354 -1
1700880218.340418 4780 -1
1700880218.340418 7354 -1
1700880218.340882 54 1
1700880218.340963 7354 -1
1700880218.341072 54 1
1700880218.341360 7354 -1
1700880218.341403 54 1
1700880218.341975 7354 -1
1700880218.342017 54 1
1700880218.342599 3728 -1
1700880218.342637 54 1
1700880218.342908 2974 -1
1700880218.342946 54 1
1700880218.343112 7354 -1
1700880218.343149 54 1
1700880218.343804 4434 -1
1700880218.343854 54 1
1700880218.344051 2974 -1
1700880218.344092 54 1
1700880218.344322 2974 -1
1700880218.344369 54 1
1700880218.344543 7354 -1
1700880218.344578 54 1
1700880218.348774 7354 -1
1700880218.348774 2974 -1
1700880218.348774 4434 -1
1700880218.348774 7354 -1
1700880218.348774 4434 -1
1700880218.348774 4434 -1
1700880218.348774 1514 -1
1700880218.348774 1514 -1
1700880218.348774 7354 -1
1700880218.348774 2974 -1
1700880218.348914 54 1
1700880218.348987 1514 -1
1700880218.348987 7354 -1
1700880218.349017 54 1
1700880218.349577 7354 -1
1700880218.349607 54 1
1700880218.350096 5894 -1
1700880218.350120 54 1
1700880218.350837 7354 -1
1700880218.350864 54 1
1700880218.351192 1514 -1
1700880218.351307 2974 -1
1700880218.351332 54 1
1700880218.351578 7354 -1
1700880218.351629 54 1
1700880218.352243 4434 -1
1700880218.352274 54 1
1700880218.352519 7354 -1
1700880218.352545 54 1
1700880218.353552 1514 -1
1700880218.353552 7354 -1
1700880218.353615 54 1
1700880218.354063 4434 -1
1700880218.354089 54 1
1700880218.354214 7354 -1
1700880218.354261 54 1
1700880218.354955 10274 -1
1700880218.355031 54 1
1700880218.355664 5894 -1
1700880218.355707 54 1
1700880218.356156 5894 -1
1700880218.356205 54 1
1700880218.356632 7354 -1
1700880218.356688 54 1
1700880218.357315 7354 -1
1700880218.357363 54 1
1700880218.357866 7354 -1
1700880218.357908 54 1
1700880218.359787 7354 -1
1700880218.359787 5894 -1
1700880218.359787 7354 -1
1700880218.359880 54 1
1700880218.360153 7354 -1
1700880218.360190 54 1
1700880218.360764 7354 -1
1700880218.360812 54 1
1700880218.361377 7354 -1
1700880218.361414 54 1
1700880218.361969 1514 -1
1700880218.361989 54 1
1700880218.362122 7354 -1
1700880218.362146 54 1
1700880218.362904 7354 -1
1700880218.362949 54 1
1700880218.363300 7354 -1
1700880218.363325 54 1
1700880218.363913 7354 -1
1700880218.363940 54 1
1700880218.364550 7354 -1
1700880218.364593 54 1
1700880218.365124 4290 -1
1700880218.365170 54 1
1700880218.365589 5894 -1
1700880218.365626 54 1
1700880218.365969 7354 -1
1700880218.366003 54 1
1700880218.366602 4434 -1
1700880218.366643 54 1
1700880218.366938 4578 -1
1700880218.366982 54 1
1700880218.367330 4434 -1
1700880218.367376 54 1
1700880218.367709 7354 -1
1700880218.367755 54 1
1700880218.368302 5894 -1
1700880218.368353 54 1
1700880218.368781 7354 -1
1700880218.368815 54 1
1700880218.369505 7354 -1
1700880218.369557 54 1
1700880218.370475 4434 -1
1700880218.370475 7354 -1
1700880218.370530 54 1
1700880218.373176 7354 -1
1700880218.373176 4434 -1
1700880218.373176 5750 -1
1700880218.373176 3118 -1
1700880218.373176 5894 -1
1700880218.373307 54 1
1700880218.373963 2974 -1
1700880218.373963 4434 -1
1700880218.373963 4434 -1
1700880218.374006 54 1
1700880218.374134 2830 -1
1700880218.374154 54 1
1700880218.374372 4434 -1
1700880218.374403 54 1
1700880218.375583 7354 -1
1700880218.375583 4434 -1
1700880218.375634 54 1
1700880218.375689 2974 -1
1700880218.375713 54 1
1700880218.375925 7354 -1
1700880218.375965 54 1
1700880218.382098 7354 -1
1700880218.382098 4434 -1
1700880218.382098 3664 -1
1700880218.382219 54 1
1700880221.777124 229 1
1700880221.781461 260 1
1700880221.781592 257 1
1700880221.781682 257 1
1700880221.782711 230 1
1700880221.782794 229 1
1700880221.782877 235 1
1700880221.791484 60 -1
1700880221.791484 60 -1
1700880221.813851 1061 -1
1700880221.813851 720 -1
1700880221.813851 7354 -1
1700880221.813851 7354 -1
1700880221.813851 1860 -1
1700880221.813851 7354 -1
1700880221.813851 2974 -1
1700880221.813851 6271 -1
1700880221.813851 7354 -1
1700880221.813851 7354 -1
1700880221.813851 1891 -1
1700880221.813851 7354 -1
1700880221.813851 7354 -1
1700880221.813851 7354 -1
1700880221.813851 7354 -1
1700880221.813851 7354 -1
1700880221.813851 7354 -1
1700880221.813851 5565 -1
1700880221.813851 7354 -1
1700880221.813851 7354 -1
1700880221.813851 7354 -1
1700880221.813851 7354 -1
1700880221.813851 5894 -1
1700880221.813851 7354 -1
1700880221.813851 7354 -1
1700880221.813851 8814 -1
1700880221.813851 5894 -1
1700880221.813851 7354 -1
1700880221.813851 7354 -1
1700880221.813851 7354 -1
1700880221.813851 1514 -1
1700880221.813851 7354 -1
1700880221.813851 7354 -1
1700880221.813851 7354 -1
1700880221.813851 7354 -1
1700880221.813851 1514 -1
1700880221.813851 2823 -1
1700880221.813851 7354 -1
1700880221.813851 1514 -1
1700880221.813851 7354 -1
1700880221.814895 54 1
1700880221.815123 54 1
1700880221.815186 636 -1
1700880221.815186 7354 -1
1700880221.815216 54 1
1700880221.815240 54 1
1700880221.816289 7354 -1
1700880221.816289 1860 -1
1700880221.816289 2974 -1
1700880221.816289 5449 -1
1700880221.816425 54 1
1700880221.817077 54 1
1700880221.817199 89 1
1700880221.817743 54 1
1700880221.823924 5894 -1
1700880221.823924 7354 -1
1700880221.823924 7354 -1
1700880221.823924 7354 -1
1700880221.823924 36554 -1
1700880221.823924 64294 -1
1700880221.824521 54 1
1700880221.837724 7354 -1
1700880221.837724 5894 -1
1700880221.837724 14654 -1
1700880221.837724 7354 -1
1700880221.837724 7354 -1
1700880221.837724 7354 -1
1700880221.837724 5894 -1
1700880221.837724 7354 -1
1700880221.837724 1514 -1
1700880221.837724 7354 -1
1700880221.837724 5894 -1
1700880221.838070 54 1
1700880221.845495 54 1
1700880221.845822 54 1
1700880221.846040 1514 -1
1700880221.846040 7354 -1
1700880221.846040 7354 -1
1700880221.846040 7354 -1
1700880221.846040 1514 -1
1700880221.846040 6673 -1
1700880221.846040 1514 -1
1700880221.846040 2191 -1
1700880221.846040 7354 -1
1700880221.846040 7354 -1
1700880221.846040 1514 -1
1700880221.846040 60 -1
1700880221.846040 5750 -1
1700880221.846040 7354 -1
1700880221.846040 7354 -1
1700880221.846040 7354 -1
1700880221.846040 7354 -1
1700880221.846040 7354 -1
1700880221.846040 7354 -1
1700880221.846040 7354 -1
1700880221.846040 7354 -1
1700880221.846040 198 -1
1700880221.846040 7354 -1
1700880221.846040 7354 -1
1700880221.846040 7354 -1
1700880221.846653 54 1
1700880221.852675 54 1
1700880221.857562 7354 -1
1700880221.857562 7354 -1
1700880221.857562 7354 -1
1700880221.857562 7354 -1
1700880221.857562 8814 -1
1700880221.857562 4434 -1
1700880221.857562 5750 -1
1700880221.857772 54 1
1700880221.858439 7354 -1
1700880221.858477 54 1
1700880221.859270 14654 -1
1700880221.859328 54 1
1700880221.860115 7354 -1
1700880221.860152 54 1
1700880221.860779 54 1
1700880221.870301 9012 -1
1700880221.870462 54 1
1700880223.339304 234 1
1700880223.348836 955 -1
1700880223.348836 845 -1
1700880223.348897 54 1
1700880223.349209 3883 -1
1700880223.349235 54 1
1700880223.352076 230 1
1700880223.352277 234 1
1700880223.353539 60 -1
1700880223.358770 1056 -1
1700880223.358857 726 -1
1700880223.358942 54 1
1700880223.359463 2974 -1
1700880223.359494 54 1
1700880223.359729 7354 -1
1700880223.359770 54 1
1700880223.360818 4234 -1
1700880223.360848 54 1
1700880223.361425 950 -1
1700880223.361501 854 -1
1700880223.361520 54 1
1700880223.361574 2974 -1
1700880223.361645 54 1
1700880223.362167 5551 -1
1700880223.362191 54 1
1700880224.362005 54 1
1700880224.364711 78 -1
1700880224.364711 60 -1
1700880224.364775 54 1
1700880224.966582 66 1
1700880224.967884 66 -1
1700880224.967955 54 1
1700880224.969840 870 1
1700880224.982903 60 -1
1700880224.982903 318 -1
1700880224.983596 134 1
1700880224.984087 146 1
1700880224.984673 611 1
1700880224.984768 257 1
1700880224.984842 231 1
1700880224.985661 60 -1
1700880224.985661 60 -1
1700880224.986005 60 -1
1700880224.986084 60 -1
1700880224.986084 60 -1
1700880224.998068 341 -1
1700880224.998068 115 -1
1700880224.998068 85 -1
1700880224.998184 54 1
1700880225.000489 1061 -1
1700880225.000489 719 -1
1700880225.000566 54 1
1700880225.001360 1514 -1
1700880225.001360 7354 -1
1700880225.001360 7354 -1
1700880225.001360 400 -1
1700880225.001360 7354 -1
1700880225.001360 7354 -1
1700880225.001506 54 1
1700880225.001660 1891 -1
1700880225.001685 54 1
1700880225.002015 16522 -1
1700880225.002084 54 1
1700880225.004843 85 1
1700880225.013254 2974 -1
1700880225.013254 2974 -1
1700880225.013254 17574 -1
1700880225.013254 7354 -1
1700880225.013254 2974 -1
1700880225.013254 7354 -1
1700880225.013254 1514 -1
1700880225.013254 5894 -1
1700880225.013254 4434 -1
1700880225.013560 54 1
1700880225.014679 1514 -1
1700880225.014679 14654 -1
1700880225.014750 54 1
1700880225.016719 7354 -1
1700880225.016785 54 1
1700880225.018552 6548 -1
1700880225.018605 54 1
1700880225.018996 986 -1
1700880225.019028 54 1
1700880225.019074 805 -1
1700880225.019116 54 1
1700880225.019201 5894 -1
1700880225.019242 54 1
1700880225.020230 4434 -1
1700880225.020297 54 1
1700880225.021031 4434 -1
1700880225.021082 54 1
1700880225.021191 1860 -1
1700880225.021220 54 1
1700880225.026863 85 -1
1700880225.026863 7354 -1
1700880225.026863 4434 -1
1700880225.026863 7354 -1
1700880225.026863 7354 -1
1700880225.026863 7354 -1
1700880225.026863 7354 -1
1700880225.026863 7354 -1
1700880225.027020 54 1
1700880225.027419 60 -1
1700880225.027419 7354 -1
1700880225.027472 54 1
1700880225.028038 7354 -1
1700880225.028080 54 1
1700880225.028709 7354 -1
1700880225.028760 54 1
1700880225.029236 16114 -1
1700880225.029314 54 1
1700880225.030551 7354 -1
1700880225.030599 54 1
1700880225.031168 10274 -1
1700880225.031245 54 1
1700880225.036752 7354 -1
1700880225.036752 1114 -1
1700880225.036752 1054 -1
1700880225.036752 731 -1
1700880225.036752 7354 -1
1700880225.036752 3635 -1
1700880225.036864 54 1
1700880226.587607 229 1
1700880226.587756 230 1
1700880226.588550 231 1
1700880226.588675 231 1
1700880226.588774 221 1
1700880226.589288 60 -1
1700880226.589288 60 -1
1700880226.590758 60 -1
1700880226.590758 60 -1
1700880226.590758 60 -1
1700880226.600111 1052 -1
1700880226.600111 729 -1
1700880226.600201 54 1
1700880226.603693 1047 -1
1700880226.603693 732 -1
1700880226.603693 7354 -1
1700880226.603693 79 -1
1700880226.603693 7354 -1
1700880226.603693 138 -1
1700880226.603822 54 1
1700880226.606645 1049 -1
1700880226.606645 733 -1
1700880226.606645 7128 -1
1700880226.606736 54 1
1700880226.609690 230 1
1700880226.614567 230 1
1700880226.614785 1053 -1
1700880226.614785 731 -1
1700880226.614865 54 1
1700880226.614925 4185 -1
1700880226.614946 54 1
1700880226.628124 1129 -1
1700880226.628124 628 -1
1700880226.628124 7354 -1
1700880226.628124 827 -1
1700880226.628124 1030 -1
1700880226.628124 761 -1
1700880226.628124 16460 -1
1700880226.628313 54 1
1700880226.628437 85 -1
1700880226.628437 9336 -1
1700880226.628479 54 1
1700880226.634595 1078 -1
1700880226.634595 702 -1
1700880226.634595 7223 -1
1700880226.634742 54 1
1700880230.347631 225 1
1700880230.348310 232 1
1700880230.349691 60 -1
1700880230.352835 231 1
1700880230.354537 223 1
1700880230.354611 222 1
1700880230.354684 229 1
1700880230.356102 60 -1
1700880230.360660 1052 -1
1700880230.360660 1740 -1
1700880230.360660 733 -1
1700880230.360724 54 1
1700880230.360865 1023 -1
1700880230.360865 770 -1
1700880230.360865 7354 -1
1700880230.360909 54 1
1700880230.361576 1390 -1
1700880230.361600 54 1
1700880230.361794 7354 -1
1700880230.361820 54 1
1700880230.362126 1971 -1
1700880230.362148 54 1
1700880230.362297 1514 -1
1700880230.362319 54 1
1700880230.362406 2974 -1
1700880230.362443 54 1
1700880230.362737 7354 -1
1700880230.362778 54 1
1700880230.363290 4780 -1
1700880230.363326 54 1
1700880230.363661 4233 -1
1700880230.363704 54 1
1700880230.364091 1077 -1
1700880230.364230 699 -1
1700880230.364230 7354 -1
1700880230.364267 54 1
1700880230.364810 1938 -1
1700880230.364832 54 1
1700880230.366145 89 1
1700880230.366189 1054 -1
1700880230.366189 730 -1
1700880230.366189 7354 -1
1700880230.366255 54 1
1700880230.366661 2344 -1
1700880230.366685 54 1
1700880230.377080 1078 -1
1700880230.377080 697 -1
1700880230.377080 9787 -1
1700880230.377244 54 1
1700880231.870395 230 1
1700880231.873074 229 1
1700880231.874025 66 1
1700880231.880681 230 1
1700880231.881379 66 -1
1700880231.881631 54 1
1700880231.882179 60 -1
1700880231.882422 934 1
1700880231.884285 60 -1
1700880231.891113 1084 -1
1700880231.891113 691 -1
1700880231.891234 54 1
1700880231.893928 318 -1
1700880231.898993 134 1
1700880231.899420 146 1
1700880231.900104 584 1
1700880231.900238 232 1
1700880231.900354 228 1
1700880231.900482 228 1
1700880231.900613 228 1
1700880231.902051 60 -1
1700880231.902392 60 -1
1700880231.902392 60 -1
1700880231.902392 60 -1
1700880231.902392 60 -1
1700880231.902392 60 -1
1700880231.902392 60 -1
1700880231.903674 341 -1
1700880231.903834 5894 -1
1700880231.903834 4434 -1
1700880231.903834 3689 -1
1700880231.903834 1059 -1
1700880231.903834 729 -1
1700880231.903834 7354 -1
1700880231.903834 2897 -1
1700880231.903834 1052 -1
1700880231.903834 731 -1
1700880231.903834 7354 -1
1700880231.903834 1514 -1
1700880231.903834 644 -1
1700880231.904007 54 1
1700880231.910516 115 -1
1700880231.910516 85 -1
1700880231.910610 54 1
1700880231.910951 85 1
1700880231.912494 60 -1
1700880231.920723 1170 -1
1700880231.920723 486 -1
1700880231.920723 1194 -1
1700880231.920723 454 -1
1700880231.920833 54 1
1700880231.924830 1169 -1
1700880231.924830 483 -1
1700880231.924830 1177 -1
1700880231.924830 480 -1
1700880231.924830 5139 -1
1700880231.924929 54 1
1700880231.925138 7154 -1
1700880231.925175 54 1
1700880231.933718 6355 -1
1700880231.933818 54 1
1700880231.933885 8355 -1
1700880231.933933 54 1
1700880231.934731 1597 -1
1700880231.934780 54 1
1700880231.940116 1514 -1
1700880231.940258 8814 -1
1700880231.940321 54 1
1700880231.940755 2348 -1
1700880231.940785 54 1
1700880233.536391 236 1
1700880233.537000 228 1
1700880233.537074 227 1
1700880233.537540 227 1
1700880233.538181 60 -1
1700880233.538181 60 -1
1700880233.538565 60 -1
1700880233.541036 226 1
1700880233.542254 60 -1
1700880233.543878 218 1
1700880233.544948 60 -1
1700880233.545573 1022 -1
1700880233.545573 773 -1
1700880233.545573 2899 -1
1700880233.545668 54 1
1700880233.546620 230 1
1700880233.547835 60 -1
1700880233.559717 1172 -1
1700880233.559717 478 -1
1700880233.559717 1173 -1
1700880233.559803 54 1
1700880233.559885 479 -1
1700880233.559885 1197 -1
1700880233.559928 54 1
1700880233.560115 445 -1
1700880233.560143 54 1
1700880233.560839 7354 -1
1700880233.560876 54 1
1700880233.561146 4434 -1
1700880233.561192 54 1
1700880233.562331 3755 -1
1700880233.562387 54 1
1700880233.563025 2974 -1
1700880233.563071 54 1
1700880233.563262 1514 -1
1700880233.563298 54 1
1700880233.563400 6986 -1
1700880233.563435 54 1
1700880233.565189 7354 -1
1700880233.565229 54 1
1700880233.565780 3852 -1
1700880233.565807 54 1
1700880233.566618 1174 -1
1700880233.566646 54 1
1700880233.566692 476 -1
1700880233.566692 1177 -1
1700880233.566714 54 1
1700880233.566843 477 -1
1700880233.566843 7354 -1
1700880233.566887 54 1
1700880233.568051 2626 -1
1700880233.568088 54 1
1700880233.568763 7354 -1
1700880233.568809 54 1
1700880233.570153 2974 -1
1700880233.570186 54 1
1700880233.570319 1514 -1
1700880233.570353 54 1
1700880233.570723 1514 -1
1700880233.570723 1350 -1
1700880233.570776 54 1
1700880233.572263 1171 -1
1700880233.572263 481 -1
1700880233.572263 7354 -1
1700880233.572349 54 1
1700880233.573956 74 -1
1700880233.574010 54 1
1700880234.368942 54 1
1700880234.369571 54 1
1700880234.371398 78 -1
1700880234.371398 60 -1
1700880234.371462 54 1
1700880234.380662 78 -1
1700880234.380662 60 -1
1700880234.380779 54 1
1700880235.185265 66 1
1700880235.186788 66 1
1700880235.193444 66 -1
1700880235.193633 54 1
1700880235.196216 902 1
1700880235.197805 60 -1
1700880235.198156 318 -1
1700880235.199438 134 1
1700880235.199758 146 1
1700880235.200003 586 1
1700880235.201818 60 -1
1700880235.201818 60 -1
1700880235.201927 60 -1
1700880235.201927 341 -1
1700880235.202211 66 -1
1700880235.202394 54 1
1700880235.204169 115 -1
1700880235.204169 85 -1
1700880235.204246 54 1
1700880235.204758 934 1
1700880235.205026 85 1
1700880235.206054 60 -1
1700880235.207516 60 -1
1700880235.207516 318 -1
1700880235.210693 1049 -1
1700880235.210693 731 -1
1700880235.210833 54 1
1700880235.210923 8370 -1
1700880235.210972 54 1
1700880235.213148 134 1
1700880235.220973 146 1
1700880235.222792 60 -1
1700880235.222792 60 -1
1700880235.223163 341 -1
1700880235.223286 583 1
1700880235.236042 146 -1
1700880235.236616 85 1
1700880235.236902 60 -1
1700880235.237763 60 -1
1700880235.251221 1175 -1
1700880235.251221 487 -1
1700880235.251221 9342 -1
1700880235.251352 54 1
1700880236.780346 219 1
1700880236.781642 228 1
1700880236.783379 226 1
1700880236.783485 221 1
1700880236.783909 218 1
1700880236.784091 225 1
1700880236.784701 222 1
1700880236.786937 220 1
1700880236.788295 60 -1
1700880236.788295 60 -1
1700880236.788295 60 -1
1700880236.788295 60 -1
1700880236.788295 60 -1
1700880236.788295 60 -1
1700880236.788295 60 -1
1700880236.788295 60 -1
1700880236.799284 1172 -1
1700880236.799284 487 -1
1700880236.799284 1169 -1
1700880236.799284 489 -1
1700880236.799284 4434 -1
1700880236.799428 54 1
1700880236.799674 3982 -1
1700880236.799719 54 1
1700880236.803550 1514 -1
1700880236.803550 6809 -1
1700880236.803645 54 1
1700880236.808188 1170 -1
1700880236.808188 482 -1
1700880236.808268 54 1
1700880236.808369 8878 -1
1700880236.808431 54 1
1700880236.808974 1177 -1
1700880236.809000 54 1
1700880236.809055 479 -1
1700880236.809055 4434 -1
1700880236.809102 54 1
1700880236.810829 5430 -1
1700880236.810829 1177 -1
1700880236.810829 481 -1
1700880236.810829 6532 -1
1700880236.810935 54 1
1700880236.816344 1172 -1
1700880236.816344 483 -1
1700880236.816445 54 1
1700880236.817661 1514 -1
1700880236.817661 2974 -1
1700880236.817661 2639 -1
1700880236.817717 54 1
1700880236.829633 1198 -1
1700880236.829633 449 -1
1700880236.829633 8301 -1
1700880236.829762 54 1
1700880236.831849 1142 -1
1700880236.831849 524 -1
1700880236.831849 2974 -1
1700880236.831849 2086 -1
1700880236.831924 54 1
1700880241.565101 244 1
1700880241.575491 221 1
1700880241.575658 221 1
1700880241.575796 231 1
1700880241.575898 221 1
1700880241.579981 219 1
1700880241.580232 222 1
1700880241.580319 229 1
1700880241.586195 60 -1
1700880241.589185 1196 -1
1700880241.589185 448 -1
1700880241.589185 60 -1
1700880241.589325 54 1
1700880241.591139 4668 -1
1700880241.591139 1201 -1
1700880241.591139 442 -1
1700880241.591213 54 1
1700880241.595414 2974 -1
1700880241.595414 6496 -1
1700880241.595414 1194 -1
1700880241.595414 447 -1
1700880241.595534 54 1
1700880241.602777 2126 -1
1700880241.602856 54 1
1700880241.610351 89 1
1700880241.610878 1142 -1
1700880241.610878 522 -1
1700880241.610878 2974 -1
1700880241.610878 2771 -1
1700880241.610878 1173 -1
1700880241.610878 480 -1
1700880241.610972 54 1
1700880241.649406 1174 -1
1700880241.649406 484 -1
1700880241.649406 4175 -1
1700880241.649406 7354 -1
1700880241.649406 1855 -1
1700880241.649406 395 -1
1700880241.649614 66 1
1700880241.663564 1253 -1
1700880241.663564 370 -1
1700880241.663564 1194 -1
1700880241.663564 450 -1
1700880241.663564 7354 -1
1700880241.663564 2974 -1
1700880241.663564 6240 -1
1700880241.663564 85 -1
1700880241.663564 16114 -1
1700880241.663564 400 -1
1700880241.663564 2974 -1
1700880241.663564 5894 -1
1700880241.664043 54 1
1700880241.664120 7354 -1
1700880241.664494 54 1
1700880241.664965 2974 -1
1700880241.664965 5894 -1
1700880241.665007 54 1
1700880241.665054 4434 -1
1700880241.665092 54 1
1700880241.666154 7354 -1
1700880241.666154 7354 -1
1700880241.666245 54 1
1700880241.666786 5894 -1
1700880241.666832 54 1
1700880241.667268 4434 -1
1700880241.667314 54 1
1700880241.667750 7354 -1
1700880241.667792 54 1
1700880241.667919 54 1
1700880241.668037 5046 -1
1700880241.668294 54 1
1700880241.668438 5468 -1
1700880241.668473 54 1
1700880241.668582 54 1
1700880241.669135 54 1
1700880243.204474 229 1
1700880243.211816 227 1
1700880243.214047 230 1
1700880243.214140 219 1
1700880243.214818 227 1
1700880243.214943 226 1
1700880243.215023 226 1
1700880243.215102 221 1
1700880243.218128 60 -1
1700880243.221706 60 -1
1700880243.221706 1170 -1
1700880243.221706 483 -1
1700880243.221992 54 1
1700880243.222070 3254 -1
1700880243.222100 54 1
1700880243.222158 1165 -1
1700880243.222158 491 -1
1700880243.222184 54 1
1700880243.223747 1171 -1
1700880243.223747 483 -1
1700880243.223747 5894 -1
1700880243.223747 1514 -1
1700880243.223747 2536 -1
1700880243.223747 1514 -1
1700880243.223747 7354 -1
1700880243.223863 54 1
1700880243.223979 1544 -1
1700880243.223999 54 1
1700880243.224217 1172 -1
1700880243.224217 483 -1
1700880243.224243 54 1
1700880243.226039 1172 -1
1700880243.226039 484 -1
1700880243.226087 54 1
1700880243.226176 2974 -1
1700880243.226195 54 1
1700880243.226279 999 -1
1700880243.227837 4434 -1
1700880243.227892 54 1
1700880243.228036 1514 -1
1700880243.228177 3727 -1
1700880243.228244 54 1
1700880243.230434 1194 -1
1700880243.230434 450 -1
1700880243.230510 54 1
1700880243.230784 1195 -1
1700880243.230784 452 -1
1700880243.230784 5467 -1
1700880243.230827 54 1
1700880243.233044 7354 -1
1700880243.233115 54 1
1700880243.233181 884 -1
1700880243.233208 54 1
1700880243.236895 1176 -1
1700880243.236895 472 -1
1700880243.236963 54 1
1700880243.237008 13194 -1
1700880243.237097 54 1
1700880243.237883 2411 -1
1700880243.238015 54 1
1700880244.396583 54 1
1700880244.396951 54 1
1700880244.399196 78 -1
1700880244.399196 60 -1
1700880244.399395 54 1
1700880244.402893 78 -1
1700880244.402893 60 -1
1700880244.402959 54 1
1700880244.954204 66 1
1700880244.955396 66 -1
1700880244.955510 54 1
1700880244.956149 934 1
1700880244.957316 60 -1
1700880244.958304 318 -1
1700880244.960064 134 1
1700880244.960656 146 1
1700880244.961146 60 -1
1700880244.961443 341 -1
1700880244.961795 60 -1
1700880244.962276 573 1
1700880244.962378 229 1
1700880244.962465 228 1
1700880244.962708 228 1
1700880244.962794 230 1
1700880244.962895 220 1
1700880244.963983 219 1
1700880244.964071 229 1
1700880244.964376 115 -1
1700880244.964376 85 -1
1700880244.964430 54 1
1700880244.964703 85 1
1700880244.967578 60 -1
1700880244.967578 60 -1
1700880244.967578 60 -1
1700880244.967578 60 -1
1700880244.967578 60 -1
1700880244.967578 60 -1
1700880244.967578 60 -1
1700880244.967578 60 -1
1700880244.967578 60 -1
1700880244.972587 486 -1
1700880244.972587 1169 -1
1700880244.972678 66 1
1700880244.972760 54 1
1700880244.973698 6470 -1
1700880244.973698 1196 -1
1700880244.973698 445 -1
1700880244.973772 54 1
1700880244.984830 7354 -1
1700880244.984830 6724 -1
1700880244.984830 1171 -1
1700880244.984830 485 -1
1700880244.984830 8198 -1
1700880244.984998 54 1
1700880244.995854 1172 -1
1700880244.995854 482 -1
1700880244.995854 1194 -1
1700880244.995854 456 -1
1700880244.995854 4434 -1
1700880244.995854 1456 -1
1700880244.995854 1514 -1
1700880244.995854 4835 -1
1700880244.996004 54 1
1700880245.006763 473 -1
1700880245.006763 1173 -1
1700880245.006763 10508 -1
1700880245.006873 66 1
1700880245.006962 54 1
1700880245.006991 54 1
1700880245.009909 1175 -1
1700880245.009909 479 -1
1700880245.009998 54 1
1700880245.015863 1195 -1
1700880245.015863 451 -1
1700880245.015942 54 1
1700880245.024097 7354 -1
1700880245.024203 54 1
1700880245.024338 7354 -1
1700880245.024378 54 1
1700880245.024897 1860 -1
1700880245.024931 54 1
1700880245.025175 693 -1
1700880245.025175 10274 -1
1700880245.025236 54 1
1700880245.025970 4369 -1
1700880245.026009 54 1
1700880246.554205 222 1
1700880246.555340 60 -1
1700880246.559255 219 1
1700880246.559400 219 1
1700880246.560868 228 1
1700880246.560937 229 1
1700880246.561020 220 1
1700880246.562323 231 1
1700880246.562419 225 1
1700880246.562529 60 -1
1700880246.563274 60 -1
1700880246.563274 60 -1
1700880246.563274 60 -1
1700880246.563274 60 -1
1700880246.563319 60 -1
1700880246.563471 60 -1
1700880246.574429 1170 -1
1700880246.574429 485 -1
1700880246.574429 1177 -1
1700880246.574522 54 1
1700880246.574744 479 -1
1700880246.574744 1194 -1
1700880246.574744 447 -1
1700880246.574744 1172 -1
1700880246.574777 54 1
1700880246.574828 483 -1
1700880246.574841 54 1
1700880246.577849 7354 -1
1700880246.577941 54 1
1700880246.578364 1378 -1
1700880246.578389 54 1
1700880246.578558 5894 -1
1700880246.578603 54 1
1700880246.578802 4922 -1
1700880246.578831 54 1
1700880246.579144 5894 -1
1700880246.579175 54 1
1700880246.579804 4461 -1
1700880246.579842 54 1
1700880246.579961 12917 -1
1700880246.580024 54 1
1700880246.581296 1175 -1
1700880246.581296 476 -1
1700880246.581296 1514 -1
1700880246.581296 7354 -1
1700880246.581354 54 1
1700880246.581872 3518 -1
1700880246.581921 54 1
1700880246.589180 1175 -1
1700880246.589180 480 -1
1700880246.589286 54 1
1700880246.598817 7354 -1
1700880246.598817 1514 -1
1700880246.598817 3469 -1
1700880246.598938 54 1
1700880246.604074 1177 -1
1700880246.604074 479 -1
1700880246.604074 1174 -1
1700880246.604074 482 -1
1700880246.604187 54 1
1700880246.607932 11734 -1
1700880246.608031 54 1
1700880246.608875 4780 -1
1700880246.608950 54 1
1700880246.609073 4425 -1
1700880246.609103 54 1
1700880246.624980 2974 -1
1700880246.625074 54 1
1700880246.625146 3040 -1
1700880246.625202 54 1
1700880251.984788 230 1
1700880251.991963 229 1
1700880251.997127 229 1
1700880251.997230 221 1
1700880251.997319 226 1
1700880251.997933 230 1
1700880251.998035 226 1
1700880251.998157 227 1
1700880252.002220 60 -1
1700880252.008054 60 -1
1700880252.019495 1176 -1
1700880252.019495 483 -1
1700880252.019495 1173 -1
1700880252.019495 481 -1
1700880252.019737 54 1
1700880252.022040 89 1
1700880252.036965 5894 -1
1700880252.036965 10620 -1
1700880252.036965 85 -1
1700880252.036965 3409 -1
1700880252.036965 1196 -1
1700880252.036965 446 -1
1700880252.036965 7354 -1
1700880252.036965 3064 -1
1700880252.036965 1199 -1
1700880252.036965 446 -1
1700880252.036965 4434 -1
1700880252.036965 5448 -1
1700880252.036965 7354 -1
1700880252.036965 3201 -1
1700880252.037319 54 1
1700880252.038232 1197 -1
1700880252.038232 449 -1
1700880252.038265 54 1
1700880252.046955 13194 -1
1700880252.047064 54 1
1700880252.047814 2346 -1
1700880252.047851 54 1
1700880252.082640 1197 -1
1700880252.082640 447 -1
1700880252.082640 1176 -1
1700880252.082640 478 -1
1700880252.082640 1177 -1
1700880252.082640 478 -1
1700880252.082764 54 1
1700880252.085786 7354 -1
1700880252.085877 54 1
1700880252.090471 4893 -1
1700880252.090471 8814 -1
1700880252.090471 7700 -1
1700880252.090471 2974 -1
1700880252.090471 797 -1
1700880252.090471 7354 -1
1700880252.090471 4434 -1
1700880252.090471 1990 -1
1700880252.091026 54 1
1700880253.659505 221 1
1700880253.659622 228 1
1700880253.661531 221 1
1700880253.661643 226 1
1700880253.661714 221 1
1700880253.662151 222 1
1700880253.662250 231 1
1700880253.662380 232 1
1700880253.663181 60 -1
1700880253.693073 60 -1
1700880253.711211 1173 -1
1700880253.711211 481 -1
1700880253.711299 54 1
1700880253.719169 1171 -1
1700880253.719169 486 -1
1700880253.719169 1173 -1
1700880253.719267 54 1
1700880253.719334 479 -1
1700880253.719334 1198 -1
1700880253.719334 450 -1
1700880253.719369 54 1
1700880253.719422 16460 -1
1700880253.719502 54 1
1700880253.720532 272 -1
1700880253.720532 1174 -1
1700880253.720532 8471 -1
1700880253.720614 54 1
1700880253.721293 486 -1
1700880253.725660 4434 -1
1700880253.725757 54 1
1700880253.725936 2812 -1
1700880253.725970 54 1
1700880253.726024 4434 -1
1700880253.726064 54 1
1700880253.732788 7354 -1
1700880253.732788 1467 -1
1700880253.732788 1197 -1
1700880253.732788 444 -1
1700880253.732788 6713 -1
1700880253.732948 54 1
1700880253.737781 1140 -1
1700880253.737781 522 -1
1700880253.737781 1170 -1
1700880253.737781 482 -1
1700880253.737872 54 1
1700880253.745286 4434 -1
1700880253.745385 54 1
1700880253.745721 7354 -1
1700880253.745761 54 1
1700880253.746374 4780 -1
1700880253.746421 54 1
1700880253.746513 7354 -1
1700880253.746557 54 1
1700880253.747131 5318 -1
1700880253.747182 54 1
1700880253.747534 5894 -1
1700880253.747569 54 1
1700880253.748018 5894 -1
1700880253.748057 54 1
1700880253.748498 4780 -1
1700880253.748525 54 1
1700880253.749047 2974 -1
1700880253.749087 54 1
1700880253.749322 7086 -1
1700880253.749367 54 1
1700880254.418921 54 1
1700880254.422821 78 -1
1700880254.422821 60 -1
1700880254.422875 54 1
1700880255.316612 66 1
1700880255.317759 66 -1
1700880255.317874 54 1
1700880255.319559 934 1
1700880255.320916 60 -1
1700880255.321785 318 -1
1700880255.322848 134 1
1700880255.323329 146 1
1700880255.323877 60 -1
1700880255.324208 341 -1
1700880255.324298 60 -1
1700880255.324389 115 -1
1700880255.324414 54 1
1700880255.324466 85 -1
1700880255.324834 583 1
1700880255.324945 228 1
1700880255.325039 230 1
1700880255.325106 227 1
1700880255.325167 228 1
1700880255.325233 224 1
1700880255.325287 220 1
1700880255.325347 232 1
1700880255.325594 85 1
1700880255.327513 60 -1
1700880255.327861 60 -1
1700880255.327861 60 -1
1700880255.327861 60 -1
1700880255.327861 60 -1
1700880255.327861 60 -1
1700880255.327861 60 -1
1700880255.327861 60 -1
1700880255.327861 60 -1
1700880255.336190 1195 -1
1700880255.336190 451 -1
1700880255.336299 54 1
1700880255.337190 7354 -1
1700880255.337234 54 1
1700880255.337582 864 -1
1700880255.337624 54 1
1700880255.338885 1173 -1
1700880255.338885 485 -1
1700880255.338929 54 1
1700880255.338976 7774 -1
1700880255.339011 54 1
1700880255.339387 1193 -1
1700880255.340041 450 -1
1700880255.340041 1170 -1
1700880255.340041 481 -1
1700880255.340041 1171 -1
1700880255.340041 485 -1
1700880255.340041 5312 -1
1700880255.340129 54 1
1700880255.340437 4434 -1
1700880255.340469 54 1
1700880255.340825 6572 -1
1700880255.340864 54 1
1700880255.341290 7354 -1
1700880255.341354 54 1
1700880255.341937 405 -1
1700880255.341963 54 1
1700880255.343291 1177 -1
1700880255.343291 477 -1
1700880255.343337 54 1
1700880255.343377 2974 -1
1700880255.343398 54 1
1700880255.343842 7354 -1
1700880255.343886 54 1
1700880255.344122 6240 -1
1700880255.344144 54 1
1700880255.346044 85 -1
1700880255.346044 7354 -1
1700880255.346044 7354 -1
1700880255.346044 676 -1
1700880255.346044 1173 -1
1700880255.346044 479 -1
1700880255.346131 54 1
1700880255.347552 2974 -1
1700880255.347595 54 1
1700880255.347779 1745 -1
1700880255.347811 54 1
1700880255.351952 1176 -1
1700880255.351952 478 -1
1700880255.351952 9817 -1
1700880255.352093 54 1
1700880256.992047 229 1
1700880256.992178 229 1
1700880256.992254 230 1
1700880256.992343 227 1
1700880256.992609 228 1
1700880256.992723 227 1
1700880256.995229 227 1
1700880256.995330 228 1
1700880256.995650 60 -1
1700880256.995650 60 -1
1700880256.995650 60 -1
1700880256.995650 60 -1
1700880256.995650 60 -1
1700880256.995650 60 -1
1700880256.996403 60 -1
1700880256.996403 60 -1
1700880257.006491 1171 -1
1700880257.006491 481 -1
1700880257.006491 1173 -1
1700880257.006491 482 -1
1700880257.006491 7354 -1
1700880257.006651 54 1
1700880257.007907 5474 -1
1700880257.007907 1169 -1
1700880257.007907 486 -1
1700880257.007907 1514 -1
1700880257.007907 7354 -1
1700880257.008003 54 1
1700880257.008628 7354 -1
1700880257.008678 54 1
1700880257.008719 400 -1
1700880257.008719 730 -1
1700880257.008744 54 1
1700880257.009682 2974 -1
1700880257.009734 54 1
1700880257.009928 3574 -1
1700880257.009958 54 1
1700880257.012006 1174 -1
1700880257.012046 54 1
1700880257.012317 1600 -1
1700880257.012317 483 -1
1700880257.012355 54 1
1700880257.012996 4510 -1
1700880257.013016 54 1
1700880257.013610 1171 -1
1700880257.013610 482 -1
1700880257.013650 54 1
1700880257.014005 7354 -1
1700880257.014040 54 1
1700880257.014245 2029 -1
1700880257.014275 54 1
1700880257.016367 2974 -1
1700880257.016367 4846 -1
1700880257.016367 1170 -1
1700880257.016367 488 -1
1700880257.016367 4434 -1
1700880257.016441 54 1
1700880257.016899 2688 -1
1700880257.016941 54 1
1700880257.018742 1173 -1
1700880257.018742 479 -1
1700880257.018742 1514 -1
1700880257.018811 54 1
1700880257.019749 5730 -1
1700880257.019803 54 1
1700880259.206085 227 1
1700880259.208233 230 1
1700880259.208336 227 1
1700880259.208396 231 1
1700880259.209374 234 1
1700880259.209490 230 1
1700880259.209603 229 1
1700880259.209702 227 1
1700880259.210430 60 -1
1700880259.212076 60 -1
1700880259.217968 1170 -1
1700880259.217968 486 -1
1700880259.218087 54 1
1700880259.226838 1174 -1
1700880259.226838 480 -1
1700880259.226838 1514 -1
1700880259.226955 54 1
1700880259.227131 2481 -1
1700880259.227131 1173 -1
1700880259.227131 10740 -1
1700880259.227229 54 1
1700880259.240441 477 -1
1700880259.240441 1197 -1
1700880259.240441 450 -1
1700880259.240441 4434 -1
1700880259.240441 8308 -1
1700880259.240441 3890 -1
1700880259.240441 1603 -1
1700880259.240441 143 -1
1700880259.240626 66 1
1700880259.241236 1173 -1
1700880259.241236 483 -1
1700880259.241236 1197 -1
1700880259.241236 452 -1
1700880259.241236 6493 -1
1700880259.241292 54 1
1700880259.247757 2568 -1
1700880259.247757 6434 -1
1700880259.247860 54 1
1700880259.253387 1174 -1
1700880259.253564 54 1
1700880259.253613 480 -1
1700880259.259073 1514 -1
1700880259.259073 1549 -1
1700880259.259155 54 1
1700880260.854333 228 1
1700880260.857301 230 1
1700880260.858032 227 1
1700880260.858243 229 1
1700880260.859601 230 1
1700880260.860973 227 1
1700880260.861927 60 -1
1700880260.863302 227 1
1700880260.863667 60 -1
1700880260.865334 223 1
1700880260.873492 1172 -1
1700880260.873492 482 -1
1700880260.873492 1170 -1
1700880260.873597 54 1
1700880260.873999 480 -1
1700880260.874026 54 1
1700880260.876988 89 1
1700880260.877803 4522 -1
1700880260.877873 54 1
1700880260.877919 7141 -1
1700880260.877977 54 1
1700880260.883348 1175 -1
1700880260.883348 478 -1
1700880260.883348 1173 -1
1700880260.883348 481 -1
1700880260.883348 1171 -1
1700880260.883348 485 -1
1700880260.883348 1221 -1
1700880260.883348 8495 -1
1700880260.883505 54 1
1700880260.884527 7354 -1
1700880260.884570 54 1
1700880260.884806 2772 -1
1700880260.884835 54 1
1700880260.884989 1173 -1
1700880260.885019 54 1
1700880260.885382 484 -1
1700880260.885382 1195 -1
1700880260.885382 6347 -1
1700880260.885429 54 1
1700880260.888261 1514 -1
1700880260.888261 6700 -1
1700880260.888372 54 1
1700880260.888862 4434 -1
1700880260.888898 54 1
1700880260.888991 1960 -1
1700880260.889016 54 1
1700880260.891960 4916 -1
1700880260.892062 54 1
1700880262.516549 221 1
1700880262.530860 220 1
1700880262.531008 221 1
1700880262.531108 221 1
1700880262.532291 224 1
1700880262.532452 218 1
1700880262.534047 60 -1
1700880262.553364 1172 -1
1700880262.553364 484 -1
1700880262.553364 1171 -1
1700880262.553364 1618 -1
1700880262.553364 1192 -1
1700880262.553519 54 1
1700880262.553601 453 -1
1700880262.553601 5772 -1
1700880262.553633 54 1
1700880262.554077 452 -1
1700880262.554077 9646 -1
1700880262.554138 54 1
1700880262.564313 4434 -1
1700880262.564313 1462 -1
1700880262.564313 4529 -1
1700880262.564502 54 1
1700880262.573898 1171 -1
1700880262.573898 1604 -1
1700880262.573898 479 -1
1700880262.574022 54 1
1700880262.576444 2974 -1
1700880262.576444 1113 -1
1700880262.576444 5795 -1
1700880262.576610 54 1
1700880262.594105 1415 -1
1700880262.594212 66 1
1700880264.424621 54 1
1700880264.463571 78 -1
1700880264.463571 60 -1
1700880264.463658 54 1
