1700883833.354527 66 1
1700883833.355008 66 1
1700883833.356937 66 -1
1700883833.357289 54 1
1700883833.357317 66 -1
1700883833.357415 54 1
1700883833.358654 572 1
1700883833.359558 663 1
1700883833.359585 60 -1
1700883833.360761 60 -1
1700883833.370939 2778 -1
1700883833.371011 54 1
1700883833.372404 2779 -1
1700883833.372477 54 1
1700883833.403907 134 1
1700883833.404841 134 1
1700883833.408483 54 1
1700883833.410411 60 -1
1700883833.410411 341 -1
1700883833.410507 60 -1
1700883833.410411 341 -1
1700883833.410507 341 -1
1700883833.410507 341 -1
1700883833.410697 54 1
1700883833.410730 54 1
1700883833.411719 146 1
1700883833.416297 93 -1
1700883833.416297 78 -1
1700883833.416297 60 -1
1700883833.416812 60 -1
1700883833.417136 589 1
1700883833.417259 230 1
1700883833.418125 115 -1
1700883833.418125 85 -1
1700883833.418397 54 1
1700883833.419469 85 1
1700883833.419472 60 -1
1700883833.419472 60 -1
1700883833.420927 60 -1
1700883833.433679 1022 -1
1700883833.433679 771 -1
1700883833.433679 5854 -1
1700883833.433679 1055 -1
1700883833.433679 728 -1
1700883833.433679 5175 -1
1700883833.434679 54 1
1700883833.603752 230 1
1700883833.629504 1056 -1
1700883833.629504 723 -1
1700883833.629504 14654 -1
1700883833.629504 904 -1
1700883833.629664 54 1
1700883833.641317 228 1
1700883833.641450 229 1
1700883833.641563 232 1
1700883833.641658 231 1
1700883833.642653 60 -1
1700883833.647892 981 -1
1700883833.647892 806 -1
1700883833.647984 54 1
1700883833.649244 6358 -1
1700883833.649282 54 1
1700883833.649400 826 -1
1700883833.649400 7354 -1
1700883833.649463 54 1
1700883833.649985 6057 -1
1700883833.650033 54 1
1700883833.651347 1003 -1
1700883833.651347 809 -1
1700883833.651347 906 -1
1700883833.651347 4434 -1
1700883833.651408 54 1
1700883833.651606 2553 -1
1700883833.651639 54 1
1700883833.652638 16287 -1
1700883833.652739 54 1
1700883833.669357 229 1
1700883833.669524 230 1
1700883833.672726 60 -1
1700883833.689083 979 -1
1700883833.689083 807 -1
1700883833.689083 1002 -1
1700883833.689083 775 -1
1700883833.689083 6636 -1
1700883833.689083 3706 -1
1700883833.689083 786 -1
1700883833.689290 66 1
1700883833.718268 231 1
1700883833.718430 230 1
1700883833.718520 232 1
1700883833.718637 230 1
1700883833.720720 60 -1
1700883833.731186 1037 -1
1700883833.731186 729 -1
1700883833.731381 54 1
1700883833.742401 1514 -1
1700883833.742401 2345 -1
1700883833.742401 987 -1
1700883833.742401 799 -1
1700883833.742401 857 -1
1700883833.742401 5738 -1
1700883833.742401 13094 -1
1700883833.742401 857 -1
1700883833.742401 8814 -1
1700883833.742401 2852 -1
1700883833.742605 54 1
1700883834.141922 66 1
1700883834.143475 66 -1
1700883834.143577 54 1
1700883834.146561 631 1
1700883834.147989 60 -1
1700883834.161056 2974 -1
1700883834.161112 54 1
1700883834.161303 958 -1
1700883834.167305 134 1
1700883834.168602 146 1
1700883834.168936 551 1
1700883834.169237 60 -1
1700883834.169237 341 -1
1700883834.169302 341 -1
1700883834.169322 54 1
1700883834.170260 60 -1
1700883834.170260 60 -1
1700883834.176608 115 -1
1700883834.176608 85 -1
1700883834.176712 54 1
1700883834.178530 85 1
1700883834.179560 1217 -1
1700883834.179560 425 -1
1700883834.179641 54 1
1700883834.180331 2906 -1
1700883834.180385 54 1
1700883834.180628 60 -1
1700883839.408652 231 1
1700883839.408799 232 1
1700883839.411180 232 1
1700883839.411265 230 1
1700883839.411335 230 1
1700883839.411414 231 1
1700883839.415778 60 -1
1700883839.415778 982 -1
1700883839.415778 808 -1
1700883839.415778 5479 -1
1700883839.415778 984 -1
1700883839.415778 802 -1
1700883839.415778 9699 -1
1700883839.415922 54 1
1700883839.423256 60 -1
1700883839.423256 985 -1
1700883839.423256 804 -1
1700883839.423256 856 -1
1700883839.423256 5762 -1
1700883839.423390 54 1
1700883839.423518 984 -1
1700883839.423518 807 -1
1700883839.423518 7354 -1
1700883839.423572 54 1
1700883839.426458 3945 -1
1700883839.426458 6057 -1
1700883839.426458 1013 -1
1700883839.426458 762 -1
1700883839.426458 7354 -1
1700883839.426458 1114 -1
1700883839.426630 54 1
1700883839.435688 89 1
1700883839.496217 60 -1
1700883840.723456 54 1
1700883840.724647 54 1
1700883840.730286 78 -1
1700883840.730286 60 -1
1700883840.731129 54 1
1700883840.740179 78 -1
1700883840.740179 60 -1
1700883840.740235 54 1
1700883842.568167 66 1
1700883842.569242 66 -1
1700883842.569346 54 1
1700883842.569788 934 1
1700883842.570630 60 -1
1700883842.571208 318 -1
1700883842.572372 134 1
1700883842.572704 146 1
1700883842.573038 587 1
1700883842.580370 230 1
1700883842.584232 60 -1
1700883842.584232 60 -1
1700883842.584232 341 -1
1700883842.584232 115 -1
1700883842.584232 85 -1
1700883842.584304 54 1
1700883842.585586 85 1
1700883842.588593 85 -1
1700883842.588593 60 -1
1700883842.588593 60 -1
1700883842.588593 858 -1
1700883842.588593 4434 -1
1700883842.588593 4434 -1
1700883842.588686 66 1
1700883842.588790 54 1
1700883842.592643 235 1
1700883842.593421 231 1
1700883842.593974 231 1
1700883842.594521 229 1
1700883842.596320 4738 -1
1700883842.596320 805 -1
1700883842.596320 5390 -1
1700883842.596445 54 1
1700883842.599488 231 1
1700883842.608298 1010 -1
1700883842.608298 60 -1
1700883842.608298 984 -1
1700883842.608298 802 -1
1700883842.608298 859 -1
1700883842.608298 7354 -1
1700883842.608298 2323 -1
1700883842.608298 4434 -1
1700883842.608298 8392 -1
1700883842.608427 66 1
1700883842.608526 54 1
1700883842.619313 1057 -1
1700883842.619313 722 -1
1700883842.619313 1083 -1
1700883842.619313 687 -1
1700883842.619313 7354 -1
1700883842.619313 4434 -1
1700883842.619313 4780 -1
1700883842.619313 85 -1
1700883842.619313 3279 -1
1700883842.619313 4434 -1
1700883842.619313 4627 -1
1700883842.619313 984 -1
1700883842.619313 809 -1
1700883842.619543 54 1
1700883842.621412 4434 -1
1700883842.621412 5302 -1
1700883842.621485 54 1
1700883847.023610 231 1
1700883847.024822 60 -1
1700883847.027025 856 -1
1700883847.027269 7354 -1
1700883847.027329 54 1
1700883847.027602 5156 -1
1700883847.027652 54 1
1700883847.357243 235 1
1700883847.357758 230 1
1700883847.358186 60 -1
1700883847.358574 60 -1
1700883847.366317 930 -1
1700883847.366490 7354 -1
1700883847.366548 54 1
1700883847.366836 2992 -1
1700883847.366867 54 1
1700883847.367084 1106 -1
1700883847.367123 54 1
1700883847.367256 658 -1
1700883847.367925 7354 -1
1700883847.367985 54 1
1700883847.368395 3628 -1
1700883847.368434 54 1
1700883849.698648 235 1
1700883849.712439 959 -1
1700883849.712439 841 -1
1700883849.712439 2974 -1
1700883849.712439 4454 -1
1700883849.712596 54 1
1700883849.725069 232 1
1700883849.725708 234 1
1700883849.737840 232 1
1700883849.740525 74 -1
1700883849.740578 66 1
1700883849.741924 60 -1
1700883849.744448 856 -1
1700883849.744448 8905 -1
1700883849.744541 54 1
1700883849.744998 1055 -1
1700883849.745070 729 -1
1700883849.745097 54 1
1700883849.745656 2974 -1
1700883849.745656 3712 -1
1700883849.745698 54 1
1700883849.748001 987 -1
1700883849.748001 803 -1
1700883849.748056 54 1
1700883849.748585 1514 -1
1700883849.748619 54 1
1700883849.748819 7354 -1
1700883849.748877 54 1
1700883849.749279 7354 -1
1700883849.749337 54 1
1700883849.749842 400 -1
1700883849.749878 85 -1
1700883849.749878 8147 -1
1700883849.749938 54 1
1700883849.754243 234 1
1700883849.754751 231 1
1700883849.755353 89 1
1700883849.759387 60 -1
1700883849.759660 984 -1
1700883849.759660 805 -1
1700883849.759708 54 1
1700883849.760726 1514 -1
1700883849.760726 2974 -1
1700883849.760769 54 1
1700883849.760906 7086 -1
1700883849.760951 54 1
1700883849.762250 981 -1
1700883849.762372 806 -1
1700883849.762372 13386 -1
1700883849.762441 54 1
1700883850.668973 232 1
1700883850.678100 960 -1
1700883850.678100 841 -1
1700883850.678100 2974 -1
1700883850.678100 1530 -1
1700883850.678196 54 1
1700883850.687200 230 1
1700883850.687298 232 1
1700883850.687374 231 1
1700883850.687452 232 1
1700883850.703056 60 -1
1700883850.703659 980 -1
1700883850.703659 809 -1
1700883850.703659 6586 -1
1700883850.703659 805 -1
1700883850.703659 984 -1
1700883850.703659 6158 -1
1700883850.703819 66 1
1700883850.703882 54 1
1700883850.703910 54 1
1700883850.711026 1109 -1
1700883850.711026 657 -1
1700883850.711026 1058 -1
1700883850.711026 9076 -1
1700883850.711201 54 1
1700883850.713222 4434 -1
1700883850.713222 5690 -1
1700883850.713306 54 1
1700883850.738877 54 1
1700883850.745206 78 -1
1700883850.745206 60 -1
1700883850.745276 54 1
1700883854.051568 66 1
1700883854.052566 66 -1
1700883854.052644 54 1
1700883854.053755 870 1
1700883854.054722 60 -1
1700883854.055366 318 -1
1700883854.055981 134 1
1700883854.056270 146 1
1700883854.056541 584 1
1700883854.061451 60 -1
1700883854.061451 60 -1
1700883854.061451 341 -1
1700883854.061451 115 -1
1700883854.061451 85 -1
1700883854.061524 54 1
1700883854.061858 85 1
1700883854.063475 60 -1
1700883854.063475 60 -1
1700883854.068947 230 1
1700883854.069107 230 1
1700883854.069298 231 1
1700883854.069958 60 -1
1700883854.070072 60 -1
1700883854.070306 60 -1
1700883854.074534 1055 -1
1700883854.074534 724 -1
1700883854.074600 54 1
1700883854.084285 7354 -1
1700883854.084285 6344 -1
1700883854.084285 1058 -1
1700883854.084285 727 -1
1700883854.084285 7203 -1
1700883854.084285 1021 -1
1700883854.084285 769 -1
1700883854.084285 4434 -1
1700883854.084285 4805 -1
1700883854.084541 54 1
1700883854.088414 425 -1
1700883854.088478 66 1
1700883854.093955 985 -1
1700883854.093955 807 -1
1700883854.094053 54 1
1700883854.094115 7354 -1
1700883854.094376 54 1
1700883854.094524 1482 -1
1700883854.094552 54 1
1700883855.654088 235 1
1700883855.655518 60 -1
1700883855.658113 960 -1
1700883855.658209 840 -1
1700883855.658209 7354 -1
1700883855.658278 54 1
1700883855.658816 6687 -1
1700883855.658858 54 1
1700883855.665690 231 1
1700883855.665767 215 1
1700883855.667379 231 1
1700883855.667574 231 1
1700883855.670860 60 -1
1700883855.676358 834 -1
1700883855.676358 14654 -1
1700883855.676495 54 1
1700883855.676555 1860 -1
1700883855.676578 54 1
1700883855.676740 7354 -1
1700883855.676776 54 1
1700883855.706077 7354 -1
1700883855.706077 7354 -1
1700883855.706077 7354 -1
1700883855.706077 3728 -1
1700883855.706077 5894 -1
1700883855.706077 7354 -1
1700883855.706077 7354 -1
1700883855.706077 7354 -1
1700883855.706077 5219 -1
1700883855.706077 7354 -1
1700883855.706077 7354 -1
1700883855.706077 7354 -1
1700883855.706077 7354 -1
1700883855.706077 7354 -1
1700883855.706077 4434 -1
1700883855.706077 1514 -1
1700883855.706077 2974 -1
1700883855.706077 5894 -1
1700883855.706077 2974 -1
1700883855.706077 2974 -1
1700883855.706077 1514 -1
1700883855.706077 7354 -1
1700883855.706077 5894 -1
1700883855.706077 7354 -1
1700883855.706077 7354 -1
1700883855.706077 2974 -1
1700883855.706077 1514 -1
1700883855.706077 7354 -1
1700883855.706077 5894 -1
1700883855.707261 54 1
1700883855.708928 54 1
1700883855.713106 7354 -1
1700883855.713106 4434 -1
1700883855.713106 7354 -1
1700883855.713106 7354 -1
1700883855.713385 54 1
1700883855.713756 7354 -1
1700883855.713788 54 1
1700883855.714561 7354 -1
1700883855.714616 54 1
1700883855.714890 7354 -1
1700883855.714940 54 1
1700883855.715888 7354 -1
1700883855.715947 54 1
1700883855.716134 7354 -1
1700883855.716320 54 1
1700883855.716998 7354 -1
1700883855.717040 54 1
1700883855.717345 5894 -1
1700883855.717384 54 1
1700883855.719789 7354 -1
1700883855.719789 7354 -1
1700883855.719789 7354 -1
1700883855.719789 7354 -1
1700883855.719958 54 1
1700883855.724002 7354 -1
1700883855.724002 7354 -1
1700883855.724002 7354 -1
1700883855.724002 7354 -1
1700883855.724002 3474 -1
1700883855.724002 7354 -1
1700883855.724002 1446 -1
1700883855.724002 10274 -1
1700883855.724320 54 1
1700883855.724963 7354 -1
1700883855.725040 54 1
1700883855.727348 7354 -1
1700883855.727348 7354 -1
1700883855.727348 7354 -1
1700883855.727348 7354 -1
1700883855.727486 54 1
1700883855.731017 7354 -1
1700883855.731017 1582 -1
1700883855.731017 7354 -1
1700883855.731017 7354 -1
1700883855.731017 7354 -1
1700883855.731017 7354 -1
1700883855.731017 7354 -1
1700883855.731265 54 1
1700883855.735321 21954 -1
1700883855.735321 2330 -1
1700883855.735321 3618 -1
1700883855.735321 7354 -1
1700883855.735321 7354 -1
1700883855.735321 7354 -1
1700883855.735636 54 1
1700883855.735722 870 -1
1700883855.735722 7354 -1
1700883855.735797 54 1
1700883855.736554 7354 -1
1700883855.736599 54 1
1700883855.740453 7354 -1
1700883855.740453 7354 -1
1700883855.740453 7354 -1
1700883855.740453 5078 -1
1700883855.740453 2974 -1
1700883855.740453 7354 -1
1700883855.740453 7354 -1
1700883855.740453 7354 -1
1700883855.740658 54 1
1700883855.741151 4434 -1
1700883855.741207 54 1
1700883855.741395 7354 -1
1700883855.741448 54 1
1700883855.741974 870 -1
1700883855.742034 54 1
1700883855.742072 7354 -1
1700883855.742120 54 1
1700883855.742754 5894 -1
1700883855.742786 54 1
1700883855.743907 7354 -1
1700883855.743907 6538 -1
1700883855.743970 54 1
1700883855.744436 7354 -1
1700883855.744484 54 1
1700883855.751861 7354 -1
1700883855.751861 7354 -1
1700883855.751861 7354 -1
1700883855.751861 2762 -1
1700883855.751861 7354 -1
1700883855.751861 7354 -1
1700883855.751861 7354 -1
1700883855.751861 7354 -1
1700883855.751861 3186 -1
1700883855.751861 7354 -1
1700883855.751861 4434 -1
1700883855.751861 14654 -1
1700883855.751861 7354 -1
1700883855.752167 54 1
1700883855.752406 7354 -1
1700883855.752436 54 1
1700883855.752558 54 1
1700883855.752724 54 1
1700883855.753020 7354 -1
1700883855.753086 54 1
1700883855.753616 7354 -1
1700883855.753666 54 1
1700883855.754434 7354 -1
1700883855.754463 54 1
1700883855.754850 1514 -1
1700883855.754875 54 1
1700883855.755048 4434 -1
1700883855.755090 54 1
1700883855.755484 14654 -1
1700883855.755545 54 1
1700883855.756722 7354 -1
1700883855.756763 54 1
1700883855.757133 7354 -1
1700883855.757186 54 1
1700883855.757776 7354 -1
1700883855.757832 54 1
1700883855.758355 2186 -1
1700883855.758395 54 1
1700883855.758521 7354 -1
1700883855.758549 54 1
1700883855.759127 7354 -1
1700883855.759176 54 1
1700883855.759722 6682 -1
1700883855.759751 54 1
1700883855.760326 7354 -1
1700883855.760367 54 1
1700883855.760888 7354 -1
1700883855.760930 54 1
1700883855.761503 7354 -1
1700883855.761562 54 1
1700883855.762275 7354 -1
1700883855.762318 54 1
1700883855.764527 7354 -1
1700883855.764527 5798 -1
1700883855.764527 7354 -1
1700883855.764527 7354 -1
1700883855.764638 54 1
1700883855.765010 7354 -1
1700883855.765069 54 1
1700883855.765627 150 -1
1700883855.765657 54 1
1700883855.765689 7354 -1
1700883855.765730 54 1
1700883855.766306 5750 -1
1700883855.766334 54 1
1700883855.766708 7354 -1
1700883855.766764 54 1
1700883855.767366 7354 -1
1700883855.767409 54 1
1700883855.767951 2974 -1
1700883855.767981 54 1
1700883855.768133 5894 -1
1700883855.768294 54 1
1700883855.768641 7354 -1
1700883855.768685 54 1
1700883855.769275 7354 -1
1700883855.769318 54 1
1700883855.769844 7354 -1
1700883855.769884 54 1
1700883855.770450 6038 -1
1700883855.770487 54 1
1700883855.770945 7354 -1
1700883855.770980 54 1
1700883855.771629 7354 -1
1700883855.771671 54 1
1700883855.772385 7354 -1
1700883855.772434 54 1
1700883855.774884 7354 -1
1700883855.774884 7354 -1
1700883855.774884 7354 -1
1700883855.774884 7354 -1
1700883855.775025 54 1
1700883855.775520 7354 -1
1700883855.775556 54 1
1700883855.777911 2830 -1
1700883855.777911 3118 -1
1700883855.777911 7354 -1
1700883855.777911 7354 -1
1700883855.777911 7354 -1
1700883855.778039 54 1
1700883855.778125 2830 -1
1700883855.778147 54 1
1700883855.778414 7354 -1
1700883855.778455 54 1
1700883855.779434 7354 -1
1700883855.779476 54 1
1700883855.779553 7354 -1
1700883855.779578 54 1
1700883855.780497 7354 -1
1700883855.780548 54 1
1700883855.781076 7354 -1
1700883855.781109 54 1
1700883855.807324 2186 -1
1700883855.807324 986 -1
1700883855.807324 20350 -1
1700883855.807324 7354 -1
1700883855.807324 7354 -1
1700883855.807324 7354 -1
1700883855.807324 7354 -1
1700883855.807324 7354 -1
1700883855.807324 7354 -1
1700883855.807324 198 -1
1700883855.807324 7354 -1
1700883855.807324 7354 -1
1700883855.807324 4146 -1
1700883855.807324 14654 -1
1700883855.807324 7354 -1
1700883855.807324 7354 -1
1700883855.807324 1514 -1
1700883855.807324 7354 -1
1700883855.807324 7354 -1
1700883855.807324 342 -1
1700883855.807324 7354 -1
1700883855.807324 7354 -1
1700883855.807324 5750 -1
1700883855.807324 21954 -1
1700883855.807324 7354 -1
1700883855.807324 7354 -1
1700883855.807324 1514 -1
1700883855.807324 5894 -1
1700883855.807324 198 -1
1700883855.807324 13049 -1
1700883855.808255 54 1
1700883855.808590 54 1
1700883855.827613 1369 -1
1700883855.827663 66 1
1700883857.348716 229 1
1700883857.350036 232 1
1700883857.351581 230 1
1700883857.355368 229 1
1700883857.355509 232 1
1700883857.355660 230 1
1700883857.356758 60 -1
1700883857.359156 1011 -1
1700883857.359156 770 -1
1700883857.359233 54 1
1700883857.361693 1173 -1
1700883857.379844 1055 -1
1700883857.379844 725 -1
1700883857.379844 984 -1
1700883857.379844 809 -1
1700883857.379970 54 1
1700883857.414066 958 -1
1700883857.414066 844 -1
1700883857.414066 16460 -1
1700883857.414066 85 -1
1700883857.414066 5894 -1
1700883857.414066 60 -1
1700883857.414066 2467 -1
1700883857.414066 2974 -1
1700883857.414066 4248 -1
1700883857.414066 1057 -1
1700883857.414066 725 -1
1700883857.414066 5699 -1
1700883857.414066 1057 -1
1700883857.414066 725 -1
1700883857.414066 7354 -1
1700883857.414066 7354 -1
1700883857.414066 1713 -1
1700883857.414467 54 1
1700883859.457447 227 1
1700883859.458805 230 1
1700883859.460643 60 -1
1700883859.463502 232 1
1700883859.466645 981 -1
1700883859.466645 809 -1
1700883859.466719 231 1
1700883859.468025 89 1
1700883859.476643 6489 -1
1700883859.476737 54 1
1700883859.484230 947 -1
1700883859.484230 851 -1
1700883859.484230 979 -1
1700883859.484230 806 -1
1700883859.484230 5313 -1
1700883859.484230 7751 -1
1700883859.484230 1054 -1
1700883859.484230 726 -1
1700883859.484230 6699 -1
1700883859.484434 54 1
1700883860.739640 54 1
1700883860.741017 78 -1
1700883860.741017 60 -1
1700883860.741106 54 1
1700883863.463480 66 1
1700883863.464489 66 -1
1700883863.464594 54 1
1700883863.465254 966 1
1700883863.466287 60 -1
1700883863.466821 318 -1
1700883863.467482 134 1
1700883863.467833 146 1
1700883863.468366 586 1
1700883863.468389 60 -1
1700883863.468555 341 -1
1700883863.468695 60 -1
1700883863.468785 115 -1
1700883863.468804 54 1
1700883863.468845 85 -1
1700883863.469240 60 -1
1700883863.469408 85 1
1700883863.469589 231 1
1700883863.470271 60 -1
1700883863.470503 231 1
1700883863.470506 60 -1
1700883863.471365 60 -1
1700883863.471828 231 1
1700883863.473700 232 1
1700883863.473791 230 1
1700883863.473877 232 1
1700883863.482045 60 -1
1700883863.482045 1057 -1
1700883863.482045 722 -1
1700883863.482045 7354 -1
1700883863.482045 2408 -1
1700883863.482045 1058 -1
1700883863.482045 723 -1
1700883863.482045 7354 -1
1700883863.482045 2787 -1
1700883863.482239 54 1
1700883863.488967 60 -1
1700883863.488967 1327 -1
1700883863.488967 1032 -1
1700883863.488967 744 -1
1700883863.488967 4756 -1
1700883863.488967 1061 -1
1700883863.488967 722 -1
1700883863.489059 66 1
1700883863.489133 54 1
1700883863.490471 1514 -1
1700883863.490471 7354 -1
1700883863.490558 54 1
1700883863.490781 2031 -1
1700883863.490805 54 1
1700883863.490934 1034 -1
1700883863.496952 12419 -1
1700883863.496952 1053 -1
1700883863.496952 725 -1
1700883863.496952 983 -1
1700883863.496952 7354 -1
1700883863.496952 1514 -1
1700883863.496952 3233 -1
1700883863.496952 4141 -1
1700883863.497139 54 1
1700883865.164439 231 1
1700883865.164574 224 1
1700883865.166891 230 1
1700883865.167036 231 1
1700883865.167069 60 -1
1700883865.167169 234 1
1700883865.167273 230 1
1700883865.168825 60 -1
1700883865.170471 1136 -1
1700883865.170471 616 -1
1700883865.170471 855 -1
1700883865.170551 54 1
1700883865.170606 7431 -1
1700883865.170656 54 1
1700883865.171678 7354 -1
1700883865.171742 54 1
1700883865.171860 231 1
1700883865.172194 2519 -1
1700883865.172259 54 1
1700883865.172633 1053 -1
1700883865.172633 728 -1
1700883865.172633 9109 -1
1700883865.172712 54 1
1700883865.174527 1106 -1
1700883865.174527 660 -1
1700883865.174527 8814 -1
1700883865.174625 54 1
1700883865.176742 6778 -1
1700883865.176742 1056 -1
1700883865.176742 726 -1
1700883865.176742 3394 -1
1700883865.176844 54 1
1700883865.177496 1056 -1
1700883865.177496 723 -1
1700883865.177528 54 1
1700883865.178886 983 -1
1700883865.178886 808 -1
1700883865.178886 7354 -1
1700883865.178976 54 1
1700883865.179674 5062 -1
1700883865.179716 54 1
1700883865.181437 2644 -1
1700883865.181486 54 1
1700883866.754629 231 1
1700883866.757190 230 1
1700883866.758648 60 -1
1700883866.761216 1056 -1
1700883866.761216 725 -1
1700883866.761275 54 1
1700883866.761833 9266 -1
1700883866.761894 54 1
1700883866.762470 258 1
1700883866.763755 257 1
1700883866.763844 235 1
1700883866.763930 230 1
1700883866.764933 60 -1
1700883866.766876 1054 -1
1700883866.766876 727 -1
1700883866.766934 54 1
1700883866.769617 7149 -1
1700883866.769699 54 1
1700883866.769992 881 -1
1700883866.770017 54 1
1700883866.770087 7354 -1
1700883866.770129 54 1
1700883866.770696 7354 -1
1700883866.770740 54 1
1700883866.771522 1860 -1
1700883866.771561 54 1
1700883866.771599 5894 -1
1700883866.771636 54 1
1700883866.771943 7354 -1
1700883866.772006 54 1
1700883866.774040 3351 -1
1700883866.774040 2974 -1
1700883866.774099 54 1
1700883866.779091 7354 -1
1700883866.779091 6302 -1
1700883866.779091 7354 -1
1700883866.779091 7354 -1
1700883866.779091 2249 -1
1700883866.779091 7354 -1
1700883866.779091 5894 -1
1700883866.779091 7354 -1
1700883866.779091 7354 -1
1700883866.779091 7354 -1
1700883866.779091 4434 -1
1700883866.779091 7354 -1
1700883866.779564 54 1
1700883866.779920 54 1
1700883866.780012 2614 -1
1700883866.780012 7354 -1
1700883866.780063 54 1
1700883866.780427 7354 -1
1700883866.780466 54 1
1700883866.781044 7354 -1
1700883866.781088 54 1
1700883866.782842 7354 -1
1700883866.782842 7354 -1
1700883866.782842 7354 -1
1700883866.782976 54 1
1700883866.784268 20494 -1
1700883866.784371 54 1
1700883866.784992 4434 -1
1700883866.785041 54 1
1700883866.785624 7354 -1
1700883866.785679 54 1
1700883866.787852 7354 -1
1700883866.787942 54 1
1700883866.788015 7354 -1
1700883866.788015 7354 -1
1700883866.788015 5894 -1
1700883866.788118 54 1
1700883866.798864 7354 -1
1700883866.798864 7354 -1
1700883866.798864 7354 -1
1700883866.798864 2002 -1
1700883866.798864 731 -1
1700883866.798864 983 -1
1700883866.798864 806 -1
1700883866.798864 7354 -1
1700883866.798864 7354 -1
1700883866.798864 2974 -1
1700883866.798864 462 -1
1700883866.799134 54 1
1700883868.374011 232 1
1700883868.374571 230 1
1700883868.375141 229 1
1700883868.375694 231 1
1700883868.376266 231 1
1700883868.419735 60 -1
1700883868.437003 1053 -1
1700883868.437003 728 -1
1700883868.437003 1086 -1
1700883868.437003 685 -1
1700883868.437098 54 1
1700883868.438716 1056 -1
1700883868.438716 725 -1
1700883868.438716 982 -1
1700883868.438716 810 -1
1700883868.438716 7962 -1
1700883868.438810 54 1
1700883868.439029 7700 -1
1700883868.439083 54 1
1700883868.441100 7354 -1
1700883868.441156 54 1
1700883868.441452 1089 -1
1700883868.441471 54 1
1700883868.441537 5300 -1
1700883868.441567 54 1
1700883868.450266 1059 -1
1700883868.450357 723 -1
1700883868.450387 54 1
1700883868.451848 7354 -1
1700883868.451896 54 1
1700883868.452603 7354 -1
1700883868.452660 54 1
1700883868.452922 1860 -1
1700883868.452944 54 1
1700883868.453029 85 -1
1700883868.453029 2138 -1
1700883868.453059 54 1
1700883870.557003 230 1
1700883870.557984 60 -1
1700883870.572946 230 1
1700883870.573062 230 1
1700883870.573219 231 1
1700883870.584268 963 -1
1700883870.584268 837 -1
1700883870.584268 60 -1
1700883870.584268 60 -1
1700883870.584268 60 -1
1700883870.584268 10513 -1
1700883870.584456 54 1
1700883870.586492 1086 -1
1700883870.586492 683 -1
1700883870.586492 987 -1
1700883870.586492 7354 -1
1700883870.586585 54 1
1700883870.586751 3627 -1
1700883870.586786 54 1
1700883870.587142 803 -1
1700883870.587142 1106 -1
1700883870.587172 54 1
1700883870.587212 657 -1
1700883870.587567 54 1
1700883870.591219 7354 -1
1700883870.591219 5391 -1
1700883870.591219 2974 -1
1700883870.591219 3324 -1
1700883870.591484 54 1
1700883870.594578 89 1
1700883870.596825 60 -1
1700883870.762145 54 1
1700883870.763434 78 -1
1700883870.763434 60 -1
1700883870.763475 54 1
1700883874.557072 66 1
1700883874.560116 66 -1
1700883874.560213 54 1
1700883874.563078 934 1
1700883874.564108 60 -1
1700883874.564906 318 -1
1700883874.566322 134 1
1700883874.567593 60 -1
1700883874.567593 341 -1
1700883874.568359 146 1
1700883874.570265 60 -1
1700883874.570265 115 -1
1700883874.570265 85 -1
1700883874.570335 54 1
1700883874.570727 578 1
1700883874.570833 230 1
1700883874.570907 229 1
1700883874.571105 230 1
1700883874.571197 231 1
1700883874.571268 230 1
1700883874.571795 60 -1
1700883874.571795 60 -1
1700883874.571795 60 -1
1700883874.571968 60 -1
1700883874.572158 60 -1
1700883874.572244 60 -1
1700883874.572545 85 1
1700883874.573675 60 -1
1700883874.579275 982 -1
1700883874.579275 810 -1
1700883874.579374 54 1
1700883874.580131 4434 -1
1700883874.580131 7354 -1
1700883874.580223 54 1
1700883874.583734 1257 -1
1700883874.583734 1058 -1
1700883874.583734 727 -1
1700883874.583734 1055 -1
1700883874.583734 725 -1
1700883874.583734 7354 -1
1700883874.583734 7346 -1
1700883874.583883 54 1
1700883874.584667 6452 -1
1700883874.584715 54 1
1700883874.587170 1057 -1
1700883874.587170 726 -1
1700883874.587250 54 1
1700883874.587330 11786 -1
1700883874.587383 54 1
1700883874.589332 1056 -1
1700883874.589332 724 -1
1700883874.589404 54 1
1700883874.591131 4434 -1
1700883874.591131 5894 -1
1700883874.591131 4543 -1
1700883874.591262 54 1
1700883874.591334 1057 -1
1700883874.591334 725 -1
1700883874.591372 54 1
1700883874.591420 7354 -1
1700883874.591465 54 1
1700883874.593044 2146 -1
1700883874.593080 54 1
1700883876.189934 229 1
1700883876.190103 232 1
1700883876.194714 66 1
1700883876.195932 234 1
1700883876.196590 60 -1
1700883876.200738 66 -1
1700883876.200895 54 1
1700883876.201945 966 1
1700883876.202386 1085 -1
1700883876.202386 685 -1
1700883876.202386 961 -1
1700883876.202386 836 -1
1700883876.202386 1514 -1
1700883876.202386 4921 -1
1700883876.202386 7354 -1
1700883876.202386 3895 -1
1700883876.202497 54 1
1700883876.203274 60 -1
1700883876.206122 318 -1
1700883876.207187 134 1
1700883876.207662 146 1
1700883876.208141 589 1
1700883876.208245 227 1
1700883876.208358 230 1
1700883876.208460 60 -1
1700883876.210166 341 -1
1700883876.210166 60 -1
1700883876.210166 60 -1
1700883876.210166 60 -1
1700883876.210762 60 -1
1700883876.214417 1057 -1
1700883876.214417 723 -1
1700883876.214417 7354 -1
1700883876.214417 4791 -1
1700883876.214417 115 -1
1700883876.214417 85 -1
1700883876.214654 54 1
1700883876.214716 54 1
1700883876.215434 85 1
1700883876.217224 60 -1
1700883876.219346 1173 -1
1700883876.219346 474 -1
1700883876.219519 54 1
1700883876.223965 6650 -1
1700883876.223965 1174 -1
1700883876.223965 472 -1
1700883876.224071 54 1
1700883876.225273 7354 -1
1700883876.225273 2522 -1
1700883876.225592 54 1
1700883876.226766 1178 -1
1700883876.226766 472 -1
1700883876.226834 54 1
1700883876.240465 7354 -1
1700883876.240465 1514 -1
1700883876.240465 2974 -1
1700883876.240465 2720 -1
1700883876.240621 54 1
1700883877.889700 229 1
1700883877.890628 228 1
1700883877.891461 228 1
1700883877.893005 229 1
1700883877.894109 60 -1
1700883877.896292 60 -1
1700883877.897327 228 1
1700883877.898029 227 1
1700883877.898575 234 1
1700883877.900464 1168 -1
1700883877.900464 487 -1
1700883877.900464 2974 -1
1700883877.900464 4069 -1
1700883877.900583 54 1
1700883877.905328 60 -1
1700883877.905328 1207 -1
1700883877.905328 434 -1
1700883877.905430 54 1
1700883877.906170 7354 -1
1700883877.906170 2108 -1
1700883877.906170 1175 -1
1700883877.906254 54 1
1700883877.929242 472 -1
1700883877.929242 5576 -1
1700883877.929242 1176 -1
1700883877.929242 472 -1
1700883877.929242 3613 -1
1700883877.929242 1196 -1
1700883877.929242 442 -1
1700883877.929242 7354 -1
1700883877.929242 2948 -1
1700883877.929242 9867 -1
1700883877.929242 1207 -1
1700883877.929242 432 -1
1700883877.929242 1174 -1
1700883877.929242 478 -1
1700883877.929242 1514 -1
1700883877.929242 7354 -1
1700883877.929788 66 1
1700883877.929859 66 1
1700883877.929900 54 1
1700883877.929941 54 1
1700883877.930015 361 -1
1700883877.977803 54 1
1700883880.222152 228 1
1700883880.224113 225 1
1700883880.224759 231 1
1700883880.226518 60 -1
1700883880.230940 1201 -1
1700883880.230940 436 -1
1700883880.230940 7354 -1
1700883880.231076 228 1
1700883880.231139 3927 -1
1700883880.231180 54 1
1700883880.232545 228 1
1700883880.235012 60 -1
1700883880.235289 229 1
1700883880.240696 228 1
1700883880.240990 228 1
1700883880.242928 1169 -1
1700883880.242928 485 -1
1700883880.243038 54 1
1700883880.243119 60 -1
1700883880.246842 1162 -1
1700883880.246842 491 -1
1700883880.246842 10626 -1
1700883880.246960 54 1
1700883880.250058 7354 -1
1700883880.250058 1660 -1
1700883880.250058 1174 -1
1700883880.250058 479 -1
1700883880.250058 6270 -1
1700883880.250058 1174 -1
1700883880.250058 477 -1
1700883880.250058 4952 -1
1700883880.250222 54 1
1700883880.254467 1226 -1
1700883880.254467 405 -1
1700883880.254467 13318 -1
1700883880.254594 54 1
1700883880.256983 1194 -1
1700883880.257063 448 -1
1700883880.257063 3482 -1
1700883880.257155 54 1
1700883880.273581 1173 -1
1700883880.273581 473 -1
1700883880.273678 54 1
1700883880.273859 7215 -1
1700883880.273900 54 1
1700883880.765515 54 1
1700883880.765620 54 1
1700883880.766718 78 -1
1700883880.766718 60 -1
1700883880.766744 54 1
1700883880.766975 78 -1
1700883880.766975 60 -1
1700883880.767002 54 1
1700883884.734780 66 1
1700883884.735920 66 -1
1700883884.735997 54 1
1700883884.736955 966 1
1700883884.737980 60 -1
1700883884.738984 318 -1
1700883884.739464 134 1
1700883884.740777 146 1
1700883884.741048 60 -1
1700883884.741530 583 1
1700883884.741659 227 1
1700883884.741732 220 1
1700883884.741773 60 -1
1700883884.741807 229 1
1700883884.741862 231 1
1700883884.741914 228 1
1700883884.742006 341 -1
1700883884.742092 231 1
1700883884.742171 228 1
1700883884.742607 115 -1
1700883884.742607 85 -1
1700883884.742607 60 -1
1700883884.742607 60 -1
1700883884.742665 54 1
1700883884.742711 60 -1
1700883884.742800 85 1
1700883884.742835 60 -1
1700883884.742835 60 -1
1700883884.742946 60 -1
1700883884.743050 60 -1
1700883884.743092 60 -1
1700883884.743839 60 -1
1700883884.751184 1164 -1
1700883884.751184 486 -1
1700883884.751184 1173 -1
1700883884.751184 2010 -1
1700883884.751288 54 1
1700883884.751411 4434 -1
1700883884.751459 54 1
1700883884.751664 2268 -1
1700883884.751695 54 1
1700883884.751768 7257 -1
1700883884.751788 54 1
1700883884.754874 6694 -1
1700883884.754956 54 1
1700883884.755147 1176 -1
1700883884.755247 476 -1
1700883884.755271 54 1
1700883884.755968 3952 -1
1700883884.755992 54 1
1700883884.758525 1195 -1
1700883884.758525 440 -1
1700883884.758596 54 1
1700883884.760087 6692 -1
1700883884.760120 54 1
1700883884.764645 1173 -1
1700883884.764750 479 -1
1700883884.764750 6431 -1
1700883884.764817 54 1
1700883884.766147 1198 -1
1700883884.766147 437 -1
1700883884.766197 54 1
1700883884.766863 7354 -1
1700883884.766909 54 1
1700883884.767343 6850 -1
1700883884.767409 54 1
1700883884.797204 1196 -1
1700883884.797204 452 -1
1700883884.797204 6976 -1
1700883884.797319 54 1
1700883886.460803 221 1
1700883886.462703 60 -1
1700883886.463318 228 1
1700883886.463553 221 1
1700883886.465068 60 -1
1700883886.465068 60 -1
1700883886.467596 229 1
1700883886.467676 223 1
1700883886.469005 219 1
1700883886.469394 219 1
1700883886.469438 60 -1
1700883886.469438 60 -1
1700883886.469605 222 1
1700883886.470846 60 -1
1700883886.471304 60 -1
1700883886.471304 60 -1
1700883886.482103 1204 -1
1700883886.482103 431 -1
1700883886.482610 54 1
1700883886.487087 7354 -1
1700883886.487151 54 1
1700883886.491144 3265 -1
1700883886.491144 1201 -1
1700883886.491144 438 -1
1700883886.491494 54 1
1700883886.501791 2974 -1
1700883886.501791 5543 -1
1700883886.501910 54 1
1700883886.502083 1199 -1
1700883886.502203 437 -1
1700883886.502203 1197 -1
1700883886.502231 54 1
1700883886.502958 440 -1
1700883886.503011 54 1
1700883886.518025 1196 -1
1700883886.518025 443 -1
1700883886.518025 4434 -1
1700883886.518025 7354 -1
1700883886.518025 2500 -1
1700883886.518025 4434 -1
1700883886.518025 7354 -1
1700883886.518025 3425 -1
1700883886.518025 1593 -1
1700883886.518025 1573 -1
1700883886.518025 113 -1
1700883886.518733 66 1
1700883886.522219 7354 -1
1700883886.522219 4337 -1
1700883886.522623 54 1
1700883886.522757 1195 -1
1700883886.522757 439 -1
1700883886.522757 7354 -1
1700883886.522815 54 1
1700883886.523932 7354 -1
1700883886.523968 54 1
1700883886.525179 1860 -1
1700883886.525239 54 1
1700883886.525853 1755 -1
1700883886.525898 54 1
1700883886.525998 7354 -1
1700883886.526060 54 1
1700883886.527257 7354 -1
1700883886.527312 54 1
1700883886.528389 1860 -1
1700883886.528414 54 1
1700883886.528684 3989 -1
1700883886.528708 54 1
1700883886.531709 5205 -1
1700883886.531899 54 1
1700883888.658309 223 1
1700883888.659013 229 1
1700883888.659497 227 1
1700883888.660329 228 1
1700883888.660575 228 1
1700883888.661026 229 1
1700883888.661623 229 1
1700883888.662047 228 1
1700883888.662051 60 -1
1700883888.665638 60 -1
1700883888.669140 1178 -1
1700883888.669140 471 -1
1700883888.669240 54 1
1700883888.669699 7855 -1
1700883888.669740 54 1
1700883888.670158 1194 -1
1700883888.670242 452 -1
1700883888.670264 54 1
1700883888.671595 1197 -1
1700883888.671595 439 -1
1700883888.671595 7138 -1
1700883888.671678 54 1
1700883888.671840 1207 -1
1700883888.671863 54 1
1700883888.671980 433 -1
1700883888.671980 6832 -1
1700883888.672019 54 1
1700883888.672655 1514 -1
1700883888.672704 7327 -1
1700883888.672739 54 1
1700883888.674906 1172 -1
1700883888.678006 475 -1
1700883888.678006 4434 -1
1700883888.678006 3212 -1
1700883888.678094 54 1
1700883888.687663 1178 -1
1700883888.687663 472 -1
1700883888.687738 54 1
1700883888.690383 7354 -1
1700883888.690662 54 1
1700883888.690841 5215 -1
1700883888.690877 54 1
1700883888.705813 1174 -1
1700883888.705813 479 -1
1700883888.705899 54 1
1700883888.708645 7354 -1
1700883888.708645 6344 -1
1700883888.708729 54 1
1700883888.709772 1145 -1
1700883888.709772 517 -1
1700883888.709807 54 1
1700883888.711125 2974 -1
1700883888.711125 6392 -1
1700883888.711180 54 1
1700883890.296587 229 1
1700883890.297097 230 1
1700883890.297207 230 1
1700883890.302996 229 1
1700883890.303148 227 1
1700883890.304796 1208 -1
1700883890.304796 435 -1
1700883890.304796 4318 -1
1700883890.304927 54 1
1700883890.305168 231 1
1700883890.305272 227 1
1700883890.305391 228 1
1700883890.306963 89 1
1700883890.313476 60 -1
1700883890.313476 60 -1
1700883890.313476 1174 -1
1700883890.313476 476 -1
1700883890.313583 54 1
1700883890.317546 2974 -1
1700883890.317546 2709 -1
1700883890.317546 1174 -1
1700883890.317546 474 -1
1700883890.317546 1196 -1
1700883890.317546 449 -1
1700883890.317546 4547 -1
1700883890.317546 1169 -1
1700883890.317546 483 -1
1700883890.317750 54 1
1700883890.319158 1194 -1
1700883890.319158 443 -1
1700883890.319158 2218 -1
1700883890.319247 54 1
1700883890.322012 5207 -1
1700883890.322012 4628 -1
1700883890.322123 54 1
1700883890.327514 1205 -1
1700883890.327514 432 -1
1700883890.327610 54 1
1700883890.329416 1514 -1
1700883890.329416 7354 -1
1700883890.329482 54 1
1700883890.330914 2700 -1
1700883890.330965 54 1
1700883890.336721 1176 -1
1700883890.336721 468 -1
1700883890.336721 1514 -1
1700883890.336721 7354 -1
1700883890.336721 2733 -1
1700883890.336865 54 1
1700883890.343868 1273 -1
1700883890.343931 66 1
1700883890.767575 54 1
1700883890.776594 78 -1
1700883890.776594 60 -1
1700883890.776693 54 1
1700883891.942883 66 1
1700883891.944049 66 -1
1700883891.944163 54 1
1700883891.944787 870 1
1700883891.946012 60 -1
1700883891.947017 318 -1
1700883891.947617 134 1
1700883891.947876 146 1
1700883891.948119 581 1
1700883891.950658 60 -1
1700883891.950658 341 -1
1700883891.951520 60 -1
1700883891.951520 60 -1
1700883891.957405 115 -1
1700883891.957502 54 1
1700883891.957639 85 -1
1700883891.958743 85 1
1700883891.959794 60 -1
1700883891.960596 227 1
1700883891.961686 229 1
1700883891.961699 60 -1
1700883891.962249 229 1
1700883891.962314 229 1
1700883891.962846 60 -1
1700883891.963302 60 -1
1700883891.963385 60 -1
1700883891.970063 1175 -1
1700883891.970063 485 -1
1700883891.970165 54 1
1700883891.977352 4279 -1
1700883891.977602 54 1
1700883891.977719 1177 -1
1700883891.977719 1610 -1
1700883891.977719 440 -1
1700883891.977761 54 1
1700883891.983406 7354 -1
1700883891.983749 54 1
1700883891.984210 3635 -1
1700883891.984210 11481 -1
1700883891.984266 54 1
1700883891.984877 1176 -1
1700883891.984877 468 -1
1700883891.984908 54 1
1700883891.999377 7354 -1
1700883891.999644 54 1
1700883891.999979 2549 -1
1700883891.999979 1196 -1
1700883892.000041 54 1
1700883892.001429 445 -1
1700883892.001474 54 1
1700883892.021685 6683 -1
1700883892.021808 54 1
1700883900.776169 54 1
1700883900.780287 60 -1
1700883900.780287 78 -1
1700883900.780359 54 1
1700883900.780450 54 1
