1700887098.668310 66 1
1700887098.670219 66 -1
1700887098.670345 54 1
1700887098.671529 631 1
1700887098.672683 60 -1
1700887098.677396 2778 -1
1700887098.677493 54 1
1700887098.726402 134 1
1700887098.727378 60 -1
1700887098.727672 341 -1
1700887098.727852 341 -1
1700887098.727887 54 1
1700887098.784167 146 1
1700887098.797839 60 -1
1700887098.797839 115 -1
1700887098.797839 85 -1
1700887098.797839 85 -1
1700887098.798039 66 1
1700887098.806883 587 1
1700887098.811189 85 1
1700887098.811345 230 1
1700887098.811571 180 1
1700887098.814485 60 -1
1700887098.814485 60 -1
1700887098.814485 60 -1
1700887098.814485 60 -1
1700887098.814710 1078 -1
1700887098.814710 463 -1
1700887098.814760 54 1
1700887098.838159 931 -1
1700887098.838159 5818 -1
1700887098.838159 1020 -1
1700887098.838159 775 -1
1700887098.838159 2974 -1
1700887098.838159 2930 -1
1700887098.838159 1470 -1
1700887098.838266 66 1
1700887098.943240 232 1
1700887098.943430 229 1
1700887098.943551 234 1
1700887098.943660 231 1
1700887098.943788 230 1
1700887098.943883 234 1
1700887098.943991 230 1
1700887098.944073 236 1
1700887098.944156 235 1
1700887098.944334 234 1
1700887098.944499 230 1
1700887098.944629 232 1
1700887098.944772 150 1
1700887098.945098 60 -1
1700887098.945285 60 -1
1700887098.945925 60 -1
1700887098.949855 928 -1
1700887098.949855 5894 -1
1700887098.949916 66 1
1700887098.951209 4434 -1
1700887098.951263 74 1
1700887098.951456 82 -1
1700887098.951456 1024 -1
1700887098.951481 82 1
1700887098.951521 82 1
1700887098.951561 1960 -1
1700887098.951589 82 1
1700887098.952265 876 -1
1700887098.952296 82 1
1700887098.952341 7354 -1
1700887098.952401 82 1
1700887098.953659 1514 -1
1700887098.953690 82 1
1700887098.953780 7354 -1
1700887098.953829 82 1
1700887098.955302 400 -1
1700887098.955302 85 -1
1700887098.955302 627 -1
1700887098.955302 928 -1
1700887098.955302 7354 -1
1700887098.955348 82 1
1700887098.955375 82 1
1700887098.955419 82 1
1700887098.955464 82 1
1700887098.955516 82 1
1700887098.956461 1514 -1
1700887098.956487 82 1
1700887098.956608 4597 -1
1700887098.956639 82 1
1700887098.957582 1514 -1
1700887098.957623 82 1
1700887098.957682 1514 -1
1700887098.957707 74 1
1700887098.957858 1514 -1
1700887098.957880 66 1
1700887098.958605 1514 -1
1700887098.958714 54 1
1700887098.959232 913 -1
1700887098.959232 4449 -1
1700887098.959278 54 1
1700887098.959362 1086 -1
1700887098.959936 682 -1
1700887098.959979 54 1
1700887098.960142 13250 -1
1700887098.960243 54 1
1700887098.963378 856 -1
1700887098.963438 13808 -1
1700887098.963523 54 1
1700887098.965302 908 -1
1700887098.965302 2974 -1
1700887098.965351 54 1
1700887098.965487 54 1
1700887098.966194 2974 -1
1700887098.966215 54 1
1700887098.966681 2974 -1
1700887098.966710 54 1
1700887098.967135 3209 -1
1700887098.967176 54 1
1700887098.970283 852 -1
1700887098.970283 7354 -1
1700887098.970283 60 -1
1700887098.970283 981 -1
1700887098.970283 813 -1
1700887098.970283 5010 -1
1700887098.970283 951 -1
1700887098.970283 5894 -1
1700887098.970429 54 1
1700887098.971076 5772 -1
1700887098.971122 54 1
1700887098.972150 979 -1
1700887098.972176 54 1
1700887098.972257 812 -1
1700887098.972310 3669 -1
1700887098.972360 54 1
1700887098.973266 979 -1
1700887098.973266 812 -1
1700887098.973300 54 1
1700887098.974901 54 1
1700887098.977572 2974 -1
1700887098.977635 54 1
1700887098.978476 3432 -1
1700887098.978581 54 1
1700887099.774050 66 1
1700887099.802468 66 -1
1700887099.802615 54 1
1700887099.806358 663 1
1700887099.809665 60 -1
1700887099.900743 2974 -1
1700887099.900743 959 -1
1700887099.900831 54 1
1700887099.906897 134 1
1700887099.907416 146 1
1700887099.907760 550 1
1700887099.929577 60 -1
1700887099.929577 341 -1
1700887099.929577 341 -1
1700887099.929577 60 -1
1700887099.929577 60 -1
1700887099.929577 115 -1
1700887099.929577 85 -1
1700887099.929577 1086 -1
1700887099.929577 3246 -1
1700887099.929738 54 1
1700887099.930878 85 1
1700887099.931898 60 -1
1700887105.181663 230 1
1700887105.182381 232 1
1700887105.190293 60 -1
1700887105.191621 926 -1
1700887105.191621 1514 -1
1700887105.191621 8259 -1
1700887105.191701 54 1
1700887105.196650 858 -1
1700887105.196650 6202 -1
1700887105.196766 54 1
1700887105.229668 232 1
1700887105.229784 231 1
1700887105.232397 362 -1
1700887105.232447 66 1
1700887105.232504 89 1
1700887105.232608 231 1
1700887105.235935 60 -1
1700887105.238978 60 -1
1700887105.241466 857 -1
1700887105.241544 6779 -1
1700887105.241594 54 1
1700887105.245065 1051 -1
1700887105.245065 729 -1
1700887105.245133 54 1
1700887105.247053 4434 -1
1700887105.247053 4067 -1
1700887105.247053 859 -1
1700887105.247053 1514 -1
1700887105.247053 7354 -1
1700887105.247186 54 1
1700887105.247253 3204 -1
1700887105.247277 54 1
1700887106.689685 54 1
1700887106.689924 54 1
1700887106.691715 78 -1
1700887106.691715 60 -1
1700887106.691743 54 1
1700887106.694852 78 -1
1700887106.694852 60 -1
1700887106.694903 54 1
1700887108.617033 66 1
1700887108.622203 66 -1
1700887108.622351 54 1
1700887108.624586 870 1
1700887108.630427 60 -1
1700887108.630427 318 -1
1700887108.632104 134 1
1700887108.633043 146 1
1700887108.633390 60 -1
1700887108.633390 341 -1
1700887108.633732 590 1
1700887108.633834 231 1
1700887108.633896 229 1
1700887108.633956 234 1
1700887108.634012 229 1
1700887108.634095 230 1
1700887108.635205 60 -1
1700887108.635205 115 -1
1700887108.635205 85 -1
1700887108.635259 54 1
1700887108.635466 85 1
1700887108.639923 60 -1
1700887108.639923 60 -1
1700887108.639923 60 -1
1700887108.639923 60 -1
1700887108.639923 60 -1
1700887108.639923 60 -1
1700887108.639923 60 -1
1700887108.639923 930 -1
1700887108.639923 2974 -1
1700887108.639923 3190 -1
1700887108.640251 54 1
1700887108.640331 958 -1
1700887108.640331 5894 -1
1700887108.640366 54 1
1700887108.640631 3769 -1
1700887108.640671 54 1
1700887108.641547 858 -1
1700887108.641655 7354 -1
1700887108.641776 54 1
1700887108.642348 5156 -1
1700887108.642375 54 1
1700887108.642519 1051 -1
1700887108.642599 768 -1
1700887108.642624 54 1
1700887108.642704 7354 -1
1700887108.642733 54 1
1700887108.644179 1640 -1
1700887108.644206 54 1
1700887108.645807 981 -1
1700887108.646504 54 1
1700887108.646551 811 -1
1700887108.648800 7354 -1
1700887108.648851 54 1
1700887108.649249 4542 -1
1700887108.649300 54 1
1700887108.650255 982 -1
1700887108.650255 813 -1
1700887108.650255 9678 -1
1700887108.650331 54 1
1700887108.659431 918 -1
1700887108.659497 66 1
1700887112.744983 229 1
1700887112.745903 230 1
1700887112.748125 60 -1
1700887112.750458 932 -1
1700887112.750458 7354 -1
1700887112.750528 54 1
1700887112.750930 4434 -1
1700887112.750987 54 1
1700887112.754663 1809 -1
1700887112.754751 54 1
1700887112.758558 1054 -1
1700887112.758558 728 -1
1700887112.758627 54 1
1700887112.759906 2974 -1
1700887112.759946 54 1
1700887112.760153 7354 -1
1700887112.760214 54 1
1700887112.760637 4434 -1
1700887112.760677 54 1
1700887112.760982 1860 -1
1700887112.761010 54 1
1700887112.761437 7003 -1
1700887112.761494 54 1
1700887113.142826 231 1
1700887113.152258 231 1
1700887113.153166 929 -1
1700887113.153166 10292 -1
1700887113.153285 54 1
1700887113.166781 1103 -1
1700887113.166781 662 -1
1700887113.166987 54 1
1700887113.168286 1514 -1
1700887113.168286 1514 -1
1700887113.168335 54 1
1700887113.168435 7354 -1
1700887113.168657 54 1
1700887113.168975 704 -1
1700887113.238822 54 1
1700887115.527710 231 1
1700887115.527824 230 1
1700887115.540654 230 1
1700887115.543325 60 -1
1700887115.543325 932 -1
1700887115.543325 7276 -1
1700887115.543325 855 -1
1700887115.543325 5894 -1
1700887115.543325 3065 -1
1700887115.543472 54 1
1700887115.552850 854 -1
1700887115.552850 1514 -1
1700887115.552948 54 1
1700887115.553319 7354 -1
1700887115.553366 54 1
1700887115.553413 5347 -1
1700887115.553463 54 1
1700887115.561014 89 1
1700887115.603524 60 -1
1700887116.452328 231 1
1700887116.453478 60 -1
1700887116.458835 232 1
1700887116.458963 230 1
1700887116.459612 977 -1
1700887116.459612 815 -1
1700887116.459672 54 1
1700887116.459717 5894 -1
1700887116.459763 54 1
1700887116.460554 986 -1
1700887116.460554 60 -1
1700887116.460554 60 -1
1700887116.463618 860 -1
1700887116.463618 6878 -1
1700887116.463688 54 1
1700887116.464105 929 -1
1700887116.464143 54 1
1700887116.464338 1514 -1
1700887116.465368 7354 -1
1700887116.465435 54 1
1700887116.465567 231 1
1700887116.465840 789 -1
1700887116.466536 60 -1
1700887116.478044 856 -1
1700887116.478044 7354 -1
1700887116.478302 54 1
1700887116.489208 764 -1
1700887116.489283 54 1
1700887116.718142 54 1
1700887116.724566 78 -1
1700887116.724566 60 -1
1700887116.724608 54 1
1700887119.973479 66 1
1700887119.974507 66 -1
1700887119.974615 54 1
1700887119.975259 966 1
1700887119.978595 60 -1
1700887119.978803 318 -1
1700887119.979733 134 1
1700887119.980671 146 1
1700887119.981644 587 1
1700887119.981729 230 1
1700887119.981793 229 1
1700887119.981869 232 1
1700887119.981952 236 1
1700887119.982037 231 1
1700887119.982132 231 1
1700887119.983949 60 -1
1700887119.983949 60 -1
1700887119.983949 60 -1
1700887119.983949 60 -1
1700887119.983949 60 -1
1700887119.983949 60 -1
1700887119.983949 60 -1
1700887119.983949 60 -1
1700887119.983949 60 -1
1700887119.983949 341 -1
1700887119.986928 115 -1
1700887119.986928 85 -1
1700887119.986928 911 -1
1700887119.986986 54 1
1700887119.987452 85 1
1700887119.988346 4434 -1
1700887119.988390 54 1
1700887119.988609 7354 -1
1700887119.988650 54 1
1700887119.990458 7249 -1
1700887119.990458 60 -1
1700887119.990458 930 -1
1700887119.990458 7354 -1
1700887119.990458 6983 -1
1700887119.990584 54 1
1700887119.990856 857 -1
1700887119.990958 1514 -1
1700887119.990979 54 1
1700887119.991115 7354 -1
1700887119.991152 54 1
1700887120.002742 744 -1
1700887120.002742 949 -1
1700887120.002742 4434 -1
1700887120.002742 5860 -1
1700887120.002742 930 -1
1700887120.002742 7354 -1
1700887120.002742 5541 -1
1700887120.002742 930 -1
1700887120.002742 5894 -1
1700887120.002742 4029 -1
1700887120.002958 54 1
1700887121.567696 230 1
1700887121.569354 60 -1
1700887121.589026 231 1
1700887121.589146 230 1
1700887121.592660 927 -1
1700887121.592660 12281 -1
1700887121.592985 54 1
1700887121.594769 60 -1
1700887121.602165 906 -1
1700887121.602165 7354 -1
1700887121.602165 1786 -1
1700887121.602165 957 -1
1700887121.602165 1514 -1
1700887121.602165 2118 -1
1700887121.602478 54 1
1700887123.184429 229 1
1700887123.192664 855 -1
1700887123.192664 4434 -1
1700887123.192664 5442 -1
1700887123.192783 54 1
1700887123.196768 235 1
1700887123.197328 232 1
1700887123.197447 231 1
1700887123.203948 60 -1
1700887123.203948 856 -1
1700887123.203948 3191 -1
1700887123.203948 928 -1
1700887123.203948 6339 -1
1700887123.204410 54 1
1700887123.207788 1056 -1
1700887123.207788 721 -1
1700887123.207788 7354 -1
1700887123.207878 54 1
1700887123.208335 9017 -1
1700887123.208404 54 1
1700887125.273162 223 1
1700887125.276019 228 1
1700887125.279916 232 1
1700887125.280504 232 1
1700887125.280956 232 1
1700887125.282584 822 -1
1700887125.282584 6079 -1
1700887125.282719 54 1
1700887125.291036 231 1
1700887125.291648 232 1
1700887125.293097 60 -1
1700887125.293097 951 -1
1700887125.293097 8099 -1
1700887125.293097 854 -1
1700887125.293097 7213 -1
1700887125.293097 853 -1
1700887125.293097 7354 -1
1700887125.293097 2412 -1
1700887125.293370 54 1
1700887125.295703 60 -1
1700887125.297443 89 1
1700887125.300953 958 -1
1700887125.300953 7340 -1
1700887125.301071 54 1
1700887125.313166 1082 -1
1700887125.313166 690 -1
1700887125.313166 8523 -1
1700887125.313267 54 1
1700887125.520518 1168 -1
1700887125.520518 590 -1
1700887125.520626 54 1
1700887125.520706 273 -1
1700887125.568628 54 1
1700887125.576646 7354 -1
1700887125.576783 54 1
1700887125.576847 479 -1
1700887125.576867 54 1
1700887126.733845 54 1
1700887126.736401 78 -1
1700887126.736401 60 -1
1700887126.736435 54 1
1700887129.244082 66 1
1700887129.247085 66 -1
1700887129.247292 54 1
1700887129.248253 870 1
1700887129.255029 60 -1
1700887129.256034 318 -1
1700887129.257017 134 1
1700887129.257517 146 1
1700887129.258685 60 -1
1700887129.258731 60 -1
1700887129.259267 586 1
1700887129.259467 230 1
1700887129.259557 231 1
1700887129.259612 341 -1
1700887129.259612 115 -1
1700887129.259612 85 -1
1700887129.259728 54 1
1700887129.259733 229 1
1700887129.259831 232 1
1700887129.260517 60 -1
1700887129.260517 60 -1
1700887129.260517 60 -1
1700887129.260911 60 -1
1700887129.260911 60 -1
1700887129.262387 85 1
1700887129.263571 60 -1
1700887129.264750 966 -1
1700887129.264865 7354 -1
1700887129.264914 54 1
1700887129.265403 4581 -1
1700887129.265456 54 1
1700887129.267082 928 -1
1700887129.267082 2974 -1
1700887129.267082 7354 -1
1700887129.267082 973 -1
1700887129.267082 934 -1
1700887129.267082 5894 -1
1700887129.267213 54 1
1700887129.267404 5588 -1
1700887129.267428 54 1
1700887129.267836 1055 -1
1700887129.267836 727 -1
1700887129.267865 54 1
1700887129.267901 2974 -1
1700887129.267923 54 1
1700887129.268128 7163 -1
1700887129.268154 54 1
1700887129.293041 908 -1
1700887129.293041 12388 -1
1700887129.293210 54 1
1700887129.294462 708 -1
1700887129.294503 66 1
1700887130.854410 231 1
1700887130.855727 60 -1
1700887130.857710 824 -1
1700887130.857833 7354 -1
1700887130.857886 54 1
1700887130.858404 3196 -1
1700887130.858472 54 1
1700887130.864807 234 1
1700887130.864925 223 1
1700887130.865009 231 1
1700887130.865089 231 1
1700887130.865196 229 1
1700887130.866603 60 -1
1700887130.867673 232 1
1700887130.873141 858 -1
1700887130.873294 7354 -1
1700887130.873363 54 1
1700887130.873925 4673 -1
1700887130.873968 54 1
1700887130.874034 1037 -1
1700887130.874085 1514 -1
1700887130.874103 54 1
1700887130.874238 4434 -1
1700887130.874287 54 1
1700887130.876476 7160 -1
1700887130.876561 54 1
1700887130.878204 1053 -1
1700887130.878204 724 -1
1700887130.878204 958 -1
1700887130.878204 7431 -1
1700887130.878204 5894 -1
1700887130.878395 54 1
1700887130.885475 3273 -1
1700887130.885475 980 -1
1700887130.885475 813 -1
1700887130.885475 1165 -1
1700887130.885475 577 -1
1700887130.885475 2639 -1
1700887130.885475 7354 -1
1700887130.885475 2558 -1
1700887130.885655 54 1
1700887130.908618 1098 -1
1700887130.908675 66 1
1700887132.453550 230 1
1700887132.458087 232 1
1700887132.458430 231 1
1700887132.458741 929 -1
1700887132.458741 9906 -1
1700887132.458843 54 1
1700887132.460480 232 1
1700887132.460576 257 1
1700887132.461025 231 1
1700887132.461203 60 -1
1700887132.462605 60 -1
1700887132.464063 953 -1
1700887132.464472 4434 -1
1700887132.464472 3614 -1
1700887132.464545 54 1
1700887132.466559 1082 -1
1700887132.466559 692 -1
1700887132.466559 832 -1
1700887132.466559 5894 -1
1700887132.466630 54 1
1700887132.467644 3246 -1
1700887132.467683 54 1
1700887132.467920 930 -1
1700887132.467949 54 1
1700887132.467997 2974 -1
1700887132.468019 54 1
1700887132.468459 7354 -1
1700887132.468500 232 1
1700887132.469675 6240 -1
1700887132.469715 54 1
1700887132.470920 1514 -1
1700887132.470920 60 -1
1700887132.470920 4434 -1
1700887132.470982 54 1
1700887132.471764 2804 -1
1700887132.471785 54 1
1700887132.472611 941 -1
1700887132.472675 869 -1
1700887132.472697 54 1
1700887132.473403 2974 -1
1700887132.473430 54 1
1700887132.473610 13540 -1
1700887132.473670 54 1
1700887132.475394 85 -1
1700887132.475394 2974 -1
1700887132.475464 54 1
1700887132.475664 7354 -1
1700887132.475727 54 1
1700887132.476042 6240 -1
1700887132.476086 54 1
1700887132.476613 7354 -1
1700887132.476670 54 1
1700887132.477181 7354 -1
1700887132.477488 54 1
1700887132.477768 7354 -1
1700887132.477815 54 1
1700887132.480572 7354 -1
1700887132.480572 3728 -1
1700887132.480572 4434 -1
1700887132.480572 7354 -1
1700887132.480572 7354 -1
1700887132.480700 54 1
1700887132.489277 7354 -1
1700887132.489277 7354 -1
1700887132.489277 5894 -1
1700887132.489277 7354 -1
1700887132.489277 7354 -1
1700887132.489277 7354 -1
1700887132.489277 5148 -1
1700887132.489277 4434 -1
1700887132.489277 7354 -1
1700887132.489277 4434 -1
1700887132.489277 7354 -1
1700887132.489277 7354 -1
1700887132.489277 2974 -1
1700887132.489277 5894 -1
1700887132.489277 1514 -1
1700887132.489277 2055 -1
1700887132.490147 54 1
1700887132.490301 54 1
1700887132.496661 981 -1
1700887132.496661 810 -1
1700887132.496661 7354 -1
1700887132.496750 54 1
1700887132.497892 3384 -1
1700887132.497928 54 1
1700887134.120007 231 1
1700887134.123874 231 1
1700887134.126676 229 1
1700887134.126813 231 1
1700887134.126931 229 1
1700887134.127056 231 1
1700887134.128602 60 -1
1700887134.131995 930 -1
1700887134.131995 4434 -1
1700887134.131995 7354 -1
1700887134.131995 3746 -1
1700887134.131995 931 -1
1700887134.131995 4434 -1
1700887134.131995 7354 -1
1700887134.132163 54 1
1700887134.144300 4780 -1
1700887134.144300 7354 -1
1700887134.144300 4629 -1
1700887134.144300 2974 -1
1700887134.144300 6984 -1
1700887134.144300 960 -1
1700887134.144300 7665 -1
1700887134.144300 927 -1
1700887134.144300 8232 -1
1700887134.144672 54 1
1700887136.398546 231 1
1700887136.400841 231 1
1700887136.412157 60 -1
1700887136.417595 960 -1
1700887136.417595 842 -1
1700887136.417595 2974 -1
1700887136.417595 7588 -1
1700887136.417719 54 1
1700887136.433383 231 1
1700887136.434519 860 -1
1700887136.434519 2974 -1
1700887136.434519 7413 -1
1700887136.434590 54 1
1700887136.436962 89 1
1700887136.437077 230 1
1700887136.442442 931 -1
1700887136.442442 2974 -1
1700887136.442442 7354 -1
1700887136.442442 1305 -1
1700887136.442442 60 -1
1700887136.442542 54 1
1700887136.451182 947 -1
1700887136.451465 54 1
1700887136.451542 6816 -1
1700887136.451587 54 1
1700887136.746776 54 1
1700887136.748398 78 -1
1700887136.748398 60 -1
1700887136.748456 54 1
1700887141.032539 66 1
1700887141.040029 66 -1
1700887141.040136 54 1
1700887141.041097 870 1
1700887141.053129 60 -1
1700887141.054015 318 -1
1700887141.057409 134 1
1700887141.057741 146 1
1700887141.058407 586 1
1700887141.058510 223 1
1700887141.058632 234 1
1700887141.058742 230 1
1700887141.060980 60 -1
1700887141.060980 60 -1
1700887141.060980 60 -1
1700887141.060980 60 -1
1700887141.060980 60 -1
1700887141.060980 60 -1
1700887141.061088 341 -1
1700887141.064224 115 -1
1700887141.064224 85 -1
1700887141.064224 931 -1
1700887141.064283 54 1
1700887141.064838 85 1
1700887141.064921 4434 -1
1700887141.064921 7354 -1
1700887141.064986 54 1
1700887141.065728 3722 -1
1700887141.065728 7354 -1
1700887141.065794 54 1
1700887141.066136 772 -1
1700887141.066199 1514 -1
1700887141.066223 54 1
1700887141.066686 9232 -1
1700887141.066731 54 1
1700887141.067225 60 -1
1700887141.093660 690 -1
1700887141.093660 1085 -1
1700887141.093660 7354 -1
1700887141.093660 2181 -1
1700887141.093789 66 1
1700887141.093890 54 1
1700887141.093926 54 1
1700887141.133842 721 -1
1700887141.134451 66 1
1700887142.693032 230 1
1700887142.693743 234 1
1700887142.696192 66 1
1700887142.698611 60 -1
1700887142.698611 60 -1
1700887142.698611 861 -1
1700887142.698611 13966 -1
1700887142.698703 54 1
1700887142.698730 66 -1
1700887142.698833 54 1
1700887142.700347 966 1
1700887142.704144 909 -1
1700887142.704144 5697 -1
1700887142.704255 54 1
1700887142.704579 60 -1
1700887142.704579 318 -1
1700887142.706201 134 1
1700887142.709137 146 1
1700887142.712593 60 -1
1700887142.712593 341 -1
1700887142.712593 60 -1
1700887142.712593 115 -1
1700887142.712593 85 -1
1700887142.712696 54 1
1700887142.713137 583 1
1700887142.713277 228 1
1700887142.713455 226 1
1700887142.714240 60 -1
1700887142.715210 60 -1
1700887142.715210 60 -1
1700887142.721529 85 1
1700887142.722934 60 -1
1700887142.728061 1171 -1
1700887142.728061 483 -1
1700887142.728061 6641 -1
1700887142.728061 1178 -1
1700887142.728061 472 -1
1700887142.728164 54 1
1700887142.728719 7354 -1
1700887142.728770 54 1
1700887142.735767 7100 -1
1700887142.735767 1173 -1
1700887142.735767 480 -1
1700887142.735767 7354 -1
1700887142.735767 2514 -1
1700887142.735907 54 1
1700887144.350000 228 1
1700887144.351444 229 1
1700887144.355465 60 -1
1700887144.358161 232 1
1700887144.359298 231 1
1700887144.359484 228 1
1700887144.359746 229 1
1700887144.359839 227 1
1700887144.359916 227 1
1700887144.361149 930 -1
1700887144.361149 4174 -1
1700887144.361220 54 1
1700887144.362708 1172 -1
1700887144.362708 479 -1
1700887144.362785 54 1
1700887144.367794 6997 -1
1700887144.367878 54 1
1700887144.368082 1207 -1
1700887144.368100 54 1
1700887144.368134 434 -1
1700887144.370839 1514 -1
1700887144.370839 7354 -1
1700887144.370919 54 1
1700887144.371129 648 -1
1700887144.371156 54 1
1700887144.371496 1173 -1
1700887144.371550 480 -1
1700887144.371571 54 1
1700887144.371657 3605 -1
1700887144.371696 54 1
1700887144.371776 1207 -1
1700887144.371797 54 1
1700887144.371909 432 -1
1700887144.372689 7354 -1
1700887144.372722 54 1
1700887144.373219 2567 -1
1700887144.373249 54 1
1700887144.381881 1196 -1
1700887144.381881 442 -1
1700887144.381992 54 1
1700887144.395064 1177 -1
1700887144.395064 472 -1
1700887144.395064 10248 -1
1700887144.395064 5576 -1
1700887144.395213 54 1
1700887144.402222 1196 -1
1700887144.402316 66 1
1700887144.440641 1171 -1
1700887144.440641 485 -1
1700887144.440641 485 -1
1700887144.440641 9114 -1
1700887144.441003 66 1
1700887144.441075 54 1
1700887146.576855 227 1
1700887146.577496 226 1
1700887146.578138 228 1
1700887146.578685 230 1
1700887146.579655 231 1
1700887146.625189 60 -1
1700887146.625189 1040 -1
1700887146.625189 1514 -1
1700887146.625189 7354 -1
1700887146.625189 2266 -1
1700887146.625189 1198 -1
1700887146.625189 447 -1
1700887146.625189 7354 -1
1700887146.625189 3916 -1
1700887146.625189 1165 -1
1700887146.625189 485 -1
1700887146.625189 7354 -1
1700887146.625189 1666 -1
1700887146.625189 1226 -1
1700887146.625189 407 -1
1700887146.625189 7354 -1
1700887146.625189 6016 -1
1700887146.625189 1174 -1
1700887146.625189 477 -1
1700887146.625189 6272 -1
1700887146.625189 432 -1
1700887146.628718 66 1
1700887146.642938 226 1
1700887146.643210 227 1
1700887146.644710 60 -1
1700887146.644821 227 1
1700887146.657608 1171 -1
1700887146.657608 481 -1
1700887146.657608 1197 -1
1700887146.657608 441 -1
1700887146.657710 54 1
1700887146.658067 7207 -1
1700887146.658123 54 1
1700887146.658523 3489 -1
1700887146.658562 54 1
1700887146.662586 1176 -1
1700887146.662586 478 -1
1700887146.662664 54 1
1700887146.667088 4951 -1
1700887146.667179 54 1
1700887146.758982 54 1
1700887146.759139 54 1
1700887146.760472 78 -1
1700887146.760506 54 1
1700887146.760563 60 -1
1700887146.761912 78 -1
1700887146.761912 60 -1
1700887146.761946 54 1
1700887151.250961 66 1
1700887151.252177 66 -1
1700887151.252285 54 1
1700887151.256672 934 1
1700887151.258782 60 -1
1700887151.258782 318 -1
1700887151.259599 134 1
1700887151.259967 146 1
1700887151.260734 60 -1
1700887151.260770 586 1
1700887151.260873 231 1
1700887151.260950 228 1
1700887151.261021 228 1
1700887151.261088 341 -1
1700887151.261088 60 -1
1700887151.261098 219 1
1700887151.261192 227 1
1700887151.261286 228 1
1700887151.261286 115 -1
1700887151.261286 85 -1
1700887151.261337 54 1
1700887151.261420 230 1
1700887151.262081 85 1
1700887151.263154 60 -1
1700887151.263154 60 -1
1700887151.263154 60 -1
1700887151.263154 60 -1
1700887151.263154 60 -1
1700887151.263154 60 -1
1700887151.264105 60 -1
1700887151.264105 60 -1
1700887151.264105 60 -1
1700887151.268695 1196 -1
1700887151.268695 445 -1
1700887151.268791 54 1
1700887151.286947 9762 -1
1700887151.286947 4434 -1
1700887151.286947 1197 -1
1700887151.286947 1586 -1
1700887151.286947 6981 -1
1700887151.286947 448 -1
1700887151.286947 1171 -1
1700887151.286947 6684 -1
1700887151.286947 483 -1
1700887151.286947 1172 -1
1700887151.286947 481 -1
1700887151.286947 1196 -1
1700887151.286947 449 -1
1700887151.286947 5894 -1
1700887151.286947 803 -1
1700887151.286947 1166 -1
1700887151.286947 486 -1
1700887151.286947 7249 -1
1700887151.286947 6694 -1
1700887151.286947 1178 -1
1700887151.286947 476 -1
1700887151.286947 3952 -1
1700887151.287245 66 1
1700887151.287353 54 1
1700887151.287437 54 1
1700887151.289223 4434 -1
1700887151.289280 66 1
1700887151.293722 6429 -1
1700887151.293815 54 1
1700887151.322306 589 -1
1700887151.322383 66 1
1700887152.937885 221 1
1700887152.938006 228 1
1700887152.939240 220 1
1700887152.939323 229 1
1700887152.939438 221 1
1700887152.939483 60 -1
1700887152.939483 60 -1
1700887152.940027 222 1
1700887152.940127 220 1
1700887152.940296 60 -1
1700887152.940296 60 -1
1700887152.940356 224 1
1700887152.940533 60 -1
1700887152.941261 60 -1
1700887152.941261 60 -1
1700887152.941615 60 -1
1700887152.960265 1206 -1
1700887152.960265 431 -1
1700887152.960265 1196 -1
1700887152.960265 439 -1
1700887152.960265 1068 -1
1700887152.960265 10565 -1
1700887152.960431 54 1
1700887152.961024 8814 -1
1700887152.961056 54 1
1700887152.961746 60 -1
1700887152.961746 3133 -1
1700887152.961776 54 1
1700887152.966779 1066 -1
1700887152.966830 54 1
1700887152.966991 7354 -1
1700887152.967040 54 1
1700887152.967379 4695 -1
1700887152.967493 54 1
1700887152.967759 5205 -1
1700887152.967794 54 1
1700887152.968148 7354 -1
1700887152.968187 54 1
1700887152.968795 7354 -1
1700887152.968832 54 1
1700887152.969499 2026 -1
1700887152.969525 54 1
1700887152.969561 7354 -1
1700887152.969592 54 1
1700887152.970206 7354 -1
1700887152.970229 54 1
1700887152.970730 1860 -1
1700887152.970751 54 1
1700887152.970932 1747 -1
1700887152.970950 54 1
1700887152.978754 7354 -1
1700887152.978878 54 1
1700887152.978954 6880 -1
1700887152.978999 54 1
1700887152.982898 1221 -1
1700887152.982898 412 -1
1700887152.983016 54 1
1700887152.990292 7354 -1
1700887152.990292 4434 -1
1700887152.990427 54 1
1700887152.990610 4780 -1
1700887152.990662 54 1
1700887152.990822 3981 -1
1700887152.990849 54 1
1700887155.154458 219 1
1700887155.154643 232 1
1700887155.156239 228 1
1700887155.156321 229 1
1700887155.156393 228 1
1700887155.156473 228 1
1700887155.157542 60 -1
1700887155.159030 227 1
1700887155.159189 232 1
1700887155.161238 60 -1
1700887155.165025 1196 -1
1700887155.165149 441 -1
1700887155.165149 1197 -1
1700887155.165149 444 -1
1700887155.165149 1207 -1
1700887155.165208 54 1
1700887155.165303 433 -1
1700887155.165303 1514 -1
1700887155.165344 54 1
1700887155.165597 1514 -1
1700887155.165597 4226 -1
1700887155.165639 54 1
1700887155.165993 6830 -1
1700887155.166026 54 1
1700887155.166499 7354 -1
1700887155.166535 54 1
1700887155.167037 1487 -1
1700887155.167079 54 1
1700887155.167153 1042 -1
1700887155.167224 5894 -1
1700887155.167262 54 1
1700887155.167773 7354 -1
1700887155.167802 54 1
1700887155.168318 898 -1
1700887155.168775 1178 -1
1700887155.168775 471 -1
1700887155.168775 7354 -1
1700887155.168816 54 1
1700887155.169119 555 -1
1700887155.174034 1039 -1
1700887155.174034 7354 -1
1700887155.174128 54 1
1700887155.181955 682 -1
1700887155.181955 1043 -1
1700887155.181955 7354 -1
1700887155.181955 5602 -1
1700887155.181955 1142 -1
1700887155.181955 525 -1
1700887155.181955 1514 -1
1700887155.181955 7354 -1
1700887155.181955 544 -1
1700887155.182122 54 1
1700887156.763525 54 1
1700887156.765648 78 -1
1700887156.765648 60 -1
1700887156.765677 54 1
1700887156.875122 66 1
1700887156.891294 66 -1
1700887156.891461 54 1
1700887156.892164 966 1
1700887156.900463 60 -1
1700887156.901233 318 -1
1700887156.902393 134 1
1700887156.902943 146 1
1700887156.903900 581 1
1700887156.903982 227 1
1700887156.904062 230 1
1700887156.904140 228 1
1700887156.904222 231 1
1700887156.904344 229 1
1700887156.904463 230 1
1700887156.904577 229 1
1700887156.905116 60 -1
1700887156.905116 341 -1
1700887156.906063 60 -1
1700887156.906238 60 -1
1700887156.906238 60 -1
1700887156.906238 60 -1
1700887156.906238 60 -1
1700887156.906238 60 -1
1700887156.906238 60 -1
1700887156.906238 60 -1
1700887156.906238 60 -1
1700887156.908982 115 -1
1700887156.908982 85 -1
1700887156.909064 54 1
1700887156.909617 85 1
1700887156.911121 60 -1
1700887156.913551 1199 -1
1700887156.913551 1580 -1
1700887156.913551 445 -1
1700887156.913634 54 1
1700887156.917964 1173 -1
1700887156.917964 478 -1
1700887156.917964 2225 -1
1700887156.918069 54 1
1700887156.918247 5205 -1
1700887156.918279 54 1
1700887156.924737 1514 -1
1700887156.924737 4167 -1
1700887156.924737 1170 -1
1700887156.924737 484 -1
1700887156.924737 4627 -1
1700887156.924968 54 1
1700887156.942454 1205 -1
1700887156.942454 444 -1
1700887156.942550 54 1
1700887156.943792 1172 -1
1700887156.943843 482 -1
1700887156.943866 54 1
1700887156.945248 1173 -1
1700887156.945248 474 -1
1700887156.945301 54 1
1700887156.946181 4309 -1
1700887156.946217 54 1
1700887156.946551 4434 -1
1700887156.946585 54 1
1700887156.946776 7107 -1
1700887156.946810 54 1
1700887156.947360 4539 -1
1700887156.947411 54 1
1700887156.952239 1203 -1
1700887156.952239 438 -1
1700887156.952336 54 1
1700887156.952417 7354 -1
1700887156.952448 54 1
1700887156.952722 4154 -1
1700887156.952744 54 1
1700887158.490416 230 1
1700887158.504395 228 1
1700887158.505261 229 1
1700887158.505370 230 1
1700887158.505460 227 1
1700887158.513736 60 -1
1700887158.525285 1175 -1
1700887158.525285 484 -1
1700887158.525285 1176 -1
1700887158.525285 1611 -1
1700887158.525285 2974 -1
1700887158.525285 1360 -1
1700887158.525447 54 1
1700887158.525539 5894 -1
1700887158.525605 54 1
1700887158.525697 5094 -1
1700887158.525731 54 1
1700887158.528084 441 -1
1700887158.530749 8814 -1
1700887158.530828 54 1
1700887158.531266 2720 -1
1700887158.531292 54 1
1700887158.531583 1196 -1
1700887158.531583 445 -1
1700887158.531615 54 1
1700887158.534132 1175 -1
1700887158.534132 471 -1
1700887158.534132 6683 -1
1700887158.534200 54 1
1700887158.535889 7354 -1
1700887158.535945 54 1
1700887158.536575 2546 -1
1700887158.536610 54 1
1700887166.810725 54 1
1700887166.814861 78 -1
1700887166.814861 60 -1
1700887166.815041 54 1
