1700889282.891027 66 1
1700889282.900533 66 -1
1700889282.900712 54 1
1700889282.902609 631 1
1700889282.917281 60 -1
1700889282.917281 2778 -1
1700889282.917353 54 1
1700889282.986389 134 1
1700889282.992747 60 -1
1700889282.993181 341 -1
1700889282.993181 341 -1
1700889282.993235 54 1
1700889283.010819 146 1
1700889283.011813 60 -1
1700889283.012485 85 -1
1700889283.012485 115 -1
1700889283.012524 66 1
1700889283.012571 54 1
1700889283.031539 589 1
1700889283.033368 60 -1
1700889283.034373 896 -1
1700889283.034373 6540 -1
1700889283.034434 54 1
1700889283.035108 85 1
1700889283.076412 60 -1
1700889283.971476 231 1
1700889283.972544 60 -1
1700889283.973602 930 -1
1700889283.973678 7354 -1
1700889283.973713 54 1
1700889283.974160 7354 -1
1700889283.974201 54 1
1700889283.974765 1542 -1
1700889283.974799 54 1
1700889284.054592 231 1
1700889284.055679 60 -1
1700889284.056875 906 -1
1700889284.056943 6933 -1
1700889284.056988 54 1
1700889284.070306 232 1
1700889284.071597 60 -1
1700889284.072397 853 -1
1700889284.072465 7354 -1
1700889284.072491 54 1
1700889284.072930 60 -1
1700889284.074503 231 1
1700889284.074634 232 1
1700889284.074731 230 1
1700889284.074801 234 1
1700889284.074851 232 1
1700889284.074949 231 1
1700889284.079436 859 -1
1700889284.079436 7354 -1
1700889284.079436 7354 -1
1700889284.079436 1860 -1
1700889284.079436 85 -1
1700889284.079436 7354 -1
1700889284.079436 315 -1
1700889284.079633 54 1
1700889284.088202 60 -1
1700889284.088202 876 -1
1700889284.088202 4396 -1
1700889284.088202 878 -1
1700889284.088202 13847 -1
1700889284.088202 857 -1
1700889284.088202 5738 -1
1700889284.088202 7354 -1
1700889284.088202 7311 -1
1700889284.088202 7354 -1
1700889284.088202 5115 -1
1700889284.088621 54 1
1700889284.093668 54 1
1700889284.095352 735 -1
1700889284.095397 66 1
1700889284.167990 66 1
1700889284.169867 66 -1
1700889284.169974 54 1
1700889284.172112 599 1
1700889284.174763 60 -1
1700889284.196934 2974 -1
1700889284.196934 956 -1
1700889284.197046 54 1
1700889284.198043 956 -1
1700889284.198075 66 1
1700889284.224166 134 1
1700889284.225169 146 1
1700889284.225688 60 -1
1700889284.225688 341 -1
1700889284.225688 341 -1
1700889284.225767 54 1
1700889284.225896 551 1
1700889284.228728 60 -1
1700889284.228728 115 -1
1700889284.228728 85 -1
1700889284.228827 54 1
1700889284.229446 85 1
1700889284.229671 60 -1
1700889284.230576 60 -1
1700889284.234748 1086 -1
1700889284.234748 3246 -1
1700889284.234864 54 1
1700889289.716442 230 1
1700889289.718397 856 -1
1700889289.718397 6202 -1
1700889289.718492 54 1
1700889289.718904 231 1
1700889289.721897 229 1
1700889289.722020 231 1
1700889289.722133 234 1
1700889289.724472 89 1
1700889289.734448 60 -1
1700889289.734448 909 -1
1700889289.734448 9719 -1
1700889289.734448 856 -1
1700889289.734448 5762 -1
1700889289.734448 7354 -1
1700889289.734448 4517 -1
1700889289.734448 985 -1
1700889289.734448 804 -1
1700889289.734448 7354 -1
1700889289.734448 3945 -1
1700889289.734626 54 1
1700889289.745230 1025 -1
1700889289.745271 66 1
1700889290.620515 54 1
1700889290.621253 54 1
1700889290.625436 78 -1
1700889290.625436 60 -1
1700889290.625436 78 -1
1700889290.625436 60 -1
1700889290.625520 54 1
1700889290.625617 54 1
1700889293.639775 66 1
1700889293.648225 66 -1
1700889293.648438 54 1
1700889293.651431 902 1
1700889293.652434 60 -1
1700889293.652882 318 -1
1700889293.657932 134 1
1700889293.658639 146 1
1700889293.658990 60 -1
1700889293.658990 341 -1
1700889293.659568 60 -1
1700889293.659929 586 1
1700889293.659993 232 1
1700889293.660211 115 -1
1700889293.660211 85 -1
1700889293.660240 54 1
1700889293.660279 230 1
1700889293.660375 232 1
1700889293.660479 231 1
1700889293.660766 85 1
1700889293.662287 60 -1
1700889293.662287 60 -1
1700889293.662287 60 -1
1700889293.663093 858 -1
1700889293.663392 6110 -1
1700889293.663459 54 1
1700889293.663817 957 -1
1700889293.664450 5894 -1
1700889293.664493 54 1
1700889293.664933 3769 -1
1700889293.664956 54 1
1700889293.665489 858 -1
1700889293.666272 7354 -1
1700889293.666311 54 1
1700889293.667180 5268 -1
1700889293.667215 54 1
1700889293.667510 60 -1
1700889293.667510 931 -1
1700889293.667579 7354 -1
1700889293.667612 54 1
1700889293.668387 7354 -1
1700889293.668416 54 1
1700889293.668967 1860 -1
1700889293.668988 54 1
1700889293.669607 7354 -1
1700889293.669641 54 1
1700889293.669758 7354 -1
1700889293.669787 54 1
1700889293.670411 3586 -1
1700889293.670430 54 1
1700889297.677461 229 1
1700889297.677585 229 1
1700889297.677656 232 1
1700889297.677724 230 1
1700889297.678064 231 1
1700889297.678301 231 1
1700889297.679674 231 1
1700889297.679896 60 -1
1700889297.680952 930 -1
1700889297.680952 7354 -1
1700889297.681070 54 1
1700889297.681358 2992 -1
1700889297.681393 54 1
1700889297.681575 980 -1
1700889297.681613 54 1
1700889297.681904 7354 -1
1700889297.681969 54 1
1700889297.682278 4201 -1
1700889297.682316 54 1
1700889297.687145 7354 -1
1700889297.687145 851 -1
1700889297.687145 856 -1
1700889297.687145 7354 -1
1700889297.687145 1605 -1
1700889297.687145 855 -1
1700889297.687145 7354 -1
1700889297.687358 54 1
1700889297.687448 6807 -1
1700889297.687448 861 -1
1700889297.687448 7354 -1
1700889297.687448 7354 -1
1700889297.687549 54 1
1700889297.687719 1860 -1
1700889297.687747 54 1
1700889297.687792 2974 -1
1700889297.687817 54 1
1700889297.688030 5976 -1
1700889297.688071 54 1
1700889297.688698 959 -1
1700889297.688725 54 1
1700889297.688836 840 -1
1700889297.688836 7354 -1
1700889297.688897 54 1
1700889297.689435 75 -1
1700889297.729612 54 1
1700889299.645673 232 1
1700889299.646243 229 1
1700889299.646827 231 1
1700889299.648350 232 1
1700889299.648460 229 1
1700889299.648812 231 1
1700889299.651517 60 -1
1700889299.651978 854 -1
1700889299.652361 7556 -1
1700889299.652414 54 1
1700889299.652713 1056 -1
1700889299.652750 54 1
1700889299.652839 725 -1
1700889299.652839 858 -1
1700889299.652874 54 1
1700889299.652913 6878 -1
1700889299.652961 54 1
1700889299.653654 7354 -1
1700889299.653713 54 1
1700889299.654666 1609 -1
1700889299.654666 1057 -1
1700889299.654666 7354 -1
1700889299.654744 54 1
1700889299.655000 3441 -1
1700889299.655033 54 1
1700889299.655370 7340 -1
1700889299.655370 982 -1
1700889299.655370 809 -1
1700889299.655470 66 1
1700889299.655505 66 1
1700889299.655541 54 1
1700889299.655959 980 -1
1700889299.655987 54 1
1700889299.656055 806 -1
1700889299.656139 6589 -1
1700889299.656176 54 1
1700889299.656650 982 -1
1700889299.656665 66 1
1700889299.656725 809 -1
1700889299.656738 66 1
1700889299.662795 89 1
1700889299.708505 60 -1
1700889300.628033 54 1
1700889300.636866 78 -1
1700889300.636866 60 -1
1700889300.637028 54 1
1700889303.021046 66 1
1700889303.022479 66 -1
1700889303.022595 54 1
1700889303.023395 934 1
1700889303.025406 60 -1
1700889303.025406 318 -1
1700889303.030394 134 1
1700889303.032084 146 1
1700889303.032959 585 1
1700889303.033056 231 1
1700889303.033153 235 1
1700889303.033244 236 1
1700889303.036384 60 -1
1700889303.036384 60 -1
1700889303.036384 60 -1
1700889303.036384 60 -1
1700889303.036384 60 -1
1700889303.036384 60 -1
1700889303.036384 341 -1
1700889303.036384 115 -1
1700889303.036384 85 -1
1700889303.036514 54 1
1700889303.036895 85 1
1700889303.041316 895 -1
1700889303.041316 5894 -1
1700889303.041316 4029 -1
1700889303.041316 910 -1
1700889303.041316 5894 -1
1700889303.041316 5617 -1
1700889303.041316 984 -1
1700889303.041316 807 -1
1700889303.041316 8782 -1
1700889303.041316 1055 -1
1700889303.041316 724 -1
1700889303.041316 7354 -1
1700889303.041316 6344 -1
1700889303.041542 54 1
1700889303.044266 60 -1
1700889304.649636 230 1
1700889304.657873 60 -1
1700889304.657873 834 -1
1700889304.657873 7354 -1
1700889304.657873 7354 -1
1700889304.657873 142 -1
1700889304.658108 54 1
1700889304.662877 217 1
1700889304.662941 230 1
1700889304.663031 231 1
1700889304.663141 232 1
1700889304.663250 230 1
1700889304.663762 60 -1
1700889304.663818 60 -1
1700889304.663948 60 -1
1700889304.664562 60 -1
1700889304.665747 849 -1
1700889304.665747 8506 -1
1700889304.665829 54 1
1700889304.667635 904 -1
1700889304.667689 54 1
1700889304.667735 2974 -1
1700889304.667768 54 1
1700889304.667975 6166 -1
1700889304.668025 54 1
1700889304.668847 956 -1
1700889304.668874 54 1
1700889304.668964 3578 -1
1700889304.668991 54 1
1700889304.672637 834 -1
1700889304.672637 1514 -1
1700889304.672637 1514 -1
1700889304.672637 8814 -1
1700889304.672637 4780 -1
1700889304.672637 85 -1
1700889304.672637 7354 -1
1700889304.672637 7354 -1
1700889304.672637 1860 -1
1700889304.672637 4434 -1
1700889304.672637 7354 -1
1700889304.672768 54 1
1700889304.672973 7354 -1
1700889304.673019 54 1
1700889304.674392 7354 -1
1700889304.674392 6648 -1
1700889304.674498 54 1
1700889304.674725 7354 -1
1700889304.674765 54 1
1700889304.676135 7354 -1
1700889304.676135 7354 -1
1700889304.676392 54 1
1700889304.688002 7354 -1
1700889304.688002 7354 -1
1700889304.688002 7354 -1
1700889304.688002 7354 -1
1700889304.688002 7354 -1
1700889304.688002 5894 -1
1700889304.688002 2974 -1
1700889304.688002 7354 -1
1700889304.688002 7354 -1
1700889304.688002 7354 -1
1700889304.688002 1514 -1
1700889304.688002 2974 -1
1700889304.688002 5894 -1
1700889304.688002 7354 -1
1700889304.688002 7354 -1
1700889304.688002 7354 -1
1700889304.688002 2974 -1
1700889304.688002 6418 -1
1700889304.688002 7354 -1
1700889304.688002 7354 -1
1700889304.688002 7354 -1
1700889304.688002 7354 -1
1700889304.688852 54 1
1700889304.688980 7354 -1
1700889304.688980 7354 -1
1700889304.689058 54 1
1700889304.689604 54 1
1700889304.689782 7354 -1
1700889304.689835 54 1
1700889304.690177 54 1
1700889304.698724 7354 -1
1700889304.698724 5894 -1
1700889304.698724 7354 -1
1700889304.698724 7354 -1
1700889304.698724 7354 -1
1700889304.698724 7354 -1
1700889304.698724 7354 -1
1700889304.698724 7354 -1
1700889304.698724 2974 -1
1700889304.698724 7354 -1
1700889304.698724 8483 -1
1700889304.698724 5894 -1
1700889304.698724 7354 -1
1700889304.698724 7354 -1
1700889304.698724 14654 -1
1700889304.699301 54 1
1700889304.702706 54 1
1700889304.704920 14654 -1
1700889304.704920 7354 -1
1700889304.704920 1514 -1
1700889304.704920 5894 -1
1700889304.704920 14654 -1
1700889304.704920 7354 -1
1700889304.704920 7354 -1
1700889304.704920 7354 -1
1700889304.704920 7354 -1
1700889304.705268 54 1
1700889304.705482 7354 -1
1700889304.705549 54 1
1700889304.705840 54 1
1700889304.705920 7354 -1
1700889304.705979 54 1
1700889304.708711 5894 -1
1700889304.708821 54 1
1700889304.710448 7354 -1
1700889304.710448 7354 -1
1700889304.710448 7354 -1
1700889304.710448 7354 -1
1700889304.710448 7354 -1
1700889304.710448 7354 -1
1700889304.710690 54 1
1700889304.710762 7354 -1
1700889304.710809 54 1
1700889304.714123 7354 -1
1700889304.714123 5894 -1
1700889304.714123 7354 -1
1700889304.714123 7354 -1
1700889304.714123 7354 -1
1700889304.714123 7354 -1
1700889304.714388 54 1
1700889304.716414 7354 -1
1700889304.716414 7354 -1
1700889304.716414 7354 -1
1700889304.716558 54 1
1700889304.716648 7354 -1
1700889304.716708 54 1
1700889304.717027 5894 -1
1700889304.717073 54 1
1700889304.717716 7354 -1
1700889304.717761 54 1
1700889304.718087 7354 -1
1700889304.718142 54 1
1700889304.719075 7354 -1
1700889304.719128 54 1
1700889304.719332 7354 -1
1700889304.719379 54 1
1700889304.722658 54 1
1700889304.731495 7354 -1
1700889304.731495 7354 -1
1700889304.731495 7354 -1
1700889304.731495 7354 -1
1700889304.731495 5894 -1
1700889304.731495 7354 -1
1700889304.731495 7354 -1
1700889304.731495 7354 -1
1700889304.731495 5894 -1
1700889304.731495 7354 -1
1700889304.731495 7354 -1
1700889304.731495 7354 -1
1700889304.731495 7354 -1
1700889304.731495 7354 -1
1700889304.731495 1514 -1
1700889304.731495 1514 -1
1700889304.731495 14654 -1
1700889304.731495 7354 -1
1700889304.731495 7354 -1
1700889304.731495 7354 -1
1700889304.731495 7354 -1
1700889304.732248 54 1
1700889304.732400 7354 -1
1700889304.732437 54 1
1700889304.732623 2974 -1
1700889304.732656 54 1
1700889304.732741 54 1
1700889304.732895 7354 -1
1700889304.732926 54 1
1700889304.733507 7354 -1
1700889304.733538 54 1
1700889304.733735 54 1
1700889304.733994 7354 -1
1700889304.734038 54 1
1700889304.734618 7354 -1
1700889304.734686 54 1
1700889304.735367 7354 -1
1700889304.735412 54 1
1700889304.737181 5894 -1
1700889304.737181 7354 -1
1700889304.737301 54 1
1700889304.747110 7354 -1
1700889304.747110 7354 -1
1700889304.747110 4057 -1
1700889304.747110 7354 -1
1700889304.747110 7354 -1
1700889304.747110 2974 -1
1700889304.747110 4434 -1
1700889304.747110 1514 -1
1700889304.747110 5894 -1
1700889304.747110 7354 -1
1700889304.747110 4434 -1
1700889304.747110 7354 -1
1700889304.747110 4434 -1
1700889304.747110 1514 -1
1700889304.747110 7354 -1
1700889304.747110 2974 -1
1700889304.747110 7354 -1
1700889304.747110 4434 -1
1700889304.747110 7354 -1
1700889304.747110 4434 -1
1700889304.747110 7354 -1
1700889304.747110 4434 -1
1700889304.747110 4434 -1
1700889304.748601 54 1
1700889304.748965 7354 -1
1700889304.748965 7354 -1
1700889304.748965 4434 -1
1700889304.748965 5894 -1
1700889304.749091 54 1
1700889304.749804 7354 -1
1700889304.749804 4434 -1
1700889304.749884 54 1
1700889304.750119 7354 -1
1700889304.750145 54 1
1700889304.750688 54 1
1700889304.754039 4434 -1
1700889304.754039 7354 -1
1700889304.754039 4434 -1
1700889304.754039 7354 -1
1700889304.754039 4434 -1
1700889304.754039 7354 -1
1700889304.754039 4434 -1
1700889304.754039 5894 -1
1700889304.754300 54 1
1700889304.754566 7354 -1
1700889304.754622 54 1
1700889304.755022 4434 -1
1700889304.755078 54 1
1700889304.755391 11734 -1
1700889304.755449 54 1
1700889304.757579 7354 -1
1700889304.757579 4434 -1
1700889304.757579 7354 -1
1700889304.757687 54 1
1700889304.757937 4434 -1
1700889304.757965 54 1
1700889304.758431 7354 -1
1700889304.758479 54 1
1700889304.758930 4434 -1
1700889304.759119 54 1
1700889304.759415 5894 -1
1700889304.759443 54 1
1700889304.759746 7354 -1
1700889304.759808 54 1
1700889304.760371 4434 -1
1700889304.760416 54 1
1700889304.760751 7354 -1
1700889304.760781 54 1
1700889304.761386 4434 -1
1700889304.761437 54 1
1700889304.761699 5894 -1
1700889304.761737 54 1
1700889304.762176 5894 -1
1700889304.762214 54 1
1700889304.762663 7354 -1
1700889304.762714 54 1
1700889304.763397 7354 -1
1700889304.763465 54 1
1700889304.763964 7354 -1
1700889304.764001 54 1
1700889304.764466 7354 -1
1700889304.764528 54 1
1700889304.765086 7354 -1
1700889304.765150 54 1
1700889304.765693 7354 -1
1700889304.765737 54 1
1700889304.766302 14654 -1
1700889304.766373 54 1
1700889304.767680 4434 -1
1700889304.767723 54 1
1700889304.767847 4434 -1
1700889304.767902 54 1
1700889304.768347 5894 -1
1700889304.768395 54 1
1700889304.768827 7354 -1
1700889304.768863 54 1
1700889304.769368 1514 -1
1700889304.769422 4434 -1
1700889304.769446 54 1
1700889304.769869 1698 -1
1700889304.769907 54 1
1700889306.288958 230 1
1700889306.289539 231 1
1700889306.289980 231 1
1700889306.290419 230 1
1700889306.291512 235 1
1700889306.311826 60 -1
1700889306.312879 928 -1
1700889306.312986 4434 -1
1700889306.312986 2974 -1
1700889306.313071 54 1
1700889306.313401 5894 -1
1700889306.313452 54 1
1700889306.314288 7354 -1
1700889306.314352 54 1
1700889306.314465 2536 -1
1700889306.314497 54 1
1700889306.314543 7354 -1
1700889306.314637 54 1
1700889306.315491 3856 -1
1700889306.315491 1054 -1
1700889306.315524 54 1
1700889306.315910 8274 -1
1700889306.315970 54 1
1700889306.316196 7354 -1
1700889306.316237 54 1
1700889306.317049 7354 -1
1700889306.317107 54 1
1700889306.317510 1514 -1
1700889306.317510 1926 -1
1700889306.317542 54 1
1700889308.303704 224 1
1700889308.305931 820 -1
1700889308.305931 6079 -1
1700889308.306052 54 1
1700889308.307381 89 1
1700889308.340676 230 1
1700889308.340731 231 1
1700889308.344337 60 -1
1700889308.344828 928 -1
1700889308.344828 7340 -1
1700889308.344881 54 1
1700889308.345369 854 -1
1700889308.345369 7354 -1
1700889308.345408 54 1
1700889308.346174 2412 -1
1700889308.346321 54 1
1700889310.657491 54 1
1700889310.658943 78 -1
1700889310.658943 60 -1
1700889310.658996 54 1
1700889313.263655 66 1
1700889313.264637 66 -1
1700889313.264703 54 1
1700889313.269681 870 1
1700889313.271670 60 -1
1700889313.271670 318 -1
1700889313.274902 134 1
1700889313.276278 60 -1
1700889313.276278 341 -1
1700889313.276485 146 1
1700889313.277566 60 -1
1700889313.277566 115 -1
1700889313.277566 85 -1
1700889313.277604 54 1
1700889313.277682 587 1
1700889313.277763 231 1
1700889313.277874 230 1
1700889313.277956 232 1
1700889313.278042 230 1
1700889313.278293 230 1
1700889313.278728 85 1
1700889313.290634 60 -1
1700889313.290634 60 -1
1700889313.290634 60 -1
1700889313.290634 60 -1
1700889313.290634 60 -1
1700889313.290634 931 -1
1700889313.290634 10274 -1
1700889313.290634 125 -1
1700889313.290634 857 -1
1700889313.290634 4862 -1
1700889313.290634 6266 -1
1700889313.290634 7354 -1
1700889313.290634 4768 -1
1700889313.290634 1058 -1
1700889313.290634 723 -1
1700889313.290634 7354 -1
1700889313.290634 2787 -1
1700889313.291196 54 1
1700889313.294648 60 -1
1700889313.294648 1061 -1
1700889313.294648 722 -1
1700889313.294730 54 1
1700889313.301499 7354 -1
1700889313.301499 3491 -1
1700889313.301601 54 1
1700889313.332969 571 -1
1700889313.333010 66 1
1700889314.859971 231 1
1700889314.860192 224 1
1700889314.860408 229 1
1700889314.860483 230 1
1700889314.860733 231 1
1700889314.860826 231 1
1700889314.861637 60 -1
1700889314.862839 60 -1
1700889314.863540 1010 -1
1700889314.863540 7354 -1
1700889314.863633 54 1
1700889314.866441 3050 -1
1700889314.866441 930 -1
1700889314.866441 7354 -1
1700889314.866441 5700 -1
1700889314.866441 855 -1
1700889314.866441 7354 -1
1700889314.866441 980 -1
1700889314.866441 14654 -1
1700889314.866682 66 1
1700889314.866756 66 1
1700889314.868311 1513 -1
1700889314.868345 66 1
1700889314.868454 4911 -1
1700889314.868509 66 1
1700889314.869155 1053 -1
1700889314.869190 66 1
1700889314.869378 7354 -1
1700889314.869429 66 1
1700889314.869881 2483 -1
1700889314.869905 66 1
1700889314.870115 131 -1
1700889314.870171 54 1
1700889316.467753 231 1
1700889316.467851 231 1
1700889316.467971 234 1
1700889316.469436 60 -1
1700889316.470524 928 -1
1700889316.470601 7354 -1
1700889316.470673 54 1
1700889316.471069 491 -1
1700889316.471267 930 -1
1700889316.471291 54 1
1700889316.471565 7354 -1
1700889316.471616 54 1
1700889316.471805 2606 -1
1700889316.471841 54 1
1700889316.472264 959 -1
1700889316.472264 842 -1
1700889316.472291 54 1
1700889316.472486 8329 -1
1700889316.472536 54 1
1700889316.476148 231 1
1700889316.476757 258 1
1700889316.483336 231 1
1700889316.483432 230 1
1700889316.497414 60 -1
1700889316.497414 818 -1
1700889316.497414 7354 -1
1700889316.497414 7354 -1
1700889316.497414 1860 -1
1700889316.497414 85 -1
1700889316.497414 7354 -1
1700889316.497414 7354 -1
1700889316.497414 1860 -1
1700889316.497414 7354 -1
1700889316.497414 7354 -1
1700889316.497414 7354 -1
1700889316.497414 7354 -1
1700889316.497414 3728 -1
1700889316.497414 7354 -1
1700889316.497414 7354 -1
1700889316.497414 7354 -1
1700889316.497414 7354 -1
1700889316.497414 7354 -1
1700889316.497414 1514 -1
1700889316.497414 7354 -1
1700889316.497414 7354 -1
1700889316.497414 7354 -1
1700889316.497414 7354 -1
1700889316.497414 7354 -1
1700889316.497414 1514 -1
1700889316.497414 7354 -1
1700889316.497414 2974 -1
1700889316.497414 7354 -1
1700889316.509115 54 1
1700889316.509264 54 1
1700889316.511323 1514 -1
1700889316.511323 60 -1
1700889316.511323 2974 -1
1700889316.511323 7354 -1
1700889316.511474 54 1
1700889316.511489 54 1
1700889316.515248 7354 -1
1700889316.515248 7354 -1
1700889316.515248 7354 -1
1700889316.515248 5894 -1
1700889316.515248 7354 -1
1700889316.515248 7354 -1
1700889316.515248 2860 -1
1700889316.515489 54 1
1700889316.518141 54 1
1700889318.163675 231 1
1700889318.163768 230 1
1700889318.165621 60 -1
1700889318.167064 928 -1
1700889318.167147 7354 -1
1700889318.167187 54 1
1700889318.167306 235 1
1700889318.167405 230 1
1700889318.167483 230 1
1700889318.167897 932 -1
1700889318.167933 930 -1
1700889318.167945 54 1
1700889318.168014 7354 -1
1700889318.168052 54 1
1700889318.168669 1729 -1
1700889318.168697 54 1
1700889318.168891 60 -1
1700889318.169937 927 -1
1700889318.169972 54 1
1700889318.170025 8605 -1
1700889318.170091 54 1
1700889318.170485 9206 -1
1700889318.170550 54 1
1700889318.171596 1058 -1
1700889318.171596 723 -1
1700889318.171596 14654 -1
1700889318.171680 54 1
1700889318.172635 1860 -1
1700889318.172661 54 1
1700889318.172778 2169 -1
1700889318.172794 54 1
1700889320.537116 235 1
1700889320.537244 230 1
1700889320.538327 232 1
1700889320.538423 231 1
1700889320.538502 230 1
1700889320.538593 237 1
1700889320.538708 230 1
1700889320.539742 60 -1
1700889320.540751 932 -1
1700889320.540973 7354 -1
1700889320.541018 54 1
1700889320.542153 3958 -1
1700889320.542153 860 -1
1700889320.542249 54 1
1700889320.542831 7354 -1
1700889320.542884 54 1
1700889320.543409 3033 -1
1700889320.543449 54 1
1700889320.543536 7354 -1
1700889320.543590 54 1
1700889320.548523 5131 -1
1700889320.548523 837 -1
1700889320.548523 7354 -1
1700889320.548523 3965 -1
1700889320.548523 861 -1
1700889320.548523 7354 -1
1700889320.548523 6109 -1
1700889320.548523 935 -1
1700889320.548523 7354 -1
1700889320.548523 5152 -1
1700889320.548523 980 -1
1700889320.548523 6816 -1
1700889320.548852 54 1
1700889320.559132 89 1
1700889320.601236 60 -1
1700889320.690245 54 1
1700889320.696750 78 -1
1700889320.696750 60 -1
1700889320.697180 54 1
1700889324.766631 66 1
1700889324.798584 66 -1
1700889324.798750 54 1
1700889324.813624 870 1
1700889324.816152 60 -1
1700889324.816152 318 -1
1700889324.831985 134 1
1700889324.832405 146 1
1700889324.833113 585 1
1700889324.833212 230 1
1700889324.833293 232 1
1700889324.833416 229 1
1700889324.833506 229 1
1700889324.833709 60 -1
1700889324.833709 341 -1
1700889324.834776 60 -1
1700889324.834776 60 -1
1700889324.834776 60 -1
1700889324.834776 115 -1
1700889324.834838 54 1
1700889324.834902 60 -1
1700889324.834902 60 -1
1700889324.834902 60 -1
1700889324.834902 85 -1
1700889324.835235 85 1
1700889324.835961 898 -1
1700889324.835961 2974 -1
1700889324.836012 54 1
1700889324.836688 2974 -1
1700889324.836714 54 1
1700889324.837247 2974 -1
1700889324.837286 54 1
1700889324.837919 60 -1
1700889324.837919 2974 -1
1700889324.837988 54 1
1700889324.838638 2974 -1
1700889324.838667 54 1
1700889324.839043 5894 -1
1700889324.839073 54 1
1700889324.839994 5894 -1
1700889324.840041 54 1
1700889324.840800 5894 -1
1700889324.840826 54 1
1700889324.841261 7354 -1
1700889324.841313 54 1
1700889324.841768 4434 -1
1700889324.841791 54 1
1700889324.842188 7354 -1
1700889324.842211 54 1
1700889324.842741 4434 -1
1700889324.842780 54 1
1700889324.843141 7354 -1
1700889324.843169 54 1
1700889324.843695 105 -1
1700889324.899849 54 1
1700889326.449903 230 1
1700889326.450943 60 -1
1700889326.453703 66 1
1700889326.453894 961 -1
1700889326.453894 836 -1
1700889326.453894 7354 -1
1700889326.453975 54 1
1700889326.454541 3895 -1
1700889326.454638 54 1
1700889326.454791 66 -1
1700889326.454913 54 1
1700889326.457091 234 1
1700889326.457170 231 1
1700889326.457258 231 1
1700889326.458123 934 1
1700889326.459203 60 -1
1700889326.459369 60 -1
1700889326.459464 230 1
1700889326.460041 318 -1
1700889326.461389 134 1
1700889326.461728 146 1
1700889326.462061 583 1
1700889326.462134 227 1
1700889326.462192 228 1
1700889326.462288 859 -1
1700889326.462365 7354 -1
1700889326.462398 54 1
1700889326.462873 6666 -1
1700889326.462918 54 1
1700889326.463509 1085 -1
1700889326.463546 54 1
1700889326.463547 60 -1
1700889326.463547 341 -1
1700889326.463547 60 -1
1700889326.463547 115 -1
1700889326.463547 85 -1
1700889326.463547 60 -1
1700889326.463547 60 -1
1700889326.463547 60 -1
1700889326.463607 685 -1
1700889326.463607 6381 -1
1700889326.463676 54 1
1700889326.463939 54 1
1700889326.464136 1036 -1
1700889326.464185 735 -1
1700889326.464205 54 1
1700889326.464242 5047 -1
1700889326.464273 54 1
1700889326.464375 85 1
1700889326.464797 1056 -1
1700889326.464850 723 -1
1700889326.464850 2974 -1
1700889326.464880 54 1
1700889326.465134 7354 -1
1700889326.465182 54 1
1700889326.465659 60 -1
1700889326.465670 1871 -1
1700889326.465697 54 1
1700889326.470569 1171 -1
1700889326.470569 483 -1
1700889326.470640 54 1
1700889326.470705 6641 -1
1700889326.470742 54 1
1700889326.479266 1042 -1
1700889326.479266 10209 -1
1700889326.479416 54 1
1700889326.500358 1176 -1
1700889326.500358 477 -1
1700889326.500446 54 1
1700889326.510809 7354 -1
1700889326.510809 7095 -1
1700889326.510809 1255 -1
1700889326.511086 66 1
1700889328.131148 230 1
1700889328.131340 228 1
1700889328.131454 231 1
1700889328.131672 230 1
1700889328.131813 228 1
1700889328.135275 228 1
1700889328.135412 228 1
1700889328.135510 227 1
1700889328.136841 60 -1
1700889328.137952 60 -1
1700889328.137952 60 -1
1700889328.137952 60 -1
1700889328.137952 60 -1
1700889328.137952 60 -1
1700889328.137952 60 -1
1700889328.137952 1172 -1
1700889328.137952 478 -1
1700889328.138039 54 1
1700889328.139073 931 -1
1700889328.139073 4174 -1
1700889328.139134 54 1
1700889328.139555 6998 -1
1700889328.139616 54 1
1700889328.144154 1176 -1
1700889328.144225 54 1
1700889328.144294 1625 -1
1700889328.144294 432 -1
1700889328.144343 54 1
1700889328.152765 4434 -1
1700889328.152765 5487 -1
1700889328.152765 5576 -1
1700889328.152765 1170 -1
1700889328.152765 487 -1
1700889328.152765 9112 -1
1700889328.152765 1173 -1
1700889328.152765 480 -1
1700889328.152765 3605 -1
1700889328.152765 1192 -1
1700889328.152765 449 -1
1700889328.152765 7354 -1
1700889328.152765 2941 -1
1700889328.152982 54 1
1700889328.155695 1205 -1
1700889328.155695 442 -1
1700889328.155763 54 1
1700889328.158686 7354 -1
1700889328.158791 54 1
1700889328.159091 2100 -1
1700889328.159123 54 1
1700889330.456833 228 1
1700889330.471322 228 1
1700889330.471441 228 1
1700889330.471528 228 1
1700889330.471623 228 1
1700889330.471674 1199 -1
1700889330.471674 443 -1
1700889330.471775 54 1
1700889330.471832 11220 -1
1700889330.471872 54 1
1700889330.471938 227 1
1700889330.472014 229 1
1700889330.472084 227 1
1700889330.472778 60 -1
1700889330.475820 60 -1
1700889330.478273 1162 -1
1700889330.478273 493 -1
1700889330.478273 1063 -1
1700889330.478273 8958 -1
1700889330.478555 54 1
1700889330.478935 1514 -1
1700889330.478935 2385 -1
1700889330.478965 54 1
1700889330.483165 1226 -1
1700889330.483165 407 -1
1700889330.483242 54 1
1700889330.483703 5894 -1
1700889330.483737 54 1
1700889330.483989 7476 -1
1700889330.484030 54 1
1700889330.493890 1171 -1
1700889330.493890 485 -1
1700889330.493890 7354 -1
1700889330.493890 3326 -1
1700889330.493890 1173 -1
1700889330.493890 484 -1
1700889330.493890 4945 -1
1700889330.494044 54 1
1700889330.502077 1174 -1
1700889330.502077 477 -1
1700889330.502077 1171 -1
1700889330.502077 482 -1
1700889330.502077 6272 -1
1700889330.503297 54 1
1700889330.503572 5894 -1
1700889330.503572 1366 -1
1700889330.503624 54 1
1700889330.697489 54 1
1700889330.697690 54 1
1700889330.700205 78 -1
1700889330.700205 60 -1
1700889330.700256 54 1
1700889330.703713 78 -1
1700889330.703713 60 -1
1700889330.703786 54 1
1700889330.709249 60 -1
1700889334.521872 66 1
1700889334.523406 66 -1
1700889334.523516 54 1
1700889334.524820 870 1
1700889334.526081 60 -1
1700889334.526868 318 -1
1700889334.527467 134 1
1700889334.527799 146 1
1700889334.528511 581 1
1700889334.528623 227 1
1700889334.530226 230 1
1700889334.530392 231 1
1700889334.530485 229 1
1700889334.530852 228 1
1700889334.530939 219 1
1700889334.531048 227 1
1700889334.531613 60 -1
1700889334.531613 341 -1
1700889334.531613 60 -1
1700889334.531613 115 -1
1700889334.531613 85 -1
1700889334.531701 54 1
1700889334.532166 85 1
1700889334.532914 60 -1
1700889334.532914 60 -1
1700889334.532914 60 -1
1700889334.532914 60 -1
1700889334.532914 60 -1
1700889334.532914 60 -1
1700889334.532914 60 -1
1700889334.532914 60 -1
1700889334.533336 60 -1
1700889334.538073 1199 -1
1700889334.538073 441 -1
1700889334.538073 7257 -1
1700889334.538199 54 1
1700889334.539600 1173 -1
1700889334.539600 478 -1
1700889334.539600 1172 -1
1700889334.539600 480 -1
1700889334.539600 2974 -1
1700889334.539600 3510 -1
1700889334.539600 6648 -1
1700889334.539706 54 1
1700889334.539781 1162 -1
1700889334.539781 494 -1
1700889334.539781 6686 -1
1700889334.539825 54 1
1700889334.554079 1588 -1
1700889334.554079 4434 -1
1700889334.554079 9761 -1
1700889334.554079 1043 -1
1700889334.554079 4343 -1
1700889334.554079 1197 -1
1700889334.554079 447 -1
1700889334.554079 6981 -1
1700889334.554277 54 1
1700889334.565844 1194 -1
1700889334.565844 449 -1
1700889334.565938 54 1
1700889334.569840 6683 -1
1700889334.569927 54 1
1700889336.261138 221 1
1700889336.262037 228 1
1700889336.262322 60 -1
1700889336.263168 60 -1
1700889336.263673 221 1
1700889336.263779 227 1
1700889336.264423 222 1
1700889336.264574 219 1
1700889336.264668 220 1
1700889336.264770 221 1
1700889336.264843 60 -1
1700889336.264843 60 -1
1700889336.265818 60 -1
1700889336.265818 60 -1
1700889336.265818 60 -1
1700889336.265818 60 -1
1700889336.271084 1196 -1
1700889336.271084 446 -1
1700889336.271084 1200 -1
1700889336.271177 54 1
1700889336.271230 438 -1
1700889336.271230 7354 -1
1700889336.271301 66 1
1700889336.271756 2874 -1
1700889336.271786 66 1
1700889336.271988 7354 -1
1700889336.272040 66 1
1700889336.272857 1163 -1
1700889336.272857 1192 -1
1700889336.272892 66 1
1700889336.272938 66 1
1700889336.272994 447 -1
1700889336.272994 1606 -1
1700889336.273023 66 1
1700889336.273069 74 1
1700889336.273122 5197 -1
1700889336.273194 74 1
1700889336.273378 8814 -1
1700889336.273441 74 1
1700889336.274100 5420 -1
1700889336.274126 74 1
1700889336.274678 405 -1
1700889336.274678 1514 -1
1700889336.274678 1200 -1
1700889336.274706 74 1
1700889336.274780 66 1
1700889336.274840 54 1
1700889336.275120 7354 -1
1700889336.275157 54 1
1700889336.275720 7354 -1
1700889336.275761 54 1
1700889336.276199 1860 -1
1700889336.276231 54 1
1700889336.276332 85 -1
1700889336.276332 1514 -1
1700889336.276366 54 1
1700889336.276476 2497 -1
1700889336.276506 54 1
1700889336.277341 1194 -1
1700889336.277341 450 -1
1700889336.277374 54 1
1700889336.277764 7354 -1
1700889336.277801 54 1
1700889336.278178 7795 -1
1700889336.278207 54 1
1700889336.287331 1203 -1
1700889336.287331 437 -1
1700889336.287331 10559 -1
1700889336.287470 54 1
1700889336.292634 1174 -1
1700889336.292634 477 -1
1700889336.292634 7354 -1
1700889336.292634 5894 -1
1700889336.292744 54 1
1700889336.293070 3320 -1
1700889336.293123 54 1
1700889336.293168 1749 -1
1700889336.293192 54 1
1700889338.522976 220 1
1700889338.541716 230 1
1700889338.545649 1193 -1
1700889338.545649 449 -1
1700889338.545649 6822 -1
1700889338.545649 982 -1
1700889338.545758 66 1
1700889338.551552 226 1
1700889338.554025 234 1
1700889338.554845 1168 -1
1700889338.554845 485 -1
1700889338.554845 7354 -1
1700889338.554845 282 -1
1700889338.554944 54 1
1700889338.555209 229 1
1700889338.556392 228 1
1700889338.556509 230 1
1700889338.557795 229 1
1700889338.567202 60 -1
1700889338.567202 1175 -1
1700889338.567202 479 -1
1700889338.567202 7354 -1
1700889338.567202 547 -1
1700889338.567202 1195 -1
1700889338.567202 449 -1
1700889338.567202 7141 -1
1700889338.567359 54 1
1700889338.568269 60 -1
1700889338.575112 1144 -1
1700889338.575112 516 -1
1700889338.575216 54 1
1700889338.581206 7354 -1
1700889338.581206 2013 -1
1700889338.581314 54 1
1700889338.582583 1208 -1
1700889338.582583 434 -1
1700889338.582619 54 1
1700889338.596773 1045 -1
1700889338.596773 7354 -1
1700889338.596773 5602 -1
1700889338.596773 7354 -1
1700889338.596773 1486 -1
1700889338.596773 1174 -1
1700889338.596773 477 -1
1700889338.596773 13646 -1
1700889338.596939 54 1
1700889340.245995 229 1
1700889340.251024 226 1
1700889340.251360 227 1
1700889340.251802 227 1
1700889340.251876 228 1
1700889340.253244 1204 -1
1700889340.253244 444 -1
1700889340.253244 4309 -1
1700889340.253244 60 -1
1700889340.253375 54 1
1700889340.255967 1065 -1
1700889340.255967 2582 -1
1700889340.256046 54 1
1700889340.257723 228 1
1700889340.257833 228 1
1700889340.257917 227 1
1700889340.259023 89 1
1700889340.260623 1193 -1
1700889340.260623 443 -1
1700889340.260716 54 1
1700889340.263217 1171 -1
1700889340.263217 484 -1
1700889340.263217 5621 -1
1700889340.263217 1514 -1
1700889340.263217 3747 -1
1700889340.263383 54 1
1700889340.266156 1172 -1
1700889340.266156 482 -1
1700889340.266156 4539 -1
1700889340.266156 1175 -1
1700889340.266156 468 -1
1700889340.266156 2974 -1
1700889340.266156 7354 -1
1700889340.266261 54 1
1700889340.266333 1273 -1
1700889340.266355 54 1
1700889340.273063 1166 -1
1700889340.273063 494 -1
1700889340.273063 4617 -1
1700889340.273349 54 1
1700889340.279971 1206 -1
1700889340.279971 432 -1
1700889340.280052 54 1
1700889340.287477 4434 -1
1700889340.287477 2974 -1
1700889340.287588 54 1
1700889340.287723 4160 -1
1700889340.287758 54 1
1700889340.716965 54 1
1700889340.724399 78 -1
1700889340.724399 60 -1
1700889340.724477 54 1
1700889341.934161 66 1
1700889341.939787 66 -1
1700889341.939900 54 1
1700889341.940853 902 1
1700889341.945469 60 -1
1700889341.945469 318 -1
1700889341.946464 134 1
1700889341.946890 146 1
1700889341.947570 60 -1
1700889341.947633 341 -1
1700889341.947649 583 1
1700889341.947769 228 1
1700889341.947864 228 1
1700889341.947950 227 1
1700889341.948051 229 1
1700889341.948641 60 -1
1700889341.948641 115 -1
1700889341.948641 85 -1
1700889341.948715 54 1
1700889341.948757 60 -1
1700889341.948845 60 -1
1700889341.948845 60 -1
1700889341.948946 60 -1
1700889341.949076 85 1
1700889341.949558 60 -1
1700889341.950112 60 -1
1700889341.952958 1062 -1
1700889341.952958 7043 -1
1700889341.953088 54 1
1700889341.955153 1175 -1
1700889341.955153 484 -1
1700889341.955153 4280 -1
1700889341.955257 54 1
1700889341.962354 1174 -1
1700889341.962354 475 -1
1700889341.962459 54 1
1700889341.963002 7354 -1
1700889341.963055 54 1
1700889341.963228 3627 -1
1700889341.963269 54 1
1700889341.963685 1173 -1
1700889341.963721 54 1
1700889341.963760 476 -1
1700889341.963760 9841 -1
1700889341.963847 54 1
1700889341.987621 1195 -1
1700889341.987621 446 -1
1700889341.987621 7354 -1
1700889341.987621 1514 -1
1700889341.987621 2715 -1
1700889341.987758 54 1
1700889350.739956 54 1
1700889350.745125 78 -1
1700889350.745125 60 -1
1700889350.745231 54 1
