1700895789.619053 66 1
1700895789.623501 66 -1
1700895789.623650 54 1
1700895789.625294 599 1
1700895789.634096 60 -1
1700895789.645212 2778 -1
1700895789.645293 54 1
1700895789.654131 66 1
1700895789.656910 66 1
1700895789.657577 66 1
1700895789.658121 66 -1
1700895789.658215 54 1
1700895789.658580 66 -1
1700895789.658624 54 1
1700895789.658886 66 1
1700895789.659653 66 -1
1700895789.659732 54 1
1700895789.659902 66 -1
1700895789.659975 54 1
1700895789.665777 66 1
1700895789.667673 66 1
1700895789.671132 66 -1
1700895789.671225 54 1
1700895789.675707 66 -1
1700895789.675819 54 1
1700895789.690688 670 1
1700895789.691176 638 1
1700895789.691879 60 -1
1700895789.694306 670 1
1700895789.695928 60 -1
1700895789.696597 574 1
1700895789.698302 60 -1
1700895789.699286 606 1
1700895789.699976 60 -1
1700895789.700934 574 1
1700895789.703860 60 -1
1700895789.704822 2778 -1
1700895789.704890 54 1
1700895789.709665 2778 -1
1700895789.709741 54 1
1700895789.712234 1514 -1
1700895789.712234 1318 -1
1700895789.712322 54 1
1700895789.712475 2779 -1
1700895789.712534 54 1
1700895789.727780 60 -1
1700895789.727780 2780 -1
1700895789.727858 54 1
1700895789.730420 134 1
1700895789.730908 146 1
1700895789.731167 590 1
1700895789.731911 60 -1
1700895789.732203 60 -1
1700895789.732409 341 -1
1700895789.732409 341 -1
1700895789.732479 54 1
1700895789.732687 60 -1
1700895789.732687 115 -1
1700895789.732687 85 -1
1700895789.732750 54 1
1700895789.734277 2779 -1
1700895789.734351 54 1
1700895789.737453 134 1
1700895789.738382 134 1
1700895789.739180 134 1
1700895789.742095 979 -1
1700895789.742095 808 -1
1700895789.742095 7354 -1
1700895789.742143 134 1
1700895789.742095 7354 -1
1700895789.742270 54 1
1700895789.743056 134 1
1700895789.744731 134 1
1700895789.744868 1711 -1
1700895789.744868 60 -1
1700895789.744868 341 -1
1700895789.744868 357 -1
1700895789.744972 54 1
1700895789.745009 54 1
1700895789.745168 60 -1
1700895789.745168 357 -1
1700895789.745168 357 -1
1700895789.745210 60 -1
1700895789.745210 341 -1
1700895789.745214 54 1
1700895789.745210 341 -1
1700895789.745280 54 1
1700895789.745797 60 -1
1700895789.745797 341 -1
1700895789.745989 357 -1
1700895789.746038 54 1
1700895789.746090 60 -1
1700895789.746172 60 -1
1700895789.746831 357 -1
1700895789.746831 357 -1
1700895789.746901 54 1
1700895789.748846 357 -1
1700895789.748846 357 -1
1700895789.748894 54 1
1700895789.749544 54 1
1700895789.751572 93 -1
1700895789.751572 78 -1
1700895789.751572 60 -1
1700895789.751646 54 1
1700895789.752394 54 1
1700895789.752911 54 1
1700895789.753200 54 1
1700895789.753478 85 1
1700895789.753658 54 1
1700895789.753735 54 1
1700895789.753879 93 -1
1700895789.753879 78 -1
1700895789.753879 60 -1
1700895789.753909 93 -1
1700895789.753940 54 1
1700895789.753963 54 1
1700895789.754046 78 -1
1700895789.754046 60 -1
1700895789.754438 93 -1
1700895789.754438 78 -1
1700895789.754438 60 -1
1700895789.754486 54 1
1700895789.754635 60 -1
1700895789.755489 146 1
1700895789.756682 60 -1
1700895789.756737 115 -1
1700895789.756737 85 -1
1700895789.756777 54 1
1700895789.764388 487 1
1700895789.764517 205 1
1700895789.764581 195 1
1700895789.764777 195 1
1700895789.764976 195 1
1700895789.765075 169 1
1700895789.765447 175 1
1700895789.765548 174 1
1700895789.765598 60 -1
1700895789.765659 175 1
1700895789.765687 60 -1
1700895789.765687 60 -1
1700895789.765783 175 1
1700895789.765894 175 1
1700895789.766005 175 1
1700895789.766084 175 1
1700895789.766190 175 1
1700895789.766310 175 1
1700895789.766426 175 1
1700895789.766554 175 1
1700895789.766658 175 1
1700895789.766707 60 -1
1700895789.766707 60 -1
1700895789.766707 60 -1
1700895789.766707 60 -1
1700895789.766781 1050 -1
1700895789.766811 174 1
1700895789.766863 6218 -1
1700895789.766898 54 1
1700895789.767013 174 1
1700895789.767095 175 1
1700895789.767175 175 1
1700895789.767258 175 1
1700895789.767370 175 1
1700895789.767725 175 1
1700895789.767757 60 -1
1700895789.767816 175 1
1700895789.767824 60 -1
1700895789.768038 175 1
1700895789.768121 174 1
1700895789.768196 175 1
1700895789.768273 175 1
1700895789.768350 166 1
1700895789.768632 175 1
1700895789.768728 175 1
1700895789.768798 174 1
1700895789.768917 175 1
1700895789.769364 175 1
1700895789.769563 175 1
1700895789.769600 1050 -1
1700895789.769600 5894 -1
1700895789.769637 175 1
1700895789.769666 54 1
1700895789.769925 7354 -1
1700895789.769955 54 1
1700895789.770006 174 1
1700895789.770083 175 1
1700895789.770140 175 1
1700895789.770197 175 1
1700895789.770263 175 1
1700895789.770399 175 1
1700895789.770503 3320 -1
1700895789.770530 54 1
1700895789.770648 165 1
1700895789.770732 165 1
1700895789.770765 2431 -1
1700895789.770787 54 1
1700895789.770809 165 1
1700895789.770867 165 1
1700895789.770927 165 1
1700895789.770971 4434 -1
1700895789.771024 54 1
1700895789.771179 175 1
1700895789.771572 174 1
1700895789.771616 7354 -1
1700895789.771654 54 1
1700895789.771736 164 1
1700895789.771872 175 1
1700895789.771958 165 1
1700895789.772039 174 1
1700895789.772045 5775 -1
1700895789.772076 54 1
1700895789.772145 175 1
1700895789.772241 175 1
1700895789.772318 172 1
1700895789.772410 170 1
1700895789.772413 7354 -1
1700895789.772479 54 1
1700895789.772517 170 1
1700895789.772603 177 1
1700895789.772677 168 1
1700895789.772760 168 1
1700895789.772877 176 1
1700895789.772986 168 1
1700895789.773109 182 1
1700895789.773200 168 1
1700895789.773303 180 1
1700895789.773400 171 1
1700895789.773956 171 1
1700895789.774085 166 1
1700895789.774230 171 1
1700895789.774368 171 1
1700895789.774517 172 1
1700895789.774657 172 1
1700895789.774782 169 1
1700895789.774895 175 1
1700895789.775033 165 1
1700895789.775111 165 1
1700895789.775993 7354 -1
1700895789.775993 5894 -1
1700895789.775993 7354 -1
1700895789.775993 7354 -1
1700895789.775993 4434 -1
1700895789.775993 1514 -1
1700895789.775993 60 -1
1700895789.775993 7354 -1
1700895789.776309 54 1
1700895789.776489 7354 -1
1700895789.776526 54 1
1700895789.777014 1514 -1
1700895789.777032 54 1
1700895789.777115 4434 -1
1700895789.777158 54 1
1700895789.777524 24874 -1
1700895789.777698 54 1
1700895789.779422 85 1
1700895789.779892 60 -1
1700895789.779892 60 -1
1700895789.779892 5894 -1
1700895789.779981 54 1
1700895789.780221 60 -1
1700895789.780221 7354 -1
1700895789.780281 54 1
1700895789.781056 5894 -1
1700895789.781115 54 1
1700895789.781441 4434 -1
1700895789.781488 54 1
1700895789.781735 7354 -1
1700895789.781786 54 1
1700895789.782306 5894 -1
1700895789.782347 54 1
1700895789.782367 54 1
1700895789.782787 7354 -1
1700895789.782834 54 1
1700895789.783436 5894 -1
1700895789.783484 54 1
1700895789.787062 7354 -1
1700895789.787062 7354 -1
1700895789.787062 5894 -1
1700895789.787062 60 -1
1700895789.787062 60 -1
1700895789.787062 2974 -1
1700895789.787062 7354 -1
1700895789.787062 2974 -1
1700895789.787412 54 1
1700895789.796172 4434 -1
1700895789.796172 7354 -1
1700895789.796172 7354 -1
1700895789.796172 7354 -1
1700895789.796172 2974 -1
1700895789.796172 4434 -1
1700895789.796172 1514 -1
1700895789.796172 7354 -1
1700895789.796172 1514 -1
1700895789.796172 7354 -1
1700895789.796172 2974 -1
1700895789.796172 2974 -1
1700895789.796172 7354 -1
1700895789.796172 7354 -1
1700895789.796172 7354 -1
1700895789.796172 7354 -1
1700895789.796172 7354 -1
1700895789.796172 2974 -1
1700895789.796172 7354 -1
1700895789.796172 7354 -1
1700895789.796924 54 1
1700895789.796928 54 1
1700895789.800674 218 1
1700895789.807104 2974 -1
1700895789.807104 7354 -1
1700895789.807104 7354 -1
1700895789.807104 5894 -1
1700895789.807104 5894 -1
1700895789.807104 2974 -1
1700895789.807104 7354 -1
1700895789.807104 7354 -1
1700895789.807104 7354 -1
1700895789.807104 7354 -1
1700895789.807104 1514 -1
1700895789.807704 54 1
1700895789.810893 7354 -1
1700895789.810893 11734 -1
1700895789.810893 1514 -1
1700895789.810893 5894 -1
1700895789.810893 7354 -1
1700895789.810893 7354 -1
1700895789.811125 54 1
1700895789.811195 54 1
1700895789.812788 11734 -1
1700895789.812788 5894 -1
1700895789.812894 54 1
1700895789.812971 7354 -1
1700895789.813048 54 1
1700895789.813402 7354 -1
1700895789.813448 54 1
1700895789.815116 7354 -1
1700895789.815116 2974 -1
1700895789.815116 7354 -1
1700895789.815220 54 1
1700895789.815421 7354 -1
1700895789.815483 54 1
1700895789.816059 7354 -1
1700895789.816103 54 1
1700895789.816732 7354 -1
1700895789.816782 54 1
1700895789.833177 7354 -1
1700895789.833177 2974 -1
1700895789.833177 7354 -1
1700895789.833177 7354 -1
1700895789.833177 7354 -1
1700895789.833177 2974 -1
1700895789.833177 7354 -1
1700895789.833177 2974 -1
1700895789.833177 7354 -1
1700895789.833177 2974 -1
1700895789.833177 5894 -1
1700895789.833177 4434 -1
1700895789.833177 7354 -1
1700895789.833177 7354 -1
1700895789.833177 1514 -1
1700895789.833177 7354 -1
1700895789.833177 7354 -1
1700895789.833177 1370 -1
1700895789.833177 1658 -1
1700895789.833177 1514 -1
1700895789.833177 7354 -1
1700895789.833177 10274 -1
1700895789.833177 1514 -1
1700895789.833177 2974 -1
1700895789.833177 2974 -1
1700895789.833177 2974 -1
1700895789.833177 4434 -1
1700895789.833177 4434 -1
1700895789.833177 4434 -1
1700895789.833177 4434 -1
1700895789.833177 4434 -1
1700895789.833177 4434 -1
1700895789.833177 4434 -1
1700895789.833177 4434 -1
1700895789.833177 2974 -1
1700895789.833177 1514 -1
1700895789.833177 1514 -1
1700895789.833177 2974 -1
1700895789.833177 4434 -1
1700895789.833177 4434 -1
1700895789.833177 4434 -1
1700895789.834350 54 1
1700895789.834649 54 1
1700895789.834733 4434 -1
1700895789.834783 54 1
1700895789.841997 54 1
1700895789.844060 2974 -1
1700895789.844060 5894 -1
1700895789.844060 4350 -1
1700895789.844198 54 1
1700895789.845376 7354 -1
1700895789.845443 54 1
1700895789.853090 7354 -1
1700895789.853090 1514 -1
1700895789.853090 7354 -1
1700895789.853090 1598 -1
1700895789.853090 7354 -1
1700895789.853090 1514 -1
1700895789.853090 7354 -1
1700895789.853090 7354 -1
1700895789.853090 7354 -1
1700895789.853090 1514 -1
1700895789.853090 7354 -1
1700895789.853090 7354 -1
1700895789.853090 1514 -1
1700895789.853090 7354 -1
1700895789.853090 7354 -1
1700895789.853505 54 1
1700895789.860100 1514 -1
1700895789.860100 5894 -1
1700895789.860100 1514 -1
1700895789.860100 4434 -1
1700895789.860100 4434 -1
1700895789.860100 1514 -1
1700895789.860100 7354 -1
1700895789.860100 7354 -1
1700895789.860100 7354 -1
1700895789.860100 7354 -1
1700895789.860100 1514 -1
1700895789.860100 7354 -1
1700895789.860100 7354 -1
1700895789.860100 1514 -1
1700895789.860100 7354 -1
1700895789.860100 7354 -1
1700895789.860100 1514 -1
1700895789.860100 7354 -1
1700895789.860711 54 1
1700895789.860851 7354 -1
1700895789.860911 54 1
1700895789.867892 1514 -1
1700895789.867892 7354 -1
1700895789.867892 7354 -1
1700895789.867892 1514 -1
1700895789.867892 7354 -1
1700895789.867892 2974 -1
1700895789.867892 5894 -1
1700895789.867892 7354 -1
1700895789.867892 2974 -1
1700895789.867892 7354 -1
1700895789.867892 2974 -1
1700895789.867892 7354 -1
1700895789.867892 2974 -1
1700895789.868371 54 1
1700895789.924141 54 1
1700895789.925495 7354 -1
1700895789.925560 54 1
1700895789.926325 54 1
1700895789.928155 1514 -1
1700895789.928155 5630 -1
1700895789.928229 54 1
1700895789.930646 7354 -1
1700895789.930646 7354 -1
1700895789.930646 2974 -1
1700895789.930646 1778 -1
1700895789.930782 54 1
1700895789.930840 2974 -1
1700895789.930872 54 1
1700895789.931002 1514 -1
1700895789.931002 10274 -1
1700895789.931100 54 1
1700895789.932697 7354 -1
1700895789.932697 7354 -1
1700895789.932783 54 1
1700895789.933033 7354 -1
1700895789.933074 54 1
1700895789.933792 7354 -1
1700895789.933838 54 1
1700895789.934407 7354 -1
1700895789.934442 54 1
1700895789.939883 5894 -1
1700895789.939883 1514 -1
1700895789.939883 5894 -1
1700895789.939883 4434 -1
1700895789.939883 7354 -1
1700895789.939883 2974 -1
1700895789.939883 1514 -1
1700895789.939883 2974 -1
1700895789.939883 7354 -1
1700895789.939883 2974 -1
1700895789.939883 2974 -1
1700895789.939883 7354 -1
1700895789.939883 4434 -1
1700895789.939883 7354 -1
1700895789.940251 54 1
1700895789.940338 1514 -1
1700895789.940338 5894 -1
1700895789.940382 54 1
1700895789.940808 5894 -1
1700895789.940858 54 1
1700895789.941348 7354 -1
1700895789.941391 54 1
1700895789.942119 5894 -1
1700895789.942168 54 1
1700895789.942372 1514 -1
1700895789.942409 54 1
1700895789.942637 7354 -1
1700895789.942695 54 1
1700895789.943161 7354 -1
1700895789.943217 54 1
1700895789.943982 4434 -1
1700895789.944033 54 1
1700895789.944262 7354 -1
1700895789.944358 54 1
1700895789.944906 2974 -1
1700895789.944952 54 1
1700895789.945367 7354 -1
1700895789.945449 54 1
1700895789.946099 7354 -1
1700895789.946174 54 1
1700895789.946331 5894 -1
1700895789.946446 54 1
1700895789.947580 2974 -1
1700895789.947580 2974 -1
1700895789.947580 1514 -1
1700895789.947580 10274 -1
1700895789.947715 54 1
1700895789.958661 7354 -1
1700895789.958661 4434 -1
1700895789.958661 5894 -1
1700895789.958830 54 1
1700895790.014924 229 1
1700895790.015111 234 1
1700895790.015230 230 1
1700895790.015350 234 1
1700895790.015434 223 1
1700895790.015549 222 1
1700895790.015702 226 1
1700895790.015808 225 1
1700895790.015899 225 1
1700895790.016009 222 1
1700895790.016135 60 -1
1700895790.016135 60 -1
1700895790.016201 222 1
1700895790.016513 60 -1
1700895790.016513 60 -1
1700895790.016903 60 -1
1700895790.016903 60 -1
1700895790.016903 60 -1
1700895790.017045 60 -1
1700895790.017045 60 -1
1700895790.017045 60 -1
1700895790.017886 60 -1
1700895790.022966 1078 -1
1700895790.022966 689 -1
1700895790.023050 54 1
1700895790.023421 6106 -1
1700895790.023500 54 1
1700895790.026076 981 -1
1700895790.026076 804 -1
1700895790.026133 54 1
1700895790.026189 3550 -1
1700895790.026216 54 1
1700895790.027990 981 -1
1700895790.027990 810 -1
1700895790.027990 2854 -1
1700895790.028394 54 1
1700895790.036072 1084 -1
1700895790.036072 541 -1
1700895790.036128 54 1
1700895790.036286 5697 -1
1700895790.036360 54 1
1700895790.039043 54 1
1700895790.044353 998 -1
1700895790.044353 814 -1
1700895790.044353 5811 -1
1700895790.044448 54 1
1700895790.046984 7354 -1
1700895790.046984 7354 -1
1700895790.046984 1053 -1
1700895790.046984 734 -1
1700895790.046984 5094 -1
1700895790.047116 54 1
1700895790.047152 54 1
1700895790.047532 4434 -1
1700895790.047532 7354 -1
1700895790.047532 1514 -1
1700895790.047581 54 1
1700895790.047656 1514 -1
1700895790.047683 54 1
1700895790.049695 7354 -1
1700895790.049695 1514 -1
1700895790.049695 5894 -1
1700895790.049695 1514 -1
1700895790.049695 8814 -1
1700895790.049845 54 1
1700895790.049903 4434 -1
1700895790.049957 54 1
1700895790.050189 4434 -1
1700895790.050267 54 1
1700895790.050548 7354 -1
1700895790.050581 54 1
1700895790.051174 2974 -1
1700895790.051204 54 1
1700895790.051396 7354 -1
1700895790.051481 54 1
1700895790.052006 7354 -1
1700895790.052033 54 1
1700895790.052911 4434 -1
1700895790.052943 54 1
1700895790.052982 1514 -1
1700895790.053013 54 1
1700895790.053082 7354 -1
1700895790.053135 54 1
1700895790.053740 7354 -1
1700895790.053765 54 1
1700895790.053971 54 1
1700895790.054380 1514 -1
1700895790.054432 7354 -1
1700895790.054494 54 1
1700895790.055031 4434 -1
1700895790.055060 54 1
1700895790.055391 1514 -1
1700895790.055413 54 1
1700895790.056295 4434 -1
1700895790.056295 7354 -1
1700895790.056348 54 1
1700895790.056639 54 1
1700895790.056816 983 -1
1700895790.056892 806 -1
1700895790.056914 54 1
1700895790.056993 7416 -1
1700895790.057023 54 1
1700895790.057950 2974 -1
1700895790.057991 54 1
1700895790.058293 7354 -1
1700895790.058315 54 1
1700895790.058916 1514 -1
1700895790.058941 54 1
1700895790.059013 5894 -1
1700895790.059059 54 1
1700895790.059529 5894 -1
1700895790.059580 54 1
1700895790.060146 7354 -1
1700895790.060174 54 1
1700895790.060764 7354 -1
1700895790.060804 54 1
1700895790.061359 2974 -1
1700895790.061390 54 1
1700895790.061599 7354 -1
1700895790.061641 54 1
1700895790.062214 2974 -1
1700895790.062245 54 1
1700895790.062503 5894 -1
1700895790.062539 54 1
1700895790.062986 1514 -1
1700895790.063019 54 1
1700895790.063063 2974 -1
1700895790.063098 54 1
1700895790.063292 7354 -1
1700895790.063344 54 1
1700895790.063984 4434 -1
1700895790.064018 54 1
1700895790.064267 7354 -1
1700895790.064312 54 1
1700895790.065037 7354 -1
1700895790.065085 54 1
1700895790.065490 7354 -1
1700895790.065532 54 1
1700895790.066088 7354 -1
1700895790.066145 54 1
1700895790.066757 4434 -1
1700895790.066796 54 1
1700895790.067049 2974 -1
1700895790.067099 54 1
1700895790.067278 1514 -1
1700895790.067303 54 1
1700895790.067391 5894 -1
1700895790.067417 54 1
1700895790.067946 7354 -1
1700895790.067978 54 1
1700895790.068673 7354 -1
1700895790.068727 54 1
1700895790.069103 7354 -1
1700895790.069144 54 1
1700895790.069715 7354 -1
1700895790.069749 54 1
1700895790.070800 5894 -1
1700895790.070855 54 1
1700895790.071190 54 1
1700895790.071626 7354 -1
1700895790.071626 7354 -1
1700895790.071693 54 1
1700895790.072141 7354 -1
1700895790.072175 54 1
1700895790.072741 1051 -1
1700895790.072817 730 -1
1700895790.072841 54 1
1700895790.072877 7354 -1
1700895790.072920 54 1
1700895790.073617 1514 -1
1700895790.073675 7354 -1
1700895790.073711 54 1
1700895790.074210 3098 -1
1700895790.074238 54 1
1700895790.074483 5894 -1
1700895790.074538 54 1
1700895790.075001 5894 -1
1700895790.075046 54 1
1700895790.078324 54 1
1700895790.078732 54 1
1700895790.098217 2974 -1
1700895790.098217 2974 -1
1700895790.098217 5894 -1
1700895790.098217 2974 -1
1700895790.098217 7354 -1
1700895790.098217 2974 -1
1700895790.098217 1514 -1
1700895790.098217 7354 -1
1700895790.098217 1514 -1
1700895790.098217 7354 -1
1700895790.098217 2974 -1
1700895790.098217 7354 -1
1700895790.098217 7354 -1
1700895790.098217 7354 -1
1700895790.098217 7354 -1
1700895790.098217 4434 -1
1700895790.098217 1514 -1
1700895790.098217 2974 -1
1700895790.098217 7354 -1
1700895790.098217 2974 -1
1700895790.098217 5894 -1
1700895790.098217 5894 -1
1700895790.098217 2974 -1
1700895790.098217 7354 -1
1700895790.098217 5894 -1
1700895790.098217 1514 -1
1700895790.098217 7354 -1
1700895790.098217 7354 -1
1700895790.098217 5894 -1
1700895790.098217 2974 -1
1700895790.098217 1514 -1
1700895790.098217 5894 -1
1700895790.098217 4434 -1
1700895790.098217 1514 -1
1700895790.098217 7354 -1
1700895790.098217 5894 -1
1700895790.098217 1052 -1
1700895790.098217 728 -1
1700895790.098217 2974 -1
1700895790.098217 2974 -1
1700895790.098217 2974 -1
1700895790.098217 7354 -1
1700895790.098217 328 -1
1700895790.098217 4434 -1
1700895790.098217 7354 -1
1700895790.098217 7354 -1
1700895790.098217 2974 -1
1700895790.098217 2974 -1
1700895790.099365 54 1
1700895790.099713 54 1
1700895790.099731 54 1
1700895790.100118 54 1
1700895790.104886 328 -1
1700895790.104886 2974 -1
1700895790.104949 66 1
1700895790.105042 54 1
1700895790.105961 7354 -1
1700895790.106021 54 1
1700895790.106412 7354 -1
1700895790.106642 54 1
1700895790.107020 7354 -1
1700895790.107055 54 1
1700895790.107836 7354 -1
1700895790.107886 54 1
1700895790.108610 2974 -1
1700895790.108610 7354 -1
1700895790.108664 54 1
1700895790.109650 4434 -1
1700895790.109650 7354 -1
1700895790.109692 54 1
1700895790.112989 7354 -1
1700895790.112989 2974 -1
1700895790.112989 4434 -1
1700895790.112989 7354 -1
1700895790.112989 2974 -1
1700895790.112989 7354 -1
1700895790.112989 7354 -1
1700895790.113265 54 1
1700895790.113891 7354 -1
1700895790.113891 7354 -1
1700895790.113988 54 1
1700895790.114577 2974 -1
1700895790.114611 54 1
1700895790.114699 1514 -1
1700895790.116741 54 1
1700895790.118576 1514 -1
1700895790.118576 7354 -1
1700895790.118576 1032 -1
1700895790.118576 739 -1
1700895790.118576 2898 -1
1700895790.118576 1514 -1
1700895790.118576 5894 -1
1700895790.118576 7354 -1
1700895790.118576 7354 -1
1700895790.118576 7354 -1
1700895790.118576 5894 -1
1700895790.118771 54 1
1700895790.118813 54 1
1700895790.121390 1514 -1
1700895790.121390 4434 -1
1700895790.121390 7354 -1
1700895790.121390 2974 -1
1700895790.121390 7354 -1
1700895790.121390 7354 -1
1700895790.121549 54 1
1700895790.121613 5894 -1
1700895790.121643 54 1
1700895790.122306 7354 -1
1700895790.122350 54 1
1700895790.122456 7354 -1
1700895790.122502 54 1
1700895790.123242 2974 -1
1700895790.123282 54 1
1700895790.123814 7354 -1
1700895790.123844 54 1
1700895790.124053 1514 -1
1700895790.124053 1514 -1
1700895790.124082 54 1
1700895790.124185 1514 -1
1700895790.124205 54 1
1700895790.124315 4434 -1
1700895790.124343 54 1
1700895790.124905 7354 -1
1700895790.124950 54 1
1700895790.125502 981 -1
1700895790.125502 810 -1
1700895790.125502 6586 -1
1700895790.125596 54 1
1700895790.126554 2974 -1
1700895790.126554 1514 -1
1700895790.126554 7354 -1
1700895790.126740 54 1
1700895790.127224 1514 -1
1700895790.127224 2974 -1
1700895790.127253 54 1
1700895790.128275 1514 -1
1700895790.128275 5894 -1
1700895790.128275 7354 -1
1700895790.128395 54 1
1700895790.128836 7354 -1
1700895790.128878 54 1
1700895790.133136 1514 -1
1700895790.133136 7354 -1
1700895790.133136 5894 -1
1700895790.133136 4434 -1
1700895790.133136 7354 -1
1700895790.133136 2974 -1
1700895790.133136 7354 -1
1700895790.133136 7354 -1
1700895790.133136 2974 -1
1700895790.133136 2974 -1
1700895790.133409 54 1
1700895790.133502 4434 -1
1700895790.133536 54 1
1700895790.134344 7354 -1
1700895790.134344 2974 -1
1700895790.134383 54 1
1700895790.134768 7354 -1
1700895790.134807 54 1
1700895790.136856 7354 -1
1700895790.136856 7354 -1
1700895790.136856 7354 -1
1700895790.136993 54 1
1700895790.137053 7354 -1
1700895790.137080 54 1
1700895790.137659 7354 -1
1700895790.137705 54 1
1700895790.139083 5894 -1
1700895790.139083 1514 -1
1700895790.139083 7354 -1
1700895790.139178 54 1
1700895790.140101 5894 -1
1700895790.140101 1514 -1
1700895790.140101 7354 -1
1700895790.140194 54 1
1700895790.140821 5894 -1
1700895790.140892 54 1
1700895790.141045 2974 -1
1700895790.141072 54 1
1700895790.141590 2974 -1
1700895790.141619 54 1
1700895790.141864 7354 -1
1700895790.141918 54 1
1700895790.142168 1514 -1
1700895790.142189 54 1
1700895790.150555 7354 -1
1700895790.150555 2974 -1
1700895790.150555 4434 -1
1700895790.150555 5894 -1
1700895790.150555 7354 -1
1700895790.150555 1514 -1
1700895790.150555 5894 -1
1700895790.150555 7354 -1
1700895790.150555 7354 -1
1700895790.150555 7354 -1
1700895790.150555 1514 -1
1700895790.150555 5894 -1
1700895790.150555 7354 -1
1700895790.150555 1514 -1
1700895790.150555 5894 -1
1700895790.150555 5894 -1
1700895790.150555 7354 -1
1700895790.150555 7354 -1
1700895790.151185 66 1
1700895790.151270 54 1
1700895790.151320 54 1
1700895790.153074 54 1
1700895790.157800 4434 -1
1700895790.157800 2974 -1
1700895790.157800 7354 -1
1700895790.157800 7354 -1
1700895790.157800 2974 -1
1700895790.157800 4434 -1
1700895790.157800 1514 -1
1700895790.157800 7354 -1
1700895790.157800 5894 -1
1700895790.157800 5894 -1
1700895790.157800 5894 -1
1700895790.157800 7354 -1
1700895790.157800 4434 -1
1700895790.157800 4434 -1
1700895790.157800 5894 -1
1700895790.157800 5894 -1
1700895790.157800 1514 -1
1700895790.158273 54 1
1700895790.158319 54 1
1700895790.160095 7354 -1
1700895790.160095 7354 -1
1700895790.160095 4434 -1
1700895790.160095 4434 -1
1700895790.160095 5894 -1
1700895790.160311 54 1
1700895790.160405 7354 -1
1700895790.160479 54 1
1700895790.161263 7354 -1
1700895790.161325 54 1
1700895790.165791 2974 -1
1700895790.165791 7354 -1
1700895790.165791 4434 -1
1700895790.165791 14654 -1
1700895790.165791 7354 -1
1700895790.165791 7354 -1
1700895790.165791 5894 -1
1700895790.165791 7354 -1
1700895790.166074 54 1
1700895790.166161 7354 -1
1700895790.166201 54 1
1700895790.177779 4434 -1
1700895790.177779 7354 -1
1700895790.177779 2974 -1
1700895790.177779 7354 -1
1700895790.177779 7354 -1
1700895790.177779 7354 -1
1700895790.177779 7354 -1
1700895790.177779 1514 -1
1700895790.177779 3565 -1
1700895790.177990 54 1
1700895790.350391 209 1
1700895790.352008 60 -1
1700895790.356492 949 -1
1700895790.356492 856 -1
1700895790.356492 1742 -1
1700895790.356544 54 1
1700895794.487247 175 1
1700895794.487396 175 1
1700895794.489383 60 -1
1700895794.489891 175 1
1700895794.491201 174 1
1700895794.491200 1048 -1
1700895794.491200 1046 -1
1700895794.491200 423 -1
1700895794.491200 654 -1
1700895794.491290 54 1
1700895794.498775 175 1
1700895794.499810 175 1
1700895794.500028 1047 -1
1700895794.500028 560 -1
1700895794.500108 54 1
1700895794.500404 175 1
1700895794.501440 175 1
1700895794.507586 60 -1
1700895794.507586 994 -1
1700895794.507586 1002 -1
1700895794.507586 1047 -1
1700895794.507586 4648 -1
1700895794.507586 4661 -1
1700895794.507586 1018 -1
1700895794.507586 4179 -1
1700895794.507804 54 1
1700895794.550456 175 1
1700895794.550610 175 1
1700895794.550723 175 1
1700895794.559414 174 1
1700895794.559594 175 1
1700895794.559678 170 1
1700895794.561852 60 -1
1700895794.561852 1049 -1
1700895794.561852 1801 -1
1700895794.561852 1045 -1
1700895794.561852 552 -1
1700895794.561852 1048 -1
1700895794.561852 2909 -1
1700895794.561852 60 -1
1700895794.562035 54 1
1700895794.564314 1047 -1
1700895794.564314 868 -1
1700895794.564314 1048 -1
1700895794.564314 1011 -1
1700895794.564314 2870 -1
1700895794.564314 7354 -1
1700895794.564314 7354 -1
1700895794.564516 54 1
1700895794.564644 1860 -1
1700895794.564668 54 1
1700895794.564776 2974 -1
1700895794.564803 54 1
1700895794.565311 7354 -1
1700895794.565349 54 1
1700895794.565384 1514 -1
1700895794.565416 54 1
1700895794.565516 2974 -1
1700895794.565542 54 1
1700895794.566266 1514 -1
1700895794.566266 1514 -1
1700895794.566266 7354 -1
1700895794.566339 54 1
1700895794.567723 7354 -1
1700895794.567723 2974 -1
1700895794.567723 1514 -1
1700895794.567814 54 1
1700895794.567862 7354 -1
1700895794.567903 54 1
1700895794.568422 7354 -1
1700895794.568451 54 1
1700895794.569027 1514 -1
1700895794.569053 54 1
1700895794.569093 10274 -1
1700895794.569139 54 1
1700895794.569882 4434 -1
1700895794.569905 54 1
1700895794.570247 2974 -1
1700895794.570267 54 1
1700895794.570758 1830 -1
1700895794.570785 54 1
1700895794.846383 142 1
1700895794.849346 1050 -1
1700895794.849346 5894 -1
1700895794.850142 54 1
1700895794.851381 8814 -1
1700895794.851381 7354 -1
1700895794.851381 7354 -1
1700895794.851526 54 1
1700895794.855522 89 1
1700895794.857464 5894 -1
1700895794.857464 7354 -1
1700895794.857464 1514 -1
1700895794.857464 7354 -1
1700895794.857464 7354 -1
1700895794.857464 7354 -1
1700895794.857464 7354 -1
1700895794.857464 5894 -1
1700895794.857464 5894 -1
1700895794.857464 2974 -1
1700895794.857464 7354 -1
1700895794.857464 7354 -1
1700895794.857824 54 1
1700895794.857860 54 1
1700895794.857905 7354 -1
1700895794.857959 54 1
1700895794.864968 7354 -1
1700895794.864968 1514 -1
1700895794.864968 4434 -1
1700895794.864968 7354 -1
1700895794.864968 7354 -1
1700895794.864968 4434 -1
1700895794.864968 7354 -1
1700895794.864968 2974 -1
1700895794.864968 7354 -1
1700895794.864968 7354 -1
1700895794.864968 2974 -1
1700895794.864968 7354 -1
1700895794.864968 4434 -1
1700895794.864968 5894 -1
1700895794.864968 7354 -1
1700895794.865353 54 1
1700895794.865437 1514 -1
1700895794.865457 54 1
1700895794.865472 54 1
1700895794.865519 5894 -1
1700895794.865555 54 1
1700895794.865633 54 1
1700895794.866003 7354 -1
1700895794.866046 54 1
1700895794.866618 7354 -1
1700895794.866677 54 1
1700895794.867138 1514 -1
1700895794.867253 2588 -1
1700895794.867302 54 1
1700895795.375102 136 1
1700895795.378006 1075 -1
1700895795.378006 13194 -1
1700895795.378103 54 1
1700895795.378778 1514 -1
1700895795.378895 3319 -1
1700895795.378923 54 1
1700895795.499140 231 1
1700895795.499275 225 1
1700895795.499354 225 1
1700895795.502582 224 1
1700895795.502699 222 1
1700895795.502806 222 1
1700895795.513781 60 -1
1700895795.513781 979 -1
1700895795.513781 806 -1
1700895795.513781 3909 -1
1700895795.513910 54 1
1700895795.524757 60 -1
1700895795.524757 950 -1
1700895795.524757 851 -1
1700895795.524757 4852 -1
1700895795.524757 1098 -1
1700895795.524757 666 -1
1700895795.524757 5922 -1
1700895795.524757 976 -1
1700895795.524757 811 -1
1700895795.524757 4820 -1
1700895795.524757 1050 -1
1700895795.524757 731 -1
1700895795.524757 4907 -1
1700895795.524990 54 1
1700895795.527496 978 -1
1700895795.527496 811 -1
1700895795.527595 54 1
1700895795.527662 3663 -1
1700895795.527702 54 1
1700895795.607800 89 1
1700895795.654491 60 -1
1700895797.312706 222 1
1700895797.312824 224 1
1700895797.313921 60 -1
1700895797.313991 60 -1
1700895797.314923 222 1
1700895797.315058 222 1
1700895797.315142 226 1
1700895797.315217 222 1
1700895797.316374 60 -1
1700895797.316374 60 -1
1700895797.316421 60 -1
1700895797.316421 60 -1
1700895797.323509 1050 -1
1700895797.323509 731 -1
1700895797.323509 1054 -1
1700895797.323584 54 1
1700895797.323940 728 -1
1700895797.323940 979 -1
1700895797.323940 4434 -1
1700895797.323969 54 1
1700895797.324005 1514 -1
1700895797.324130 9160 -1
1700895797.324214 66 1
1700895797.325034 3717 -1
1700895797.325080 66 1
1700895797.325208 5334 -1
1700895797.325255 66 1
1700895797.325939 5571 -1
1700895797.325982 66 1
1700895797.331761 1514 -1
1700895797.331761 948 -1
1700895797.331761 855 -1
1700895797.331761 3115 -1
1700895797.331923 54 1
1700895797.332000 54 1
1700895797.333932 1051 -1
1700895797.333932 732 -1
1700895797.333932 3931 -1
1700895797.333991 54 1
1700895797.366299 980 -1
1700895797.366299 811 -1
1700895797.366299 4833 -1
1700895797.366381 54 1
1700895797.660743 54 1
1700895797.665167 78 -1
1700895797.665167 60 -1
1700895797.665209 54 1
1700895797.665723 54 1
1700895797.685671 78 -1
1700895797.685671 60 -1
1700895797.685671 60 -1
1700895797.685750 54 1
1700895798.846467 66 1
1700895798.847645 66 -1
1700895798.847718 54 1
1700895798.850124 638 1
1700895798.851436 60 -1
1700895798.862885 2779 -1
1700895798.862942 54 1
1700895798.865230 134 1
1700895798.865577 146 1
1700895798.865909 483 1
1700895798.866751 60 -1
1700895798.866837 357 -1
1700895798.866837 357 -1
1700895798.866881 54 1
1700895798.867097 60 -1
1700895798.867097 60 -1
1700895798.869147 115 -1
1700895798.869147 85 -1
1700895798.869147 1024 -1
1700895798.869196 54 1
1700895798.869247 16460 -1
1700895798.869312 54 1
1700895798.869972 85 1
1700895798.870401 8814 -1
1700895798.870457 54 1
1700895798.871198 1514 -1
1700895798.871198 4434 -1
1700895798.871252 54 1
1700895798.871510 1891 -1
1700895798.871727 54 1
1700895798.871766 5894 -1
1700895798.871802 54 1
1700895798.872166 7354 -1
1700895798.872213 54 1
1700895798.872754 3382 -1
1700895798.872793 54 1
1700895798.873039 7354 -1
1700895798.873084 54 1
1700895798.873819 7354 -1
1700895798.873859 54 1
1700895798.874322 7354 -1
1700895798.874360 54 1
1700895798.874943 7354 -1
1700895798.874987 54 1
1700895798.875502 7354 -1
1700895798.875570 54 1
1700895798.876236 7354 -1
1700895798.876301 54 1
1700895798.876721 7354 -1
1700895798.876783 54 1
1700895798.877325 7354 -1
1700895798.877389 54 1
1700895798.877925 7354 -1
1700895798.877992 54 1
1700895798.878562 7354 -1
1700895798.878627 54 1
1700895798.879144 7354 -1
1700895798.879209 54 1
1700895798.880649 2328 -1
1700895798.880702 54 1
1700895802.366451 66 1
1700895802.367859 66 -1
1700895802.367966 54 1
1700895802.370996 966 1
1700895802.372258 60 -1
1700895802.372974 318 -1
1700895802.373654 134 1
1700895802.374052 146 1
1700895802.374960 578 1
1700895802.374982 60 -1
1700895802.375061 341 -1
1700895802.375061 60 -1
1700895802.375170 222 1
1700895802.375260 224 1
1700895802.375317 222 1
1700895802.375363 222 1
1700895802.375638 222 1
1700895802.375851 234 1
1700895802.375958 115 -1
1700895802.375958 85 -1
1700895802.375995 54 1
1700895802.376045 60 -1
1700895802.376787 85 1
1700895802.376996 60 -1
1700895802.376996 60 -1
1700895802.376996 60 -1
1700895802.376996 60 -1
1700895802.376996 60 -1
1700895802.376996 60 -1
1700895802.377779 60 -1
1700895802.390042 977 -1
1700895802.390042 808 -1
1700895802.390042 7791 -1
1700895802.390042 983 -1
1700895802.390042 805 -1
1700895802.390042 4904 -1
1700895802.390245 54 1
1700895802.407949 1051 -1
1700895802.407949 731 -1
1700895802.407949 4570 -1
1700895802.407949 190 -1
1700895802.408057 66 1
1700895802.417179 1057 -1
1700895802.417179 730 -1
1700895802.417179 6334 -1
1700895802.417298 54 1
1700895802.427225 982 -1
1700895802.427225 806 -1
1700895802.427225 1806 -1
1700895802.427314 54 1
1700895802.450029 1081 -1
1700895802.450116 54 1
1700895802.450172 528 -1
1700895802.461522 4206 -1
1700895802.462070 54 1
1700895802.534232 1057 -1
1700895802.534232 730 -1
1700895802.534232 6576 -1
1700895802.534349 54 1
1700895804.453216 224 1
1700895804.455139 60 -1
1700895804.462525 1053 -1
1700895804.462525 730 -1
1700895804.462525 6580 -1
1700895804.464288 54 1
1700895804.468117 230 1
1700895804.470991 232 1
1700895804.472503 223 1
1700895804.472607 230 1
1700895804.473069 232 1
1700895804.473173 222 1
1700895804.475079 60 -1
1700895804.478766 984 -1
1700895804.478766 797 -1
1700895804.478766 3647 -1
1700895804.478859 54 1
1700895804.492869 979 -1
1700895804.492869 810 -1
1700895804.492869 4060 -1
1700895804.492869 1053 -1
1700895804.492869 730 -1
1700895804.492869 1053 -1
1700895804.492869 728 -1
1700895804.492869 7354 -1
1700895804.492869 3806 -1
1700895804.492869 1514 -1
1700895804.492869 3461 -1
1700895804.493171 54 1
1700895804.508761 1054 -1
1700895804.508761 730 -1
1700895804.508761 4016 -1
1700895804.508864 54 1
1700895804.516935 1031 -1
1700895804.516935 761 -1
1700895804.517022 54 1
1700895804.527596 2974 -1
1700895804.527596 4821 -1
1700895804.527710 54 1
1700895806.960579 230 1
1700895806.963723 230 1
1700895806.967075 60 -1
1700895806.986482 1053 -1
1700895806.986482 730 -1
1700895806.986556 54 1
1700895806.992991 1052 -1
1700895806.992991 729 -1
1700895806.992991 1514 -1
1700895806.992991 4474 -1
1700895806.993100 54 1
1700895807.002175 6460 -1
1700895807.002294 54 1
1700895807.610154 54 1
1700895807.610389 54 1
1700895807.614161 78 -1
1700895807.614161 60 -1
1700895807.614226 54 1
1700895807.619974 78 -1
1700895807.619974 60 -1
1700895807.620259 54 1
1700895808.632738 66 1
1700895808.642130 66 -1
1700895808.642249 54 1
1700895808.644073 870 1
1700895808.645816 60 -1
1700895808.646550 318 -1
1700895808.651195 134 1
1700895808.651580 146 1
1700895808.652332 578 1
1700895808.652443 224 1
1700895808.652896 231 1
1700895808.653008 223 1
1700895808.653866 222 1
1700895808.663943 60 -1
1700895808.663943 60 -1
1700895808.663943 60 -1
1700895808.663943 60 -1
1700895808.663943 341 -1
1700895808.663943 60 -1
1700895808.663943 60 -1
1700895808.663943 115 -1
1700895808.663943 85 -1
1700895808.663943 979 -1
1700895808.663943 808 -1
1700895808.663943 3485 -1
1700895808.663943 980 -1
1700895808.663943 810 -1
1700895808.663943 5114 -1
1700895808.663943 1731 -1
1700895808.663943 3075 -1
1700895808.664106 54 1
1700895808.665067 85 1
1700895808.668805 60 -1
1700895808.670230 60 -1
1700895808.670230 975 -1
1700895808.670284 817 -1
1700895808.670300 54 1
1700895808.670428 6913 -1
1700895808.670466 54 1
1700895808.696874 1056 -1
1700895808.696874 725 -1
1700895808.696874 9753 -1
1700895808.697008 54 1
1700895808.708565 993 -1
1700895808.708655 66 1
1700895810.237189 224 1
1700895810.239177 221 1
1700895810.239280 226 1
1700895810.239589 232 1
1700895810.241363 222 1
1700895810.244824 60 -1
1700895810.245002 60 -1
1700895810.245002 60 -1
1700895810.245002 60 -1
1700895810.245002 60 -1
1700895810.253047 1053 -1
1700895810.253133 730 -1
1700895810.253133 5992 -1
1700895810.253193 54 1
1700895810.255706 223 1
1700895810.256832 1046 -1
1700895810.256832 735 -1
1700895810.256888 54 1
1700895810.256963 221 1
1700895810.267854 1052 -1
1700895810.267854 1659 -1
1700895810.267854 812 -1
1700895810.267854 5360 -1
1700895810.267854 5367 -1
1700895810.267854 3110 -1
1700895810.267854 1051 -1
1700895810.267854 730 -1
1700895810.267854 4938 -1
1700895810.268009 54 1
1700895810.279250 1054 -1
1700895810.279250 729 -1
1700895810.279250 3043 -1
1700895810.279375 54 1
1700895810.307013 977 -1
1700895810.307013 810 -1
1700895810.307013 5967 -1
1700895810.307114 54 1
1700895812.270410 222 1
1700895812.270986 223 1
1700895812.271464 223 1
1700895812.272005 223 1
1700895812.272480 222 1
1700895812.272911 222 1
1700895812.273351 222 1
1700895812.273766 231 1
1700895812.279686 60 -1
1700895812.285954 60 -1
1700895812.292286 976 -1
1700895812.292286 849 -1
1700895812.292407 54 1
1700895812.294152 4397 -1
1700895812.294152 1048 -1
1700895812.294227 54 1
1700895812.294394 732 -1
1700895812.296067 5555 -1
1700895812.296125 54 1
1700895812.311870 1055 -1
1700895812.311870 728 -1
1700895812.311870 1050 -1
1700895812.311870 733 -1
1700895812.311870 808 -1
1700895812.311870 982 -1
1700895812.311870 7354 -1
1700895812.311870 1736 -1
1700895812.311870 3748 -1
1700895812.311870 3135 -1
1700895812.312039 66 1
1700895812.312092 54 1
1700895812.312118 54 1
1700895812.320066 1075 -1
1700895812.320066 698 -1
1700895812.320148 54 1
1700895812.322014 7354 -1
1700895812.322066 54 1
1700895812.322287 2506 -1
1700895812.322308 54 1
1700895812.389182 1157 -1
1700895812.389182 582 -1
1700895812.389182 276 -1
1700895812.389295 54 1
1700895812.389412 1514 -1
1700895812.389450 54 1
1700895812.389503 2974 -1
1700895812.389532 54 1
1700895812.389576 1514 -1
1700895812.389904 60 -1
1700895812.389935 54 1
1700895812.620927 1084 -1
1700895812.620927 497 -1
1700895812.620927 4381 -1
1700895812.621049 54 1
1700895815.884486 221 1
1700895815.885801 224 1
1700895815.897079 224 1
1700895815.901996 60 -1
1700895815.901996 1051 -1
1700895815.901996 732 -1
1700895815.901996 4882 -1
1700895815.902119 54 1
1700895815.907507 224 1
1700895815.907550 502 -1
1700895815.907626 66 1
1700895815.908837 89 1
1700895815.908967 223 1
1700895815.909056 223 1
1700895815.915660 60 -1
1700895815.915660 983 -1
1700895815.915660 812 -1
1700895815.915660 6752 -1
1700895815.915829 54 1
1700895815.923328 1022 -1
1700895815.923328 773 -1
1700895815.923328 5378 -1
1700895815.923328 981 -1
1700895815.923328 810 -1
1700895815.923328 6084 -1
1700895815.923328 956 -1
1700895815.923328 846 -1
1700895815.923328 1031 -1
1700895815.923328 744 -1
1700895815.923328 3591 -1
1700895815.923328 2974 -1
1700895815.923328 7324 -1
1700895815.923540 54 1
1700895817.565699 226 1
1700895817.567956 223 1
1700895817.569474 223 1
1700895817.569524 60 -1
1700895817.569691 222 1
1700895817.570107 222 1
1700895817.570223 224 1
1700895817.572783 223 1
1700895817.574892 60 -1
1700895817.577007 60 -1
1700895817.586358 978 -1
1700895817.587563 810 -1
1700895817.587563 5688 -1
1700895817.587563 977 -1
1700895817.587563 815 -1
1700895817.588032 54 1
1700895817.589194 1079 -1
1700895817.589194 694 -1
1700895817.589194 3241 -1
1700895817.589269 54 1
1700895817.594040 1514 -1
1700895817.594040 4123 -1
1700895817.594040 1096 -1
1700895817.594040 702 -1
1700895817.594040 7354 -1
1700895817.594040 380 -1
1700895817.594161 54 1
1700895817.597637 1053 -1
1700895817.597637 728 -1
1700895817.597637 7642 -1
1700895817.597888 54 1
1700895817.602548 1050 -1
1700895817.602548 734 -1
1700895817.602632 54 1
1700895817.602863 6396 -1
1700895817.602926 54 1
1700895817.759287 1089 -1
1700895817.759287 492 -1
1700895817.759368 54 1
1700895817.760763 3574 -1
1700895817.760813 54 1
1700895819.187306 224 1
1700895819.187933 223 1
1700895819.188490 223 1
1700895819.190394 224 1
1700895819.190466 60 -1
1700895819.191615 222 1
1700895819.192484 231 1
1700895819.192710 227 1
1700895819.194873 60 -1
1700895819.197028 1052 -1
1700895819.197028 727 -1
1700895819.197072 54 1
1700895819.202825 7354 -1
1700895819.202825 1491 -1
1700895819.202930 54 1
1700895819.206301 1054 -1
1700895819.206301 731 -1
1700895819.206301 978 -1
1700895819.206301 812 -1
1700895819.206301 3234 -1
1700895819.206301 3716 -1
1700895819.206301 1052 -1
1700895819.206301 729 -1
1700895819.206301 4289 -1
1700895819.206448 54 1
1700895819.212105 1032 -1
1700895819.212105 730 -1
1700895819.212105 8430 -1
1700895819.212186 54 1
1700895819.227659 1048 -1
1700895819.227659 733 -1
1700895819.227659 1053 -1
1700895819.227659 727 -1
1700895819.227961 54 1
1700895819.230640 6195 -1
1700895819.230720 54 1
1700895819.231116 6166 -1
1700895819.231157 54 1
1700895820.762178 221 1
1700895820.762368 224 1
1700895820.762442 222 1
1700895820.762511 232 1
1700895820.762674 223 1
1700895820.764152 60 -1
1700895820.774422 66 1
1700895820.775820 66 -1
1700895820.775936 54 1
1700895820.776233 975 -1
1700895820.776233 816 -1
1700895820.776233 1054 -1
1700895820.776233 3244 -1
1700895820.776292 54 1
1700895820.776515 621 -1
1700895820.777499 66 1
1700895820.778438 66 -1
1700895820.778522 54 1
1700895820.779433 663 1
1700895820.780178 663 1
1700895820.780708 60 -1
1700895820.782352 60 -1
1700895820.791396 2974 -1
1700895820.791396 957 -1
1700895820.791518 54 1
1700895820.798340 2974 -1
1700895820.798340 957 -1
1700895820.798432 54 1
1700895820.798544 948 -1
1700895820.798544 853 -1
1700895820.798544 7354 -1
1700895820.798544 366 -1
1700895820.798612 54 1
1700895820.801527 134 1
1700895820.802663 60 -1
1700895820.803694 957 -1
1700895820.803730 66 1
1700895820.803892 341 -1
1700895820.803892 341 -1
1700895820.803924 54 1
1700895820.805404 134 1
1700895820.805858 54 1
1700895820.806037 146 1
1700895820.806444 585 1
1700895820.806534 227 1
1700895820.808385 60 -1
1700895820.808455 341 -1
1700895820.808455 341 -1
1700895820.808504 54 1
1700895820.808890 93 -1
1700895820.808890 78 -1
1700895820.808890 60 -1
1700895820.811826 60 -1
1700895820.811826 60 -1
1700895820.811826 60 -1
1700895820.812032 1054 -1
1700895820.812032 730 -1
1700895820.812032 6265 -1
1700895820.814349 54 1
1700895820.815707 115 -1
1700895820.815707 85 -1
1700895820.815856 54 1
1700895820.816623 85 1
1700895820.817015 1167 -1
1700895820.817015 485 -1
1700895820.817079 54 1
1700895820.817147 4707 -1
1700895820.817213 54 1
1700895820.817930 60 -1
1700895820.820918 1197 -1
1700895820.820918 445 -1
1700895820.820918 5798 -1
1700895820.821007 54 1
1700895820.821207 1033 -1
1700895820.821960 736 -1
1700895820.821960 3737 -1
1700895820.822016 54 1
1700895822.851074 220 1
1700895822.852649 226 1
1700895822.852761 221 1
1700895822.852822 227 1
1700895822.853542 221 1
1700895822.853646 219 1
1700895822.853761 230 1
1700895822.853861 227 1
1700895822.856018 60 -1
1700895822.856018 60 -1
1700895822.860765 1178 -1
1700895822.860765 474 -1
1700895822.860765 1193 -1
1700895822.860765 9181 -1
1700895822.860901 54 1
1700895822.861435 1174 -1
1700895822.861435 1992 -1
1700895822.861472 54 1
1700895822.861792 7354 -1
1700895822.861838 54 1
1700895822.867184 7354 -1
1700895822.867184 1860 -1
1700895822.867184 7354 -1
1700895822.867184 4866 -1
1700895822.867184 5477 -1
1700895822.867184 1514 -1
1700895822.867184 155 -1
1700895822.867184 5894 -1
1700895822.867184 7354 -1
1700895822.867184 1768 -1
1700895822.867184 5894 -1
1700895822.867184 2572 -1
1700895822.867458 54 1
1700895826.688351 221 1
1700895826.693826 1177 -1
1700895826.693826 477 -1
1700895826.693826 3132 -1
1700895826.693977 54 1
1700895826.695705 230 1
1700895826.696041 229 1
1700895826.699746 60 -1
1700895826.702609 1176 -1
1700895826.702609 478 -1
1700895826.702609 1173 -1
1700895826.702609 484 -1
1700895826.702609 7354 -1
1700895826.702642 228 1
1700895826.702744 54 1
1700895826.702784 219 1
1700895826.703571 3083 -1
1700895826.703571 7354 -1
1700895826.703622 54 1
1700895826.705365 89 1
1700895826.705455 223 1
1700895826.705560 218 1
1700895826.705626 226 1
1700895826.709988 1357 -1
1700895826.709988 60 -1
1700895826.710915 1175 -1
1700895826.710915 474 -1
1700895826.710915 1176 -1
1700895826.710915 473 -1
1700895826.711047 54 1
1700895826.712219 4292 -1
1700895826.712262 54 1
1700895826.712502 2794 -1
1700895826.712522 54 1
1700895826.717430 1180 -1
1700895826.717430 472 -1
1700895826.717430 1175 -1
1700895826.717430 4961 -1
1700895826.717430 472 -1
1700895826.717430 1174 -1
1700895826.717430 13591 -1
1700895826.717578 54 1
1700895826.718203 5329 -1
1700895826.718236 54 1
1700895827.632263 54 1
1700895827.632624 54 1
1700895827.633360 78 -1
1700895827.633360 60 -1
1700895827.633401 54 1
1700895827.633994 78 -1
1700895827.633994 60 -1
1700895827.634033 54 1
1700895828.285201 66 1
1700895828.287445 66 -1
1700895828.287570 54 1
1700895828.289823 902 1
1700895828.333832 60 -1
1700895828.333832 318 -1
1700895828.334857 134 1
1700895828.335325 146 1
1700895828.336408 577 1
1700895828.336501 229 1
1700895828.336584 222 1
1700895828.337487 220 1
1700895828.337609 220 1
1700895828.337680 228 1
1700895828.337759 230 1
1700895828.337845 223 1
1700895828.338457 60 -1
1700895828.338457 341 -1
1700895828.338903 60 -1
1700895828.338903 60 -1
1700895828.338903 60 -1
1700895828.338903 60 -1
1700895828.340016 60 -1
1700895828.340016 60 -1
1700895828.340016 60 -1
1700895828.340016 60 -1
1700895828.340016 60 -1
1700895828.340399 115 -1
1700895828.340399 85 -1
1700895828.340455 54 1
1700895828.340705 85 1
1700895828.341687 60 -1
1700895828.346177 1197 -1
1700895828.346177 440 -1
1700895828.346177 1144 -1
1700895828.346177 6172 -1
1700895828.346177 1200 -1
1700895828.346177 905 -1
1700895828.346177 7354 -1
1700895828.346177 3093 -1
1700895828.346177 7354 -1
1700895828.346177 2047 -1
1700895828.346177 1142 -1
1700895828.346177 521 -1
1700895828.346177 1514 -1
1700895828.346177 3043 -1
1700895828.346177 1196 -1
1700895828.346404 54 1
1700895828.346899 452 -1
1700895828.346899 1514 -1
1700895828.346899 5218 -1
1700895828.346899 1199 -1
1700895828.346964 54 1
1700895828.347027 7354 -1
1700895828.347056 54 1
1700895828.348390 6689 -1
1700895828.348390 7354 -1
1700895828.348441 54 1
1700895828.348561 7354 -1
1700895828.348590 54 1
1700895828.356001 4148 -1
1700895828.356095 54 1
1700895829.979196 229 1
1700895829.980717 228 1
1700895829.982455 219 1
1700895829.982487 60 -1
1700895829.982632 227 1
1700895829.985435 1171 -1
1700895829.985435 483 -1
1700895829.985435 6298 -1
1700895829.985575 54 1
1700895829.987631 228 1
1700895829.987915 219 1
1700895829.988250 228 1
1700895829.988338 223 1
1700895829.997047 60 -1
1700895829.997047 1198 -1
1700895829.997047 443 -1
1700895829.997047 4732 -1
1700895829.997047 1174 -1
1700895829.997047 478 -1
1700895829.997047 6650 -1
1700895829.997047 1594 -1
1700895829.997047 4483 -1
1700895829.997261 54 1
1700895830.019319 60 -1
1700895830.019319 1143 -1
1700895830.019319 514 -1
1700895830.019319 1176 -1
1700895830.019319 472 -1
1700895830.019319 3961 -1
1700895830.019319 3123 -1
1700895830.019319 1167 -1
1700895830.019319 484 -1
1700895830.019319 6366 -1
1700895830.019319 1198 -1
1700895830.019319 444 -1
1700895830.019319 4434 -1
1700895830.019319 7354 -1
1700895830.019319 136 -1
1700895830.020351 54 1
1700895832.196604 220 1
1700895832.200896 222 1
1700895832.202206 60 -1
1700895832.207458 1176 -1
1700895832.207458 473 -1
1700895832.207565 54 1
1700895832.208183 220 1
1700895832.210109 221 1
1700895832.210215 222 1
1700895832.210315 220 1
1700895832.210404 221 1
1700895832.210497 219 1
1700895832.212186 3960 -1
1700895832.212186 1174 -1
1700895832.212186 470 -1
1700895832.212186 7354 -1
1700895832.212186 3233 -1
1700895832.212362 54 1
1700895832.217107 60 -1
1700895832.217107 1200 -1
1700895832.217107 437 -1
1700895832.217107 7354 -1
1700895832.217242 54 1
1700895832.217325 7548 -1
1700895832.217366 54 1
1700895832.218026 1173 -1
1700895832.218147 478 -1
1700895832.218147 1180 -1
1700895832.218178 54 1
1700895832.218229 4167 -1
1700895832.218257 54 1
1700895832.223131 467 -1
1700895832.223131 1173 -1
1700895832.223131 7354 -1
1700895832.223131 2898 -1
1700895832.223131 7058 -1
1700895832.223131 1144 -1
1700895832.223131 4132 -1
1700895832.223131 3962 -1
1700895832.223311 54 1
1700895836.938022 219 1
1700895836.938160 219 1
1700895836.938240 229 1
1700895836.938344 223 1
1700895836.941952 220 1
1700895836.942610 229 1
1700895836.944693 222 1
1700895836.945136 230 1
1700895836.946008 60 -1
1700895836.948118 60 -1
1700895836.951349 1173 -1
1700895836.951349 481 -1
1700895836.951349 4573 -1
1700895836.951407 54 1
1700895836.951755 1181 -1
1700895836.951755 468 -1
1700895836.951755 1197 -1
1700895836.951755 7759 -1
1700895836.951994 54 1
1700895836.952613 4731 -1
1700895836.952643 54 1
1700895836.952824 1197 -1
1700895836.952846 54 1
1700895836.953133 446 -1
1700895836.953133 10092 -1
1700895836.953205 54 1
1700895836.953858 1171 -1
1700895836.954186 89 1
1700895836.954270 481 -1
1700895836.954270 5199 -1
1700895836.954308 54 1
1700895836.954349 1174 -1
1700895836.954366 54 1
1700895836.954402 476 -1
1700895836.954418 54 1
1700895836.954443 1152 -1
1700895836.954458 54 1
1700895836.954595 513 -1
1700895836.954595 6369 -1
1700895836.954637 54 1
1700895836.955141 4102 -1
1700895836.955190 54 1
1700895836.955480 1173 -1
1700895836.955503 54 1
1700895836.955540 480 -1
1700895836.955563 54 1
1700895836.955599 4434 -1
1700895836.955627 54 1
1700895836.956146 905 -1
1700895836.996987 60 -1
1700895837.001071 54 1
1700895837.654733 54 1
1700895837.656132 78 -1
1700895837.656132 60 -1
1700895837.656174 54 1
1700895838.634213 66 1
1700895838.635482 66 -1
1700895838.635615 54 1
1700895838.636294 870 1
1700895838.637325 60 -1
1700895838.637841 318 -1
1700895838.638519 134 1
1700895838.638946 146 1
1700895838.639956 583 1
1700895838.640082 221 1
1700895838.640179 230 1
1700895838.640291 230 1
1700895838.640401 227 1
1700895838.640523 222 1
1700895838.640622 225 1
1700895838.640718 231 1
1700895838.643976 60 -1
1700895838.643976 341 -1
1700895838.645896 60 -1
1700895838.645896 60 -1
1700895838.645896 60 -1
1700895838.645896 60 -1
1700895838.645896 60 -1
1700895838.645896 60 -1
1700895838.645896 60 -1
1700895838.645896 60 -1
1700895838.645896 60 -1
1700895838.647588 115 -1
1700895838.647588 85 -1
1700895838.647668 54 1
1700895838.647945 85 1
1700895838.648683 1169 -1
1700895838.648683 482 -1
1700895838.648737 54 1
1700895838.648803 1179 -1
1700895838.649124 5507 -1
1700895838.649172 54 1
1700895838.649212 468 -1
1700895838.649212 1180 -1
1700895838.649283 54 1
1700895838.654641 470 -1
1700895838.654641 3796 -1
1700895838.654641 1514 -1
1700895838.654641 7354 -1
1700895838.654641 165 -1
1700895838.654641 1196 -1
1700895838.654641 442 -1
1700895838.654641 1172 -1
1700895838.654641 4434 -1
1700895838.654641 3303 -1
1700895838.654641 479 -1
1700895838.654641 1196 -1
1700895838.654641 441 -1
1700895838.654641 1175 -1
1700895838.654641 5074 -1
1700895838.654641 7636 -1
1700895838.654641 1173 -1
1700895838.654641 480 -1
1700895838.654947 54 1
1700895838.655453 3495 -1
1700895838.655484 54 1
1700895840.257583 229 1
1700895840.257704 219 1
1700895840.257864 222 1
1700895840.258460 60 -1
1700895840.258578 60 -1
1700895840.258667 60 -1
1700895840.260269 230 1
1700895840.261181 60 -1
1700895840.261365 223 1
1700895840.262226 60 -1
1700895840.264054 220 1
1700895840.264171 219 1
1700895840.265034 60 -1
1700895840.265077 60 -1
1700895840.265153 221 1
1700895840.265485 1176 -1
1700895840.265485 471 -1
1700895840.265485 1176 -1
1700895840.265485 471 -1
1700895840.265569 54 1
1700895840.268311 4402 -1
1700895840.268311 5252 -1
1700895840.268414 54 1
1700895840.268537 1174 -1
1700895840.268537 474 -1
1700895840.268573 54 1
1700895840.268610 1174 -1
1700895840.268635 54 1
1700895840.268676 476 -1
1700895840.268706 5736 -1
1700895840.268740 54 1
1700895840.269196 4300 -1
1700895840.269224 54 1
1700895840.272257 1145 -1
1700895840.272257 517 -1
1700895840.272257 1199 -1
1700895840.272257 438 -1
1700895840.272257 7354 -1
1700895840.272257 821 -1
1700895840.272257 6661 -1
1700895840.272422 54 1
1700895840.272558 1172 -1
1700895840.272558 480 -1
1700895840.272558 2888 -1
1700895840.272599 54 1
1700895840.272786 1180 -1
1700895840.272809 54 1
1700895840.273059 472 -1
1700895840.273059 6126 -1
1700895840.273095 54 1
1700895841.900071 227 1
1700895841.901334 221 1
1700895841.913058 226 1
1700895841.913188 227 1
1700895841.913275 229 1
1700895841.913391 60 -1
1700895841.913391 1197 -1
1700895841.913398 230 1
1700895841.913391 446 -1
1700895841.913391 6253 -1
1700895841.913391 1175 -1
1700895841.913391 482 -1
1700895841.913391 7354 -1
1700895841.913391 2074 -1
1700895841.914949 54 1
1700895841.915085 221 1
1700895841.916314 228 1
1700895841.922244 60 -1
1700895841.922244 614 -1
1700895841.922244 1176 -1
1700895841.922244 480 -1
1700895841.922244 1178 -1
1700895841.922244 473 -1
1700895841.922244 1165 -1
1700895841.922244 5576 -1
1700895841.922244 492 -1
1700895841.922244 5047 -1
1700895841.922244 1514 -1
1700895841.922244 6907 -1
1700895841.922244 1164 -1
1700895841.922244 487 -1
1700895841.922244 7276 -1
1700895841.922393 66 1
1700895841.922480 54 1
1700895841.925296 60 -1
1700895841.928830 1163 -1
1700895841.928830 494 -1
1700895841.928830 8195 -1
1700895841.928944 54 1
1700895841.941826 1198 -1
1700895841.941826 448 -1
1700895841.941826 3610 -1
1700895841.941943 54 1
1700895843.648655 219 1
1700895843.654366 1203 -1
1700895843.654366 434 -1
1700895843.654366 7354 -1
1700895843.654461 54 1
1700895843.658410 220 1
1700895843.659187 219 1
1700895843.659279 218 1
1700895843.659992 222 1
1700895843.660055 230 1
1700895843.660696 89 1
1700895843.660760 228 1
1700895843.660818 230 1
1700895843.663174 5532 -1
1700895843.663287 54 1
1700895843.664265 60 -1
1700895843.664265 60 -1
1700895843.669674 1202 -1
1700895843.669674 436 -1
1700895843.669674 1177 -1
1700895843.669674 5657 -1
1700895843.669785 54 1
1700895843.670190 472 -1
1700895843.670208 54 1
1700895843.670555 7046 -1
1700895843.670594 54 1
1700895843.670754 1171 -1
1700895843.670780 54 1
1700895843.671043 481 -1
1700895843.671348 1170 -1
1700895843.671348 479 -1
1700895843.671348 1176 -1
1700895843.671348 470 -1
1700895843.671348 1788 -1
1700895843.671348 11141 -1
1700895843.671421 54 1
1700895843.672236 3835 -1
1700895843.672269 54 1
1700895843.672556 1171 -1
1700895843.672634 483 -1
1700895843.672650 54 1
1700895843.672687 1177 -1
1700895843.672906 4422 -1
1700895843.672935 54 1
1700895843.675054 474 -1
1700895843.675054 4804 -1
1700895843.675128 54 1
1700895845.252667 227 1
1700895845.253303 230 1
1700895845.253746 226 1
1700895845.254184 228 1
1700895845.255461 230 1
1700895845.255662 227 1
1700895845.256208 60 -1
1700895845.256816 243 1
1700895845.258114 60 -1
1700895845.260379 1177 -1
1700895845.260379 472 -1
1700895845.260379 1163 -1
1700895845.260379 491 -1
1700895845.260433 54 1
1700895845.260466 1216 -1
1700895845.260495 420 -1
1700895845.260508 54 1
1700895845.260543 7354 -1
1700895845.260564 54 1
1700895845.261141 686 -1
1700895845.261178 54 1
1700895845.261340 5894 -1
1700895845.261365 54 1
1700895845.261700 3015 -1
1700895845.261723 54 1
1700895845.262211 1273 -1
1700895845.262211 1598 -1
1700895845.262211 1514 -1
1700895845.262242 54 1
1700895845.262306 4110 -1
1700895845.262322 54 1
1700895845.262656 1191 -1
1700895845.262761 453 -1
1700895845.262777 54 1
1700895845.262804 3577 -1
1700895845.262830 54 1
1700895845.263097 1177 -1
1700895845.263126 54 1
1700895845.263179 473 -1
1700895845.263204 852 -1
1700895845.263214 54 1
1700895845.263268 1205 -1
1700895845.263403 432 -1
1700895845.263424 54 1
1700895845.263510 1645 -1
1700895845.263526 54 1
1700895847.672717 54 1
1700895847.674562 78 -1
1700895847.674562 60 -1
1700895847.674703 54 1
1700895847.685084 60 -1
