1700897848.299103 66 1
1700897848.299569 66 1
1700897848.300032 66 1
1700897848.300571 66 1
1700897848.300997 66 1
1700897848.301316 66 -1
1700897848.301438 54 1
1700897848.301512 66 1
1700897848.304703 66 -1
1700897848.305130 574 1
1700897848.305309 54 1
1700897848.305776 670 1
1700897848.308217 60 -1
1700897848.313301 60 -1
1700897848.314538 66 -1
1700897848.314538 66 -1
1700897848.314538 66 -1
1700897848.314696 54 1
1700897848.314731 54 1
1700897848.314747 54 1
1700897848.315253 670 1
1700897848.315735 574 1
1700897848.316157 606 1
1700897848.321906 66 -1
1700897848.321970 54 1
1700897848.322788 2777 -1
1700897848.322839 54 1
1700897848.323209 606 1
1700897848.327710 2779 -1
1700897848.327710 1319 -1
1700897848.327779 66 1
1700897848.329082 60 -1
1700897848.330434 66 1
1700897848.331836 66 -1
1700897848.331920 54 1
1700897848.334170 134 1
1700897848.334979 134 1
1700897848.335225 60 -1
1700897848.335351 357 -1
1700897848.335474 341 -1
1700897848.335496 54 1
1700897848.335536 663 1
1700897848.336723 60 -1
1700897848.336723 60 -1
1700897848.336723 60 -1
1700897848.336723 2778 -1
1700897848.336806 54 1
1700897848.338174 54 1
1700897848.338495 146 1
1700897848.340632 54 1
1700897848.340938 54 1
1700897848.341088 54 1
1700897848.341145 54 1
1700897848.341322 54 1
1700897848.341863 60 -1
1700897848.342126 115 -1
1700897848.342126 85 -1
1700897848.342169 54 1
1700897848.342782 2777 -1
1700897848.342786 2778 -1
1700897848.342786 2778 -1
1700897848.342827 54 1
1700897848.342832 54 1
1700897848.342903 54 1
1700897848.343868 60 -1
1700897848.343877 60 -1
1700897848.343877 60 -1
1700897848.345123 60 -1
1700897848.345123 60 -1
1700897848.345123 357 -1
1700897848.345123 341 -1
1700897848.345123 93 -1
1700897848.345123 78 -1
1700897848.345123 60 -1
1700897848.345905 66 1
1700897848.346112 54 1
1700897848.349253 487 1
1700897848.349436 176 1
1700897848.349561 165 1
1700897848.349677 170 1
1700897848.349799 172 1
1700897848.349920 177 1
1700897848.350036 168 1
1700897848.350157 170 1
1700897848.350273 60 -1
1700897848.350325 168 1
1700897848.350437 60 -1
1700897848.350481 168 1
1700897848.350568 60 -1
1700897848.350623 168 1
1700897848.350657 60 -1
1700897848.350714 60 -1
1700897848.350808 176 1
1700897848.350879 60 -1
1700897848.350953 180 1
1700897848.350995 60 -1
1700897848.351102 182 1
1700897848.351213 171 1
1700897848.351327 171 1
1700897848.351456 166 1
1700897848.351520 60 -1
1700897848.351607 171 1
1700897848.351720 174 1
1700897848.351851 172 1
1700897848.351974 169 1
1700897848.352011 60 -1
1700897848.352104 171 1
1700897848.352197 195 1
1700897848.352278 172 1
1700897848.352341 195 1
1700897848.352446 195 1
1700897848.352509 169 1
1700897848.352600 195 1
1700897848.352687 175 1
1700897848.352791 175 1
1700897848.352903 175 1
1700897848.353024 174 1
1700897848.353138 175 1
1700897848.353264 174 1
1700897848.353399 175 1
1700897848.353523 175 1
1700897848.353635 60 -1
1700897848.353883 175 1
1700897848.354009 174 1
1700897848.354122 175 1
1700897848.354235 175 1
1700897848.354349 175 1
1700897848.354486 175 1
1700897848.354585 175 1
1700897848.354619 60 -1
1700897848.354711 1514 -1
1700897848.354723 175 1
1700897848.354829 175 1
1700897848.354873 1317 -1
1700897848.354915 175 1
1700897848.354917 54 1
1700897848.355001 175 1
1700897848.355071 174 1
1700897848.355146 175 1
1700897848.355257 175 1
1700897848.355340 175 1
1700897848.355440 175 1
1700897848.355523 175 1
1700897848.355606 175 1
1700897848.355697 175 1
1700897848.355813 174 1
1700897848.355908 175 1
1700897848.355998 175 1
1700897848.356110 175 1
1700897848.356225 175 1
1700897848.356337 175 1
1700897848.356466 174 1
1700897848.356573 175 1
1700897848.356691 175 1
1700897848.356802 174 1
1700897848.356912 175 1
1700897848.357016 175 1
1700897848.357161 175 1
1700897848.357263 175 1
1700897848.357384 175 1
1700897848.357529 165 1
1700897848.357648 175 1
1700897848.357778 165 1
1700897848.357892 165 1
1700897848.358014 165 1
1700897848.358130 165 1
1700897848.358249 165 1
1700897848.358387 165 1
1700897848.358527 164 1
1700897848.361204 6218 -1
1700897848.361204 1050 -1
1700897848.361204 1075 -1
1700897848.361204 7354 -1
1700897848.361204 7354 -1
1700897848.361204 1860 -1
1700897848.361204 21954 -1
1700897848.361204 1514 -1
1700897848.361204 1514 -1
1700897848.361204 332 -1
1700897848.361204 7354 -1
1700897848.361204 7354 -1
1700897848.361204 7354 -1
1700897848.361204 7354 -1
1700897848.361461 66 1
1700897848.361513 54 1
1700897848.361668 54 1
1700897848.361749 6511 -1
1700897848.361807 54 1
1700897848.361867 60 -1
1700897848.361867 2974 -1
1700897848.361914 54 1
1700897848.362104 60 -1
1700897848.362104 60 -1
1700897848.362104 60 -1
1700897848.362104 60 -1
1700897848.362104 60 -1
1700897848.362104 60 -1
1700897848.362104 60 -1
1700897848.362568 1050 -1
1700897848.362568 5894 -1
1700897848.362608 66 1
1700897848.362652 54 1
1700897848.362739 85 1
1700897848.362911 54 1
1700897848.363541 2974 -1
1700897848.363541 2974 -1
1700897848.363541 7354 -1
1700897848.363589 54 1
1700897848.364007 7354 -1
1700897848.364031 54 1
1700897848.364616 7354 -1
1700897848.364642 54 1
1700897848.366199 7354 -1
1700897848.366225 54 1
1700897848.367198 4434 -1
1700897848.367217 54 1
1700897848.367708 7354 -1
1700897848.367732 54 1
1700897848.368310 7354 -1
1700897848.368329 54 1
1700897848.368933 4434 -1
1700897848.368953 54 1
1700897848.369283 7354 -1
1700897848.369312 54 1
1700897848.369937 7354 -1
1700897848.370010 54 1
1700897848.370546 7354 -1
1700897848.370608 54 1
1700897848.370894 134 1
1700897848.371154 7354 -1
1700897848.371178 54 1
1700897848.371784 7354 -1
1700897848.371816 54 1
1700897848.372511 5894 -1
1700897848.372536 54 1
1700897848.372912 7354 -1
1700897848.372940 54 1
1700897848.373557 7354 -1
1700897848.373590 54 1
1700897848.374100 60 -1
1700897848.374100 341 -1
1700897848.374100 341 -1
1700897848.374115 7354 -1
1700897848.374159 54 1
1700897848.374192 54 1
1700897848.374723 7354 -1
1700897848.374766 54 1
1700897848.374837 146 1
1700897848.375360 7354 -1
1700897848.375403 54 1
1700897848.376005 7354 -1
1700897848.376013 60 -1
1700897848.376035 54 1
1700897848.376571 115 -1
1700897848.376571 85 -1
1700897848.376593 7354 -1
1700897848.376609 54 1
1700897848.376616 54 1
1700897848.377185 2974 -1
1700897848.377214 54 1
1700897848.377598 4434 -1
1700897848.377627 54 1
1700897848.377792 2974 -1
1700897848.377812 54 1
1700897848.378535 7354 -1
1700897848.378562 54 1
1700897848.378660 7354 -1
1700897848.378695 54 1
1700897848.379252 1514 -1
1700897848.379268 54 1
1700897848.379369 2974 -1
1700897848.379420 54 1
1700897848.379688 5894 -1
1700897848.379708 54 1
1700897848.380115 7354 -1
1700897848.380155 54 1
1700897848.381974 85 1
1700897848.382155 585 1
1700897848.383682 7354 -1
1700897848.383682 7354 -1
1700897848.383682 5894 -1
1700897848.383682 1514 -1
1700897848.383682 5894 -1
1700897848.383682 7354 -1
1700897848.383867 66 1
1700897848.383945 66 1
1700897848.384003 2974 -1
1700897848.384003 7354 -1
1700897848.384037 66 1
1700897848.384080 66 1
1700897848.384678 2974 -1
1700897848.384715 74 1
1700897848.384926 2974 -1
1700897848.384961 74 1
1700897848.385080 7354 -1
1700897848.385132 74 1
1700897848.385730 7354 -1
1700897848.385802 74 1
1700897848.386611 2974 -1
1700897848.386643 74 1
1700897848.386683 7354 -1
1700897848.386723 74 1
1700897848.387134 7354 -1
1700897848.387184 74 1
1700897848.393607 7354 -1
1700897848.393607 7354 -1
1700897848.393607 7354 -1
1700897848.393607 7354 -1
1700897848.393607 2974 -1
1700897848.393607 7354 -1
1700897848.393607 7354 -1
1700897848.393607 7354 -1
1700897848.393607 7354 -1
1700897848.393607 1514 -1
1700897848.393607 1514 -1
1700897848.393607 5894 -1
1700897848.393876 74 1
1700897848.393956 74 1
1700897848.394020 74 1
1700897848.394076 74 1
1700897848.394120 74 1
1700897848.394160 74 1
1700897848.394201 74 1
1700897848.394234 74 1
1700897848.394265 74 1
1700897848.394307 74 1
1700897848.394413 66 1
1700897848.394464 66 1
1700897848.394550 7354 -1
1700897848.394550 5894 -1
1700897848.394651 66 1
1700897848.394678 66 1
1700897848.398529 218 1
1700897848.399171 2974 -1
1700897848.399171 4434 -1
1700897848.399171 4434 -1
1700897848.399171 1514 -1
1700897848.399171 1514 -1
1700897848.399171 2974 -1
1700897848.399171 7354 -1
1700897848.399171 2974 -1
1700897848.399171 1514 -1
1700897848.399171 8814 -1
1700897848.399171 7354 -1
1700897848.399171 2974 -1
1700897848.399171 7354 -1
1700897848.399512 66 1
1700897848.399592 66 1
1700897848.399621 66 1
1700897848.399665 66 1
1700897848.399689 60 -1
1700897848.399689 60 -1
1700897848.399691 66 1
1700897848.399717 66 1
1700897848.399754 66 1
1700897848.399800 66 1
1700897848.399984 54 1
1700897848.400044 54 1
1700897848.408838 54 1
1700897848.408992 54 1
1700897848.409587 1514 -1
1700897848.409587 2974 -1
1700897848.409587 2974 -1
1700897848.409587 7354 -1
1700897848.409587 7354 -1
1700897848.409587 5894 -1
1700897848.409587 7354 -1
1700897848.409587 1514 -1
1700897848.409587 2974 -1
1700897848.409587 7354 -1
1700897848.409587 5894 -1
1700897848.409587 1514 -1
1700897848.409587 7354 -1
1700897848.409587 7354 -1
1700897848.409587 4434 -1
1700897848.409587 4434 -1
1700897848.409587 7354 -1
1700897848.409587 2830 -1
1700897848.409992 54 1
1700897848.410280 54 1
1700897848.413586 977 -1
1700897848.413586 812 -1
1700897848.413586 6000 -1
1700897848.413700 54 1
1700897848.421325 2974 -1
1700897848.421325 1658 -1
1700897848.421325 16114 -1
1700897848.421325 7354 -1
1700897848.421325 1514 -1
1700897848.421325 7354 -1
1700897848.421325 4434 -1
1700897848.421325 7354 -1
1700897848.421325 7354 -1
1700897848.421325 7354 -1
1700897848.421325 5894 -1
1700897848.421666 54 1
1700897848.425637 7354 -1
1700897848.425637 4434 -1
1700897848.425637 7354 -1
1700897848.425637 4434 -1
1700897848.425637 7354 -1
1700897848.425637 1514 -1
1700897848.425637 2974 -1
1700897848.425637 7354 -1
1700897848.425637 4434 -1
1700897848.425871 54 1
1700897848.428616 160 -1
1700897848.428666 66 1
1700897848.429895 7354 -1
1700897848.429895 2974 -1
1700897848.429895 1514 -1
1700897848.429895 5894 -1
1700897848.429895 7354 -1
1700897848.429895 1514 -1
1700897848.429895 2974 -1
1700897848.429895 7354 -1
1700897848.429895 4434 -1
1700897848.429895 7354 -1
1700897848.430077 54 1
1700897848.430154 4434 -1
1700897848.430201 54 1
1700897848.430545 7354 -1
1700897848.430597 54 1
1700897848.430835 4434 -1
1700897848.430888 54 1
1700897848.431184 7354 -1
1700897848.431232 54 1
1700897848.431792 4434 -1
1700897848.431838 54 1
1700897848.432144 5894 -1
1700897848.432203 54 1
1700897848.432640 7354 -1
1700897848.432677 54 1
1700897848.433271 2974 -1
1700897848.433295 54 1
1700897848.433565 1514 -1
1700897848.433598 54 1
1700897848.433648 4434 -1
1700897848.433681 54 1
1700897848.433985 2974 -1
1700897848.434006 54 1
1700897848.434019 54 1
1700897848.434198 4434 -1
1700897848.434224 54 1
1700897848.434581 7354 -1
1700897848.434610 54 1
1700897848.435180 4434 -1
1700897848.435209 54 1
1700897848.435558 7354 -1
1700897848.435595 54 1
1700897848.436290 54 1
1700897848.442723 7354 -1
1700897848.442723 7354 -1
1700897848.442723 4434 -1
1700897848.442723 2974 -1
1700897848.442723 7354 -1
1700897848.442723 7354 -1
1700897848.442723 2974 -1
1700897848.442723 7354 -1
1700897848.442723 4434 -1
1700897848.442723 7354 -1
1700897848.442723 7354 -1
1700897848.442723 7354 -1
1700897848.442723 7354 -1
1700897848.443032 54 1
1700897848.443158 5894 -1
1700897848.443211 54 1
1700897848.443295 7354 -1
1700897848.443347 54 1
1700897848.443680 54 1
1700897848.444584 7354 -1
1700897848.444643 54 1
1700897848.444720 7354 -1
1700897848.444772 54 1
1700897848.445318 7354 -1
1700897848.445369 54 1
1700897848.445954 7354 -1
1700897848.446010 54 1
1700897848.446542 7354 -1
1700897848.446598 54 1
1700897848.447164 14654 -1
1700897848.447263 54 1
1700897848.448363 5894 -1
1700897848.448417 54 1
1700897848.456066 7354 -1
1700897848.456066 1514 -1
1700897848.456066 7354 -1
1700897848.456066 1514 -1
1700897848.456066 1514 -1
1700897848.456066 7354 -1
1700897848.456066 7354 -1
1700897848.456066 1514 -1
1700897848.456066 1514 -1
1700897848.456066 1514 -1
1700897848.456066 7354 -1
1700897848.456066 4434 -1
1700897848.456066 7354 -1
1700897848.456066 4434 -1
1700897848.456066 2974 -1
1700897848.456066 5894 -1
1700897848.456066 5894 -1
1700897848.456066 7354 -1
1700897848.456066 4434 -1
1700897848.456465 54 1
1700897848.456566 7354 -1
1700897848.456604 54 1
1700897848.456708 4434 -1
1700897848.456745 54 1
1700897848.457138 7354 -1
1700897848.457187 54 1
1700897848.457685 4434 -1
1700897848.457730 54 1
1700897848.458048 11734 -1
1700897848.458139 54 1
1700897848.459021 1514 -1
1700897848.459141 1514 -1
1700897848.459176 54 1
1700897848.459271 1514 -1
1700897848.459360 1514 -1
1700897848.459404 54 1
1700897848.459641 1514 -1
1700897848.459641 7354 -1
1700897848.459717 54 1
1700897848.460234 2974 -1
1700897848.460267 54 1
1700897848.460547 7354 -1
1700897848.460578 54 1
1700897848.460941 54 1
1700897848.461065 4434 -1
1700897848.461094 54 1
1700897848.461456 7354 -1
1700897848.461483 54 1
1700897848.462042 4434 -1
1700897848.462068 54 1
1700897848.462459 7354 -1
1700897848.462502 54 1
1700897848.463057 4434 -1
1700897848.463085 54 1
1700897848.463368 7354 -1
1700897848.463426 54 1
1700897848.463986 4434 -1
1700897848.464017 54 1
1700897848.464349 5894 -1
1700897848.464415 54 1
1700897848.464859 1514 -1
1700897848.464950 1514 -1
1700897848.464971 54 1
1700897848.465100 7354 -1
1700897848.465143 54 1
1700897848.465783 1514 -1
1700897848.465808 54 1
1700897848.465840 1514 -1
1700897848.465977 7354 -1
1700897848.466013 54 1
1700897848.466523 2974 -1
1700897848.466550 54 1
1700897848.466876 4434 -1
1700897848.466905 54 1
1700897848.467130 2974 -1
1700897848.467153 54 1
1700897848.467452 4434 -1
1700897848.467497 54 1
1700897848.467729 1514 -1
1700897848.467862 7354 -1
1700897848.467910 54 1
1700897848.468456 1514 -1
1700897848.468716 1514 -1
1700897848.468716 4434 -1
1700897848.468750 54 1
1700897848.469097 7354 -1
1700897848.469145 54 1
1700897848.469665 2974 -1
1700897848.469695 54 1
1700897848.469908 2974 -1
1700897848.469935 54 1
1700897848.470215 7354 -1
1700897848.470241 54 1
1700897848.470767 1514 -1
1700897848.470792 54 1
1700897848.470930 7354 -1
1700897848.470960 54 1
1700897848.471593 1514 -1
1700897848.471593 7354 -1
1700897848.471628 54 1
1700897848.472287 1514 -1
1700897848.472308 54 1
1700897848.472338 7354 -1
1700897848.472385 54 1
1700897848.472942 4434 -1
1700897848.472968 54 1
1700897848.473324 7354 -1
1700897848.473387 54 1
1700897848.473915 4434 -1
1700897848.473949 54 1
1700897848.474290 7354 -1
1700897848.474326 54 1
1700897848.474878 4434 -1
1700897848.474910 54 1
1700897848.475291 1514 -1
1700897848.475367 1514 -1
1700897848.475410 54 1
1700897848.475553 2974 -1
1700897848.475576 54 1
1700897848.475720 7354 -1
1700897848.475778 54 1
1700897848.476331 1514 -1
1700897848.476352 54 1
1700897848.476527 7354 -1
1700897848.476589 54 1
1700897848.477063 4434 -1
1700897848.477098 54 1
1700897848.477556 7354 -1
1700897848.477605 54 1
1700897848.478035 4434 -1
1700897848.478071 54 1
1700897848.478517 7354 -1
1700897848.478562 54 1
1700897848.478998 4434 -1
1700897848.479034 54 1
1700897848.479361 7354 -1
1700897848.479436 54 1
1700897848.486027 4434 -1
1700897848.486027 5894 -1
1700897848.486027 7354 -1
1700897848.486027 4434 -1
1700897848.486027 7354 -1
1700897848.486027 4434 -1
1700897848.486027 7354 -1
1700897848.486027 1514 -1
1700897848.486027 5894 -1
1700897848.486027 7354 -1
1700897848.486027 4434 -1
1700897848.486027 7354 -1
1700897848.486027 4434 -1
1700897848.486027 2974 -1
1700897848.486440 54 1
1700897848.486525 7354 -1
1700897848.486582 54 1
1700897848.494189 4434 -1
1700897848.494189 7354 -1
1700897848.494189 4434 -1
1700897848.494189 1514 -1
1700897848.494189 5894 -1
1700897848.494189 4434 -1
1700897848.494189 7354 -1
1700897848.494189 4434 -1
1700897848.494189 7354 -1
1700897848.494189 4434 -1
1700897848.494189 5894 -1
1700897848.494189 7354 -1
1700897848.494189 1514 -1
1700897848.494189 2974 -1
1700897848.494189 7354 -1
1700897848.494189 4434 -1
1700897848.494189 7354 -1
1700897848.494713 54 1
1700897848.494892 4434 -1
1700897848.494950 54 1
1700897848.495229 7354 -1
1700897848.495229 4434 -1
1700897848.495327 54 1
1700897848.498155 54 1
1700897848.500415 7354 -1
1700897848.500415 4434 -1
1700897848.500415 5894 -1
1700897848.500415 4434 -1
1700897848.500415 7354 -1
1700897848.500415 7354 -1
1700897848.500415 4434 -1
1700897848.500415 7354 -1
1700897848.500415 4434 -1
1700897848.500415 7354 -1
1700897848.500706 54 1
1700897848.501229 4434 -1
1700897848.501229 7354 -1
1700897848.501302 54 1
1700897848.506069 2974 -1
1700897848.506069 1514 -1
1700897848.506069 5894 -1
1700897848.506069 7354 -1
1700897848.506069 7354 -1
1700897848.506069 5894 -1
1700897848.506069 7354 -1
1700897848.506069 1514 -1
1700897848.506069 7354 -1
1700897848.506069 7354 -1
1700897848.506069 7354 -1
1700897848.506355 54 1
1700897848.507494 7354 -1
1700897848.507494 5894 -1
1700897848.507560 54 1
1700897848.507970 7354 -1
1700897848.508054 54 1
1700897848.508498 7354 -1
1700897848.508552 54 1
1700897848.509364 7354 -1
1700897848.509429 54 1
1700897848.509672 7354 -1
1700897848.509722 54 1
1700897848.510599 8814 -1
1700897848.510680 54 1
1700897848.510964 5894 -1
1700897848.511039 54 1
1700897848.511644 7354 -1
1700897848.511970 54 1
1700897848.512016 1514 -1
1700897848.512068 54 1
1700897848.512164 7354 -1
1700897848.512203 54 1
1700897848.513519 1514 -1
1700897848.513519 2974 -1
1700897848.513519 5894 -1
1700897848.513582 54 1
1700897848.513626 2974 -1
1700897848.513670 54 1
1700897848.513972 7354 -1
1700897848.514019 54 1
1700897848.514669 1514 -1
1700897848.514669 8814 -1
1700897848.514735 54 1
1700897848.515034 229 1
1700897848.515341 234 1
1700897848.515411 7354 -1
1700897848.515453 54 1
1700897848.515628 231 1
1700897848.515853 234 1
1700897848.515972 223 1
1700897848.516061 226 1
1700897848.516066 4434 -1
1700897848.516098 54 1
1700897848.516140 225 1
1700897848.516230 225 1
1700897848.516358 222 1
1700897848.516370 5894 -1
1700897848.516422 54 1
1700897848.517279 5894 -1
1700897848.517305 54 1
1700897848.517552 7354 -1
1700897848.517597 54 1
1700897848.518032 4434 -1
1700897848.518090 54 1
1700897848.518276 2974 -1
1700897848.518303 54 1
1700897848.518624 7354 -1
1700897848.518671 54 1
1700897848.519367 4434 -1
1700897848.519414 54 1
1700897848.519959 1514 -1
1700897848.519959 7354 -1
1700897848.520011 54 1
1700897848.520216 2974 -1
1700897848.520234 54 1
1700897848.520458 7354 -1
1700897848.520495 54 1
1700897848.522267 4434 -1
1700897848.522314 54 1
1700897848.522649 7354 -1
1700897848.522713 54 1
1700897848.523174 60 -1
1700897848.523174 997 -1
1700897848.523174 816 -1
1700897848.523174 5809 -1
1700897848.523174 1053 -1
1700897848.523174 732 -1
1700897848.523219 4434 -1
1700897848.523174 5096 -1
1700897848.523264 54 1
1700897848.523596 7354 -1
1700897848.523644 54 1
1700897848.523657 54 1
1700897848.524359 4434 -1
1700897848.524425 54 1
1700897848.524798 5894 -1
1700897848.524850 54 1
1700897848.524923 1097 -1
1700897848.524923 60 -1
1700897848.524923 669 -1
1700897848.525219 7354 -1
1700897848.525249 54 1
1700897848.525269 54 1
1700897848.525907 4434 -1
1700897848.525956 54 1
1700897848.526307 6079 -1
1700897848.526364 54 1
1700897848.527780 7354 -1
1700897848.527834 54 1
1700897848.528118 1035 -1
1700897848.528118 730 -1
1700897848.528118 2907 -1
1700897848.528118 1107 -1
1700897848.528118 655 -1
1700897848.528118 3649 -1
1700897848.528180 54 1
1700897848.528197 4434 -1
1700897848.528237 54 1
1700897848.528770 980 -1
1700897848.528770 811 -1
1700897848.528770 3543 -1
1700897848.528803 54 1
1700897848.529096 7354 -1
1700897848.529155 54 1
1700897848.529742 981 -1
1700897848.529742 811 -1
1700897848.529742 1514 -1
1700897848.529799 54 1
1700897848.530580 7354 -1
1700897848.530652 54 1
1700897848.530557 5951 -1
1700897848.531129 54 1
1700897848.531178 1050 -1
1700897848.531178 732 -1
1700897848.531178 6164 -1
1700897848.531253 54 1
1700897848.531717 1514 -1
1700897848.531984 7354 -1
1700897848.532041 54 1
1700897848.532523 1050 -1
1700897848.532690 730 -1
1700897848.532690 3098 -1
1700897848.532726 54 1
1700897848.532792 1514 -1
1700897848.533923 5894 -1
1700897848.533989 54 1
1700897848.535281 1514 -1
1700897848.535281 2974 -1
1700897848.535281 5894 -1
1700897848.535388 54 1
1700897848.535939 2974 -1
1700897848.536000 54 1
1700897848.536042 2974 -1
1700897848.536108 54 1
1700897848.536191 7354 -1
1700897848.536251 54 1
1700897848.536817 7354 -1
1700897848.536857 54 1
1700897848.537547 5894 -1
1700897848.537580 54 1
1700897848.537946 5894 -1
1700897848.537992 54 1
1700897848.538563 7354 -1
1700897848.538613 54 1
1700897848.539042 1514 -1
1700897848.539068 54 1
1700897848.539094 1514 -1
1700897848.539216 7354 -1
1700897848.539257 54 1
1700897848.539892 2974 -1
1700897848.539917 54 1
1700897848.540081 7354 -1
1700897848.540112 54 1
1700897848.540702 1514 -1
1700897848.540729 54 1
1700897848.540803 1514 -1
1700897848.540963 1514 -1
1700897848.540988 54 1
1700897848.541066 4434 -1
1700897848.541120 54 1
1700897848.541505 2974 -1
1700897848.541538 54 1
1700897848.542024 1514 -1
1700897848.542024 4434 -1
1700897848.542083 54 1
1700897848.542211 4434 -1
1700897848.542250 54 1
1700897848.542505 1514 -1
1700897848.542653 7354 -1
1700897848.542721 54 1
1700897848.543233 7354 -1
1700897848.543276 54 1
1700897848.543845 5894 -1
1700897848.543886 54 1
1700897848.544328 5894 -1
1700897848.544370 54 1
1700897848.544828 7354 -1
1700897848.544865 54 1
1700897848.545551 4434 -1
1700897848.545580 54 1
1700897848.545788 4434 -1
1700897848.545817 54 1
1700897848.546152 1514 -1
1700897848.546252 1514 -1
1700897848.546269 54 1
1700897848.546386 2974 -1
1700897848.546412 54 1
1700897848.546798 7354 -1
1700897848.546836 54 1
1700897848.547270 2974 -1
1700897848.547309 54 1
1700897848.547485 7354 -1
1700897848.547536 54 1
1700897848.548089 5894 -1
1700897848.548142 54 1
1700897848.548679 7354 -1
1700897848.548733 54 1
1700897848.549173 2974 -1
1700897848.549204 54 1
1700897848.549424 2974 -1
1700897848.549463 54 1
1700897848.549656 7354 -1
1700897848.549715 54 1
1700897848.553903 2974 -1
1700897848.553903 5894 -1
1700897848.553903 4434 -1
1700897848.553903 2974 -1
1700897848.553903 1514 -1
1700897848.553903 7354 -1
1700897848.553903 1514 -1
1700897848.553903 4434 -1
1700897848.553903 2974 -1
1700897848.553903 2974 -1
1700897848.553903 1514 -1
1700897848.553903 1514 -1
1700897848.553903 4434 -1
1700897848.554178 54 1
1700897848.554403 1514 -1
1700897848.554403 4434 -1
1700897848.554403 2974 -1
1700897848.554463 54 1
1700897848.554659 2974 -1
1700897848.554696 54 1
1700897848.554867 1514 -1
1700897848.555088 2974 -1
1700897848.555117 54 1
1700897848.555230 7354 -1
1700897848.555280 54 1
1700897848.563723 2974 -1
1700897848.563723 1514 -1
1700897848.563723 4434 -1
1700897848.563723 2974 -1
1700897848.563723 2974 -1
1700897848.563723 7354 -1
1700897848.563723 5894 -1
1700897848.563723 7354 -1
1700897848.563723 5894 -1
1700897848.563723 7354 -1
1700897848.563723 5894 -1
1700897848.563723 7354 -1
1700897848.563723 5894 -1
1700897848.563723 7354 -1
1700897848.563723 4434 -1
1700897848.563723 4434 -1
1700897848.563723 5894 -1
1700897848.563723 5894 -1
1700897848.564103 54 1
1700897848.564239 7354 -1
1700897848.564272 54 1
1700897848.564496 2974 -1
1700897848.564532 54 1
1700897848.564637 2974 -1
1700897848.564663 54 1
1700897848.564806 7354 -1
1700897848.564887 54 1
1700897848.565459 5894 -1
1700897848.565528 54 1
1700897848.565916 7354 -1
1700897848.565972 54 1
1700897848.566487 5894 -1
1700897848.566518 54 1
1700897848.566989 7354 -1
1700897848.567050 54 1
1700897848.567675 1514 -1
1700897848.567698 54 1
1700897848.567761 7354 -1
1700897848.567791 54 1
1700897848.568306 5894 -1
1700897848.568332 54 1
1700897848.568797 7354 -1
1700897848.569152 54 1
1700897848.572533 222 1
1700897848.572751 222 1
1700897848.572796 7354 -1
1700897848.572796 5894 -1
1700897848.572796 7354 -1
1700897848.572796 5894 -1
1700897848.572796 7354 -1
1700897848.572796 5894 -1
1700897848.572796 4434 -1
1700897848.572979 54 1
1700897848.573074 7354 -1
1700897848.573125 54 1
1700897848.573697 5894 -1
1700897848.573733 54 1
1700897848.574134 7354 -1
1700897848.574207 54 1
1700897848.574789 2974 -1
1700897848.574835 54 1
1700897848.575016 4434 -1
1700897848.575060 54 1
1700897848.575345 7354 -1
1700897848.575412 54 1
1700897848.576202 1514 -1
1700897848.576307 7354 -1
1700897848.576385 54 1
1700897848.577048 5894 -1
1700897848.577109 54 1
1700897848.577654 7354 -1
1700897848.577721 54 1
1700897848.578751 60 -1
1700897848.579986 5894 -1
1700897848.579986 1514 -1
1700897848.579986 7354 -1
1700897848.579986 7354 -1
1700897848.579986 1514 -1
1700897848.580201 54 1
1700897848.582015 1054 -1
1700897848.582015 729 -1
1700897848.582100 54 1
1700897848.582807 7354 -1
1700897848.582855 54 1
1700897848.586749 7354 -1
1700897848.586749 1860 -1
1700897848.586749 3667 -1
1700897848.586749 1737 -1
1700897848.586749 6583 -1
1700897848.586890 54 1
1700897848.587665 7354 -1
1700897848.587665 7354 -1
1700897848.587665 1514 -1
1700897848.587665 7354 -1
1700897848.587665 1514 -1
1700897848.587665 7354 -1
1700897848.587665 7354 -1
1700897848.587665 4556 -1
1700897848.587927 54 1
1700897848.659844 54 1
1700897848.660301 54 1
1700897852.889686 175 1
1700897852.891741 175 1
1700897852.892559 1046 -1
1700897852.892559 423 -1
1700897852.892652 54 1
1700897852.894184 175 1
1700897852.895367 174 1
1700897852.895952 175 1
1700897852.897899 1048 -1
1700897852.897899 654 -1
1700897852.898058 54 1
1700897852.898778 60 -1
1700897852.900345 1047 -1
1700897852.900345 560 -1
1700897852.900345 994 -1
1700897852.900449 54 1
1700897852.900603 1002 -1
1700897852.900603 1047 -1
1700897852.900603 4648 -1
1700897852.900654 54 1
1700897852.926534 175 1
1700897852.926660 175 1
1700897852.926766 175 1
1700897852.926870 175 1
1700897852.927014 175 1
1700897852.928856 175 1
1700897852.928966 174 1
1700897852.929052 175 1
1700897852.929132 170 1
1700897852.930964 1067 -1
1700897852.930964 1514 -1
1700897852.930964 2188 -1
1700897852.930964 1018 -1
1700897852.931064 54 1
1700897852.931128 2632 -1
1700897852.931151 54 1
1700897852.931775 60 -1
1700897852.931901 60 -1
1700897852.934048 1021 -1
1700897852.934048 634 -1
1700897852.934048 1049 -1
1700897852.934048 1801 -1
1700897852.934048 2534 -1
1700897852.934136 54 1
1700897852.934965 2909 -1
1700897852.934965 3812 -1
1700897852.935006 54 1
1700897852.935936 7354 -1
1700897852.935936 5894 -1
1700897852.935976 54 1
1700897852.936429 7354 -1
1700897852.936606 54 1
1700897852.936918 5894 -1
1700897852.936939 54 1
1700897852.937652 7354 -1
1700897852.937716 54 1
1700897852.938094 5894 -1
1700897852.938139 54 1
1700897852.938679 13194 -1
1700897852.938744 54 1
1700897852.939629 13194 -1
1700897852.939680 54 1
1700897852.945651 7354 -1
1700897852.945651 7354 -1
1700897852.945651 1514 -1
1700897852.945651 7354 -1
1700897852.945651 2072 -1
1700897852.945850 54 1
1700897853.103385 142 1
1700897853.117072 1050 -1
1700897853.117072 11734 -1
1700897853.117072 1514 -1
1700897853.117072 5894 -1
1700897853.117072 5894 -1
1700897853.117072 1514 -1
1700897853.117072 6617 -1
1700897853.117072 1514 -1
1700897853.117072 1514 -1
1700897853.117072 1514 -1
1700897853.117072 7354 -1
1700897853.117072 1514 -1
1700897853.117072 4434 -1
1700897853.117072 5894 -1
1700897853.117072 2974 -1
1700897853.117072 7354 -1
1700897853.117072 5894 -1
1700897853.117072 7354 -1
1700897853.117072 5894 -1
1700897853.117072 1514 -1
1700897853.117072 7354 -1
1700897853.117072 4434 -1
1700897853.117599 54 1
1700897853.118214 54 1
1700897853.127977 7354 -1
1700897853.127977 2974 -1
1700897853.128087 54 1
1700897853.131767 7354 -1
1700897853.131767 2974 -1
1700897853.131767 4434 -1
1700897853.131767 7354 -1
1700897853.131767 5894 -1
1700897853.131767 1514 -1
1700897853.131767 8814 -1
1700897853.131975 54 1
1700897853.134556 2974 -1
1700897853.134556 7354 -1
1700897853.134556 5894 -1
1700897853.134556 7354 -1
1700897853.134556 5894 -1
1700897853.134556 1514 -1
1700897853.134713 54 1
1700897853.134776 7354 -1
1700897853.134804 54 1
1700897853.139688 2974 -1
1700897853.139688 7354 -1
1700897853.139688 1514 -1
1700897853.139688 4434 -1
1700897853.139688 7354 -1
1700897853.139688 5894 -1
1700897853.139688 6245 -1
1700897853.139818 54 1
1700897853.602039 136 1
1700897853.610172 1075 -1
1700897853.610172 7354 -1
1700897853.610172 4434 -1
1700897853.610172 1514 -1
1700897853.610172 4779 -1
1700897853.610330 54 1
1700897853.614456 89 1
1700897853.668975 60 -1
1700897853.775630 225 1
1700897853.776181 225 1
1700897853.776721 222 1
1700897853.777197 224 1
1700897853.833899 60 -1
1700897853.833899 977 -1
1700897853.833899 814 -1
1700897853.833899 976 -1
1700897853.833899 815 -1
1700897853.833899 3660 -1
1700897853.833899 3900 -1
1700897853.833899 1097 -1
1700897853.833899 670 -1
1700897853.833899 1514 -1
1700897853.833899 1514 -1
1700897853.833899 2998 -1
1700897853.834250 54 1
1700897853.836375 983 -1
1700897853.836375 811 -1
1700897853.836458 54 1
1700897853.846278 2974 -1
1700897853.846278 2774 -1
1700897853.846373 54 1
1700897853.871655 89 1
1700897853.922366 60 -1
1700897855.438298 222 1
1700897855.438404 224 1
1700897855.438506 223 1
1700897855.439348 222 1
1700897855.439356 60 -1
1700897855.439440 222 1
1700897855.439594 60 -1
1700897855.439594 60 -1
1700897855.439598 226 1
1700897855.440327 60 -1
1700897855.440586 60 -1
1700897855.440700 60 -1
1700897855.444621 1049 -1
1700897855.444621 733 -1
1700897855.444677 54 1
1700897855.444720 5332 -1
1700897855.444763 54 1
1700897855.444821 1105 -1
1700897855.444821 655 -1
1700897855.444821 978 -1
1700897855.444821 816 -1
1700897855.444821 4828 -1
1700897855.444885 54 1
1700897855.445074 1514 -1
1700897855.445205 3637 -1
1700897855.445228 54 1
1700897855.446198 1054 -1
1700897855.446198 728 -1
1700897855.446198 7354 -1
1700897855.446285 54 1
1700897855.446323 5894 -1
1700897855.446359 54 1
1700897855.448066 3320 -1
1700897855.448066 2965 -1
1700897855.448066 979 -1
1700897855.448066 811 -1
1700897855.448066 5566 -1
1700897855.448326 54 1
1700897855.454139 951 -1
1700897855.454139 848 -1
1700897855.454139 3122 -1
1700897855.454191 54 1
1700897856.433681 66 1
1700897856.435064 66 -1
1700897856.435193 54 1
1700897856.469372 670 1
1700897856.469594 209 1
1700897856.470856 60 -1
1700897856.471074 60 -1
1700897856.472193 825 -1
1700897856.472193 2513 -1
1700897856.472330 54 1
1700897856.481752 2778 -1
1700897856.481848 54 1
1700897856.483360 54 1
1700897856.484765 78 -1
1700897856.484765 60 -1
1700897856.484825 54 1
1700897856.490153 134 1
1700897856.491380 146 1
1700897856.491632 483 1
1700897856.509736 60 -1
1700897856.509736 60 -1
1700897856.509736 60 -1
1700897856.509736 357 -1
1700897856.509736 357 -1
1700897856.509736 115 -1
1700897856.509736 85 -1
1700897856.509736 1024 -1
1700897856.509736 4434 -1
1700897856.509736 2974 -1
1700897856.509736 7354 -1
1700897856.509736 7354 -1
1700897856.509736 7354 -1
1700897856.509736 2974 -1
1700897856.509736 4434 -1
1700897856.509736 7354 -1
1700897856.509736 7354 -1
1700897856.510059 54 1
1700897856.510825 7354 -1
1700897856.510871 54 1
1700897856.511386 85 1
1700897856.518964 7354 -1
1700897856.518964 7354 -1
1700897856.518964 7354 -1
1700897856.518964 5894 -1
1700897856.518964 7354 -1
1700897856.518964 2974 -1
1700897856.518964 11734 -1
1700897856.518964 7354 -1
1700897856.518964 7354 -1
1700897856.518964 60 -1
1700897856.518964 7354 -1
1700897856.518964 1999 -1
1700897856.519328 54 1
1700897856.519623 54 1
1700897861.374709 223 1
1700897861.376079 60 -1
1700897861.382115 1080 -1
1700897861.382115 693 -1
1700897861.382193 54 1
1700897861.384079 4041 -1
1700897861.384119 54 1
1700897861.386536 224 1
1700897861.387242 222 1
1700897861.388588 223 1
1700897861.389235 234 1
1700897861.390094 89 1
1700897861.398888 60 -1
1700897861.398888 1049 -1
1700897861.398888 733 -1
1700897861.398888 4568 -1
1700897861.399017 54 1
1700897861.400811 60 -1
1700897861.401192 222 1
1700897861.401312 222 1
1700897861.404498 982 -1
1700897861.404498 807 -1
1700897861.404606 54 1
1700897861.409748 4902 -1
1700897861.409748 1054 -1
1700897861.409748 730 -1
1700897861.409748 2974 -1
1700897861.409748 3656 -1
1700897861.409748 979 -1
1700897861.409748 805 -1
1700897861.409748 7354 -1
1700897861.409748 494 -1
1700897861.409961 54 1
1700897861.417441 1033 -1
1700897861.417441 739 -1
1700897861.417441 6289 -1
1700897861.417679 54 1
1700897861.418703 1057 -1
1700897861.418703 730 -1
1700897861.418703 2974 -1
1700897861.418703 3414 -1
1700897861.418824 54 1
1700897863.330420 224 1
1700897863.338191 1053 -1
1700897863.338191 730 -1
1700897863.338191 6580 -1
1700897863.338296 54 1
1700897863.340418 230 1
1700897863.340548 232 1
1700897863.340637 222 1
1700897863.349639 60 -1
1700897863.354179 978 -1
1700897863.354179 809 -1
1700897863.354179 1052 -1
1700897863.354179 732 -1
1700897863.354287 54 1
1700897863.354789 3635 -1
1700897863.354789 2974 -1
1700897863.354789 1094 -1
1700897863.354854 54 1
1700897863.355837 1051 -1
1700897863.355837 730 -1
1700897863.355883 54 1
1700897863.356096 2974 -1
1700897863.356096 1999 -1
1700897863.356131 54 1
1700897866.409799 54 1
1700897866.410858 54 1
1700897866.412785 78 -1
1700897866.412785 60 -1
1700897866.412824 54 1
1700897866.417774 78 -1
1700897866.417774 60 -1
1700897866.418166 54 1
1700897866.769086 66 1
1700897866.770229 66 -1
1700897866.770310 54 1
1700897866.771368 870 1
1700897866.772440 60 -1
1700897866.773108 318 -1
1700897866.774016 134 1
1700897866.774794 146 1
1700897866.775055 60 -1
1700897866.775091 341 -1
1700897866.775675 586 1
1700897866.775804 60 -1
1700897866.775987 115 -1
1700897866.775987 85 -1
1700897866.776018 54 1
1700897866.776255 85 1
1700897866.776849 60 -1
1700897866.777347 60 -1
1700897866.779223 223 1
1700897866.781145 60 -1
1700897866.783970 230 1
1700897866.784065 226 1
1700897866.784122 222 1
1700897866.784177 223 1
1700897866.784344 221 1
1700897866.784922 1052 -1
1700897866.784922 731 -1
1700897866.784922 947 -1
1700897866.784922 854 -1
1700897866.784922 4983 -1
1700897866.784922 2268 -1
1700897866.785052 54 1
1700897866.786126 60 -1
1700897866.801515 1052 -1
1700897866.801515 729 -1
1700897866.801515 7354 -1
1700897866.801515 641 -1
1700897866.801515 1049 -1
1700897866.801515 732 -1
1700897866.801637 54 1
1700897866.805157 1052 -1
1700897866.805157 732 -1
1700897866.805157 1051 -1
1700897866.805157 735 -1
1700897866.805157 3427 -1
1700897866.805207 54 1
1700897866.805359 977 -1
1700897866.805383 54 1
1700897866.805446 816 -1
1700897866.806345 5932 -1
1700897866.806345 6073 -1
1700897866.806422 54 1
1700897866.806905 5149 -1
1700897866.806944 54 1
1700897868.294036 223 1
1700897868.302508 222 1
1700897868.302644 224 1
1700897868.303235 224 1
1700897868.303327 223 1
1700897868.303411 231 1
1700897868.303488 224 1
1700897868.304354 815 -1
1700897868.304354 978 -1
1700897868.304443 66 1
1700897868.304491 54 1
1700897868.310493 3478 -1
1700897868.310493 60 -1
1700897868.310493 978 -1
1700897868.310493 809 -1
1700897868.310493 1050 -1
1700897868.310493 730 -1
1700897868.310493 3072 -1
1700897868.310493 977 -1
1700897868.310493 814 -1
1700897868.310493 5584 -1
1700897868.310493 6916 -1
1700897868.310493 1055 -1
1700897868.310493 729 -1
1700897868.310493 2922 -1
1700897868.310493 983 -1
1700897868.310493 803 -1
1700897868.310493 5121 -1
1700897868.310794 54 1
1700897868.318386 1055 -1
1700897868.318386 729 -1
1700897868.318386 9749 -1
1700897868.321149 54 1
1700897869.917808 221 1
1700897869.920413 226 1
1700897869.920895 222 1
1700897869.921951 60 -1
1700897869.922745 223 1
1700897869.923315 230 1
1700897869.925904 1052 -1
1700897869.925904 732 -1
1700897869.925972 54 1
1700897869.928211 5990 -1
1700897869.928275 54 1
1700897869.928484 1052 -1
1700897869.928484 732 -1
1700897869.928656 54 1
1700897869.928848 5369 -1
1700897869.928881 54 1
1700897869.929087 978 -1
1700897869.929108 54 1
1700897869.929437 807 -1
1700897869.929437 5970 -1
1700897869.929503 54 1
1700897869.929821 1054 -1
1700897869.930044 722 -1
1700897869.930066 54 1
1700897869.930119 2974 -1
1700897869.930144 54 1
1700897869.930195 2026 -1
1700897869.930223 54 1
1700897869.930717 1054 -1
1700897869.930717 721 -1
1700897869.930717 6604 -1
1700897869.930769 54 1
1700897871.979038 222 1
1700897871.979393 223 1
1700897871.979521 223 1
1700897871.979910 223 1
1700897871.979981 222 1
1700897871.981063 231 1
1700897871.981267 60 -1
1700897871.988007 1076 -1
1700897871.988007 692 -1
1700897871.988007 1080 -1
1700897871.988007 693 -1
1700897871.988007 5894 -1
1700897871.988007 1514 -1
1700897871.988007 1514 -1
1700897871.988007 1052 -1
1700897871.988007 4185 -1
1700897871.988007 1052 -1
1700897871.988198 54 1
1700897871.988305 725 -1
1700897871.988305 3756 -1
1700897871.988330 54 1
1700897871.988862 1053 -1
1700897871.988862 732 -1
1700897871.988862 7354 -1
1700897871.988902 54 1
1700897871.989855 1732 -1
1700897871.989887 54 1
1700897872.003191 1074 -1
1700897872.003191 735 -1
1700897872.003250 54 1
1700897872.003367 5934 -1
1700897872.003397 54 1
1700897872.003996 981 -1
1700897872.003996 813 -1
1700897872.003996 3130 -1
1700897872.004048 54 1
1700897872.021408 89 1
1700897872.064398 60 -1
1700897875.648477 221 1
1700897875.649740 224 1
1700897875.649827 60 -1
1700897875.650914 60 -1
1700897875.655272 224 1
1700897875.658074 223 1
1700897875.658198 223 1
1700897875.658846 1052 -1
1700897875.658846 730 -1
1700897875.658846 4884 -1
1700897875.658846 60 -1
1700897875.659000 54 1
1700897875.659885 983 -1
1700897875.659925 813 -1
1700897875.659944 54 1
1700897875.660055 6751 -1
1700897875.660093 54 1
1700897875.660662 60 -1
1700897875.664720 1021 -1
1700897875.664720 775 -1
1700897875.664784 54 1
1700897875.664829 5376 -1
1700897875.664857 54 1
1700897875.664887 982 -1
1700897875.664901 54 1
1700897875.664949 811 -1
1700897875.665195 6083 -1
1700897875.665226 54 1
1700897875.669970 1031 -1
1700897875.669970 747 -1
1700897875.669970 7354 -1
1700897875.669970 2941 -1
1700897875.670083 54 1
1700897876.439028 54 1
1700897876.440751 78 -1
1700897876.440751 60 -1
1700897876.440839 54 1
1700897877.280703 66 1
1700897877.284796 66 -1
1700897877.284938 54 1
1700897877.285679 902 1
1700897877.295159 60 -1
1700897877.297031 318 -1
1700897877.297731 134 1
1700897877.298178 146 1
1700897877.299180 578 1
1700897877.299272 60 -1
1700897877.299272 341 -1
1700897877.299330 224 1
1700897877.299442 223 1
1700897877.299534 222 1
1700897877.299541 60 -1
1700897877.299541 115 -1
1700897877.299541 85 -1
1700897877.299596 54 1
1700897877.300692 60 -1
1700897877.301803 60 -1
1700897877.301803 60 -1
1700897877.301803 60 -1
1700897877.302191 85 1
1700897877.305307 60 -1
1700897877.313242 1077 -1
1700897877.313242 698 -1
1700897877.313242 1058 -1
1700897877.313242 721 -1
1700897877.313242 2974 -1
1700897877.313242 2659 -1
1700897877.313242 4434 -1
1700897877.313242 7354 -1
1700897877.313242 4780 -1
1700897877.313242 4869 -1
1700897877.313242 1051 -1
1700897877.313242 730 -1
1700897877.313242 4434 -1
1700897877.313242 3260 -1
1700897877.313463 54 1
1700897877.327957 1084 -1
1700897877.327957 691 -1
1700897877.327957 3375 -1
1700897877.328064 54 1
1700897878.863024 224 1
1700897878.863669 223 1
1700897878.863797 223 1
1700897878.864249 60 -1
1700897878.864712 60 -1
1700897878.864804 60 -1
1700897878.868353 222 1
1700897878.868485 224 1
1700897878.869240 1047 -1
1700897878.869240 733 -1
1700897878.869240 6195 -1
1700897878.869358 54 1
1700897878.870967 1052 -1
1700897878.870967 733 -1
1700897878.870967 3232 -1
1700897878.870967 1051 -1
1700897878.870967 731 -1
1700897878.871099 54 1
1700897878.873272 7354 -1
1700897878.873381 54 1
1700897878.873561 1487 -1
1700897878.873601 54 1
1700897878.878150 1055 -1
1700897878.878150 723 -1
1700897878.878243 54 1
1700897878.878251 222 1
1700897878.878331 231 1
1700897878.878813 5375 -1
1700897878.878857 54 1
1700897878.878900 1031 -1
1700897878.878970 730 -1
1700897878.878996 54 1
1700897878.879034 8430 -1
1700897878.879085 54 1
1700897878.879849 60 -1
1700897878.888008 1054 -1
1700897878.888008 723 -1
1700897878.888100 54 1
1700897878.888226 2974 -1
1700897878.888226 1375 -1
1700897878.888268 54 1
1700897878.894362 979 -1
1700897878.894362 815 -1
1700897878.894462 54 1
1700897878.894542 3713 -1
1700897878.894571 54 1
1700897880.482580 224 1
1700897880.485534 223 1
1700897880.485836 221 1
1700897880.489988 1052 -1
1700897880.489988 732 -1
1700897880.489988 6263 -1
1700897880.490081 54 1
1700897880.491452 60 -1
1700897880.495401 1053 -1
1700897880.495401 621 -1
1700897880.495401 1050 -1
1700897880.495401 731 -1
1700897880.495401 1399 -1
1700897880.495525 54 1
1700897880.507358 66 1
1700897880.507804 66 1
1700897880.513097 66 -1
1700897880.513252 54 1
1700897880.516484 66 -1
1700897880.516809 54 1
1700897880.516925 599 1
1700897880.520314 60 -1
1700897880.521433 572 1
1700897880.525008 60 -1
1700897880.529292 2974 -1
1700897880.529381 54 1
1700897880.530012 959 -1
1700897880.535864 2974 -1
1700897880.535864 958 -1
1700897880.535962 54 1
1700897880.537039 134 1
1700897880.538327 134 1
1700897880.538749 54 1
1700897880.538850 60 -1
1700897880.538850 341 -1
1700897880.538850 341 -1
1700897880.538912 54 1
1700897880.539112 146 1
1700897880.539448 585 1
1700897880.539518 227 1
1700897880.541019 60 -1
1700897880.541938 341 -1
1700897880.541938 341 -1
1700897880.541991 54 1
1700897880.542939 60 -1
1700897880.542939 60 -1
1700897880.542939 60 -1
1700897880.559311 115 -1
1700897880.559311 85 -1
1700897880.559532 54 1
1700897880.560038 85 1
1700897880.561148 60 -1
1700897880.564430 1195 -1
1700897880.564430 447 -1
1700897880.564430 5796 -1
1700897880.564574 54 1
1700897880.579004 1165 -1
1700897880.579004 489 -1
1700897880.579116 54 1
1700897880.579211 4703 -1
1700897880.579255 54 1
1700897882.609493 220 1
1700897882.609658 226 1
1700897882.609769 221 1
1700897882.609858 227 1
1700897882.609979 221 1
1700897882.610125 219 1
1700897882.610230 230 1
1700897882.610516 227 1
1700897882.652157 60 -1
1700897882.652157 60 -1
1700897882.663525 1194 -1
1700897882.663525 443 -1
1700897882.663525 1195 -1
1700897882.663525 442 -1
1700897882.663525 3063 -1
1700897882.663668 54 1
1700897882.663918 5193 -1
1700897882.663962 54 1
1700897882.666203 1171 -1
1700897882.666203 483 -1
1700897882.666203 1171 -1
1700897882.666203 479 -1
1700897882.666203 1172 -1
1700897882.666262 54 1
1700897882.666464 486 -1
1700897882.666464 4828 -1
1700897882.666521 54 1
1700897882.666690 6862 -1
1700897882.666732 54 1
1700897882.667290 1171 -1
1700897882.667315 487 -1
1700897882.667327 54 1
1700897882.667353 4344 -1
1700897882.667369 54 1
1700897882.668009 1174 -1
1700897882.668009 478 -1
1700897882.668009 7354 -1
1700897882.668069 54 1
1700897882.668469 7121 -1
1700897882.668517 54 1
1700897882.669067 1514 -1
1700897882.669087 54 1
1700897882.669175 5145 -1
1700897882.669214 54 1
1700897882.669594 2109 -1
1700897882.669636 54 1
1700897882.669934 5187 -1
1700897882.669982 54 1
1700897882.777143 1178 -1
1700897882.777143 474 -1
1700897882.777262 54 1
1700897882.823207 7354 -1
1700897882.823207 1881 -1
1700897882.823346 54 1
1700897882.829678 421 -1
1700897882.829732 66 1
1700897886.452065 54 1
1700897886.452634 54 1
1700897886.453425 60 -1
1700897886.453425 78 -1
1700897886.453617 54 1
1700897886.453670 54 1
1700897886.456350 78 -1
1700897886.456350 60 -1
1700897886.456385 54 1
1700897887.060073 66 1
1700897887.066213 66 -1
1700897887.066386 54 1
1700897887.068116 966 1
1700897887.069174 60 -1
1700897887.069853 318 -1
1700897887.071048 134 1
1700897887.071421 146 1
1700897887.071867 576 1
1700897887.071954 60 -1
1700897887.071967 230 1
1700897887.072067 228 1
1700897887.072145 229 1
1700897887.075497 60 -1
1700897887.075497 341 -1
1700897887.075497 60 -1
1700897887.075497 60 -1
1700897887.075497 115 -1
1700897887.075497 85 -1
1700897887.076051 54 1
1700897887.076149 60 -1
1700897887.076149 60 -1
1700897887.077037 85 1
1700897887.077947 60 -1
1700897887.081596 219 1
1700897887.082539 223 1
1700897887.082603 218 1
1700897887.082788 226 1
1700897887.082978 1171 -1
1700897887.082978 483 -1
1700897887.082978 1175 -1
1700897887.083070 54 1
1700897887.083644 476 -1
1700897887.083644 7354 -1
1700897887.083644 1358 -1
1700897887.083711 54 1
1700897887.084045 7354 -1
1700897887.084096 54 1
1700897887.087016 3085 -1
1700897887.087016 1171 -1
1700897887.087016 475 -1
1700897887.087016 4291 -1
1700897887.087016 60 -1
1700897887.087140 54 1
1700897887.106683 1174 -1
1700897887.106683 481 -1
1700897887.106683 3128 -1
1700897887.106683 1171 -1
1700897887.106683 485 -1
1700897887.106683 2782 -1
1700897887.106683 1172 -1
1700897887.106683 481 -1
1700897887.106683 5325 -1
1700897887.106683 1210 -1
1700897887.106683 113 -1
1700897887.106683 7354 -1
1700897887.106683 4434 -1
1700897887.106683 1847 -1
1700897887.106683 1178 -1
1700897887.106683 476 -1
1700897887.106683 4957 -1
1700897887.115225 54 1
1700897887.115582 577 -1
1700897887.115617 66 1
1700897888.700513 222 1
1700897888.700642 222 1
1700897888.700743 230 1
1700897888.700824 220 1
1700897888.702452 223 1
1700897888.702533 229 1
1700897888.702614 220 1
1700897888.702739 228 1
1700897888.705386 60 -1
1700897888.706887 60 -1
1700897888.717952 1168 -1
1700897888.717952 482 -1
1700897888.717952 9683 -1
1700897888.717952 1199 -1
1700897888.717952 432 -1
1700897888.717952 1200 -1
1700897888.717952 1579 -1
1700897888.717952 446 -1
1700897888.717952 6180 -1
1700897888.717952 5894 -1
1700897888.717952 4558 -1
1700897888.717952 8814 -1
1700897888.717952 4837 -1
1700897888.717952 1195 -1
1700897888.717952 448 -1
1700897888.717952 6682 -1
1700897888.718264 54 1
1700897888.718367 1141 -1
1700897888.718367 519 -1
1700897888.718367 1196 -1
1700897888.718367 446 -1
1700897888.718367 6040 -1
1700897888.718624 54 1
1700897888.719650 5894 -1
1700897888.719650 3504 -1
1700897888.719709 54 1
1700897888.721993 1143 -1
1700897888.721993 515 -1
1700897888.721993 4509 -1
1700897888.722064 54 1
1700897890.438165 229 1
1700897890.438313 228 1
1700897890.438393 219 1
1700897890.440283 60 -1
1700897890.449185 1171 -1
1700897890.449185 479 -1
1700897890.449185 1195 -1
1700897890.449185 2974 -1
1700897890.449185 3382 -1
1700897890.449185 444 -1
1700897890.449185 4731 -1
1700897890.449330 54 1
1700897890.453263 227 1
1700897890.453367 228 1
1700897890.453441 219 1
1700897890.453541 228 1
1700897890.453621 223 1
1700897890.462004 1174 -1
1700897890.462004 477 -1
1700897890.462004 6651 -1
1700897890.462004 60 -1
1700897890.462155 54 1
1700897890.466822 1198 -1
1700897890.466822 447 -1
1700897890.466822 1163 -1
1700897890.466822 487 -1
1700897890.466822 1174 -1
1700897890.466822 478 -1
1700897890.466822 4434 -1
1700897890.466822 1514 -1
1700897890.466822 5973 -1
1700897890.467036 54 1
1700897890.467131 6363 -1
1700897890.467254 54 1
1700897890.467452 4476 -1
1700897890.467499 54 1
1700897890.475908 1176 -1
1700897890.475908 470 -1
1700897890.475908 3125 -1
1700897890.476019 54 1
1700897890.494147 1139 -1
1700897890.494147 521 -1
1700897890.494147 3954 -1
1700897890.494251 54 1
1700897892.753155 220 1
1700897892.753269 222 1
1700897892.753392 220 1
1700897892.753493 221 1
1700897892.753571 222 1
1700897892.753660 220 1
1700897892.753751 221 1
1700897892.753899 219 1
1700897892.754701 60 -1
1700897892.756490 60 -1
1700897892.763226 1170 -1
1700897892.763226 481 -1
1700897892.763226 7354 -1
1700897892.763392 54 1
1700897892.763474 3222 -1
1700897892.763508 54 1
1700897892.763642 1172 -1
1700897892.763968 481 -1
1700897892.763968 5528 -1
1700897892.764011 54 1
1700897892.764289 1173 -1
1700897892.764387 477 -1
1700897892.764387 1197 -1
1700897892.764417 54 1
1700897892.764511 3071 -1
1700897892.764537 54 1
1700897892.764944 7354 -1
1700897892.765010 54 1
1700897892.765425 7354 -1
1700897892.765480 54 1
1700897892.765959 243 -1
1700897892.765959 516 -1
1700897892.765988 54 1
1700897892.766035 3956 -1
1700897892.766065 54 1
1700897892.766445 2974 -1
1700897892.766471 54 1
1700897892.766592 6843 -1
1700897892.766635 54 1
1700897892.767160 3966 -1
1700897892.767193 54 1
1700897892.767473 1197 -1
1700897892.767500 54 1
1700897892.767858 447 -1
1700897892.767858 1172 -1
1700897892.767858 480 -1
1700897892.767893 54 1
1700897892.768166 3659 -1
1700897892.768200 54 1
1700897892.768255 4165 -1
1700897892.768299 54 1
1700897892.772145 89 1
1700897892.815468 60 -1
1700897896.455002 54 1
1700897896.456582 78 -1
1700897896.456582 60 -1
1700897896.456936 54 1
1700897897.484142 66 1
1700897897.490034 66 -1
1700897897.490184 54 1
1700897897.496972 870 1
1700897897.497991 60 -1
1700897897.498949 318 -1
1700897897.499553 134 1
1700897897.523453 60 -1
1700897897.523595 146 1
1700897897.523964 341 -1
1700897897.524604 574 1
1700897897.524713 229 1
1700897897.524825 230 1
1700897897.524887 220 1
1700897897.524972 60 -1
1700897897.524972 115 -1
1700897897.524972 85 -1
1700897897.524997 229 1
1700897897.525038 54 1
1700897897.525173 223 1
1700897897.525267 222 1
1700897897.525356 219 1
1700897897.526130 60 -1
1700897897.526195 60 -1
1700897897.526195 60 -1
1700897897.526195 60 -1
1700897897.526195 60 -1
1700897897.526975 85 1
1700897897.527564 60 -1
1700897897.527564 60 -1
1700897897.527564 60 -1
1700897897.529064 60 -1
1700897897.536569 1174 -1
1700897897.537158 477 -1
1700897897.537158 1171 -1
1700897897.537158 480 -1
1700897897.537158 4577 -1
1700897897.537215 54 1
1700897897.537565 4098 -1
1700897897.537604 54 1
1700897897.537966 1197 -1
1700897897.537966 445 -1
1700897897.538003 54 1
1700897897.538636 1193 -1
1700897897.538672 54 1
1700897897.539134 7354 -1
1700897897.539198 54 1
1700897897.539944 2793 -1
1700897897.539992 54 1
1700897897.540153 446 -1
1700897897.540177 54 1
1700897897.540221 1168 -1
1700897897.540863 7167 -1
1700897897.540918 54 1
1700897897.541457 7354 -1
1700897897.541498 54 1
1700897897.542750 67 -1
1700897897.542750 4727 -1
1700897897.542792 54 1
1700897897.545339 1172 -1
1700897897.545339 482 -1
1700897897.545339 5283 -1
1700897897.545407 54 1
1700897897.557317 1150 -1
1700897897.557362 518 -1
1700897897.557375 54 1
1700897897.560077 6364 -1
1700897897.560154 54 1
1700897899.083807 228 1
1700897899.085347 227 1
1700897899.087284 60 -1
1700897899.087568 231 1
1700897899.089749 230 1
1700897899.092258 222 1
1700897899.092784 230 1
1700897899.094295 225 1
1700897899.095648 60 -1
1700897899.099288 221 1
1700897899.102199 60 -1
1700897899.104332 1191 -1
1700897899.104332 449 -1
1700897899.104332 1173 -1
1700897899.104332 474 -1
1700897899.104332 2778 -1
1700897899.104455 54 1
1700897899.106949 1514 -1
1700897899.106949 3443 -1
1700897899.106949 1172 -1
1700897899.106949 1602 -1
1700897899.106949 487 -1
1700897899.106949 1514 -1
1700897899.106949 3194 -1
1700897899.107073 54 1
1700897899.107142 8908 -1
1700897899.107203 54 1
1700897899.108779 1175 -1
1700897899.108779 477 -1
1700897899.108779 3787 -1
1700897899.108779 1192 -1
1700897899.108779 444 -1
1700897899.108779 5894 -1
1700897899.108856 54 1
1700897899.111443 1841 -1
1700897899.111443 1164 -1
1700897899.111443 496 -1
1700897899.111443 5493 -1
1700897899.111443 1176 -1
1700897899.111443 472 -1
1700897899.111443 3503 -1
1700897899.111573 54 1
1700897900.769822 229 1
1700897900.776617 219 1
1700897900.777833 222 1
1700897900.777837 60 -1
1700897900.779073 230 1
1700897900.780077 223 1
1700897900.781528 220 1
1700897900.781638 219 1
1700897900.781730 221 1
1700897900.792870 60 -1
1700897900.792870 1176 -1
1700897900.792870 475 -1
1700897900.792870 4398 -1
1700897900.793012 54 1
1700897900.818136 1176 -1
1700897900.818136 473 -1
1700897900.818136 1170 -1
1700897900.818136 478 -1
1700897900.818136 1142 -1
1700897900.818136 518 -1
1700897900.818136 1514 -1
1700897900.818136 3790 -1
1700897900.818136 5732 -1
1700897900.818136 7354 -1
1700897900.818136 820 -1
1700897900.818136 1175 -1
1700897900.818136 486 -1
1700897900.818136 6112 -1
1700897900.818136 1172 -1
1700897900.818136 480 -1
1700897900.818136 1173 -1
1700897900.818136 3310 -1
1700897900.818136 4300 -1
1700897900.818136 1196 -1
1700897900.818136 446 -1
1700897900.818136 5894 -1
1700897900.818136 813 -1
1700897900.818452 54 1
1700897902.420941 227 1
1700897902.421058 221 1
1700897902.421127 226 1
1700897902.421195 227 1
1700897902.422198 229 1
1700897902.422303 230 1
1700897902.422641 221 1
1700897902.422712 228 1
1700897902.424189 60 -1
1700897902.424189 60 -1
1700897902.430568 1178 -1
1700897902.430568 470 -1
1700897902.430568 1161 -1
1700897902.430568 492 -1
1700897902.430647 54 1
1700897902.430706 1514 -1
1700897902.431137 1514 -1
1700897902.431137 1514 -1
1700897902.431137 1514 -1
1700897902.431137 3546 -1
1700897902.431201 54 1
1700897902.432222 1161 -1
1700897902.432222 4434 -1
1700897902.432222 2891 -1
1700897902.432222 7354 -1
1700897902.432299 54 1
1700897902.432556 1335 -1
1700897902.433218 1193 -1
1700897902.433218 449 -1
1700897902.433218 1176 -1
1700897902.433218 473 -1
1700897902.433218 1165 -1
1700897902.433218 493 -1
1700897902.433263 54 1
1700897902.434572 5583 -1
1700897902.434572 1198 -1
1700897902.434572 2974 -1
1700897902.434572 1514 -1
1700897902.434572 1870 -1
1700897902.434572 443 -1
1700897902.434572 7354 -1
1700897902.434663 54 1
1700897902.437478 1066 -1
1700897902.437478 3615 -1
1700897902.437478 1172 -1
1700897902.437478 491 -1
1700897902.437478 5029 -1
1700897902.437568 54 1
1700897904.039872 219 1
1700897904.039996 220 1
1700897904.041111 219 1
1700897904.042739 218 1
1700897904.043595 222 1
1700897904.043983 230 1
1700897904.044734 60 -1
1700897904.045499 228 1
1700897904.045989 230 1
1700897904.060168 60 -1
1700897904.077983 1199 -1
1700897904.077983 440 -1
1700897904.078065 54 1
1700897904.078338 1198 -1
1700897904.078338 13213 -1
1700897904.078440 54 1
1700897904.079143 1170 -1
1700897904.079169 54 1
1700897904.079636 1603 -1
1700897904.079636 1514 -1
1700897904.079636 4192 -1
1700897904.079686 54 1
1700897904.079961 2974 -1
1700897904.079988 54 1
1700897904.080170 1514 -1
1700897904.080211 2017 -1
1700897904.080231 54 1
1700897904.083705 89 1
1700897904.088487 1514 -1
1700897904.088487 2974 -1
1700897904.088595 54 1
1700897904.088652 2660 -1
1700897904.088684 54 1
1700897904.089376 1778 -1
1700897904.089376 1599 -1
1700897904.089376 1602 -1
1700897904.089376 1604 -1
1700897904.089440 54 1
1700897904.093667 7354 -1
1700897904.093763 54 1
1700897904.093834 3836 -1
1700897904.093876 54 1
1700897904.094228 7354 -1
1700897904.094259 54 1
1700897904.096038 1259 -1
1700897904.151513 54 1
1700897905.660682 227 1
1700897905.669228 483 -1
1700897905.669228 1174 -1
1700897905.669318 66 1
1700897905.669414 54 1
1700897905.669482 7354 -1
1700897905.669517 54 1
1700897905.669748 1544 -1
1700897905.669767 54 1
1700897905.676221 230 1
1700897905.676330 226 1
1700897905.676412 228 1
1700897905.677488 60 -1
1700897905.677496 230 1
1700897905.677574 227 1
1700897905.677648 243 1
1700897905.679072 60 -1
1700897905.687306 1215 -1
1700897905.687306 1162 -1
1700897905.687306 485 -1
1700897905.687306 421 -1
1700897905.687306 7354 -1
1700897905.687306 692 -1
1700897905.687306 1272 -1
1700897905.687306 1514 -1
1700897905.687306 850 -1
1700897905.687306 1191 -1
1700897905.687306 450 -1
1700897905.687306 3580 -1
1700897905.687306 1169 -1
1700897905.687306 484 -1
1700897905.687306 2974 -1
1700897905.687306 2647 -1
1700897905.687306 1171 -1
1700897905.687306 488 -1
1700897905.687306 1589 -1
1700897905.687491 66 1
1700897905.687548 66 1
1700897905.687580 66 1
1700897905.687644 66 1
1700897905.687695 66 1
1700897905.687713 66 1
1700897905.687733 66 1
1700897905.687758 66 1
1700897905.687796 66 1
1700897905.687817 66 1
1700897905.687837 66 1
1700897905.693569 137 -1
1700897905.693702 54 1
1700897906.460044 54 1
1700897906.461562 78 -1
1700897906.461562 60 -1
1700897906.461614 54 1
