1700898454.056494 66 1
1700898454.064512 66 -1
1700898454.064598 54 1
1700898454.065713 631 1
1700898454.067299 60 -1
1700898454.068882 1514 -1
1700898454.068882 1317 -1
1700898454.068928 54 1
1700898454.107327 134 1
1700898454.111389 146 1
1700898454.125271 60 -1
1700898454.125271 341 -1
1700898454.125271 341 -1
1700898454.125344 54 1
1700898454.128917 341 -1
1700898454.129014 66 1
1700898454.131423 60 -1
1700898454.131423 115 -1
1700898454.131423 85 -1
1700898454.131778 54 1
1700898454.142238 590 1
1700898454.143347 60 -1
1700898454.154057 979 -1
1700898454.154057 811 -1
1700898454.154160 54 1
1700898454.154216 7354 -1
1700898454.154257 54 1
1700898454.154578 7354 -1
1700898454.154617 54 1
1700898454.155186 1708 -1
1700898454.155213 54 1
1700898454.182965 85 1
1700898454.223759 230 1
1700898454.225465 60 -1
1700898454.230249 980 -1
1700898454.230249 804 -1
1700898454.230249 6008 -1
1700898454.230351 54 1
1700898454.378496 234 1
1700898454.380527 230 1
1700898454.380600 234 1
1700898454.382135 60 -1
1700898454.384996 1053 -1
1700898454.384996 732 -1
1700898454.384996 5096 -1
1700898454.385092 54 1
1700898454.386420 980 -1
1700898454.386486 811 -1
1700898454.386505 54 1
1700898454.386533 3543 -1
1700898454.386560 54 1
1700898454.413871 982 -1
1700898454.413871 811 -1
1700898454.413871 2853 -1
1700898454.413871 1393 -1
1700898454.413989 66 1
1700898454.477904 223 1
1700898454.478025 222 1
1700898454.478166 226 1
1700898454.478288 225 1
1700898454.478393 225 1
1700898454.478486 225 1
1700898454.478578 222 1
1700898454.478668 222 1
1700898454.478791 222 1
1700898454.480398 60 -1
1700898454.480398 60 -1
1700898454.486959 66 1
1700898454.488142 66 1
1700898454.489256 66 -1
1700898454.489348 54 1
1700898454.497233 1049 -1
1700898454.497233 732 -1
1700898454.497233 983 -1
1700898454.497233 6164 -1
1700898454.497233 803 -1
1700898454.497233 1052 -1
1700898454.497233 9010 -1
1700898454.497233 3865 -1
1700898454.497233 7354 -1
1700898454.497233 1514 -1
1700898454.497233 1139 -1
1700898454.497233 2899 -1
1700898454.497233 3649 -1
1700898454.497233 1082 -1
1700898454.497233 690 -1
1700898454.497233 5548 -1
1700898454.497233 1075 -1
1700898454.497233 697 -1
1700898454.497233 6098 -1
1700898454.497233 1055 -1
1700898454.497233 729 -1
1700898454.497233 7354 -1
1700898454.497233 7354 -1
1700898454.498050 54 1
1700898454.501387 1860 -1
1700898454.501387 3667 -1
1700898454.501477 54 1
1700898454.503392 678 1
1700898454.511747 66 -1
1700898454.511892 54 1
1700898454.513490 60 -1
1700898454.513490 2974 -1
1700898454.513490 1230 -1
1700898454.513490 1514 -1
1700898454.513584 54 1
1700898454.536198 226 -1
1700898454.580890 54 1
1700898454.589909 54 1
1700898454.601863 582 1
1700898454.631523 66 1
1700898454.633994 66 -1
1700898454.634125 54 1
1700898454.638124 60 -1
1700898454.638124 1514 -1
1700898454.638124 1514 -1
1700898454.638124 1230 -1
1700898454.638124 1514 -1
1700898454.638233 54 1
1700898454.645166 134 1
1700898454.648360 66 1
1700898454.649251 66 1
1700898454.650794 66 1
1700898454.653728 646 1
1700898454.658892 66 -1
1700898454.659047 54 1
1700898454.665327 66 -1
1700898454.665327 60 -1
1700898454.665346 226 -1
1700898454.665346 66 -1
1700898454.665449 54 1
1700898454.665452 54 1
1700898454.665912 2974 -1
1700898454.665912 1230 -1
1700898454.665965 54 1
1700898454.668099 1686 -1
1700898454.668158 54 1
1700898454.668737 60 -1
1700898454.668737 357 -1
1700898454.668737 357 -1
1700898454.668866 54 1
1700898454.668946 646 1
1700898454.669833 60 -1
1700898454.670741 2974 -1
1700898454.670741 1230 -1
1700898454.670813 54 1
1700898454.670872 146 1
1700898454.671122 54 1
1700898454.671185 54 1
1700898454.672795 1686 -1
1700898454.672838 54 1
1700898454.673167 60 -1
1700898454.673167 115 -1
1700898454.673167 85 -1
1700898454.673215 54 1
1700898454.674811 614 1
1700898454.675283 646 1
1700898454.676063 60 -1
1700898454.676350 60 -1
1700898454.676611 134 1
1700898454.676684 2974 -1
1700898454.676740 54 1
1700898454.676812 1230 -1
1700898454.677033 2974 -1
1700898454.677081 54 1
1700898454.677195 1230 -1
1700898454.677831 60 -1
1700898454.678473 134 1
1700898454.679088 357 -1
1700898454.679279 357 -1
1700898454.679279 1686 -1
1700898454.679330 54 1
1700898454.679372 54 1
1700898454.679531 85 1
1700898454.679877 472 1
1700898454.679978 170 1
1700898454.680616 1686 -1
1700898454.680670 54 1
1700898454.681064 60 -1
1700898454.681239 60 -1
1700898454.681239 60 -1
1700898454.684126 969 -1
1700898454.685404 134 1
1700898454.685742 238 -1
1700898454.685742 939 -1
1700898454.685742 7354 -1
1700898454.685742 7354 -1
1700898454.685742 978 -1
1700898454.685843 54 1
1700898454.686195 134 1
1700898454.686382 54 1
1700898454.689695 60 -1
1700898454.689857 60 -1
1700898454.690824 357 -1
1700898454.690824 357 -1
1700898454.690838 357 -1
1700898454.690838 357 -1
1700898454.690890 54 1
1700898454.690892 54 1
1700898454.740550 60 -1
1700898454.740550 357 -1
1700898454.740550 357 -1
1700898454.740550 357 -1
1700898454.740668 54 1
1700898454.741288 93 -1
1700898454.741288 78 -1
1700898454.741288 60 -1
1700898454.744593 146 1
1700898454.745200 54 1
1700898454.745268 54 1
1700898454.745973 54 1
1700898454.746083 54 1
1700898454.748015 60 -1
1700898454.748015 115 -1
1700898454.748015 85 -1
1700898454.748015 93 -1
1700898454.748128 54 1
1700898454.752457 513 1
1700898454.752593 168 1
1700898454.752731 171 1
1700898454.752819 170 1
1700898454.754586 85 1
1700898454.756503 60 -1
1700898454.756503 60 -1
1700898454.756503 60 -1
1700898454.756503 60 -1
1700898454.756503 911 -1
1700898454.756503 910 -1
1700898454.756503 7354 -1
1700898454.756657 54 1
1700898454.772392 5894 -1
1700898454.772392 4434 -1
1700898454.772392 1514 -1
1700898454.772392 7354 -1
1700898454.772392 6648 -1
1700898454.772392 7354 -1
1700898454.772392 5894 -1
1700898454.772392 7354 -1
1700898454.772392 5894 -1
1700898454.772392 7354 -1
1700898454.772392 5894 -1
1700898454.772392 7354 -1
1700898454.772392 5894 -1
1700898454.772392 1514 -1
1700898454.772392 2974 -1
1700898454.773292 54 1
1700898454.776214 7354 -1
1700898454.776214 5894 -1
1700898454.776363 54 1
1700898454.779188 7354 -1
1700898454.779188 5894 -1
1700898454.779188 7354 -1
1700898454.779188 7354 -1
1700898454.779363 54 1
1700898454.779926 5894 -1
1700898454.779993 54 1
1700898454.780056 7354 -1
1700898454.780128 54 1
1700898454.780620 5894 -1
1700898454.780688 54 1
1700898454.781138 7354 -1
1700898454.781202 54 1
1700898454.781822 5894 -1
1700898454.781899 54 1
1700898454.791215 54 1
1700898454.811284 7354 -1
1700898454.811284 5894 -1
1700898454.811284 7354 -1
1700898454.811284 4434 -1
1700898454.811284 7354 -1
1700898454.811284 7354 -1
1700898454.811284 1514 -1
1700898454.811284 1514 -1
1700898454.811284 1514 -1
1700898454.811284 7354 -1
1700898454.811284 7354 -1
1700898454.811284 1514 -1
1700898454.811284 7354 -1
1700898454.811284 3078 -1
1700898454.811284 158 -1
1700898454.811782 66 1
1700898454.826142 54 1
1700898455.073759 209 1
1700898455.079429 949 -1
1700898455.079429 856 -1
1700898455.079429 1742 -1
1700898455.079531 54 1
1700898455.166448 176 1
1700898455.168911 912 -1
1700898455.168911 7354 -1
1700898455.169023 54 1
1700898455.169389 8814 -1
1700898455.169464 54 1
1700898455.170108 431 -1
1700898455.170150 7354 -1
1700898455.170181 54 1
1700898455.170754 7354 -1
1700898455.170793 54 1
1700898455.171345 1514 -1
1700898455.171376 54 1
1700898455.171492 7354 -1
1700898455.171525 54 1
1700898455.172086 7354 -1
1700898455.172135 54 1
1700898455.172853 1514 -1
1700898455.172853 4434 -1
1700898455.172905 54 1
1700898455.177959 5475 -1
1700898455.178030 54 1
1700898455.549580 198 1
1700898455.551873 940 -1
1700898455.552035 1514 -1
1700898455.552035 1514 -1
1700898455.552096 54 1
1700898455.552150 7354 -1
1700898455.552199 54 1
1700898455.552907 6240 -1
1700898455.552981 54 1
1700898455.553200 5619 -1
1700898455.553248 54 1
1700898457.009423 239 1
1700898457.023398 938 -1
1700898457.023398 1791 -1
1700898457.023532 54 1
1700898457.102851 160 1
1700898457.111560 852 -1
1700898457.111560 265 -1
1700898457.111637 54 1
1700898457.119726 162 1
1700898457.119832 160 1
1700898457.120124 159 1
1700898457.120186 161 1
1700898457.120332 161 1
1700898457.124291 725 -1
1700898457.124291 268 -1
1700898457.124354 54 1
1700898457.125813 754 -1
1700898457.125813 753 -1
1700898457.125813 265 -1
1700898457.125813 754 -1
1700898457.125813 266 -1
1700898457.125813 266 -1
1700898457.125892 54 1
1700898457.147482 724 -1
1700898457.147482 264 -1
1700898457.149827 54 1
1700898459.261544 165 1
1700898459.265083 937 -1
1700898459.265083 3722 -1
1700898459.265162 54 1
1700898459.975808 231 1
1700898459.975936 225 1
1700898459.976027 225 1
1700898459.976114 222 1
1700898459.977061 60 -1
1700898459.981781 979 -1
1700898459.981781 806 -1
1700898459.981781 975 -1
1700898459.981781 815 -1
1700898459.981781 982 -1
1700898459.981781 3668 -1
1700898459.981905 54 1
1700898459.982151 3900 -1
1700898459.982186 54 1
1700898459.982366 6451 -1
1700898459.982415 54 1
1700898459.982996 948 -1
1700898459.982996 854 -1
1700898459.983028 54 1
1700898459.983089 4849 -1
1700898459.983119 54 1
1700898459.986028 224 1
1700898459.986247 222 1
1700898459.994339 165 1
1700898459.998152 60 -1
1700898460.005853 976 -1
1700898460.005853 814 -1
1700898460.005887 89 1
1700898460.005958 54 1
1700898460.005973 939 -1
1700898460.005973 7354 -1
1700898460.005973 1514 -1
1700898460.005973 7354 -1
1700898460.005973 400 -1
1700898460.005973 85 -1
1700898460.005973 7354 -1
1700898460.006113 54 1
1700898460.006162 7354 -1
1700898460.006209 54 1
1700898460.012871 1860 -1
1700898460.012871 7354 -1
1700898460.012871 7354 -1
1700898460.012871 7354 -1
1700898460.012871 7354 -1
1700898460.012871 7354 -1
1700898460.012871 5894 -1
1700898460.012871 3081 -1
1700898460.013086 54 1
1700898460.015046 1097 -1
1700898460.015046 670 -1
1700898460.015046 4817 -1
1700898460.015046 5918 -1
1700898460.015285 54 1
1700898460.045838 89 1
1700898460.089065 60 -1
1700898460.171442 169 1
1700898460.172774 60 -1
1700898460.173864 995 -1
1700898460.173965 2741 -1
1700898460.173988 54 1
1700898461.978663 54 1
1700898461.979734 54 1
1700898461.980293 54 1
1700898461.983992 78 -1
1700898461.983992 60 -1
1700898461.984188 54 1
1700898461.991580 78 -1
1700898461.991580 60 -1
1700898461.991902 54 1
1700898461.996349 66 1
1700898461.998181 66 -1
1700898461.998273 54 1
1700898462.059985 78 -1
1700898462.059985 60 -1
1700898462.060360 54 1
1700898462.077396 870 1
1700898462.079082 60 -1
1700898462.079547 318 -1
1700898462.100094 134 1
1700898462.117063 60 -1
1700898462.117063 341 -1
1700898462.121459 146 1
1700898462.122920 577 1
1700898462.123006 222 1
1700898462.123086 224 1
1700898462.123166 222 1
1700898462.123251 223 1
1700898462.123344 226 1
1700898462.136073 60 -1
1700898462.136073 60 -1
1700898462.136073 60 -1
1700898462.136073 60 -1
1700898462.136073 60 -1
1700898462.136073 60 -1
1700898462.136073 60 -1
1700898462.137916 115 -1
1700898462.137916 85 -1
1700898462.137998 54 1
1700898462.140074 946 -1
1700898462.140074 856 -1
1700898462.140074 1053 -1
1700898462.140074 2974 -1
1700898462.140158 54 1
1700898462.145809 2974 -1
1700898462.145809 2974 -1
1700898462.145809 2974 -1
1700898462.145809 1514 -1
1700898462.145809 1514 -1
1700898462.145809 2974 -1
1700898462.145809 2974 -1
1700898462.145809 2974 -1
1700898462.145982 54 1
1700898462.155795 2974 -1
1700898462.155795 2974 -1
1700898462.155795 2974 -1
1700898462.155795 2974 -1
1700898462.155795 2974 -1
1700898462.155795 2833 -1
1700898462.155795 979 -1
1700898462.155795 2974 -1
1700898462.155795 2670 -1
1700898462.156137 54 1
1700898462.213160 85 1
1700898462.220514 60 -1
1700898464.047182 66 1
1700898464.051694 66 -1
1700898464.051837 54 1
1700898464.052454 965 1
1700898464.058209 60 -1
1700898464.058209 318 -1
1700898464.058935 134 1
1700898464.059431 146 1
1700898464.059794 505 1
1700898464.069127 60 -1
1700898464.069387 60 -1
1700898464.069387 60 -1
1700898464.069387 357 -1
1700898464.070654 115 -1
1700898464.070654 85 -1
1700898464.070654 939 -1
1700898464.070726 54 1
1700898464.070944 7354 -1
1700898464.070998 54 1
1700898464.071933 85 1
1700898464.073943 103 -1
1700898464.074744 60 -1
1700898464.224238 54 1
1700898467.872632 223 1
1700898467.873301 222 1
1700898467.873404 224 1
1700898467.873497 222 1
1700898467.873595 223 1
1700898467.874087 60 -1
1700898467.874583 60 -1
1700898467.874893 60 -1
1700898467.874893 60 -1
1700898467.874893 60 -1
1700898467.877854 234 1
1700898467.878509 1080 -1
1700898467.878509 693 -1
1700898467.878565 54 1
1700898467.879095 4041 -1
1700898467.879143 54 1
1700898467.879561 222 1
1700898467.882616 979 -1
1700898467.882616 811 -1
1700898467.882616 1055 -1
1700898467.882929 54 1
1700898467.882990 730 -1
1700898467.883013 54 1
1700898467.885054 1801 -1
1700898467.885111 54 1
1700898467.888120 6334 -1
1700898467.888120 3402 -1
1700898467.888120 1514 -1
1700898467.888120 4821 -1
1700898467.888120 4902 -1
1700898467.888120 975 -1
1700898467.888120 813 -1
1700898467.888900 89 1
1700898467.888120 2974 -1
1700898467.888120 4866 -1
1700898467.889629 54 1
1700898467.889716 1049 -1
1700898467.889716 733 -1
1700898467.889765 54 1
1700898467.890350 2974 -1
1700898467.890350 1648 -1
1700898467.890387 54 1
1700898467.935697 60 -1
1700898469.881767 224 1
1700898469.891479 60 -1
1700898469.892708 230 1
1700898469.893220 232 1
1700898469.893696 222 1
1700898469.894150 223 1
1700898469.900097 60 -1
1700898469.906814 222 1
1700898469.927391 60 -1
1700898469.927391 60 -1
1700898469.927391 60 -1
1700898469.927391 1053 -1
1700898469.927391 730 -1
1700898469.927391 1514 -1
1700898469.927391 5120 -1
1700898469.927391 979 -1
1700898469.927391 1738 -1
1700898469.927391 809 -1
1700898469.927391 4057 -1
1700898469.927391 7354 -1
1700898469.927391 5489 -1
1700898469.927391 1739 -1
1700898469.927391 7354 -1
1700898469.927391 439 -1
1700898469.927391 60 -1
1700898469.927391 1054 -1
1700898469.927391 722 -1
1700898469.927391 980 -1
1700898469.927391 809 -1
1700898469.927391 4927 -1
1700898469.927391 1514 -1
1700898469.927391 2175 -1
1700898469.927689 54 1
1700898471.979333 54 1
1700898471.979509 54 1
1700898471.985264 78 -1
1700898471.985264 60 -1
1700898471.985501 54 1
1700898471.994869 78 -1
1700898471.994869 60 -1
1700898471.994971 54 1
1700898473.497946 66 1
1700898473.503434 66 -1
1700898473.503552 54 1
1700898473.505803 966 1
1700898473.519748 60 -1
1700898473.521722 318 -1
1700898473.522630 134 1
1700898473.523139 146 1
1700898473.524102 60 -1
1700898473.524197 586 1
1700898473.524326 230 1
1700898473.524408 223 1
1700898473.524494 226 1
1700898473.524572 223 1
1700898473.524651 222 1
1700898473.524748 221 1
1700898473.524876 230 1
1700898473.525164 60 -1
1700898473.525164 341 -1
1700898473.525164 115 -1
1700898473.525164 85 -1
1700898473.525226 54 1
1700898473.525319 60 -1
1700898473.525981 85 1
1700898473.526785 60 -1
1700898473.526785 60 -1
1700898473.526785 60 -1
1700898473.526785 60 -1
1700898473.526785 60 -1
1700898473.526785 60 -1
1700898473.526785 60 -1
1700898473.528298 60 -1
1700898473.532726 1050 -1
1700898473.532726 732 -1
1700898473.532726 975 -1
1700898473.532726 816 -1
1700898473.532726 5932 -1
1700898473.532855 54 1
1700898473.533125 1053 -1
1700898473.533125 5894 -1
1700898473.533157 54 1
1700898473.533625 1674 -1
1700898473.533650 54 1
1700898473.533753 7354 -1
1700898473.533817 54 1
1700898473.534384 2667 -1
1700898473.534415 54 1
1700898473.534999 1726 -1
1700898473.534999 2974 -1
1700898473.534999 10066 -1
1700898473.535087 54 1
1700898473.536004 1514 -1
1700898473.536004 5000 -1
1700898473.536062 54 1
1700898473.538458 1053 -1
1700898473.538458 731 -1
1700898473.538458 4983 -1
1700898473.538529 54 1
1700898475.109827 222 1
1700898475.111041 224 1
1700898475.111813 60 -1
1700898475.113832 60 -1
1700898475.115970 977 -1
1700898475.115970 814 -1
1700898475.115970 6916 -1
1700898475.116093 54 1
1700898475.116507 224 1
1700898475.116603 223 1
1700898475.116684 231 1
1700898475.116822 224 1
1700898475.121364 60 -1
1700898475.121364 948 -1
1700898475.121364 854 -1
1700898475.121364 6126 -1
1700898475.121585 54 1
1700898475.129672 1053 -1
1700898475.129672 729 -1
1700898475.129672 4434 -1
1700898475.129672 5369 -1
1700898475.129672 979 -1
1700898475.129672 811 -1
1700898475.129672 5113 -1
1700898475.129672 1050 -1
1700898475.129672 730 -1
1700898475.129672 5584 -1
1700898475.129672 1055 -1
1700898475.129672 729 -1
1700898475.129672 2922 -1
1700898475.130109 54 1
1700898476.789514 224 1
1700898476.798324 221 1
1700898476.798470 226 1
1700898476.798612 232 1
1700898476.798723 222 1
1700898476.798865 223 1
1700898476.798976 230 1
1700898476.803593 1044 -1
1700898476.803593 737 -1
1700898476.803593 5358 -1
1700898476.803743 54 1
1700898476.804293 60 -1
1700898476.808160 974 -1
1700898476.808160 815 -1
1700898476.808160 979 -1
1700898476.808160 811 -1
1700898476.808160 5962 -1
1700898476.808320 54 1
1700898476.808932 3111 -1
1700898476.808932 1052 -1
1700898476.808932 732 -1
1700898476.808932 1051 -1
1700898476.808977 54 1
1700898476.809100 730 -1
1700898476.809100 5369 -1
1700898476.809140 54 1
1700898476.809427 4938 -1
1700898476.809475 54 1
1700898476.809786 1726 -1
1700898476.809839 54 1
1700898476.812127 6596 -1
1700898476.812127 1052 -1
1700898476.812127 732 -1
1700898476.812127 5990 -1
1700898476.812242 54 1
1700898476.826440 221 1
1700898476.837496 1053 -1
1700898476.837496 731 -1
1700898476.837496 3041 -1
1700898476.837614 54 1
1700898478.828344 222 1
1700898478.833606 223 1
1700898478.834642 223 1
1700898478.834761 222 1
1700898478.835059 222 1
1700898478.835174 222 1
1700898478.835691 1076 -1
1700898478.835691 692 -1
1700898478.835691 9812 -1
1700898478.835839 54 1
1700898478.838172 89 1
1700898478.840382 60 -1
1700898478.840651 1052 -1
1700898478.840651 732 -1
1700898478.840651 1514 -1
1700898478.840704 54 1
1700898478.840781 7572 -1
1700898478.840835 54 1
1700898478.841273 979 -1
1700898478.841321 54 1
1700898478.841405 840 -1
1700898478.841405 4406 -1
1700898478.841444 54 1
1700898478.845232 1072 -1
1700898478.845232 735 -1
1700898478.845232 5934 -1
1700898478.845232 1080 -1
1700898478.845232 693 -1
1700898478.845232 2974 -1
1700898478.845232 1265 -1
1700898478.845232 1047 -1
1700898478.845232 736 -1
1700898478.845232 5551 -1
1700898478.845408 54 1
1700898481.994164 54 1
1700898481.995721 78 -1
1700898481.995721 60 -1
1700898481.995788 54 1
1700898482.880960 66 1
1700898482.888033 66 -1
1700898482.888171 54 1
1700898482.909858 934 1
1700898482.911594 60 -1
1700898482.911936 318 -1
1700898482.913286 134 1
1700898482.913761 146 1
1700898482.914658 576 1
1700898482.914766 223 1
1700898482.914868 222 1
1700898482.914990 224 1
1700898482.915109 224 1
1700898482.915258 224 1
1700898482.915379 223 1
1700898482.915502 223 1
1700898482.922766 60 -1
1700898482.922766 60 -1
1700898482.922766 60 -1
1700898482.922766 60 -1
1700898482.922766 60 -1
1700898482.922766 60 -1
1700898482.922766 60 -1
1700898482.922766 60 -1
1700898482.922766 60 -1
1700898482.922766 60 -1
1700898482.922766 341 -1
1700898482.929060 115 -1
1700898482.929060 85 -1
1700898482.929060 1102 -1
1700898482.929060 982 -1
1700898482.929060 813 -1
1700898482.929060 1029 -1
1700898482.929060 747 -1
1700898482.929060 6751 -1
1700898482.929204 54 1
1700898482.930533 85 1
1700898482.932679 654 -1
1700898482.932679 7354 -1
1700898482.932679 2941 -1
1700898482.932679 7354 -1
1700898482.932679 2442 -1
1700898482.932679 6971 -1
1700898482.932679 5384 -1
1700898482.932679 6837 -1
1700898482.932679 60 -1
1700898482.932975 54 1
1700898482.935415 983 -1
1700898482.935415 811 -1
1700898482.935415 6083 -1
1700898482.935507 54 1
1700898484.491616 226 1
1700898484.492679 223 1
1700898484.493182 223 1
1700898484.493684 60 -1
1700898484.493688 222 1
1700898484.494775 60 -1
1700898484.494775 60 -1
1700898484.494775 60 -1
1700898484.500542 977 -1
1700898484.500542 813 -1
1700898484.500542 976 -1
1700898484.500542 816 -1
1700898484.500658 54 1
1700898484.500757 5685 -1
1700898484.500757 1077 -1
1700898484.500813 54 1
1700898484.500884 3884 -1
1700898484.500911 54 1
1700898484.501244 2974 -1
1700898484.501274 54 1
1700898484.502873 3656 -1
1700898484.502873 730 -1
1700898484.502873 7354 -1
1700898484.502873 340 -1
1700898484.502951 54 1
1700898484.505597 224 1
1700898484.505726 223 1
1700898484.515737 60 -1
1700898484.515737 1082 -1
1700898484.515737 691 -1
1700898484.515822 54 1
1700898484.526554 1049 -1
1700898484.526554 732 -1
1700898484.526554 3375 -1
1700898484.526554 6398 -1
1700898484.526634 54 1
1700898486.175596 223 1
1700898486.175693 222 1
1700898486.176146 222 1
1700898486.177685 231 1
1700898486.177806 227 1
1700898486.179331 60 -1
1700898486.184498 1052 -1
1700898486.184498 731 -1
1700898486.184498 1050 -1
1700898486.184498 5367 -1
1700898486.184622 54 1
1700898486.184870 731 -1
1700898486.184897 54 1
1700898486.185421 1052 -1
1700898486.185421 733 -1
1700898486.185421 1514 -1
1700898486.185421 1514 -1
1700898486.185421 1367 -1
1700898486.185467 54 1
1700898486.186528 1723 -1
1700898486.186528 3232 -1
1700898486.186528 6170 -1
1700898486.186605 54 1
1700898486.187154 978 -1
1700898486.187154 815 -1
1700898486.187184 54 1
1700898486.187596 3713 -1
1700898486.187622 54 1
1700898487.765580 221 1
1700898487.769236 222 1
1700898487.770696 60 -1
1700898487.770777 66 1
1700898487.771252 66 1
1700898487.771909 66 -1
1700898487.772001 54 1
1700898487.772394 66 -1
1700898487.772506 54 1
1700898487.772754 975 -1
1700898487.772754 817 -1
1700898487.772785 54 1
1700898487.774526 631 1
1700898487.775218 663 1
1700898487.775762 60 -1
1700898487.776467 223 1
1700898487.776556 3243 -1
1700898487.776556 1031 -1
1700898487.776556 741 -1
1700898487.776556 3732 -1
1700898487.776607 221 1
1700898487.776661 54 1
1700898487.777617 60 -1
1700898487.778361 60 -1
1700898487.782598 1053 -1
1700898487.782598 723 -1
1700898487.782598 1407 -1
1700898487.782704 54 1
1700898487.786625 2974 -1
1700898487.786625 956 -1
1700898487.786625 1053 -1
1700898487.786625 621 -1
1700898487.786774 54 1
1700898487.786833 54 1
1700898487.787252 2974 -1
1700898487.787252 957 -1
1700898487.787306 54 1
1700898487.816337 621 -1
1700898487.816337 956 -1
1700898487.816411 66 1
1700898487.816481 66 1
1700898487.819207 134 1
1700898487.820446 134 1
1700898487.820819 54 1
1700898487.821048 146 1
1700898487.821361 585 1
1700898487.821456 227 1
1700898487.821557 60 -1
1700898487.821817 341 -1
1700898487.821931 54 1
1700898487.822212 341 -1
1700898487.825425 60 -1
1700898487.825425 60 -1
1700898487.825425 60 -1
1700898487.825425 60 -1
1700898487.825425 341 -1
1700898487.825425 341 -1
1700898487.825526 54 1
1700898487.826527 115 -1
1700898487.826527 85 -1
1700898487.826581 54 1
1700898487.826865 85 1
1700898487.828195 60 -1
1700898487.836322 1192 -1
1700898487.836322 6189 -1
1700898487.836322 1163 -1
1700898487.836322 495 -1
1700898487.836322 1514 -1
1700898487.836322 3237 -1
1700898487.836471 54 1
1700898489.963586 220 1
1700898489.966832 60 -1
1700898489.970602 226 1
1700898489.972035 221 1
1700898489.972130 227 1
1700898489.972625 221 1
1700898489.972732 219 1
1700898489.972820 230 1
1700898489.972936 227 1
1700898489.973254 1174 -1
1700898489.973254 479 -1
1700898489.973254 7354 -1
1700898489.973354 54 1
1700898489.973531 7354 -1
1700898489.973565 54 1
1700898489.974348 1860 -1
1700898489.974348 6611 -1
1700898489.974403 54 1
1700898489.976743 60 -1
1700898489.976743 60 -1
1700898489.979988 1192 -1
1700898489.979988 449 -1
1700898489.980068 54 1
1700898489.980378 5187 -1
1700898489.980425 54 1
1700898489.980559 1171 -1
1700898489.980587 54 1
1700898489.980983 482 -1
1700898489.980983 4349 -1
1700898489.981028 54 1
1700898489.982262 1170 -1
1700898489.982262 1627 -1
1700898489.982262 4827 -1
1700898489.982318 54 1
1700898489.982391 442 -1
1700898489.982391 3063 -1
1700898489.982423 54 1
1700898489.988171 1170 -1
1700898489.988171 484 -1
1700898489.988171 5182 -1
1700898489.988310 54 1
1700898490.002480 1179 -1
1700898490.002480 476 -1
1700898490.002480 9179 -1
1700898490.002480 419 -1
1700898490.003331 66 1
1700898490.016913 1176 -1
1700898490.016913 472 -1
1700898490.017136 54 1
1700898490.017359 1514 -1
1700898490.017420 5416 -1
1700898490.017474 54 1
1700898492.012149 54 1
1700898492.013097 54 1
1700898492.014591 78 -1
1700898492.014591 60 -1
1700898492.014630 54 1
1700898492.026560 78 -1
1700898492.026560 60 -1
1700898492.026560 60 -1
1700898492.026662 54 1
1700898492.032348 60 -1
1700898494.475499 66 1
1700898494.476787 66 -1
1700898494.476885 54 1
1700898494.478184 870 1
1700898494.479283 60 -1
1700898494.480538 318 -1
1700898494.483389 134 1
1700898494.483830 146 1
1700898494.484696 576 1
1700898494.484775 229 1
1700898494.484871 228 1
1700898494.484990 219 1
1700898494.485084 223 1
1700898494.485183 230 1
1700898494.485286 218 1
1700898494.485391 226 1
1700898494.486968 60 -1
1700898494.486968 60 -1
1700898494.486968 60 -1
1700898494.486968 60 -1
1700898494.486968 60 -1
1700898494.486968 60 -1
1700898494.486968 60 -1
1700898494.486968 60 -1
1700898494.486968 60 -1
1700898494.486968 60 -1
1700898494.488773 341 -1
1700898494.498710 115 -1
1700898494.498710 85 -1
1700898494.498710 1175 -1
1700898494.498710 478 -1
1700898494.498710 1179 -1
1700898494.498710 473 -1
1700898494.498710 1178 -1
1700898494.498710 8663 -1
1700898494.498882 54 1
1700898494.499142 4960 -1
1700898494.499175 54 1
1700898494.499231 472 -1
1700898494.500206 85 1
1700898494.501458 1174 -1
1700898494.501458 476 -1
1700898494.501458 1171 -1
1700898494.501458 485 -1
1700898494.501458 10389 -1
1700898494.501552 54 1
1700898494.502708 4290 -1
1700898494.502708 2782 -1
1700898494.502764 54 1
1700898494.505472 1172 -1
1700898494.505472 487 -1
1700898494.505472 5319 -1
1700898494.505559 54 1
1700898494.513816 1173 -1
1700898494.513816 485 -1
1700898494.513816 3124 -1
1700898494.513961 54 1
1700898494.515168 1202 -1
1700898494.515168 439 -1
1700898494.515168 7354 -1
1700898494.515232 54 1
1700898494.515609 5901 -1
1700898494.515635 54 1
1700898496.074152 222 1
1700898496.075382 60 -1
1700898496.075431 222 1
1700898496.076441 60 -1
1700898496.076768 230 1
1700898496.077791 60 -1
1700898496.081364 220 1
1700898496.081462 1197 -1
1700898496.081462 442 -1
1700898496.081462 6170 -1
1700898496.081503 223 1
1700898496.081558 54 1
1700898496.081576 229 1
1700898496.082414 220 1
1700898496.082870 228 1
1700898496.083920 1141 -1
1700898496.083920 527 -1
1700898496.083920 7354 -1
1700898496.083920 2036 -1
1700898496.083920 1170 -1
1700898496.083920 482 -1
1700898496.083920 9683 -1
1700898496.084075 54 1
1700898496.084665 60 -1
1700898496.090032 1199 -1
1700898496.090032 438 -1
1700898496.090032 6048 -1
1700898496.090158 54 1
1700898496.091613 1202 -1
1700898496.091657 54 1
1700898496.091716 438 -1
1700898496.091716 10398 -1
1700898496.091773 54 1
1700898496.096675 1141 -1
1700898496.096675 522 -1
1700898496.096675 4502 -1
1700898496.096675 1195 -1
1700898496.096675 444 -1
1700898496.096675 7354 -1
1700898496.096675 6299 -1
1700898496.096863 54 1
1700898496.101429 1196 -1
1700898496.101429 454 -1
1700898496.101429 6676 -1
1700898496.101551 54 1
1700898497.746233 229 1
1700898497.747553 228 1
1700898497.750181 219 1
1700898497.754436 227 1
1700898497.756530 228 1
1700898497.758228 219 1
1700898497.758348 228 1
1700898497.758607 223 1
1700898497.761197 60 -1
1700898497.761666 1174 -1
1700898497.761666 477 -1
1700898497.761739 54 1
1700898497.763341 6304 -1
1700898497.763341 60 -1
1700898497.763417 54 1
1700898497.764608 1197 -1
1700898497.764608 445 -1
1700898497.764608 4730 -1
1700898497.764681 54 1
1700898497.766634 1175 -1
1700898497.766634 474 -1
1700898497.766634 1201 -1
1700898497.766634 3121 -1
1700898497.766744 54 1
1700898497.766825 437 -1
1700898497.766842 54 1
1700898497.768303 1173 -1
1700898497.768303 479 -1
1700898497.768303 8814 -1
1700898497.768303 3063 -1
1700898497.768303 6649 -1
1700898497.768445 54 1
1700898497.771380 1173 -1
1700898497.771380 480 -1
1700898497.771456 54 1
1700898497.771843 4474 -1
1700898497.771892 54 1
1700898497.774471 1164 -1
1700898497.774471 495 -1
1700898497.774471 6355 -1
1700898497.774529 54 1
1700898497.779216 1140 -1
1700898497.779216 522 -1
1700898497.779216 3953 -1
1700898497.779330 54 1
1700898500.096407 220 1
1700898500.097024 222 1
1700898500.097601 220 1
1700898500.098178 221 1
1700898500.098747 222 1
1700898500.099283 220 1
1700898500.100359 221 1
1700898500.100746 60 -1
1700898500.101360 219 1
1700898500.102799 60 -1
1700898500.124328 1171 -1
1700898500.124328 485 -1
1700898500.124328 1173 -1
1700898500.124328 471 -1
1700898500.124328 1196 -1
1700898500.124328 447 -1
1700898500.124328 10532 -1
1700898500.124328 1179 -1
1700898500.124328 8814 -1
1700898500.124328 6078 -1
1700898500.124328 2488 -1
1700898500.124328 468 -1
1700898500.124328 1514 -1
1700898500.124328 4434 -1
1700898500.124328 5388 -1
1700898500.124328 1143 -1
1700898500.124328 521 -1
1700898500.124328 1514 -1
1700898500.124328 2501 -1
1700898500.124328 1195 -1
1700898500.124328 451 -1
1700898500.124328 3655 -1
1700898500.124328 1176 -1
1700898500.124328 471 -1
1700898500.124328 1173 -1
1700898500.124328 485 -1
1700898500.124328 5524 -1
1700898500.124328 4174 -1
1700898500.124697 66 1
1700898500.124753 66 1
1700898500.124801 54 1
1700898500.124918 54 1
1700898500.125063 1254 -1
1700898500.125083 66 1
1700898500.135837 89 1
1700898500.178049 60 -1
1700898502.029578 54 1
1700898502.037478 78 -1
1700898502.037478 60 -1
1700898502.037535 54 1
1700898504.565280 66 1
1700898504.566482 66 -1
1700898504.566577 54 1
1700898504.568469 966 1
1700898504.569678 60 -1
1700898504.569980 318 -1
1700898504.571862 134 1
1700898504.574495 146 1
1700898504.575937 60 -1
1700898504.575937 341 -1
1700898504.576854 60 -1
1700898504.577172 574 1
1700898504.577482 222 1
1700898504.577580 230 1
1700898504.577648 115 -1
1700898504.577648 85 -1
1700898504.577677 54 1
1700898504.577687 229 1
1700898504.577775 220 1
1700898504.578189 60 -1
1700898504.578241 223 1
1700898504.578319 219 1
1700898504.578488 229 1
1700898504.578692 60 -1
1700898504.578692 60 -1
1700898504.578692 60 -1
1700898504.578692 60 -1
1700898504.578760 85 1
1700898504.579131 60 -1
1700898504.579499 60 -1
1700898504.579499 60 -1
1700898504.579715 60 -1
1700898504.593388 1199 -1
1700898504.593388 439 -1
1700898504.593388 1171 -1
1700898504.593388 483 -1
1700898504.593388 7354 -1
1700898504.593388 2799 -1
1700898504.593388 5282 -1
1700898504.593388 1176 -1
1700898504.593388 474 -1
1700898504.593388 4580 -1
1700898504.593388 1173 -1
1700898504.593388 474 -1
1700898504.593388 5206 -1
1700898504.593388 1154 -1
1700898504.593388 506 -1
1700898504.593388 6376 -1
1700898504.593388 1196 -1
1700898504.593388 444 -1
1700898504.593388 2974 -1
1700898504.593388 1809 -1
1700898504.593388 1181 -1
1700898504.593388 469 -1
1700898504.593388 5894 -1
1700898504.593388 1530 -1
1700898504.593751 54 1
1700898504.606847 1172 -1
1700898504.606847 482 -1
1700898504.606847 4096 -1
1700898504.607333 54 1
1700898506.255283 228 1
1700898506.257323 227 1
1700898506.257421 231 1
1700898506.257502 230 1
1700898506.257627 222 1
1700898506.257691 230 1
1700898506.257759 225 1
1700898506.257838 221 1
1700898506.260216 60 -1
1700898506.260216 60 -1
1700898506.267736 1175 -1
1700898506.267736 473 -1
1700898506.267736 1174 -1
1700898506.267736 479 -1
1700898506.267736 1195 -1
1700898506.267736 444 -1
1700898506.267736 3785 -1
1700898506.267736 1168 -1
1700898506.267736 2974 -1
1700898506.267736 5191 -1
1700898506.267736 1191 -1
1700898506.267736 451 -1
1700898506.267736 2974 -1
1700898506.267736 2585 -1
1700898506.267736 3502 -1
1700898506.267736 2776 -1
1700898506.267736 1176 -1
1700898506.267736 479 -1
1700898506.267736 1170 -1
1700898506.267736 483 -1
1700898506.267736 1173 -1
1700898506.267736 4894 -1
1700898506.267736 7354 -1
1700898506.268017 54 1
1700898506.270857 2035 -1
1700898506.270857 4661 -1
1700898506.270944 54 1
1700898507.920848 229 1
1700898507.923816 219 1
1700898507.926272 222 1
1700898507.926375 230 1
1700898507.926451 223 1
1700898507.926524 220 1
1700898507.927122 219 1
1700898507.927201 221 1
1700898507.933783 60 -1
1700898507.933783 1198 -1
1700898507.933783 439 -1
1700898507.933783 1175 -1
1700898507.933783 472 -1
1700898507.933783 6660 -1
1700898507.933783 5251 -1
1700898507.933783 1173 -1
1700898507.933970 54 1
1700898507.934873 478 -1
1700898507.934873 4298 -1
1700898507.934915 54 1
1700898507.941208 1175 -1
1700898507.941208 472 -1
1700898507.941208 1144 -1
1700898507.941208 519 -1
1700898507.941208 4401 -1
1700898507.941208 1594 -1
1700898507.941208 7354 -1
1700898507.941208 819 -1
1700898507.941208 5735 -1
1700898507.941370 54 1
1700898507.941581 1174 -1
1700898507.941581 474 -1
1700898507.941608 54 1
1700898507.982951 2894 -1
1700898507.982951 1179 -1
1700898507.982951 473 -1
1700898507.982951 6125 -1
1700898507.982951 285 -1
1700898507.983098 66 1
1700898509.616151 227 1
1700898509.617119 221 1
1700898509.617891 226 1
1700898509.621121 227 1
1700898509.621720 229 1
1700898509.623682 60 -1
1700898509.624824 60 -1
1700898509.638555 230 1
1700898509.638692 221 1
1700898509.638811 228 1
1700898509.639115 1196 -1
1700898509.639115 448 -1
1700898509.639115 1174 -1
1700898509.639115 484 -1
1700898509.639115 1178 -1
1700898509.639115 6251 -1
1700898509.639115 9372 -1
1700898509.639115 474 -1
1700898509.639115 5582 -1
1700898509.639115 1168 -1
1700898509.639115 484 -1
1700898509.639115 1177 -1
1700898509.639115 474 -1
1700898509.639115 8375 -1
1700898509.639115 2974 -1
1700898509.639115 2126 -1
1700898509.639368 54 1
1700898509.645771 89 1
1700898509.649890 60 -1
1700898509.651971 1163 -1
1700898509.651971 489 -1
1700898509.651971 7274 -1
1700898509.651971 1166 -1
1700898509.651971 486 -1
1700898509.651971 1200 -1
1700898509.651971 441 -1
1700898509.651971 8203 -1
1700898509.651971 1514 -1
1700898509.651971 2157 -1
1700898509.652168 54 1
1700898511.254860 219 1
1700898511.261703 220 1
1700898511.261833 219 1
1700898511.262718 218 1
1700898511.262790 222 1
1700898511.265064 230 1
1700898511.265488 228 1
1700898511.265570 230 1
1700898511.266212 60 -1
1700898511.267632 60 -1
1700898511.269392 1199 -1
1700898511.269462 443 -1
1700898511.269506 54 1
1700898511.272600 4434 -1
1700898511.272600 1514 -1
1700898511.272683 54 1
1700898511.272781 6983 -1
1700898511.272822 54 1
1700898511.273263 1176 -1
1700898511.273290 54 1
1700898511.273393 473 -1
1700898511.273429 1172 -1
1700898511.273450 54 1
1700898511.273486 472 -1
1700898511.274282 1173 -1
1700898511.274282 476 -1
1700898511.274282 7045 -1
1700898511.274336 54 1
1700898511.274716 1174 -1
1700898511.274824 4429 -1
1700898511.274890 54 1
1700898511.275163 2004 -1
1700898511.275182 54 1
1700898511.275332 11148 -1
1700898511.275364 54 1
1700898511.279687 5656 -1
1700898511.279781 54 1
1700898511.280061 1795 -1
1700898511.280088 54 1
1700898511.280904 1176 -1
1700898511.280904 471 -1
1700898511.280939 54 1
1700898511.293669 3834 -1
1700898511.293768 54 1
1700898511.297135 1176 -1
1700898511.297135 474 -1
1700898511.297211 54 1
1700898511.311128 4804 -1
1700898511.311244 54 1
1700898512.048864 54 1
1700898512.050054 78 -1
1700898512.050096 54 1
1700898512.050194 60 -1
1700898512.922012 66 1
1700898512.923887 66 -1
1700898512.924278 54 1
1700898512.951945 934 1
1700898512.953538 60 -1
1700898512.953974 318 -1
1700898512.956707 134 1
1700898512.957697 60 -1
1700898512.958028 146 1
1700898512.959385 582 1
1700898512.959495 230 1
1700898512.959551 60 -1
1700898512.959588 228 1
1700898512.959683 230 1
1700898512.959706 341 -1
1700898512.959775 243 1
1700898512.959865 226 1
1700898512.959980 227 1
1700898512.959994 115 -1
1700898512.959994 85 -1
1700898512.960016 54 1
1700898512.960664 85 1
1700898512.960747 60 -1
1700898512.960747 60 -1
1700898512.960747 60 -1
1700898512.960747 60 -1
1700898512.960747 60 -1
1700898512.968878 60 -1
1700898512.968878 60 -1
1700898512.968878 60 -1
1700898512.968878 1177 -1
1700898512.968878 473 -1
1700898512.968878 7354 -1
1700898512.968878 1554 -1
1700898512.968878 1170 -1
1700898512.968878 482 -1
1700898512.968878 5569 -1
1700898512.968878 1191 -1
1700898512.968878 1596 -1
1700898512.969041 54 1
1700898512.969104 4434 -1
1700898512.969134 54 1
1700898512.969177 4011 -1
1700898512.969201 54 1
1700898512.970033 3577 -1
1700898512.970311 54 1
1700898512.970670 1178 -1
1700898512.970670 472 -1
1700898512.970701 54 1
1700898512.970839 853 -1
1700898512.970839 1176 -1
1700898512.970839 472 -1
1700898512.970839 1605 -1
1700898512.970885 54 1
1700898512.973965 1218 -1
1700898512.973965 414 -1
1700898512.974008 54 1
1700898512.974616 1279 -1
1700898513.054510 54 1
1700898522.055167 54 1
1700898522.056997 78 -1
1700898522.056997 60 -1
1700898522.057030 54 1
