1700900283.617548 66 1
1700900283.647427 66 -1
1700900283.647557 54 1
1700900283.649142 663 1
1700900283.650595 60 -1
1700900283.652562 2777 -1
1700900283.652628 54 1
1700900283.666688 134 1
1700900283.667746 60 -1
1700900283.668691 341 -1
1700900283.668732 341 -1
1700900283.668770 54 1
1700900283.699506 146 1
1700900283.703724 585 1
1700900283.719801 60 -1
1700900283.719801 60 -1
1700900283.719801 115 -1
1700900283.719801 85 -1
1700900283.719801 853 -1
1700900283.719801 2974 -1
1700900283.719801 3807 -1
1700900283.720297 54 1
1700900283.759041 85 1
1700900283.762687 60 -1
1700900283.959515 229 1
1700900283.961335 60 -1
1700900283.962946 929 -1
1700900283.962946 5743 -1
1700900283.963097 54 1
1700900283.980725 232 1
1700900283.980885 234 1
1700900283.981016 222 1
1700900283.981124 225 1
1700900283.991698 60 -1
1700900283.998547 856 -1
1700900283.998547 4269 -1
1700900283.998547 951 -1
1700900283.998547 6710 -1
1700900283.998547 858 -1
1700900283.998547 3579 -1
1700900283.998547 4406 -1
1700900283.999810 54 1
1700900284.012893 226 1
1700900284.013115 222 1
1700900284.013215 222 1
1700900284.013348 223 1
1700900284.013543 224 1
1700900284.026319 60 -1
1700900284.026319 983 -1
1700900284.026319 4219 -1
1700900284.026319 958 -1
1700900284.026319 6153 -1
1700900284.026641 54 1
1700900284.030226 854 -1
1700900284.030226 7311 -1
1700900284.031191 54 1
1700900284.036003 930 -1
1700900284.036003 13194 -1
1700900284.036003 7354 -1
1700900284.036003 277 -1
1700900284.036003 926 -1
1700900284.036003 2974 -1
1700900284.036003 3891 -1
1700900284.036772 54 1
1700900284.544517 210 1
1700900284.570835 825 -1
1700900284.570835 2513 -1
1700900284.570932 54 1
1700900290.353572 231 1
1700900290.353685 221 1
1700900290.353873 222 1
1700900290.353973 221 1
1700900290.354078 225 1
1700900290.354162 223 1
1700900290.354251 222 1
1700900290.354337 224 1
1700900290.360188 60 -1
1700900290.360188 60 -1
1700900290.360188 825 -1
1700900290.360188 5618 -1
1700900290.360188 852 -1
1700900290.360188 4630 -1
1700900290.360188 6425 -1
1700900290.360358 54 1
1700900290.364466 973 -1
1700900290.364466 6503 -1
1700900290.364466 858 -1
1700900290.364466 852 -1
1700900290.364466 5546 -1
1700900290.364466 4870 -1
1700900290.364585 54 1
1700900290.368241 853 -1
1700900290.368241 4389 -1
1700900290.368316 54 1
1700900290.372342 860 -1
1700900290.372342 6420 -1
1700900290.372415 54 1
1700900290.402769 89 1
1700900290.445870 60 -1
1700900291.362675 54 1
1700900291.364178 78 -1
1700900291.364178 60 -1
1700900291.364222 54 1
1700900292.053840 66 1
1700900292.055773 66 -1
1700900292.055915 54 1
1700900292.063600 966 1
1700900292.065974 60 -1
1700900292.066523 318 -1
1700900292.070742 134 1
1700900292.090955 146 1
1700900292.097511 577 1
1700900292.097625 223 1
1700900292.097728 222 1
1700900292.098285 225 1
1700900292.098436 225 1
1700900292.107307 60 -1
1700900292.107307 341 -1
1700900292.107307 60 -1
1700900292.107307 60 -1
1700900292.107307 115 -1
1700900292.107307 85 -1
1700900292.107307 60 -1
1700900292.107307 60 -1
1700900292.107307 60 -1
1700900292.107307 60 -1
1700900292.107477 54 1
1700900292.111223 981 -1
1700900292.111223 1514 -1
1700900292.111223 4207 -1
1700900292.111223 925 -1
1700900292.111223 5980 -1
1700900292.111223 823 -1
1700900292.111223 3885 -1
1700900292.111223 6359 -1
1700900292.111372 54 1
1700900292.111550 930 -1
1700900292.111550 7354 -1
1700900292.111604 54 1
1700900292.120995 7354 -1
1700900292.120995 1860 -1
1700900292.120995 3608 -1
1700900292.121116 54 1
1700900292.146268 85 1
1700900292.161465 60 -1
1700900298.072546 222 1
1700900298.072668 224 1
1700900298.073562 221 1
1700900298.073658 223 1
1700900298.073907 60 -1
1700900298.073979 60 -1
1700900298.074225 224 1
1700900298.074543 60 -1
1700900298.074738 60 -1
1700900298.075259 60 -1
1700900298.077037 956 -1
1700900298.077037 4649 -1
1700900298.077083 54 1
1700900298.077353 932 -1
1700900298.077380 54 1
1700900298.077434 6979 -1
1700900298.077470 54 1
1700900298.078356 852 -1
1700900298.078382 54 1
1700900298.078433 7354 -1
1700900298.078468 54 1
1700900298.079203 1214 -1
1700900298.079234 54 1
1700900298.079309 980 -1
1700900298.079465 811 -1
1700900298.079465 1801 -1
1700900298.079498 54 1
1700900298.089402 926 -1
1700900298.089402 5216 -1
1700900298.089504 54 1
1700900298.109702 89 1
1700900298.152376 60 -1
1700900299.938578 229 1
1700900299.940073 60 -1
1700900299.941778 231 1
1700900299.941915 224 1
1700900299.941990 232 1
1700900299.942064 229 1
1700900299.942143 224 1
1700900299.951018 855 -1
1700900299.951018 4359 -1
1700900299.951123 54 1
1700900299.954347 60 -1
1700900299.954347 60 -1
1700900299.954347 60 -1
1700900299.954347 60 -1
1700900299.954347 927 -1
1700900299.954347 5564 -1
1700900299.954496 54 1
1700900299.959068 980 -1
1700900299.959068 809 -1
1700900299.959165 54 1
1700900299.959988 4661 -1
1700900299.959988 928 -1
1700900299.959988 7354 -1
1700900299.960117 66 1
1700900299.960184 54 1
1700900299.960213 54 1
1700900299.968076 2974 -1
1700900299.968076 2569 -1
1700900299.968076 930 -1
1700900299.968076 11751 -1
1700900299.968201 54 1
1700900299.971095 928 -1
1700900299.971095 856 -1
1700900299.971095 1514 -1
1700900299.971095 3325 -1
1700900299.971153 66 1
1700900299.971238 54 1
1700900301.373826 54 1
1700900301.381312 78 -1
1700900301.381312 60 -1
1700900301.381573 54 1
1700900303.495671 66 1
1700900303.498142 66 -1
1700900303.499177 54 1
1700900303.499943 902 1
1700900303.503653 60 -1
1700900303.503653 318 -1
1700900303.504881 134 1
1700900303.505825 146 1
1700900303.506371 587 1
1700900303.506440 221 1
1700900303.509495 60 -1
1700900303.509495 341 -1
1700900303.509495 60 -1
1700900303.509495 60 -1
1700900303.509495 60 -1
1700900303.510654 115 -1
1700900303.510654 85 -1
1700900303.510703 54 1
1700900303.511012 85 1
1700900303.511125 823 -1
1700900303.513039 3037 -1
1700900303.513039 927 -1
1700900303.513039 7104 -1
1700900303.513142 54 1
1700900303.513961 60 -1
1700900303.526985 223 1
1700900303.528909 221 1
1700900303.538033 60 -1
1700900303.538124 926 -1
1700900303.538124 6723 -1
1700900303.538197 54 1
1700900303.538653 928 -1
1700900303.538723 8585 -1
1700900303.538787 54 1
1700900305.142551 221 1
1700900305.144111 225 1
1700900305.144798 224 1
1700900305.145451 223 1
1700900305.146751 60 -1
1700900305.149701 853 -1
1700900305.149701 4434 -1
1700900305.149701 3265 -1
1700900305.149832 54 1
1700900305.150152 931 -1
1700900305.150185 54 1
1700900305.150235 3566 -1
1700900305.150266 54 1
1700900305.151882 223 1
1700900305.153848 854 -1
1700900305.153848 3796 -1
1700900305.154108 54 1
1700900305.161588 825 -1
1700900305.161588 1514 -1
1700900305.161588 5435 -1
1700900305.161668 54 1
1700900305.163900 856 -1
1700900305.164368 4434 -1
1700900305.164368 1459 -1
1700900305.164438 54 1
1700900306.878405 221 1
1700900306.879380 223 1
1700900306.879731 231 1
1700900306.879812 222 1
1700900306.879900 221 1
1700900306.881375 234 1
1700900306.881480 220 1
1700900306.881855 60 -1
1700900306.904385 60 -1
1700900306.904385 928 -1
1700900306.904385 2974 -1
1700900306.904385 2257 -1
1700900306.904385 851 -1
1700900306.904385 6692 -1
1700900306.904385 191 -1
1700900306.904602 66 1
1700900306.904680 66 1
1700900306.904716 66 1
1700900306.904741 74 1
1700900306.919668 1514 -1
1700900306.919668 927 -1
1700900306.919668 5583 -1
1700900306.919840 66 1
1700900306.919898 66 1
1700900306.921432 66 1
1700900306.921556 928 -1
1700900306.921556 2974 -1
1700900306.921556 2974 -1
1700900306.921601 66 1
1700900306.921635 66 1
1700900306.921667 66 1
1700900306.922634 1049 -1
1700900306.922634 4434 -1
1700900306.922693 66 1
1700900306.922740 66 1
1700900306.922840 2860 -1
1700900306.922862 66 1
1700900306.924541 929 -1
1700900306.924541 1514 -1
1700900306.924541 2227 -1
1700900306.924541 980 -1
1700900306.924541 811 -1
1700900306.924541 2974 -1
1700900306.924617 66 1
1700900306.924666 66 1
1700900306.924684 66 1
1700900306.924709 66 1
1700900306.924729 66 1
1700900306.924765 54 1
1700900309.235611 224 1
1700900309.235756 223 1
1700900309.237378 223 1
1700900309.237473 225 1
1700900309.237965 221 1
1700900309.238076 224 1
1700900309.249272 60 -1
1700900309.249272 949 -1
1700900309.249272 10419 -1
1700900309.249272 932 -1
1700900309.249272 5894 -1
1700900309.249272 3839 -1
1700900309.249272 5695 -1
1700900309.249272 949 -1
1700900309.249272 1514 -1
1700900309.249272 1514 -1
1700900309.249272 744 -1
1700900309.249272 925 -1
1700900309.249272 1514 -1
1700900309.249272 1476 -1
1700900309.249489 66 1
1700900309.251749 74 1
1700900309.251800 74 1
1700900309.251841 74 1
1700900309.251877 82 1
1700900309.255108 853 -1
1700900309.255108 5161 -1
1700900309.255108 1514 -1
1700900309.255108 1514 -1
1700900309.255201 82 1
1700900309.255283 82 1
1700900309.255343 74 1
1700900309.255375 66 1
1700900309.256324 1514 -1
1700900309.256360 54 1
1700900309.269768 89 1
1700900309.315222 60 -1
1700900311.400241 54 1
1700900311.404296 78 -1
1700900311.404296 60 -1
1700900311.404508 54 1
1700900313.463943 66 1
1700900313.469200 66 -1
1700900313.469697 54 1
1700900313.471192 870 1
1700900313.474409 60 -1
1700900313.475207 318 -1
1700900313.475753 134 1
1700900313.476859 60 -1
1700900313.477434 341 -1
1700900313.477734 146 1
1700900313.478540 576 1
1700900313.478611 225 1
1700900313.478722 224 1
1700900313.478875 115 -1
1700900313.478875 85 -1
1700900313.478947 54 1
1700900313.479430 226 1
1700900313.479683 60 -1
1700900313.479683 60 -1
1700900313.479989 60 -1
1700900313.480460 60 -1
1700900313.480636 85 1
1700900313.480930 222 1
1700900313.481033 223 1
1700900313.481837 60 -1
1700900313.482378 60 -1
1700900313.483415 60 -1
1700900313.484722 859 -1
1700900313.484722 5894 -1
1700900313.484845 54 1
1700900313.485222 179 -1
1700900313.485270 66 1
1700900313.485316 900 -1
1700900313.485316 6066 -1
1700900313.485401 66 1
1700900313.485470 66 1
1700900313.486781 1514 -1
1700900313.487208 54 1
1700900313.487474 956 -1
1700900313.487474 845 -1
1700900313.487509 54 1
1700900313.488316 1514 -1
1700900313.488355 54 1
1700900313.489817 2974 -1
1700900313.489817 5894 -1
1700900313.489817 1514 -1
1700900313.489817 858 -1
1700900313.489817 6809 -1
1700900313.489893 66 1
1700900313.490091 66 1
1700900313.490157 74 1
1700900313.490236 82 1
1700900313.490335 82 1
1700900313.491254 1514 -1
1700900313.491305 74 1
1700900313.498441 1514 -1
1700900313.498441 693 -1
1700900313.498441 4434 -1
1700900313.498441 929 -1
1700900313.498929 66 1
1700900313.499037 54 1
1700900313.499091 66 1
1700900313.499132 54 1
1700900313.501315 929 -1
1700900313.501351 66 1
1700900313.709752 1149 -1
1700900313.755836 54 1
1700900315.176751 223 1
1700900315.180125 853 -1
1700900315.180125 6413 -1
1700900315.180228 54 1
1700900315.183004 226 1
1700900315.183133 222 1
1700900315.183215 223 1
1700900315.183296 224 1
1700900315.184286 221 1
1700900315.184585 221 1
1700900315.184943 60 -1
1700900315.188590 60 -1
1700900315.188590 953 -1
1700900315.188590 6192 -1
1700900315.188590 4770 -1
1700900315.188590 4434 -1
1700900315.188590 1861 -1
1700900315.188764 66 1
1700900315.188830 74 1
1700900315.188883 970 -1
1700900315.188883 8297 -1
1700900315.188963 74 1
1700900315.189047 74 1
1700900315.189430 926 -1
1700900315.189462 74 1
1700900315.189569 7045 -1
1700900315.189637 74 1
1700900315.191202 959 -1
1700900315.191202 3981 -1
1700900315.191202 1514 -1
1700900315.191202 1514 -1
1700900315.191271 74 1
1700900315.191315 74 1
1700900315.191569 66 1
1700900315.191727 54 1
1700900316.774061 222 1
1700900316.777646 222 1
1700900316.783114 234 1
1700900316.783381 222 1
1700900316.815900 60 -1
1700900316.815900 927 -1
1700900316.815900 9433 -1
1700900316.815900 907 -1
1700900316.815900 7354 -1
1700900316.815900 315 -1
1700900316.815900 60 -1
1700900316.815900 927 -1
1700900316.815900 2974 -1
1700900316.815900 3888 -1
1700900316.815900 927 -1
1700900316.815900 2974 -1
1700900316.815900 2013 -1
1700900316.816101 66 1
1700900316.816166 66 1
1700900316.816196 66 1
1700900316.816228 66 1
1700900316.816255 66 1
1700900316.816283 66 1
1700900316.816310 66 1
1700900316.835435 553 -1
1700900316.835524 74 1
1700900316.836827 1514 -1
1700900316.836888 54 1
1700900318.426678 226 1
1700900318.426780 232 1
1700900318.436412 60 -1
1700900318.436412 852 -1
1700900318.436412 3975 -1
1700900318.436639 54 1
1700900318.443606 947 -1
1700900318.444637 856 -1
1700900318.444637 7663 -1
1700900318.444688 54 1
1700900318.446366 66 1
1700900318.446728 66 1
1700900318.448757 66 -1
1700900318.448904 54 1
1700900318.448977 66 -1
1700900318.449061 54 1
1700900318.449673 663 1
1700900318.450322 599 1
1700900318.450991 60 -1
1700900318.452859 60 -1
1700900318.458971 2974 -1
1700900318.459256 54 1
1700900318.459327 958 -1
1700900318.460523 2974 -1
1700900318.460523 958 -1
1700900318.460585 54 1
1700900318.469661 134 1
1700900318.470588 134 1
1700900318.471381 60 -1
1700900318.471381 341 -1
1700900318.471381 341 -1
1700900318.471442 54 1
1700900318.471734 60 -1
1700900318.471888 341 -1
1700900318.472346 341 -1
1700900318.472376 54 1
1700900318.472624 54 1
1700900318.472898 146 1
1700900318.473390 583 1
1700900318.473503 229 1
1700900318.473905 93 -1
1700900318.473951 54 1
1700900318.474154 60 -1
1700900318.477338 60 -1
1700900318.477338 115 -1
1700900318.477338 85 -1
1700900318.477338 60 -1
1700900318.477338 60 -1
1700900318.477438 54 1
1700900318.477795 85 1
1700900318.478844 60 -1
1700900318.504727 1193 -1
1700900318.504727 455 -1
1700900318.504727 5788 -1
1700900318.504727 1163 -1
1700900318.504727 495 -1
1700900318.504866 54 1
1700900318.518234 4697 -1
1700900318.518323 54 1
1700900320.698000 220 1
1700900320.720230 1173 -1
1700900320.720230 481 -1
1700900320.720230 8814 -1
1700900320.720230 6240 -1
1700900320.720230 6609 -1
1700900320.720478 66 1
1700900320.720562 66 1
1700900320.726402 227 1
1700900320.726541 220 1
1700900320.726609 227 1
1700900320.728967 218 1
1700900320.729146 222 1
1700900320.729236 227 1
1700900320.729301 227 1
1700900320.738118 1514 -1
1700900320.738118 60 -1
1700900320.738118 486 -1
1700900320.738118 5894 -1
1700900320.738118 409 -1
1700900320.738118 1200 -1
1700900320.738118 446 -1
1700900320.738118 2974 -1
1700900320.738118 1223 -1
1700900320.738118 410 -1
1700900320.738118 1514 -1
1700900320.738299 54 1
1700900320.738412 66 1
1700900320.738468 74 1
1700900320.738520 82 1
1700900320.738594 82 1
1700900320.738625 82 1
1700900320.738668 82 1
1700900320.738720 90 1
1700900320.738765 90 1
1700900320.738800 90 1
1700900320.756819 60 -1
1700900320.757716 7354 -1
1700900320.757783 90 1
1700900320.758531 7354 -1
1700900320.758576 90 1
1700900320.758795 7354 -1
1700900320.758898 90 1
1700900320.759616 6291 -1
1700900320.759663 90 1
1700900320.759921 1174 -1
1700900320.759972 90 1
1700900320.760061 1465 -1
1700900320.760094 82 1
1700900320.760736 1514 -1
1700900320.760773 74 1
1700900320.761829 1514 -1
1700900320.761829 1514 -1
1700900320.761880 66 1
1700900320.762248 54 1
1700900321.434636 54 1
1700900321.434775 54 1
1700900321.436546 78 -1
1700900321.436546 60 -1
1700900321.436608 54 1
1700900321.444678 78 -1
1700900321.444678 60 -1
1700900321.444904 54 1
1700900325.330931 66 1
1700900325.344809 66 -1
1700900325.344953 54 1
1700900325.346503 870 1
1700900325.353330 60 -1
1700900325.354296 318 -1
1700900325.355039 134 1
1700900325.355479 146 1
1700900325.356246 575 1
1700900325.356322 221 1
1700900325.356424 219 1
1700900325.356524 229 1
1700900325.356618 227 1
1700900325.356699 228 1
1700900325.356786 227 1
1700900325.356892 220 1
1700900325.359734 60 -1
1700900325.359734 60 -1
1700900325.359734 60 -1
1700900325.359734 60 -1
1700900325.359734 60 -1
1700900325.359734 60 -1
1700900325.359734 60 -1
1700900325.359734 60 -1
1700900325.359734 60 -1
1700900325.359734 60 -1
1700900325.359734 341 -1
1700900325.363753 115 -1
1700900325.363804 54 1
1700900325.363889 85 -1
1700900325.363889 1169 -1
1700900325.363889 485 -1
1700900325.363917 54 1
1700900325.364593 1171 -1
1700900325.364593 485 -1
1700900325.364637 54 1
1700900325.364687 2974 -1
1700900325.364719 54 1
1700900325.364806 85 1
1700900325.364937 7354 -1
1700900325.364991 54 1
1700900325.365443 2935 -1
1700900325.365483 54 1
1700900325.365729 2782 -1
1700900325.365749 54 1
1700900325.365938 1170 -1
1700900325.365956 54 1
1700900325.366095 486 -1
1700900325.366118 54 1
1700900325.366267 60 -1
1700900325.366267 4280 -1
1700900325.366309 54 1
1700900325.368172 1172 -1
1700900325.368172 489 -1
1700900325.368205 54 1
1700900325.368269 1171 -1
1700900325.368269 488 -1
1700900325.368295 54 1
1700900325.368384 7354 -1
1700900325.368408 54 1
1700900325.368863 1353 -1
1700900325.368882 54 1
1700900325.368944 3120 -1
1700900325.368960 54 1
1700900325.370591 1207 -1
1700900325.370591 441 -1
1700900325.370627 54 1
1700900325.370763 4992 -1
1700900325.370800 54 1
1700900325.371208 1175 -1
1700900325.371208 482 -1
1700900325.371241 54 1
1700900325.371506 1171 -1
1700900325.371506 489 -1
1700900325.371529 54 1
1700900325.371577 5317 -1
1700900325.371639 54 1
1700900325.372271 7354 -1
1700900325.372334 54 1
1700900325.372740 3079 -1
1700900325.372773 54 1
1700900326.963192 223 1
1700900326.963373 221 1
1700900326.964808 60 -1
1700900326.964808 60 -1
1700900326.965178 228 1
1700900326.967381 220 1
1700900326.967501 221 1
1700900326.968114 60 -1
1700900326.969469 60 -1
1700900326.969469 60 -1
1700900326.971961 1140 -1
1700900326.971961 529 -1
1700900326.972057 54 1
1700900326.972721 2974 -1
1700900326.972721 6414 -1
1700900326.972774 54 1
1700900326.973819 229 1
1700900326.977626 220 1
1700900326.977706 1165 -1
1700900326.977706 493 -1
1700900326.977706 7354 -1
1700900326.977706 2372 -1
1700900326.977706 1140 -1
1700900326.977706 525 -1
1700900326.977706 1514 -1
1700900326.977706 1514 -1
1700900326.977706 1579 -1
1700900326.977706 1194 -1
1700900326.977706 450 -1
1700900326.977706 6036 -1
1700900326.977706 1193 -1
1700900326.977706 452 -1
1700900326.977789 227 1
1700900326.977706 6160 -1
1700900326.977938 54 1
1700900326.978513 60 -1
1700900326.980361 60 -1
1700900326.983588 1198 -1
1700900326.983588 448 -1
1700900326.983588 7354 -1
1700900326.983682 54 1
1700900326.984233 3088 -1
1700900326.984263 54 1
1700900326.985051 1199 -1
1700900326.985051 439 -1
1700900326.985051 1514 -1
1700900326.985051 5894 -1
1700900326.986155 54 1
1700900326.986405 1514 -1
1700900326.986405 4844 -1
1700900326.986405 1193 -1
1700900326.986405 457 -1
1700900326.986405 1514 -1
1700900326.986405 5213 -1
1700900326.986493 54 1
1700900327.006719 833 -1
1700900327.006786 66 1
1700900328.691891 226 1
1700900328.692018 227 1
1700900328.692178 223 1
1700900328.692769 229 1
1700900328.692847 228 1
1700900328.692953 224 1
1700900328.693064 228 1
1700900328.693434 220 1
1700900328.697273 60 -1
1700900328.697273 60 -1
1700900328.714928 1170 -1
1700900328.714928 487 -1
1700900328.714928 1193 -1
1700900328.714928 455 -1
1700900328.714928 1171 -1
1700900328.714928 1514 -1
1700900328.714928 4834 -1
1700900328.714928 483 -1
1700900328.714928 1197 -1
1700900328.714928 448 -1
1700900328.715153 54 1
1700900328.717435 4720 -1
1700900328.717435 1514 -1
1700900328.717435 5185 -1
1700900328.717435 1601 -1
1700900328.717435 5555 -1
1700900328.717435 5894 -1
1700900328.717435 1514 -1
1700900328.717435 6531 -1
1700900328.717435 3949 -1
1700900328.717435 3111 -1
1700900328.717435 1163 -1
1700900328.717435 497 -1
1700900328.717435 2974 -1
1700900328.717435 1973 -1
1700900328.717653 66 1
1700900328.734721 1514 -1
1700900328.734827 54 1
1700900330.958271 218 1
1700900330.963674 1171 -1
1700900330.963674 485 -1
1700900330.963674 1514 -1
1700900330.963762 54 1
1700900330.964614 221 1
1700900330.975785 222 1
1700900330.976008 1169 -1
1700900330.976008 482 -1
1700900330.976008 1514 -1
1700900330.976008 1514 -1
1700900330.976071 66 1
1700900330.976120 66 1
1700900330.976146 66 1
1700900330.976168 66 1
1700900330.976219 6141 -1
1700900330.976292 74 1
1700900330.977355 89 1
1700900330.977469 219 1
1700900330.977575 219 1
1700900330.977935 219 1
1700900330.978044 223 1
1700900330.978177 221 1
1700900330.980607 2488 -1
1700900330.980607 1514 -1
1700900330.980669 66 1
1700900330.980717 54 1
1700900330.980789 60 -1
1700900330.995446 1173 -1
1700900330.995446 481 -1
1700900330.995446 1195 -1
1700900330.995446 452 -1
1700900330.995446 4001 -1
1700900330.995446 1170 -1
1700900330.995446 4083 -1
1700900330.995446 4162 -1
1700900330.995446 1196 -1
1700900330.995446 449 -1
1700900330.995446 1174 -1
1700900330.995446 480 -1
1700900330.995446 7354 -1
1700900330.995446 2974 -1
1700900330.995446 2974 -1
1700900330.995446 1696 -1
1700900330.995446 1514 -1
1700900330.995446 6836 -1
1700900330.995446 1171 -1
1700900330.995446 487 -1
1700900330.995446 5522 -1
1700900330.995794 66 1
1700900330.995877 66 1
1700900330.995904 66 1
1700900330.995938 66 1
1700900330.998290 1514 -1
1700900330.998357 54 1
1700900331.446557 54 1
1700900331.463266 78 -1
1700900331.463266 60 -1
1700900331.463358 54 1
1700900331.466650 60 -1
1700900331.678759 78 -1
1700900332.095059 78 -1
1700900332.942723 78 -1
1700900334.607850 78 -1
1700900335.710804 66 1
1700900335.716816 66 -1
1700900335.716990 54 1
1700900335.718529 902 1
1700900335.740723 60 -1
1700900335.740723 318 -1
1700900335.741671 134 1
1700900335.742116 146 1
1700900335.742893 574 1
1700900335.742996 228 1
1700900335.743108 234 1
1700900335.743219 220 1
1700900335.743319 221 1
1700900335.743413 224 1
1700900335.743518 227 1
1700900335.743638 222 1
1700900335.750610 60 -1
1700900335.750610 60 -1
1700900335.750610 60 -1
1700900335.750610 60 -1
1700900335.750610 60 -1
1700900335.750610 60 -1
1700900335.750610 60 -1
1700900335.750610 60 -1
1700900335.750610 60 -1
1700900335.750610 60 -1
1700900335.750610 341 -1
1700900335.752570 115 -1
1700900335.752570 85 -1
1700900335.752625 54 1
1700900335.752948 85 1
1700900335.754136 60 -1
1700900335.755675 1192 -1
1700900335.755675 454 -1
1700900335.755734 54 1
1700900335.755909 2974 -1
1700900335.755909 1799 -1
1700900335.755951 54 1
1700900335.758937 1198 -1
1700900335.758937 5626 -1
1700900335.758937 2974 -1
1700900335.758937 1514 -1
1700900335.758937 2974 -1
1700900335.758937 7354 -1
1700900335.759065 54 1
1700900335.759225 4434 -1
1700900335.759263 54 1
1700900335.759396 2974 -1
1700900335.759419 54 1
1700900335.759519 7354 -1
1700900335.759549 54 1
1700900335.760907 7354 -1
1700900335.760958 54 1
1700900335.763054 2464 -1
1700900335.763115 54 1
1700900335.766798 1151 -1
1700900335.766798 517 -1
1700900335.766874 54 1
1700900335.766952 1514 -1
1700900335.767002 2974 -1
1700900335.767020 54 1
1700900335.767109 1985 -1
1700900335.767148 54 1
1700900337.385388 232 1
1700900337.385530 227 1
1700900337.387321 60 -1
1700900337.387321 60 -1
1700900337.387507 227 1
1700900337.390186 60 -1
1700900337.390488 227 1
1700900337.391231 223 1
1700900337.391926 228 1
1700900337.393797 227 1
1700900337.407618 222 1
1700900337.408133 60 -1
1700900337.408133 1190 -1
1700900337.408133 454 -1
1700900337.408133 1170 -1
1700900337.408133 2773 -1
1700900337.408133 4892 -1
1700900337.408133 1201 -1
1700900337.408133 4692 -1
1700900337.408133 1175 -1
1700900337.408133 483 -1
1700900337.408701 66 1
1700900337.408757 66 1
1700900337.408820 74 1
1700900337.408868 74 1
1700900337.408894 74 1
1700900337.408969 4434 -1
1700900337.408969 4532 -1
1700900337.409017 74 1
1700900337.409059 74 1
1700900337.411313 485 -1
1700900337.411408 66 1
1700900337.413893 442 -1
1700900337.413970 54 1
1700900337.415626 1172 -1
1700900337.415689 54 1
1700900337.415766 484 -1
1700900337.415766 3491 -1
1700900337.415799 54 1
1700900337.416731 1190 -1
1700900337.416731 455 -1
1700900337.416731 5894 -1
1700900337.416781 54 1
1700900337.416882 1830 -1
1700900337.416902 54 1
1700900337.420950 1164 -1
1700900337.420950 495 -1
1700900337.421237 54 1
1700900337.422352 1174 -1
1700900337.422352 5494 -1
1700900337.422447 66 1
1700900337.425047 3784 -1
1700900337.425128 66 1
1700900337.426957 480 -1
1700900337.427043 54 1
1700900337.935334 78 -1
1700900339.096336 226 1
1700900339.107738 221 1
1700900339.107888 221 1
1700900339.107987 227 1
1700900339.112345 221 1
1700900339.112456 219 1
1700900339.112564 220 1
1700900339.112679 225 1
1700900339.112800 1171 -1
1700900339.112800 483 -1
1700900339.112800 4390 -1
1700900339.112911 54 1
1700900339.113888 60 -1
1700900339.128057 1168 -1
1700900339.128057 489 -1
1700900339.128057 1140 -1
1700900339.128057 529 -1
1700900339.128057 1194 -1
1700900339.128057 450 -1
1700900339.128057 1169 -1
1700900339.128057 486 -1
1700900339.128057 1175 -1
1700900339.128057 484 -1
1700900339.128057 1171 -1
1700900339.128057 6153 -1
1700900339.128057 8109 -1
1700900339.128057 7354 -1
1700900339.128057 2974 -1
1700900339.128057 3194 -1
1700900339.128057 5240 -1
1700900339.128057 2884 -1
1700900339.128257 66 1
1700900339.128318 66 1
1700900339.128348 66 1
1700900339.128369 66 1
1700900339.129120 1514 -1
1700900339.129168 74 1
1700900339.130095 895 -1
1700900339.130170 66 1
1700900339.130444 1514 -1
1700900339.130473 54 1
1700900339.131801 1367 -1
1700900339.255614 54 1
1700900340.816233 230 1
1700900340.816368 221 1
1700900340.820604 228 1
1700900340.820710 228 1
1700900340.820780 227 1
1700900340.820861 228 1
1700900340.820967 218 1
1700900340.821057 226 1
1700900340.823289 60 -1
1700900340.828994 60 -1
1700900340.828994 1191 -1
1700900340.828994 459 -1
1700900340.828994 2974 -1
1700900340.828994 3320 -1
1700900340.829131 54 1
1700900340.830520 1164 -1
1700900340.830520 494 -1
1700900340.830520 1161 -1
1700900340.830520 8808 -1
1700900340.830627 54 1
1700900340.830818 1173 -1
1700900340.830818 487 -1
1700900340.830818 7354 -1
1700900340.830856 54 1
1700900340.831109 892 -1
1700900340.831138 54 1
1700900340.831415 1173 -1
1700900340.831415 1627 -1
1700900340.831415 1514 -1
1700900340.831450 54 1
1700900340.831775 5125 -1
1700900340.831809 54 1
1700900340.832027 452 -1
1700900340.832027 7354 -1
1700900340.832069 54 1
1700900340.832577 2069 -1
1700900340.832609 54 1
1700900340.834855 89 1
1700900340.837850 2974 -1
1700900340.837850 4744 -1
1700900340.837961 66 1
1700900340.842215 1159 -1
1700900340.842215 500 -1
1700900340.842215 1514 -1
1700900340.842309 66 1
1700900340.842376 66 1
1700900340.842446 54 1
1700900340.842752 5894 -1
1700900340.842796 54 1
1700900340.842904 1423 -1
1700900340.891531 54 1
1700900341.467579 54 1
1700900341.469621 78 -1
1700900341.469621 60 -1
1700900341.469735 54 1
1700900342.503842 66 1
1700900342.759502 66 1
1700900342.760603 66 -1
1700900342.760908 54 1
1700900342.761545 902 1
1700900342.762640 60 -1
1700900342.763453 318 -1
1700900342.764012 134 1
1700900342.764387 146 1
1700900342.764964 60 -1
1700900342.765227 573 1
1700900342.765302 220 1
1700900342.765362 220 1
1700900342.765394 341 -1
1700900342.765452 228 1
1700900342.765519 230 1
1700900342.765586 218 1
1700900342.765586 60 -1
1700900342.765586 115 -1
1700900342.765586 85 -1
1700900342.765628 54 1
1700900342.765705 219 1
1700900342.765790 229 1
1700900342.766010 85 1
1700900342.766768 60 -1
1700900342.766768 60 -1
1700900342.766768 60 -1
1700900342.766768 60 -1
1700900342.766768 60 -1
1700900342.766768 60 -1
1700900342.766852 60 -1
1700900342.766852 60 -1
1700900342.767028 60 -1
1700900342.772434 1172 -1
1700900342.772434 484 -1
1700900342.772561 54 1
1700900342.772976 1198 -1
1700900342.772976 446 -1
1700900342.773008 54 1
1700900342.773112 1168 -1
1700900342.773112 488 -1
1700900342.773112 11734 -1
1700900342.773171 54 1
1700900342.774006 1140 -1
1700900342.774066 7034 -1
1700900342.774094 54 1
1700900342.774640 4417 -1
1700900342.774693 54 1
1700900342.775109 1197 -1
1700900342.775109 448 -1
1700900342.775143 54 1
1700900342.776756 1170 -1
1700900342.776756 485 -1
1700900342.776756 1198 -1
1700900342.776756 443 -1
1700900342.776850 54 1
1700900342.777617 11177 -1
1700900342.777662 54 1
1700900342.778405 5645 -1
1700900342.778447 54 1
1700900342.779644 1784 -1
1700900342.779688 54 1
1700900342.782515 486 -1
1700900342.782515 1172 -1
1700900342.782515 4792 -1
1700900342.782601 66 1
1700900342.782674 54 1
1700900342.782714 54 1
1700900342.789988 1172 -1
1700900342.789988 482 -1
1700900342.789988 3823 -1
1700900342.790097 54 1
1700900342.790793 903 -1
1700900342.790819 66 1
1700900343.511532 66 1
1700900343.512883 66 -1
1700900343.513000 54 1
1700900343.513894 966 1
1700900343.515400 60 -1
1700900343.515916 318 -1
1700900343.516754 134 1
1700900343.518483 60 -1
1700900343.518483 341 -1
1700900343.563607 54 1
1700900344.126679 227 1
1700900344.129399 60 -1
1700900344.140416 227 1
1700900344.140585 227 1
1700900344.140697 228 1
1700900344.140791 228 1
1700900344.141687 227 1
1700900344.141782 242 1
1700900344.154800 1214 -1
1700900344.154906 66 1
1700900344.361439 1171 -1
1700900344.361550 66 1
1700900344.363959 485 -1
1700900344.363959 4434 -1
1700900344.364051 66 1
1700900344.364116 66 1
1700900344.367433 2974 -1
1700900344.367433 2657 -1
1700900344.367433 484 -1
1700900344.367433 1193 -1
1700900344.367433 448 -1
1700900344.367433 1514 -1
1700900344.367543 66 1
1700900344.367599 66 1
1700900344.367622 66 1
1700900344.367772 66 1
1700900344.367829 66 1
1700900344.367848 66 1
1700900344.368883 4107 -1
1700900344.368958 66 1
1700900344.369008 1175 -1
1700900344.369032 66 1
1700900344.369412 475 -1
1700900344.369412 1177 -1
1700900344.369412 1602 -1
1700900344.369443 66 1
1700900344.369483 66 1
1700900344.369506 66 1
1700900344.369573 475 -1
1700900344.369573 2122 -1
1700900344.369601 66 1
1700900344.369653 74 1
1700900344.369713 1161 -1
1700900344.369713 1291 -1
1700900344.369754 74 1
1700900344.369779 74 1
1700900344.370156 2974 -1
1700900344.370156 4434 -1
1700900344.370899 74 1
1700900344.370966 74 1
1700900344.371029 682 -1
1700900344.371029 425 -1
1700900344.371029 1268 -1
1700900344.371076 66 1
1700900344.371104 66 1
1700900344.371144 66 1
1700900344.373098 1514 -1
1700900344.373322 54 1
1700900344.721545 78 -1
1700900351.482143 54 1
1700900351.483348 54 1
1700900351.489017 78 -1
1700900351.489018 93 -1
1700900351.489017 60 -1
1700900351.489018 78 -1
1700900351.489018 60 -1
1700900351.489135 54 1
1700900351.489135 54 1
