1700909348.345838 66 1
1700909348.346248 66 1
1700909348.346571 66 1
1700909348.346798 66 -1
1700909348.346879 54 1
1700909348.347033 66 1
1700909348.347416 66 1
1700909348.347492 66 -1
1700909348.347552 54 1
1700909348.347556 66 -1
1700909348.347606 54 1
1700909348.347914 66 1
1700909348.347975 66 -1
1700909348.348034 54 1
1700909348.348265 66 1
1700909348.348451 66 -1
1700909348.348491 54 1
1700909348.348837 66 -1
1700909348.348893 54 1
1700909348.349053 572 1
1700909348.349236 66 -1
1700909348.349284 54 1
1700909348.349377 638 1
1700909348.349705 574 1
1700909348.349971 60 -1
1700909348.350000 638 1
1700909348.350267 606 1
1700909348.350497 60 -1
1700909348.350755 574 1
1700909348.350876 60 -1
1700909348.350925 60 -1
1700909348.351288 670 1
1700909348.351534 60 -1
1700909348.351790 60 -1
1700909348.352467 60 -1
1700909348.358051 2778 -1
1700909348.358138 54 1
1700909348.359196 2778 -1
1700909348.359259 54 1
1700909348.359670 2777 -1
1700909348.359703 54 1
1700909348.360205 2779 -1
1700909348.360260 54 1
1700909348.360958 2779 -1
1700909348.361003 54 1
1700909348.363178 2777 -1
1700909348.363178 2778 -1
1700909348.363262 54 1
1700909348.363306 54 1
1700909348.372698 1317 -1
1700909348.372765 66 1
1700909348.372856 1319 -1
1700909348.372912 66 1
1700909348.412512 134 1
1700909348.413674 60 -1
1700909348.413748 341 -1
1700909348.413989 341 -1
1700909348.414021 54 1
1700909348.416478 134 1
1700909348.417135 134 1
1700909348.417840 134 1
1700909348.419171 134 1
1700909348.419545 60 -1
1700909348.419545 357 -1
1700909348.419545 341 -1
1700909348.419545 60 -1
1700909348.419545 357 -1
1700909348.419545 341 -1
1700909348.419666 60 -1
1700909348.419666 341 -1
1700909348.419666 341 -1
1700909348.419760 54 1
1700909348.420262 60 -1
1700909348.420385 134 1
1700909348.420525 54 1
1700909348.420606 54 1
1700909348.420873 357 -1
1700909348.420979 357 -1
1700909348.421001 54 1
1700909348.421196 134 1
1700909348.421658 60 -1
1700909348.421658 341 -1
1700909348.421658 357 -1
1700909348.421706 54 1
1700909348.422564 60 -1
1700909348.422564 341 -1
1700909348.422564 357 -1
1700909348.422609 54 1
1700909348.444144 54 1
1700909348.445559 93 -1
1700909348.445559 78 -1
1700909348.445592 54 1
1700909348.445630 54 1
1700909348.445765 60 -1
1700909348.446525 54 1
1700909348.447026 93 -1
1700909348.447058 54 1
1700909348.447103 78 -1
1700909348.447103 60 -1
1700909348.447267 54 1
1700909348.447598 54 1
1700909348.447676 93 -1
1700909348.447676 78 -1
1700909348.447676 60 -1
1700909348.447720 54 1
1700909348.448497 93 -1
1700909348.448497 78 -1
1700909348.448497 60 -1
1700909348.448542 54 1
1700909348.448690 93 -1
1700909348.448690 78 -1
1700909348.448690 60 -1
1700909348.448720 54 1
1700909348.458422 146 1
1700909348.459549 60 -1
1700909348.459762 115 -1
1700909348.459762 85 -1
1700909348.459812 54 1
1700909348.460091 146 1
1700909348.461357 60 -1
1700909348.461357 115 -1
1700909348.461357 85 -1
1700909348.461444 54 1
1700909348.468629 584 1
1700909348.474620 480 1
1700909348.474752 168 1
1700909348.474857 170 1
1700909348.474937 176 1
1700909348.475037 171 1
1700909348.475197 172 1
1700909348.475368 175 1
1700909348.475502 175 1
1700909348.475641 175 1
1700909348.475745 174 1
1700909348.475891 175 1
1700909348.476032 175 1
1700909348.476191 175 1
1700909348.476346 175 1
1700909348.476468 175 1
1700909348.476629 174 1
1700909348.476763 175 1
1700909348.476886 175 1
1700909348.477046 175 1
1700909348.477233 175 1
1700909348.477512 174 1
1700909348.478030 175 1
1700909348.478152 175 1
1700909348.478265 175 1
1700909348.478757 175 1
1700909348.478872 175 1
1700909348.478937 60 -1
1700909348.479017 165 1
1700909348.479099 165 1
1700909348.479175 165 1
1700909348.479265 165 1
1700909348.479391 165 1
1700909348.479477 165 1
1700909348.479575 174 1
1700909348.479655 177 1
1700909348.479745 172 1
1700909348.479827 168 1
1700909348.479898 170 1
1700909348.479963 168 1
1700909348.480043 168 1
1700909348.480110 180 1
1700909348.480186 182 1
1700909348.480253 171 1
1700909348.480336 171 1
1700909348.480421 175 1
1700909348.480489 166 1
1700909348.480559 175 1
1700909348.480644 172 1
1700909348.480721 195 1
1700909348.480797 195 1
1700909348.480869 169 1
1700909348.480959 175 1
1700909348.481068 171 1
1700909348.481144 195 1
1700909348.481218 169 1
1700909348.481345 195 1
1700909348.481440 175 1
1700909348.481548 175 1
1700909348.481587 1051 -1
1700909348.481587 731 -1
1700909348.481587 8440 -1
1700909348.481650 175 1
1700909348.481701 54 1
1700909348.481748 175 1
1700909348.482005 174 1
1700909348.482009 60 -1
1700909348.482009 60 -1
1700909348.482009 60 -1
1700909348.482009 60 -1
1700909348.482009 60 -1
1700909348.482009 60 -1
1700909348.482009 60 -1
1700909348.482009 60 -1
1700909348.482009 1050 -1
1700909348.482009 1048 -1
1700909348.482009 5760 -1
1700909348.482009 7354 -1
1700909348.482103 175 1
1700909348.482138 54 1
1700909348.482179 54 1
1700909348.482216 175 1
1700909348.482274 174 1
1700909348.482351 174 1
1700909348.482415 175 1
1700909348.482471 175 1
1700909348.482570 175 1
1700909348.482629 175 1
1700909348.482686 175 1
1700909348.482777 175 1
1700909348.482840 175 1
1700909348.482922 174 1
1700909348.482994 175 1
1700909348.483060 175 1
1700909348.483157 175 1
1700909348.483602 1152 -1
1700909348.483602 2869 -1
1700909348.483602 4434 -1
1700909348.483602 7354 -1
1700909348.484565 54 1
1700909348.484623 4780 -1
1700909348.484623 85 -1
1700909348.484623 7354 -1
1700909348.484692 54 1
1700909348.484760 5894 -1
1700909348.484814 54 1
1700909348.485237 3351 -1
1700909348.485259 54 1
1700909348.485704 7354 -1
1700909348.485752 54 1
1700909348.486339 2974 -1
1700909348.486366 54 1
1700909348.486550 60 -1
1700909348.486550 6582 -1
1700909348.486633 54 1
1700909348.486877 1050 -1
1700909348.487040 6390 -1
1700909348.487092 54 1
1700909348.487577 1050 -1
1700909348.487577 7354 -1
1700909348.487708 54 1
1700909348.488307 4687 -1
1700909348.488730 54 1
1700909348.489018 1058 -1
1700909348.489018 7354 -1
1700909348.489064 54 1
1700909348.489215 85 1
1700909348.489280 7354 -1
1700909348.489348 54 1
1700909348.490188 1860 -1
1700909348.490188 85 -1
1700909348.490188 7354 -1
1700909348.490679 54 1
1700909348.491015 7354 -1
1700909348.491087 54 1
1700909348.491249 1860 -1
1700909348.491301 54 1
1700909348.491969 85 1
1700909348.492001 7354 -1
1700909348.492070 1514 -1
1700909348.492445 7354 -1
1700909348.492750 7354 -1
1700909348.492955 54 1
1700909348.493088 183 1
1700909348.493192 165 1
1700909348.493297 164 1
1700909348.493409 165 1
1700909348.493494 9568 -1
1700909348.493521 218 1
1700909348.493575 54 1
1700909348.494136 7354 -1
1700909348.494203 54 1
1700909348.494457 54 1
1700909348.494792 7354 -1
1700909348.494832 54 1
1700909348.495491 7354 -1
1700909348.495546 54 1
1700909348.495954 7354 -1
1700909348.495996 54 1
1700909348.496748 7354 -1
1700909348.496798 54 1
1700909348.497208 54 1
1700909348.497219 7354 -1
1700909348.497282 54 1
1700909348.497666 54 1
1700909348.497881 2974 -1
1700909348.497909 54 1
1700909348.499586 7354 -1
1700909348.499586 7354 -1
1700909348.499586 7354 -1
1700909348.499692 54 1
1700909348.499815 54 1
1700909348.499913 7354 -1
1700909348.499968 54 1
1700909348.500541 7354 -1
1700909348.500590 54 1
1700909348.501567 2974 -1
1700909348.501596 54 1
1700909348.501634 5894 -1
1700909348.501680 54 1
1700909348.502254 7354 -1
1700909348.502499 54 1
1700909348.505104 54 1
1700909348.505629 4434 -1
1700909348.505629 1514 -1
1700909348.505629 4434 -1
1700909348.505629 1514 -1
1700909348.505629 7354 -1
1700909348.505629 7354 -1
1700909348.505629 7354 -1
1700909348.505629 7354 -1
1700909348.505737 54 1
1700909348.506125 7354 -1
1700909348.506171 54 1
1700909348.506832 1514 -1
1700909348.506832 7354 -1
1700909348.506892 54 1
1700909348.507549 7354 -1
1700909348.507596 54 1
1700909348.508089 5894 -1
1700909348.508135 54 1
1700909348.508763 5894 -1
1700909348.508834 54 1
1700909348.509039 7354 -1
1700909348.509092 54 1
1700909348.509619 7354 -1
1700909348.509668 54 1
1700909348.510222 7354 -1
1700909348.510272 54 1
1700909348.510843 7354 -1
1700909348.510903 54 1
1700909348.511863 27794 -1
1700909348.511981 54 1
1700909348.512226 54 1
1700909348.514710 5894 -1
1700909348.514710 1514 -1
1700909348.514710 7354 -1
1700909348.514785 54 1
1700909348.514943 7354 -1
1700909348.514994 54 1
1700909348.515337 66 1
1700909348.515576 7354 -1
1700909348.515639 54 1
1700909348.516171 7354 -1
1700909348.516209 54 1
1700909348.516796 66 -1
1700909348.516898 54 1
1700909348.516967 7354 -1
1700909348.517010 54 1
1700909348.517946 54 1
1700909348.518368 1378 -1
1700909348.518368 10274 -1
1700909348.518368 7354 -1
1700909348.518458 54 1
1700909348.518949 572 1
1700909348.518987 4426 -1
1700909348.519019 54 1
1700909348.519417 54 1
1700909348.519442 4578 -1
1700909348.519520 54 1
1700909348.519725 1514 -1
1700909348.519794 7354 -1
1700909348.519838 54 1
1700909348.520493 60 -1
1700909348.520507 4298 -1
1700909348.520558 54 1
1700909348.520768 54 1
1700909348.520806 7354 -1
1700909348.520862 54 1
1700909348.521059 54 1
1700909348.521542 2974 -1
1700909348.521568 54 1
1700909348.521676 7354 -1
1700909348.521718 54 1
1700909348.522212 7354 -1
1700909348.522273 54 1
1700909348.522822 7346 -1
1700909348.522876 54 1
1700909348.523774 5894 -1
1700909348.523825 54 1
1700909348.524035 2974 -1
1700909348.524059 54 1
1700909348.524275 4434 -1
1700909348.524326 54 1
1700909348.524639 1514 -1
1700909348.524947 4578 -1
1700909348.524978 54 1
1700909348.525142 7354 -1
1700909348.525199 54 1
1700909348.525745 5894 -1
1700909348.525785 54 1
1700909348.526221 7354 -1
1700909348.526268 54 1
1700909348.526829 7354 -1
1700909348.526876 54 1
1700909348.527471 7142 -1
1700909348.527518 54 1
1700909348.528021 7354 -1
1700909348.528054 54 1
1700909348.528661 2974 -1
1700909348.528689 54 1
1700909348.528899 957 -1
1700909348.528956 7354 -1
1700909348.529017 54 1
1700909348.529892 1514 -1
1700909348.529892 7354 -1
1700909348.529939 54 1
1700909348.530488 6106 -1
1700909348.530530 54 1
1700909348.530791 7354 -1
1700909348.530853 54 1
1700909348.531537 7354 -1
1700909348.531573 54 1
1700909348.531994 60 -1
1700909348.532021 7354 -1
1700909348.532070 54 1
1700909348.532617 7354 -1
1700909348.532654 54 1
1700909348.533234 7354 -1
1700909348.533274 54 1
1700909348.533823 7354 -1
1700909348.533852 54 1
1700909348.534602 7354 -1
1700909348.534688 54 1
1700909348.535021 502 -1
1700909348.535041 54 1
1700909348.535069 2974 -1
1700909348.535088 54 1
1700909348.535614 4434 -1
1700909348.535644 54 1
1700909348.535682 3850 -1
1700909348.535721 54 1
1700909348.536007 7354 -1
1700909348.536063 54 1
1700909348.536660 7354 -1
1700909348.536693 54 1
1700909348.537374 15409 -1
1700909348.537414 54 1
1700909348.538568 1048 -1
1700909348.538590 54 1
1700909348.538621 5894 -1
1700909348.538638 54 1
1700909348.539080 1514 -1
1700909348.539252 1721 -1
1700909348.539271 54 1
1700909348.539299 2974 -1
1700909348.539487 54 1
1700909348.539618 8814 -1
1700909348.539684 54 1
1700909348.540286 2974 -1
1700909348.540309 54 1
1700909348.545227 7354 -1
1700909348.545227 5218 -1
1700909348.545227 7354 -1
1700909348.545227 1514 -1
1700909348.545227 1514 -1
1700909348.545227 32210 -1
1700909348.545227 7354 -1
1700909348.545720 54 1
1700909348.545779 1514 -1
1700909348.545800 54 1
1700909348.545831 2974 -1
1700909348.545885 54 1
1700909348.546157 1506 -1
1700909348.546157 7354 -1
1700909348.546235 54 1
1700909348.546902 1486 -1
1700909348.546997 7354 -1
1700909348.547060 54 1
1700909348.547545 5894 -1
1700909348.547575 54 1
1700909348.547982 7354 -1
1700909348.548052 54 1
1700909348.548645 4606 -1
1700909348.548688 54 1
1700909348.549207 14442 -1
1700909348.549303 54 1
1700909348.550180 4434 -1
1700909348.550227 54 1
1700909348.550567 5894 -1
1700909348.550599 54 1
1700909348.551181 2974 -1
1700909348.551213 54 1
1700909348.551246 1514 -1
1700909348.551657 2974 -1
1700909348.551657 2974 -1
1700909348.551687 54 1
1700909348.551765 54 1
1700909348.551856 2417 -1
1700909348.551878 54 1
1700909348.552127 13963 -1
1700909348.552176 54 1
1700909348.553303 7354 -1
1700909348.553354 54 1
1700909348.553829 7354 -1
1700909348.553877 54 1
1700909348.554445 7354 -1
1700909348.554503 54 1
1700909348.555039 2974 -1
1700909348.555074 54 1
1700909348.555267 4434 -1
1700909348.555305 54 1
1700909348.555641 7354 -1
1700909348.555683 54 1
1700909348.556303 7354 -1
1700909348.556383 54 1
1700909348.560419 54 1
1700909348.565152 2554 -1
1700909348.565152 5894 -1
1700909348.565152 7354 -1
1700909348.565152 7354 -1
1700909348.565152 3258 -1
1700909348.565152 7354 -1
1700909348.565152 7354 -1
1700909348.565152 779 -1
1700909348.565152 7354 -1
1700909348.565152 7354 -1
1700909348.565152 7125 -1
1700909348.565152 3654 -1
1700909348.565152 2974 -1
1700909348.565152 7354 -1
1700909348.565152 7354 -1
1700909348.565152 1514 -1
1700909348.565152 7354 -1
1700909348.565152 7354 -1
1700909348.565708 54 1
1700909348.565902 4434 -1
1700909348.565902 7354 -1
1700909348.565985 54 1
1700909348.566153 7354 -1
1700909348.566220 54 1
1700909348.567086 7354 -1
1700909348.567151 54 1
1700909348.567487 1514 -1
1700909348.568123 1514 -1
1700909348.568123 1514 -1
1700909348.568123 1558 -1
1700909348.568123 7354 -1
1700909348.568243 54 1
1700909348.568654 7354 -1
1700909348.568711 54 1
1700909348.572078 7354 -1
1700909348.572078 7354 -1
1700909348.572078 7354 -1
1700909348.572078 7354 -1
1700909348.572078 7354 -1
1700909348.572374 54 1
1700909348.574114 54 1
1700909348.577726 134 1
1700909348.579334 60 -1
1700909348.579334 341 -1
1700909348.579334 341 -1
1700909348.579418 54 1
1700909348.579812 146 1
1700909348.580594 557 1
1700909348.582801 7354 -1
1700909348.582801 4390 -1
1700909348.582801 7354 -1
1700909348.582801 262 -1
1700909348.582801 7354 -1
1700909348.582801 7354 -1
1700909348.582801 7354 -1
1700909348.582801 7354 -1
1700909348.582801 7354 -1
1700909348.582801 5894 -1
1700909348.582801 4434 -1
1700909348.582801 2974 -1
1700909348.582801 7146 -1
1700909348.582801 7354 -1
1700909348.582801 7354 -1
1700909348.582801 7354 -1
1700909348.582801 7354 -1
1700909348.582801 7354 -1
1700909348.582801 7354 -1
1700909348.582801 7354 -1
1700909348.583369 54 1
1700909348.583553 5894 -1
1700909348.583553 5894 -1
1700909348.583649 54 1
1700909348.584398 54 1
1700909348.588679 1514 -1
1700909348.588679 5834 -1
1700909348.588733 60 -1
1700909348.588733 115 -1
1700909348.588733 85 -1
1700909348.588679 7354 -1
1700909348.588679 7354 -1
1700909348.588679 7354 -1
1700909348.588815 54 1
1700909348.588679 7354 -1
1700909348.588679 7354 -1
1700909348.588679 7354 -1
1700909348.588679 7354 -1
1700909348.588997 54 1
1700909348.589059 7354 -1
1700909348.589129 54 1
1700909348.589511 114 -1
1700909348.589511 7354 -1
1700909348.589581 54 1
1700909348.589997 60 -1
1700909348.591089 7354 -1
1700909348.591089 5894 -1
1700909348.591089 7354 -1
1700909348.591161 54 1
1700909348.591419 85 1
1700909348.591903 7354 -1
1700909348.591940 54 1
1700909348.592255 1514 -1
1700909348.592715 4434 -1
1700909348.592760 54 1
1700909348.593266 7354 -1
1700909348.593310 54 1
1700909348.593483 4434 -1
1700909348.593523 54 1
1700909348.593831 7354 -1
1700909348.593876 54 1
1700909348.594491 1514 -1
1700909348.594520 54 1
1700909348.594559 2974 -1
1700909348.594591 54 1
1700909348.594940 7354 -1
1700909348.594983 54 1
1700909348.596076 7354 -1
1700909348.596133 54 1
1700909348.597652 5894 -1
1700909348.597720 54 1
1700909348.597863 7354 -1
1700909348.597930 54 1
1700909348.599348 4434 -1
1700909348.599430 54 1
1700909348.599821 2974 -1
1700909348.599859 54 1
1700909348.600101 60 -1
1700909348.600101 1124 -1
1700909348.600101 529 -1
1700909348.600101 14654 -1
1700909348.600101 1860 -1
1700909348.600101 1514 -1
1700909348.600101 7354 -1
1700909348.600101 7354 -1
1700909348.600343 54 1
1700909348.600559 5894 -1
1700909348.600608 54 1
1700909348.601404 7354 -1
1700909348.601458 54 1
1700909348.602680 431 -1
1700909348.602680 4434 -1
1700909348.602680 7354 -1
1700909348.602807 54 1
1700909348.603589 4842 -1
1700909348.603664 54 1
1700909348.604796 4434 -1
1700909348.604796 7354 -1
1700909348.604796 4434 -1
1700909348.604913 54 1
1700909348.605303 54 1
1700909348.605925 7354 -1
1700909348.606017 54 1
1700909348.607823 4434 -1
1700909348.607823 7354 -1
1700909348.607905 54 1
1700909348.608105 4434 -1
1700909348.608146 54 1
1700909348.608591 54 1
1700909348.609082 4434 -1
1700909348.609127 54 1
1700909348.609543 7354 -1
1700909348.609590 54 1
1700909348.610289 7354 -1
1700909348.610347 54 1
1700909348.632339 1514 -1
1700909348.632339 2974 -1
1700909348.632339 2974 -1
1700909348.632339 5894 -1
1700909348.632339 2974 -1
1700909348.632339 5894 -1
1700909348.632339 7354 -1
1700909348.632339 4434 -1
1700909348.632339 4434 -1
1700909348.632339 5894 -1
1700909348.632339 10274 -1
1700909348.632339 7354 -1
1700909348.632339 7354 -1
1700909348.632339 1514 -1
1700909348.632339 2974 -1
1700909348.632339 7354 -1
1700909348.632339 5894 -1
1700909348.632339 7354 -1
1700909348.632339 7354 -1
1700909348.632339 1514 -1
1700909348.632339 7354 -1
1700909348.632339 7354 -1
1700909348.632339 1514 -1
1700909348.632339 7354 -1
1700909348.632339 7354 -1
1700909348.632339 1514 -1
1700909348.632665 7354 -1
1700909348.632339 7354 -1
1700909348.632665 4434 -1
1700909348.632339 7354 -1
1700909348.632339 1514 -1
1700909348.632339 7354 -1
1700909348.632339 2974 -1
1700909348.632665 14654 -1
1700909348.632339 2974 -1
1700909348.632339 2974 -1
1700909348.632665 7354 -1
1700909348.632665 2276 -1
1700909348.632665 816 -1
1700909348.632339 7354 -1
1700909348.632339 7354 -1
1700909348.632339 1514 -1
1700909348.632339 5682 -1
1700909348.632339 7354 -1
1700909348.632959 66 1
1700909348.632339 7354 -1
1700909348.632339 1514 -1
1700909348.632339 7354 -1
1700909348.632339 3186 -1
1700909348.632339 5786 -1
1700909348.632339 7354 -1
1700909348.632339 7354 -1
1700909348.632339 1514 -1
1700909348.632339 4434 -1
1700909348.632339 5894 -1
1700909348.633494 54 1
1700909348.633730 54 1
1700909348.634589 7354 -1
1700909348.634639 54 1
1700909348.635171 7354 -1
1700909348.635226 54 1
1700909348.635658 1514 -1
1700909348.635719 54 1
1700909348.635852 7354 -1
1700909348.635906 54 1
1700909348.636392 7354 -1
1700909348.636471 54 1
1700909348.636997 1514 -1
1700909348.637126 162 -1
1700909348.637126 2974 -1
1700909348.637160 54 1
1700909348.637378 7354 -1
1700909348.637449 54 1
1700909348.637974 5894 -1
1700909348.638023 54 1
1700909348.638546 7354 -1
1700909348.638586 54 1
1700909348.639067 7354 -1
1700909348.639107 54 1
1700909348.639682 1514 -1
1700909348.639710 54 1
1700909348.639817 7354 -1
1700909348.639878 54 1
1700909348.640398 1514 -1
1700909348.640428 54 1
1700909348.640512 7354 -1
1700909348.640580 54 1
1700909348.641123 4190 -1
1700909348.641171 54 1
1700909348.641467 122 -1
1700909348.647351 54 1
1700909348.648726 11910 -1
1700909348.648823 54 1
1700909348.649521 7354 -1
1700909348.649569 54 1
1700909348.650125 2974 -1
1700909348.650166 54 1
1700909348.650535 1514 -1
1700909348.650535 7354 -1
1700909348.650576 54 1
1700909348.651095 1514 -1
1700909348.651130 54 1
1700909348.651217 2974 -1
1700909348.651235 54 1
1700909348.651455 7354 -1
1700909348.651507 54 1
1700909348.652070 7354 -1
1700909348.652118 54 1
1700909348.652756 2974 -1
1700909348.652808 54 1
1700909348.652968 4434 -1
1700909348.653010 54 1
1700909348.653278 5894 -1
1700909348.653348 54 1
1700909348.653761 7354 -1
1700909348.653816 54 1
1700909348.655685 2974 -1
1700909348.655685 2974 -1
1700909348.655685 7354 -1
1700909348.655685 7354 -1
1700909348.655864 54 1
1700909348.656047 1514 -1
1700909348.656176 7354 -1
1700909348.656228 54 1
1700909348.656793 7354 -1
1700909348.656841 54 1
1700909348.657989 1514 -1
1700909348.657989 7354 -1
1700909348.658055 54 1
1700909348.662644 1514 -1
1700909348.662644 7354 -1
1700909348.662644 7354 -1
1700909348.662644 5894 -1
1700909348.662644 2974 -1
1700909348.662644 7354 -1
1700909348.662644 5894 -1
1700909348.662644 7354 -1
1700909348.662644 5894 -1
1700909348.662644 1514 -1
1700909348.663047 54 1
1700909348.663120 7354 -1
1700909348.663191 54 1
1700909348.663238 1514 -1
1700909348.663238 2974 -1
1700909348.663266 54 1
1700909348.663879 1514 -1
1700909348.663879 1514 -1
1700909348.663879 7354 -1
1700909348.663963 54 1
1700909348.665747 54 1
1700909348.669934 2974 -1
1700909348.669934 7354 -1
1700909348.669934 4434 -1
1700909348.669934 7354 -1
1700909348.669934 5894 -1
1700909348.669934 4434 -1
1700909348.669934 7354 -1
1700909348.669934 1514 -1
1700909348.669934 7354 -1
1700909348.669934 5894 -1
1700909348.669934 7354 -1
1700909348.669934 5894 -1
1700909348.670281 54 1
1700909348.670594 54 1
1700909348.681140 7354 -1
1700909348.681140 4434 -1
1700909348.681140 7354 -1
1700909348.681140 5894 -1
1700909348.681140 7354 -1
1700909348.681140 5894 -1
1700909348.681140 7354 -1
1700909348.681140 5894 -1
1700909348.681140 7354 -1
1700909348.681140 5894 -1
1700909348.681140 7354 -1
1700909348.681140 4434 -1
1700909348.681140 7354 -1
1700909348.681140 5894 -1
1700909348.681140 7354 -1
1700909348.681140 5894 -1
1700909348.681140 7354 -1
1700909348.681140 5894 -1
1700909348.681140 7354 -1
1700909348.681140 5894 -1
1700909348.681140 7354 -1
1700909348.681910 54 1
1700909348.684558 4434 -1
1700909348.684558 7354 -1
1700909348.684558 7354 -1
1700909348.684558 1514 -1
1700909348.684558 7354 -1
1700909348.684558 5894 -1
1700909348.684558 2974 -1
1700909348.684558 1514 -1
1700909348.684558 7354 -1
1700909348.684903 54 1
1700909348.684992 7354 -1
1700909348.685045 54 1
1700909348.685614 1514 -1
1700909348.685653 54 1
1700909348.685777 7354 -1
1700909348.685859 54 1
1700909348.686249 7354 -1
1700909348.686349 54 1
1700909348.686844 4434 -1
1700909348.686906 54 1
1700909348.687284 7354 -1
1700909348.687361 54 1
1700909348.688026 54 1
1700909348.689046 1514 -1
1700909348.689046 2974 -1
1700909348.689046 7354 -1
1700909348.689046 4434 -1
1700909348.689197 54 1
1700909348.689311 4434 -1
1700909348.689386 54 1
1700909348.689909 7354 -1
1700909348.689961 54 1
1700909348.690098 7354 -1
1700909348.690140 54 1
1700909348.690225 54 1
1700909348.690958 1514 -1
1700909348.690958 7354 -1
1700909348.691034 54 1
1700909348.699835 1514 -1
1700909348.699835 7354 -1
1700909348.699835 7354 -1
1700909348.699835 1514 -1
1700909348.699835 7354 -1
1700909348.699835 1514 -1
1700909348.699835 7354 -1
1700909348.699835 1514 -1
1700909348.699835 8814 -1
1700909348.699835 4434 -1
1700909348.699835 7354 -1
1700909348.699835 1514 -1
1700909348.699835 7354 -1
1700909348.699835 5894 -1
1700909348.699835 2974 -1
1700909348.699835 13194 -1
1700909348.699835 7354 -1
1700909348.699835 5894 -1
1700909348.699835 7354 -1
1700909348.700594 54 1
1700909348.700691 1514 -1
1700909348.700691 4434 -1
1700909348.700731 54 1
1700909348.700808 7354 -1
1700909348.700878 54 1
1700909348.701036 54 1
1700909348.701753 2974 -1
1700909348.701753 1514 -1
1700909348.701753 1514 -1
1700909348.701796 54 1
1700909348.701905 7354 -1
1700909348.701949 54 1
1700909348.702638 4434 -1
1700909348.702677 54 1
1700909348.702816 7354 -1
1700909348.702861 54 1
1700909348.703481 4434 -1
1700909348.703521 54 1
1700909348.703784 1514 -1
1700909348.703909 7354 -1
1700909348.703954 54 1
1700909348.704514 2974 -1
1700909348.704556 54 1
1700909348.707200 54 1
1700909348.709682 1514 -1
1700909348.709682 1514 -1
1700909348.709682 2974 -1
1700909348.709682 5894 -1
1700909348.709682 1514 -1
1700909348.709682 1514 -1
1700909348.709682 1514 -1
1700909348.709682 5894 -1
1700909348.709682 2974 -1
1700909348.709682 5894 -1
1700909348.709682 1514 -1
1700909348.709682 7354 -1
1700909348.709682 7354 -1
1700909348.709682 2974 -1
1700909348.709682 4434 -1
1700909348.709682 1063 -1
1700909348.709972 66 1
1700909348.710005 66 1
1700909348.710056 66 1
1700909348.710102 66 1
1700909348.710136 66 1
1700909348.710187 66 1
1700909348.710231 66 1
1700909348.710273 66 1
1700909348.710300 66 1
1700909348.710347 66 1
1700909348.710371 66 1
1700909348.711096 1514 -1
1700909348.711155 54 1
1700909348.711373 54 1
1700909348.944652 195 1
1700909348.944750 198 1
1700909348.944851 204 1
1700909348.945883 60 -1
1700909348.946754 203 1
1700909348.946916 229 1
1700909348.947841 60 -1
1700909348.948793 60 -1
1700909348.950706 1105 -1
1700909348.950756 551 -1
1700909348.950781 54 1
1700909348.951334 1021 -1
1700909348.951334 769 -1
1700909348.951389 54 1
1700909348.951507 7354 -1
1700909348.951537 54 1
1700909348.952656 4434 -1
1700909348.952688 54 1
1700909348.953053 7354 -1
1700909348.953082 54 1
1700909348.953645 4780 -1
1700909348.953668 54 1
1700909348.953945 7354 -1
1700909348.953968 54 1
1700909348.954554 7354 -1
1700909348.954592 54 1
1700909348.955203 1514 -1
1700909348.955279 431 -1
1700909348.955304 54 1
1700909348.955359 85 -1
1700909348.955359 14654 -1
1700909348.955454 54 1
1700909348.958553 8105 -1
1700909348.958627 54 1
1700909348.961599 201 -1
1700909348.961599 7354 -1
1700909348.961599 5894 -1
1700909348.961599 3320 -1
1700909348.961599 7354 -1
1700909348.961599 7354 -1
1700909348.961599 7354 -1
1700909348.961873 54 1
1700909348.962068 1514 -1
1700909348.962068 7354 -1
1700909348.962068 7354 -1
1700909348.962068 5894 -1
1700909348.962068 2974 -1
1700909348.962068 7354 -1
1700909348.962289 54 1
1700909348.964280 4434 -1
1700909348.964280 7354 -1
1700909348.964280 5894 -1
1700909348.964280 7354 -1
1700909348.964498 54 1
1700909348.964690 54 1
1700909348.966438 13194 -1
1700909348.966438 7354 -1
1700909348.966438 2974 -1
1700909348.966590 54 1
1700909348.966660 7354 -1
1700909348.966732 54 1
1700909348.967255 1514 -1
1700909348.967255 7354 -1
1700909348.967344 54 1
1700909348.968307 7354 -1
1700909348.968398 54 1
1700909348.968528 7354 -1
1700909348.968598 54 1
1700909348.969123 7354 -1
1700909348.969197 54 1
1700909348.973181 1514 -1
1700909348.973181 7354 -1
1700909348.973181 7354 -1
1700909348.973181 7354 -1
1700909348.973181 8814 -1
1700909348.973181 2974 -1
1700909348.973181 7354 -1
1700909348.973439 54 1
1700909348.973518 7354 -1
1700909348.973573 54 1
1700909348.973961 2974 -1
1700909348.973991 54 1
1700909348.974155 13194 -1
1700909348.974214 54 1
1700909348.976687 7354 -1
1700909348.976687 7354 -1
1700909348.976687 10274 -1
1700909348.976818 54 1
1700909348.977644 232 1
1700909348.977921 54 1
1700909348.978460 5894 -1
1700909348.978460 2974 -1
1700909348.978460 6043 -1
1700909348.978552 54 1
1700909348.980218 805 -1
1700909348.980256 66 1
1700909348.980634 60 -1
1700909348.983563 1052 -1
1700909348.983563 728 -1
1700909348.983649 54 1
1700909348.983692 7354 -1
1700909348.983729 54 1
1700909348.984140 7354 -1
1700909348.984180 54 1
1700909348.984764 1860 -1
1700909348.984789 54 1
1700909348.984899 2972 -1
1700909348.984924 54 1
1700909348.989498 54 1
1700909349.037811 232 1
1700909349.039134 231 1
1700909349.040047 60 -1
1700909349.044826 60 -1
1700909349.049010 1053 -1
1700909349.049010 729 -1
1700909349.049107 54 1
1700909349.050775 5894 -1
1700909349.050827 54 1
1700909349.051135 5523 -1
1700909349.051182 54 1
1700909349.051499 1052 -1
1700909349.051592 728 -1
1700909349.051617 54 1
1700909349.052265 1514 -1
1700909349.052354 1514 -1
1700909349.052354 7045 -1
1700909349.052401 54 1
1700909349.106189 232 1
1700909349.108310 231 1
1700909349.108444 231 1
1700909349.108542 230 1
1700909349.108644 234 1
1700909349.108711 230 1
1700909349.108819 232 1
1700909349.114547 978 -1
1700909349.114547 811 -1
1700909349.114547 1514 -1
1700909349.114547 2974 -1
1700909349.114620 54 1
1700909349.116264 5964 -1
1700909349.116264 60 -1
1700909349.116342 54 1
1700909349.121857 1051 -1
1700909349.121857 726 -1
1700909349.121906 54 1
1700909349.124170 2974 -1
1700909349.124217 54 1
1700909349.124260 7354 -1
1700909349.124301 54 1
1700909349.124845 5053 -1
1700909349.124877 54 1
1700909349.125256 982 -1
1700909349.125279 54 1
1700909349.125379 1809 -1
1700909349.125399 54 1
1700909349.125464 728 -1
1700909349.128563 5894 -1
1700909349.128612 54 1
1700909349.128649 1691 -1
1700909349.128667 54 1
1700909349.128774 5894 -1
1700909349.128813 54 1
1700909349.129277 5052 -1
1700909349.129329 54 1
1700909349.132468 1048 -1
1700909349.132505 54 1
1700909349.132547 732 -1
1700909349.132547 970 -1
1700909349.132547 857 -1
1700909349.132586 54 1
1700909349.133432 5122 -1
1700909349.133432 1514 -1
1700909349.133432 7689 -1
1700909349.133509 54 1
1700909349.137699 1054 -1
1700909349.137699 726 -1
1700909349.137756 54 1
1700909349.138174 1514 -1
1700909349.138174 7354 -1
1700909349.138214 54 1
1700909349.138790 5236 -1
1700909349.138836 54 1
1700909349.480446 207 1
1700909349.489943 880 -1
1700909349.489943 2732 -1
1700909349.490056 54 1
1700909349.493419 1272 -1
1700909349.493480 66 1
1700909353.400343 175 1
1700909353.404151 175 1
1700909353.404272 175 1
1700909353.404369 174 1
1700909353.404457 175 1
1700909353.405167 175 1
1700909353.405294 175 1
1700909353.405413 175 1
1700909353.405524 175 1
1700909353.408693 175 1
1700909353.412327 175 1
1700909353.413070 1047 -1
1700909353.413070 423 -1
1700909353.413070 60 -1
1700909353.413070 654 -1
1700909353.413070 1049 -1
1700909353.413070 1048 -1
1700909353.413070 560 -1
1700909353.413070 995 -1
1700909353.413070 1002 -1
1700909353.413186 66 1
1700909353.413251 54 1
1700909353.413326 54 1
1700909353.413827 1045 -1
1700909353.413827 2974 -1
1700909353.413876 54 1
1700909353.413970 1728 -1
1700909353.413999 54 1
1700909353.415916 1069 -1
1700909353.415916 3648 -1
1700909353.415977 54 1
1700909353.426981 1048 -1
1700909353.426981 2632 -1
1700909353.426981 1044 -1
1700909353.426981 634 -1
1700909353.426981 1050 -1
1700909353.426981 1801 -1
1700909353.426981 1046 -1
1700909353.426981 552 -1
1700909353.426981 1048 -1
1700909353.426981 2909 -1
1700909353.427123 54 1
1700909353.428402 174 1
1700909353.434066 1048 -1
1700909353.434066 868 -1
1700909353.434168 54 1
1700909353.434927 175 1
1700909353.440641 1049 -1
1700909353.440641 1011 -1
1700909353.440727 54 1
1700909353.446619 89 1
1700909353.446745 170 1
1700909353.447769 60 -1
1700909353.448977 2871 -1
1700909353.449033 54 1
1700909353.449113 7354 -1
1700909353.449144 54 1
1700909353.449699 7354 -1
1700909353.449737 54 1
1700909353.450294 7354 -1
1700909353.450325 54 1
1700909353.450906 7354 -1
1700909353.450941 54 1
1700909353.451568 7354 -1
1700909353.451621 54 1
1700909353.452107 2974 -1
1700909353.452160 54 1
1700909353.452522 1514 -1
1700909353.452551 54 1
1700909353.452625 2974 -1
1700909353.452650 54 1
1700909353.452848 7354 -1
1700909353.452882 54 1
1700909353.453545 7354 -1
1700909353.453578 54 1
1700909353.454055 7354 -1
1700909353.454087 54 1
1700909353.454667 7354 -1
1700909353.454700 54 1
1700909353.455272 7354 -1
1700909353.455305 54 1
1700909353.455879 8016 -1
1700909353.455915 54 1
1700909353.781378 142 1
1700909353.799297 1051 -1
1700909353.799297 14654 -1
1700909353.799297 7354 -1
1700909353.799297 4434 -1
1700909353.799297 2974 -1
1700909353.799297 7354 -1
1700909353.799297 7354 -1
1700909353.799297 7354 -1
1700909353.799297 7354 -1
1700909353.799297 4434 -1
1700909353.799297 7354 -1
1700909353.799297 1514 -1
1700909353.799641 54 1
1700909353.799722 1514 -1
1700909353.799722 4434 -1
1700909353.799757 54 1
1700909353.799910 54 1
1700909353.800534 4434 -1
1700909353.800534 5894 -1
1700909353.800627 54 1
1700909353.802066 7354 -1
1700909353.802066 7354 -1
1700909353.802066 10274 -1
1700909353.802464 54 1
1700909353.813133 7354 -1
1700909353.813133 2974 -1
1700909353.813133 7354 -1
1700909353.813133 2974 -1
1700909353.813133 2974 -1
1700909353.813133 2974 -1
1700909353.813133 5894 -1
1700909353.813133 2974 -1
1700909353.813133 7354 -1
1700909353.813133 7354 -1
1700909353.813133 1514 -1
1700909353.813133 5894 -1
1700909353.813133 7354 -1
1700909353.813133 5894 -1
1700909353.813133 4434 -1
1700909353.813133 1514 -1
1700909353.813133 1514 -1
1700909353.813133 7354 -1
1700909353.813133 4434 -1
1700909353.813133 13194 -1
1700909353.813133 1514 -1
1700909353.813133 4048 -1
1700909353.813566 54 1
1700909353.813874 54 1
1700909354.397427 136 1
1700909354.407976 1106 -1
1700909354.408158 1514 -1
1700909354.408183 54 1
1700909354.408290 10274 -1
1700909354.408340 54 1
1700909354.411958 6239 -1
1700909354.412069 54 1
1700909354.613414 232 1
1700909354.613512 231 1
1700909354.613599 229 1
1700909354.613683 229 1
1700909354.613760 230 1
1700909354.628607 60 -1
1700909354.630024 1081 -1
1700909354.630024 692 -1
1700909354.630069 54 1
1700909354.631338 1514 -1
1700909354.631611 4434 -1
1700909354.631651 54 1
1700909354.631698 3316 -1
1700909354.631748 54 1
1700909354.632196 1103 -1
1700909354.632196 1582 -1
1700909354.632196 814 -1
1700909354.632233 54 1
1700909354.635212 7354 -1
1700909354.635285 54 1
1700909354.635784 4434 -1
1700909354.635832 54 1
1700909354.636338 1868 -1
1700909354.636338 5281 -1
1700909354.636410 54 1
1700909354.636746 1749 -1
1700909354.636776 54 1
1700909354.636892 4434 -1
1700909354.636947 54 1
1700909354.644539 7354 -1
1700909354.644539 4780 -1
1700909354.644539 1514 -1
1700909354.644539 7354 -1
1700909354.644539 4434 -1
1700909354.644539 1514 -1
1700909354.644539 1891 -1
1700909354.644539 6087 -1
1700909354.644539 955 -1
1700909354.644539 845 -1
1700909354.644539 7354 -1
1700909354.644539 203 -1
1700909354.644734 54 1
1700909354.648967 54 1
1700909354.697968 89 1
1700909354.740213 60 -1
1700909356.101555 54 1
1700909356.101743 54 1
1700909356.102050 54 1
1700909356.102994 78 -1
1700909356.103057 54 1
1700909356.103130 60 -1
1700909356.104270 78 -1
1700909356.104270 60 -1
1700909356.104589 54 1
1700909356.117515 78 -1
1700909356.117515 60 -1
1700909356.117593 54 1
1700909356.489397 66 1
1700909356.496603 66 -1
1700909356.496743 54 1
1700909356.497473 638 1
1700909356.504656 60 -1
1700909356.506791 2778 -1
1700909356.506851 54 1
1700909356.508037 134 1
1700909356.508333 146 1
1700909356.508641 483 1
1700909356.508917 60 -1
1700909356.509081 341 -1
1700909356.509126 341 -1
1700909356.509147 54 1
1700909356.509192 60 -1
1700909356.509540 115 -1
1700909356.509540 85 -1
1700909356.509578 54 1
1700909356.509789 85 1
1700909356.511166 60 -1
1700909356.511166 1025 -1
1700909356.511166 1514 -1
1700909356.511166 7354 -1
1700909356.511253 54 1
1700909356.511500 7354 -1
1700909356.511538 54 1
1700909356.511961 400 -1
1700909356.511986 7354 -1
1700909356.512025 54 1
1700909356.512603 7354 -1
1700909356.512641 54 1
1700909356.513201 1891 -1
1700909356.513233 54 1
1700909356.513571 5894 -1
1700909356.513592 54 1
1700909356.513842 1514 -1
1700909356.513860 54 1
1700909356.514189 7354 -1
1700909356.514243 54 1
1700909356.514664 1922 -1
1700909356.514700 54 1
1700909356.514792 7354 -1
1700909356.514820 54 1
1700909356.515348 2974 -1
1700909356.515461 54 1
1700909356.515875 4434 -1
1700909356.515907 54 1
1700909356.515967 1514 -1
1700909356.515989 54 1
1700909356.516063 60 -1
1700909356.516083 7354 -1
1700909356.516116 54 1
1700909356.516955 7354 -1
1700909356.517003 54 1
1700909356.517288 2974 -1
1700909356.517319 54 1
1700909356.517698 7354 -1
1700909356.517740 54 1
1700909356.518152 7354 -1
1700909356.518183 54 1
1700909356.518761 2974 -1
1700909356.518790 54 1
1700909356.519000 7354 -1
1700909356.519040 54 1
1700909356.519601 7354 -1
1700909356.519643 54 1
1700909356.520197 7354 -1
1700909356.520230 54 1
1700909356.521088 1514 -1
1700909356.521088 1514 -1
1700909356.521088 6708 -1
1700909356.521134 54 1
1700909358.549152 66 1
1700909358.550238 66 -1
1700909358.550344 54 1
1700909358.554676 966 1
1700909358.557725 60 -1
1700909358.558222 318 -1
1700909358.559057 134 1
1700909358.560468 146 1
1700909358.561970 60 -1
1700909358.561970 341 -1
1700909358.562868 60 -1
1700909358.562868 115 -1
1700909358.562868 85 -1
1700909358.562905 54 1
1700909358.563377 585 1
1700909358.566851 230 1
1700909358.566963 230 1
1700909358.567059 230 1
1700909358.567213 230 1
1700909358.567320 236 1
1700909358.567449 230 1
1700909358.567866 85 1
1700909358.570725 60 -1
1700909358.570804 60 -1
1700909358.570804 60 -1
1700909358.570804 60 -1
1700909358.570804 60 -1
1700909358.570804 60 -1
1700909358.570804 60 -1
1700909358.570804 60 -1
1700909358.578901 1082 -1
1700909358.578901 691 -1
1700909358.578901 4587 -1
1700909358.578901 1051 -1
1700909358.578901 7354 -1
1700909358.578901 1745 -1
1700909358.578901 1718 -1
1700909358.578901 1735 -1
1700909358.578901 7354 -1
1700909358.578901 3067 -1
1700909358.578901 1514 -1
1700909358.578901 7354 -1
1700909358.578901 7354 -1
1700909358.578901 5781 -1
1700909358.578901 7354 -1
1700909358.579130 54 1
1700909358.590914 7354 -1
1700909358.590914 6512 -1
1700909358.591014 54 1
1700909360.528179 231 1
1700909360.528326 234 1
1700909360.528441 231 1
1700909360.531783 60 -1
1700909360.534905 1052 -1
1700909360.534905 729 -1
1700909360.534967 54 1
1700909360.535838 7354 -1
1700909360.535868 54 1
1700909360.536283 3269 -1
1700909360.536304 54 1
1700909360.536622 1056 -1
1700909360.536622 725 -1
1700909360.536645 54 1
1700909360.537055 7354 -1
1700909360.537084 54 1
1700909360.537516 7354 -1
1700909360.537554 54 1
1700909360.538027 1860 -1
1700909360.538046 54 1
1700909360.538161 4745 -1
1700909360.538180 54 1
1700909360.543222 983 -1
1700909360.543222 809 -1
1700909360.543274 54 1
1700909360.543718 11230 -1
1700909360.543770 54 1
1700909362.943701 229 1
1700909362.944780 222 1
1700909362.945524 232 1
1700909362.946198 60 -1
1700909362.947337 232 1
1700909362.947495 234 1
1700909362.947608 223 1
1700909362.949868 60 -1
1700909362.950927 980 -1
1700909362.950927 813 -1
1700909362.950967 54 1
1700909362.951438 4434 -1
1700909362.951464 54 1
1700909362.951642 4215 -1
1700909362.951685 54 1
1700909362.951996 962 -1
1700909362.952090 5894 -1
1700909362.952118 54 1
1700909362.952696 5894 -1
1700909362.952724 54 1
1700909362.953015 4780 -1
1700909362.953053 54 1
1700909362.953836 1302 -1
1700909362.953836 1008 -1
1700909362.953836 807 -1
1700909362.953836 929 -1
1700909362.953836 6992 -1
1700909362.953875 54 1
1700909362.954305 7354 -1
1700909362.954344 54 1
1700909362.954909 4382 -1
1700909362.954937 54 1
1700909362.959099 985 -1
1700909362.959099 1804 -1
1700909362.959099 729 -1
1700909362.959099 4434 -1
1700909362.959099 5525 -1
1700909362.959099 7354 -1
1700909362.959099 1885 -1
1700909362.959256 54 1
1700909366.116022 54 1
1700909366.116988 54 1
1700909366.117952 78 -1
1700909366.117952 60 -1
1700909366.117993 54 1
1700909366.118414 78 -1
1700909366.118414 60 -1
1700909366.118591 54 1
1700909366.443239 66 1
1700909366.446322 66 -1
1700909366.446401 54 1
1700909366.449333 870 1
1700909366.450389 60 -1
1700909366.451036 318 -1
1700909366.452144 134 1
1700909366.453198 60 -1
1700909366.453198 341 -1
1700909366.453323 146 1
1700909366.454253 585 1
1700909366.454421 230 1
1700909366.454508 221 1
1700909366.454566 232 1
1700909366.454676 230 1
1700909366.454725 60 -1
1700909366.454725 115 -1
1700909366.454929 85 -1
1700909366.454951 54 1
1700909366.455083 232 1
1700909366.455354 60 -1
1700909366.456194 60 -1
1700909366.456194 60 -1
1700909366.456194 60 -1
1700909366.456194 60 -1
1700909366.456194 60 -1
1700909366.456989 85 1
1700909366.457724 929 -1
1700909366.457724 7354 -1
1700909366.457796 54 1
1700909366.458256 4434 -1
1700909366.458299 54 1
1700909366.458849 2410 -1
1700909366.458849 958 -1
1700909366.458901 54 1
1700909366.459034 1514 -1
1700909366.459034 7354 -1
1700909366.459089 54 1
1700909366.459648 913 -1
1700909366.460005 7354 -1
1700909366.460054 54 1
1700909366.460290 7354 -1
1700909366.460331 54 1
1700909366.461095 3170 -1
1700909366.461121 54 1
1700909366.461163 9036 -1
1700909366.461225 54 1
1700909366.461961 1514 -1
1700909366.461985 54 1
1700909366.462020 7354 -1
1700909366.462055 54 1
1700909366.462674 945 -1
1700909366.462696 54 1
1700909368.000348 231 1
1700909368.001131 230 1
1700909368.003063 60 -1
1700909368.003066 231 1
1700909368.004376 224 1
1700909368.006199 257 1
1700909368.007763 1058 -1
1700909368.007763 727 -1
1700909368.007763 1011 -1
1700909368.007763 8348 -1
1700909368.007763 7354 -1
1700909368.007763 2277 -1
1700909368.007891 54 1
1700909368.008899 60 -1
1700909368.011233 933 -1
1700909368.011233 1514 -1
1700909368.011233 7354 -1
1700909368.011233 7354 -1
1700909368.011729 54 1
1700909368.011915 400 -1
1700909368.011915 7354 -1
1700909368.012001 54 1
1700909368.012384 7354 -1
1700909368.012438 54 1
1700909368.014260 1891 -1
1700909368.015267 54 1
1700909368.015314 7354 -1
1700909368.015314 7354 -1
1700909368.015373 54 1
1700909368.016030 1922 -1
1700909368.016053 54 1
1700909368.016672 7354 -1
1700909368.016725 54 1
1700909368.016812 7354 -1
1700909368.016864 54 1
1700909368.017869 5894 -1
1700909368.017919 54 1
1700909368.017966 7354 -1
1700909368.018004 54 1
1700909368.018765 7354 -1
1700909368.018814 54 1
1700909368.019275 4434 -1
1700909368.019316 54 1
1700909368.019872 7354 -1
1700909368.019938 54 1
1700909368.020191 7354 -1
1700909368.020241 54 1
1700909368.020706 5894 -1
1700909368.020765 54 1
1700909368.021793 7354 -1
1700909368.021793 7354 -1
1700909368.021859 54 1
1700909368.022377 1514 -1
1700909368.022590 2974 -1
1700909368.022617 54 1
1700909368.022730 4434 -1
1700909368.022761 54 1
1700909368.023178 18402 -1
1700909368.023264 54 1
1700909368.024734 7354 -1
1700909368.024789 54 1
1700909368.025361 7354 -1
1700909368.025432 54 1
1700909368.025895 4690 -1
1700909368.025937 54 1
1700909369.584221 229 1
1700909369.584325 231 1
1700909369.584400 223 1
1700909369.584635 231 1
1700909369.585198 232 1
1700909369.587575 60 -1
1700909369.588294 229 1
1700909369.589248 904 -1
1700909369.589248 8683 -1
1700909369.589365 54 1
1700909369.597846 959 -1
1700909369.597846 8814 -1
1700909369.597846 4423 -1
1700909369.597846 7354 -1
1700909369.597846 3707 -1
1700909369.597846 1053 -1
1700909369.597846 728 -1
1700909369.597846 1514 -1
1700909369.597846 982 -1
1700909369.597846 810 -1
1700909369.597846 1514 -1
1700909369.597846 7354 -1
1700909369.597846 1326 -1
1700909369.597846 958 -1
1700909369.597846 8462 -1
1700909369.597846 4434 -1
1700909369.597846 7354 -1
1700909369.597846 1462 -1
1700909369.598242 66 1
1700909369.598306 66 1
1700909369.598364 54 1
1700909369.598485 54 1
1700909371.160023 232 1
1700909371.161433 235 1
1700909371.162661 223 1
1700909371.162746 230 1
1700909371.162824 232 1
1700909371.163503 231 1
1700909371.172742 929 -1
1700909371.172742 8334 -1
1700909371.172874 54 1
1700909371.180883 60 -1
1700909371.180883 880 -1
1700909371.180883 5439 -1
1700909371.180883 859 -1
1700909371.180883 2974 -1
1700909371.180883 4434 -1
1700909371.180883 4272 -1
1700909371.180883 859 -1
1700909371.180883 2974 -1
1700909371.180883 2974 -1
1700909371.180883 2613 -1
1700909371.180883 879 -1
1700909371.180883 4434 -1
1700909371.180883 7027 -1
1700909371.180883 1083 -1
1700909371.180883 1514 -1
1700909371.180883 1514 -1
1700909371.180883 1514 -1
1700909371.180883 2374 -1
1700909371.181148 54 1
1700909374.665051 231 1
1700909374.668200 854 -1
1700909374.668200 7354 -1
1700909374.668200 8088 -1
1700909374.668349 54 1
1700909374.715801 230 1
1700909374.716896 231 1
1700909374.717921 229 1
1700909374.717998 908 -1
1700909374.718116 7354 -1
1700909374.718410 54 1
1700909374.718781 4218 -1
1700909374.718818 54 1
1700909374.720043 89 1
1700909374.721670 60 -1
1700909374.721824 1056 -1
1700909374.721824 730 -1
1700909374.721855 54 1
1700909374.721888 1514 -1
1700909374.721938 3746 -1
1700909374.721956 54 1
1700909374.722767 1084 -1
1700909374.722767 687 -1
1700909374.722800 54 1
1700909374.722903 7354 -1
1700909374.722939 54 1
1700909374.723333 2225 -1
1700909374.723359 54 1
1700909376.120390 54 1
1700909376.122775 78 -1
1700909376.122775 60 -1
1700909376.122804 54 1
1700909376.285206 66 1
1700909376.291051 66 -1
1700909376.291382 54 1
1700909376.298305 934 1
1700909376.302280 60 -1
1700909376.302280 318 -1
1700909376.305999 134 1
1700909376.307285 146 1
1700909376.307648 60 -1
1700909376.307648 341 -1
1700909376.308358 584 1
1700909376.308463 231 1
1700909376.308754 230 1
1700909376.308836 223 1
1700909376.308906 229 1
1700909376.309259 60 -1
1700909376.309259 115 -1
1700909376.309259 85 -1
1700909376.309321 54 1
1700909376.309732 85 1
1700909376.310452 60 -1
1700909376.310452 60 -1
1700909376.310452 60 -1
1700909376.310452 60 -1
1700909376.310452 60 -1
1700909376.311473 60 -1
1700909376.312490 961 -1
1700909376.312556 2974 -1
1700909376.312599 54 1
1700909376.313015 2974 -1
1700909376.318751 54 1
1700909376.318836 2974 -1
1700909376.318836 7354 -1
1700909376.318836 7354 -1
1700909376.318836 4434 -1
1700909376.318836 7354 -1
1700909376.318836 1514 -1
1700909376.318929 54 1
1700909376.326470 7238 -1
1700909376.326470 927 -1
1700909376.326470 4434 -1
1700909376.326470 1514 -1
1700909376.326470 3461 -1
1700909376.326750 54 1
1700909377.897919 234 1
1700909377.898177 232 1
1700909377.898970 232 1
1700909377.899575 230 1
1700909377.900277 221 1
1700909377.902048 60 -1
1700909377.906565 1055 -1
1700909377.906565 730 -1
1700909377.906565 1054 -1
1700909377.906565 730 -1
1700909377.906663 54 1
1700909377.906724 927 -1
1700909377.906724 5315 -1
1700909377.906765 54 1
1700909377.907087 2974 -1
1700909377.907110 54 1
1700909377.907332 7058 -1
1700909377.907369 54 1
1700909377.907932 7354 -1
1700909377.907955 54 1
1700909377.908379 230 1
1700909377.908766 2462 -1
1700909377.908791 54 1
1700909377.908881 931 -1
1700909377.908881 1514 -1
1700909377.908909 54 1
1700909377.908949 7354 -1
1700909377.908980 54 1
1700909377.909745 7354 -1
1700909377.909782 54 1
1700909377.910125 400 -1
1700909377.910157 3133 -1
1700909377.910181 54 1
1700909377.910483 10274 -1
1700909377.910554 54 1
1700909377.911269 2641 -1
1700909377.911310 54 1
1700909377.912494 904 -1
1700909377.912494 2974 -1
1700909377.912543 54 1
1700909377.912673 3807 -1
1700909377.912697 54 1
1700909377.918798 232 1
1700909377.922711 941 -1
1700909377.922711 7354 -1
1700909377.922812 54 1
1700909377.923213 5474 -1
1700909377.923243 54 1
1700909379.534976 224 1
1700909379.537436 931 -1
1700909379.537546 5894 -1
1700909379.537597 54 1
1700909379.537837 6196 -1
1700909379.537885 54 1
1700909379.539782 232 1
1700909379.546255 956 -1
1700909379.546255 5894 -1
1700909379.546352 54 1
1700909379.546423 231 1
1700909379.546560 232 1
1700909379.546645 231 1
1700909379.546934 3457 -1
1700909379.546977 54 1
1700909379.548123 60 -1
1700909379.549115 956 -1
1700909379.549148 54 1
1700909379.549182 859 -1
1700909379.549300 2974 -1
1700909379.549329 54 1
1700909379.549496 2287 -1
1700909379.549522 54 1
1700909379.549794 7354 -1
1700909379.549821 54 1
1700909379.550317 1514 -1
1700909379.550406 5314 -1
1700909379.550435 54 1
1700909379.550896 13411 -1
1700909379.550931 54 1
1700909381.154265 232 1
1700909381.157191 228 1
1700909381.157282 230 1
1700909381.165891 230 1
1700909381.166012 232 1
1700909381.173489 962 -1
1700909381.173489 1514 -1
1700909381.173489 7354 -1
1700909381.173489 3688 -1
1700909381.173489 60 -1
1700909381.173489 856 -1
1700909381.173489 7354 -1
1700909381.173489 1178 -1
1700909381.173489 1082 -1
1700909381.173489 688 -1
1700909381.173489 4434 -1
1700909381.173489 4986 -1
1700909381.173701 54 1
1700909381.184433 606 -1
1700909381.184433 60 -1
1700909381.184433 1056 -1
1700909381.184433 727 -1
1700909381.184433 10827 -1
1700909381.184433 1083 -1
1700909381.184433 692 -1
1700909381.184433 1514 -1
1700909381.184433 7112 -1
1700909381.184591 66 1
1700909381.184755 54 1
1700909385.658830 229 1
1700909385.664121 957 -1
1700909385.664121 5894 -1
1700909385.664121 7354 -1
1700909385.664121 3320 -1
1700909385.664121 1435 -1
1700909385.664248 54 1
1700909385.665403 230 1
1700909385.667001 230 1
1700909385.667124 232 1
1700909385.667234 232 1
1700909385.667802 231 1
1700909385.667906 228 1
1700909385.672819 854 -1
1700909385.672819 9715 -1
1700909385.672924 54 1
1700909385.673634 60 -1
1700909385.674996 89 1
1700909385.677910 60 -1
1700909385.677910 931 -1
1700909385.677910 7354 -1
1700909385.677910 4344 -1
1700909385.677910 928 -1
1700909385.677910 2974 -1
1700909385.677910 4584 -1
1700909385.678057 54 1
1700909385.678139 859 -1
1700909385.678139 7354 -1
1700909385.678139 7354 -1
1700909385.678191 54 1
1700909385.681399 1237 -1
1700909385.681399 980 -1
1700909385.681399 808 -1
1700909385.681399 2974 -1
1700909385.681399 7051 -1
1700909385.681399 1055 -1
1700909385.681399 727 -1
1700909385.681399 2974 -1
1700909385.681399 8919 -1
1700909385.681743 54 1
1700909386.139497 54 1
1700909386.140830 78 -1
1700909386.140830 60 -1
1700909386.140993 54 1
1700909387.351395 66 1
1700909387.352439 66 -1
1700909387.352521 54 1
1700909387.353125 966 1
1700909387.354318 60 -1
1700909387.354680 318 -1
1700909387.355418 134 1
1700909387.356502 60 -1
1700909387.356502 341 -1
1700909387.357224 146 1
1700909387.359806 60 -1
1700909387.359891 587 1
1700909387.360001 232 1
1700909387.360125 230 1
1700909387.360245 229 1
1700909387.360690 231 1
1700909387.360827 230 1
1700909387.360940 230 1
1700909387.362051 115 -1
1700909387.362051 85 -1
1700909387.362109 54 1
1700909387.362925 60 -1
1700909387.362925 60 -1
1700909387.362925 60 -1
1700909387.362925 60 -1
1700909387.362925 60 -1
1700909387.362925 60 -1
1700909387.362925 60 -1
1700909387.363018 85 1
1700909387.364033 60 -1
1700909387.365812 1012 -1
1700909387.365812 1514 -1
1700909387.365812 7354 -1
1700909387.365901 54 1
1700909387.365974 3791 -1
1700909387.366002 54 1
1700909387.386068 960 -1
1700909387.386068 7354 -1
1700909387.386068 1319 -1
1700909387.386068 961 -1
1700909387.386068 5894 -1
1700909387.386068 7354 -1
1700909387.386068 3320 -1
1700909387.386068 746 -1
1700909387.386068 1083 -1
1700909387.386068 688 -1
1700909387.386068 7354 -1
1700909387.386068 9160 -1
1700909387.386068 4527 -1
1700909387.386068 7354 -1
1700909387.386068 7354 -1
1700909387.386068 7354 -1
1700909387.386068 383 -1
1700909387.386068 1514 -1
1700909387.386506 54 1
1700909387.387041 54 1
1700909387.393832 2974 -1
1700909387.393832 7354 -1
1700909387.393832 6174 -1
1700909387.393962 54 1
1700909389.030343 231 1
1700909389.031372 230 1
1700909389.032837 60 -1
1700909389.033990 959 -1
1700909389.034090 13194 -1
1700909389.034150 54 1
1700909389.035622 232 1
1700909389.037679 222 1
1700909389.039000 229 1
1700909389.042490 1723 -1
1700909389.042490 931 -1
1700909389.042490 2974 -1
1700909389.042490 7354 -1
1700909389.042490 718 -1
1700909389.042575 54 1
1700909389.048550 60 -1
1700909389.051531 961 -1
1700909389.051531 7354 -1
1700909389.051651 54 1
1700909389.051823 9160 -1
1700909389.051874 54 1
1700909389.052558 2230 -1
1700909389.052580 54 1
1700909389.053140 857 -1
1700909389.053231 1514 -1
1700909389.053249 54 1
1700909389.053320 5182 -1
1700909389.053341 54 1
1700909389.055146 1085 -1
1700909389.055146 687 -1
1700909389.055206 54 1
1700909389.057445 7354 -1
1700909389.057535 54 1
1700909389.057822 4057 -1
1700909389.057853 54 1
1700909390.691292 230 1
1700909390.691422 223 1
1700909390.691523 225 1
1700909390.691610 232 1
1700909390.691719 232 1
1700909390.704073 956 -1
1700909390.704073 6640 -1
1700909390.704073 927 -1
1700909390.704073 2974 -1
1700909390.704073 2974 -1
1700909390.704073 6166 -1
1700909390.704224 54 1
1700909390.705417 1053 -1
1700909390.705417 729 -1
1700909390.705459 54 1
1700909390.707260 7608 -1
1700909390.707322 54 1
1700909390.707855 959 -1
1700909390.707855 9961 -1
1700909390.707926 54 1
1700909390.708466 969 -1
1700909390.708530 860 -1
1700909390.708551 54 1
1700909390.708606 7354 -1
1700909390.708651 54 1
1700909390.709216 1133 -1
1700909390.709242 54 1
1700909396.050513 231 1
1700909396.051014 234 1
1700909396.051572 232 1
1700909396.052001 225 1
1700909396.052354 60 -1
1700909396.052884 230 1
1700909396.053406 234 1
1700909396.071190 956 -1
1700909396.071190 6832 -1
1700909396.071190 898 -1
1700909396.071190 5894 -1
1700909396.071190 4377 -1
1700909396.071190 924 -1
1700909396.071190 7882 -1
1700909396.071190 1087 -1
1700909396.071190 686 -1
1700909396.071190 7354 -1
1700909396.071190 4633 -1
1700909396.071190 959 -1
1700909396.071190 5894 -1
1700909396.071190 1894 -1
1700909396.071190 1028 -1
1700909396.071190 766 -1
1700909396.071190 7175 -1
1700909396.071896 54 1
1700909396.095430 1335 -1
1700909396.095495 66 1
1700909396.098462 89 1
1700909396.148933 54 1
1700909396.150120 60 -1
1700909396.150120 78 -1
1700909396.150153 54 1
1700909396.150206 54 1
1700909397.743057 66 1
1700909397.744135 66 -1
1700909397.744264 54 1
1700909397.745231 870 1
1700909397.747538 66 1
1700909397.747951 60 -1
1700909397.748281 318 -1
1700909397.748610 66 -1
1700909397.748796 54 1
1700909397.751834 134 1
1700909397.752421 966 1
1700909397.752859 60 -1
1700909397.753029 341 -1
1700909397.753534 60 -1
1700909397.754070 318 -1
1700909397.756118 134 1
1700909397.756409 146 1
1700909397.757139 585 1
1700909397.757314 146 1
1700909397.757501 60 -1
1700909397.757501 341 -1
1700909397.757963 60 -1
1700909397.757963 115 -1
1700909397.757963 85 -1
1700909397.758021 54 1
1700909397.758232 60 -1
1700909397.758530 582 1
1700909397.758619 227 1
1700909397.758715 227 1
1700909397.758819 227 1
1700909397.759135 228 1
1700909397.759255 229 1
1700909397.759892 85 1
1700909397.776493 60 -1
1700909397.776493 115 -1
1700909397.776493 85 -1
1700909397.776493 60 -1
1700909397.776493 60 -1
1700909397.776493 60 -1
1700909397.776493 60 -1
1700909397.776493 959 -1
1700909397.776493 7354 -1
1700909397.776493 6905 -1
1700909397.776493 1048 -1
1700909397.776493 13194 -1
1700909397.776493 893 -1
1700909397.776493 60 -1
1700909397.776493 60 -1
1700909397.776493 1170 -1
1700909397.776493 485 -1
1700909397.776493 1174 -1
1700909397.776493 471 -1
1700909397.776493 1514 -1
1700909397.776493 6961 -1
1700909397.776493 7354 -1
1700909397.776493 2974 -1
1700909397.776493 1304 -1
1700909397.776493 1514 -1
1700909397.776493 7354 -1
1700909397.776493 7354 -1
1700909397.776493 3966 -1
1700909397.776493 475 -1
1700909397.776493 1065 -1
1700909397.777052 66 1
1700909397.777146 54 1
1700909397.779678 85 1
1700909397.808843 1514 -1
1700909397.809985 54 1
1700909397.810087 15401 -1
1700909397.810165 54 1
1700909397.850197 60 -1
1700909399.417438 231 1
1700909399.418194 227 1
1700909399.418445 60 -1
1700909399.418837 227 1
1700909399.419082 60 -1
1700909399.419324 228 1
1700909399.420000 60 -1
1700909399.420520 228 1
1700909399.420564 1070 -1
1700909399.420564 2974 -1
1700909399.420635 54 1
1700909399.420699 7354 -1
1700909399.420728 54 1
1700909399.421084 6183 -1
1700909399.421114 54 1
1700909399.421646 1101 -1
1700909399.421685 54 1
1700909399.421722 5894 -1
1700909399.421747 54 1
1700909399.422166 7354 -1
1700909399.422189 230 1
1700909399.422216 54 1
1700909399.422872 107 -1
1700909399.422892 54 1
1700909399.423525 230 1
1700909399.423598 221 1
1700909399.424498 1201 -1
1700909399.424498 439 -1
1700909399.424531 54 1
1700909399.424692 60 -1
1700909399.427388 2974 -1
1700909399.427482 54 1
1700909399.427561 6912 -1
1700909399.427622 54 1
1700909399.428004 1205 -1
1700909399.428031 54 1
1700909399.428094 434 -1
1700909399.428221 7354 -1
1700909399.428256 54 1
1700909399.428743 1468 -1
1700909399.428858 1176 -1
1700909399.428889 54 1
1700909399.428944 1609 -1
1700909399.428972 54 1
1700909399.429196 470 -1
1700909399.429196 7354 -1
1700909399.429234 54 1
1700909399.429884 1894 -1
1700909399.429884 7354 -1
1700909399.429924 54 1
1700909399.430478 2478 -1
1700909399.430502 54 1
1700909399.430688 1230 -1
1700909399.430714 54 1
1700909399.430940 399 -1
1700909399.430940 7354 -1
1700909399.430975 54 1
1700909399.431420 3199 -1
1700909399.431447 54 1
1700909399.432899 1178 -1
1700909399.432899 475 -1
1700909399.432933 54 1
1700909399.433534 7354 -1
1700909399.433576 54 1
1700909399.433961 1974 -1
1700909399.433992 54 1
1700909401.107947 228 1
1700909401.109643 228 1
1700909401.110234 228 1
1700909401.110705 228 1
1700909401.111179 226 1
1700909401.111624 231 1
1700909401.113069 60 -1
1700909401.113069 1208 -1
1700909401.113069 430 -1
1700909401.113168 54 1
1700909401.113236 7354 -1
1700909401.113288 54 1
1700909401.113322 231 1
1700909401.113403 227 1
1700909401.113976 1514 -1
1700909401.113976 1354 -1
1700909401.114019 54 1
1700909401.114093 1173 -1
1700909401.114093 479 -1
1700909401.114124 54 1
1700909401.121351 7354 -1
1700909401.121351 4719 -1
1700909401.121351 1200 -1
1700909401.121351 440 -1
1700909401.121351 1206 -1
1700909401.121351 10378 -1
1700909401.121351 432 -1
1700909401.121351 1078 -1
1700909401.121351 9966 -1
1700909401.121351 9757 -1
1700909401.121351 1178 -1
1700909401.121351 480 -1
1700909401.121351 7354 -1
1700909401.121351 5291 -1
1700909401.121669 54 1
1700909401.121778 1514 -1
1700909401.121778 7354 -1
1700909401.121817 54 1
1700909401.129937 2645 -1
1700909401.129937 1596 -1
1700909401.129937 7354 -1
1700909401.129937 1795 -1
1700909401.130060 54 1
1700909401.139658 335 -1
1700909401.139732 66 1
1700909406.169603 54 1
1700909406.169923 54 1
1700909406.182250 78 -1
1700909406.182250 60 -1
1700909406.182250 78 -1
1700909406.182250 60 -1
1700909406.182348 54 1
1700909406.182460 54 1
1700909406.185696 60 -1
1700909407.510623 66 1
1700909407.514468 66 -1
1700909407.514615 54 1
1700909407.515616 966 1
1700909407.524006 60 -1
1700909407.524006 318 -1
1700909407.524872 134 1
1700909407.525477 146 1
1700909407.526205 60 -1
1700909407.526205 341 -1
1700909407.526408 60 -1
1700909407.526554 115 -1
1700909407.526554 85 -1
1700909407.526583 54 1
1700909407.526592 581 1
1700909407.526690 226 1
1700909407.526793 228 1
1700909407.526913 232 1
1700909407.527082 229 1
1700909407.527173 227 1
1700909407.527504 85 1
1700909407.528375 60 -1
1700909407.528375 60 -1
1700909407.528375 60 -1
1700909407.528375 60 -1
1700909407.528375 60 -1
1700909407.528375 60 -1
1700909407.528459 60 -1
1700909407.528903 227 1
1700909407.529480 230 1
1700909407.530257 1046 -1
1700909407.530257 7598 -1
1700909407.530322 54 1
1700909407.536129 60 -1
1700909407.536129 1233 -1
1700909407.536129 400 -1
1700909407.536129 1178 -1
1700909407.536129 470 -1
1700909407.536129 7354 -1
1700909407.536129 4506 -1
1700909407.536129 1174 -1
1700909407.536129 13194 -1
1700909407.536129 3320 -1
1700909407.536129 7354 -1
1700909407.536360 54 1
1700909407.542106 7354 -1
1700909407.542106 4434 -1
1700909407.542106 7354 -1
1700909407.542106 7354 -1
1700909407.542106 5894 -1
1700909407.542246 54 1
1700909407.543135 7354 -1
1700909407.543186 54 1
1700909407.543562 8814 -1
1700909407.543603 54 1
1700909407.545301 1354 -1
1700909407.545343 54 1
1700909409.293702 228 1
1700909409.301498 1176 -1
1700909409.301498 471 -1
1700909409.301498 8503 -1
1700909409.301707 227 1
1700909409.301815 54 1
1700909409.301907 230 1
1700909409.301996 228 1
1700909409.302081 227 1
1700909409.305705 228 1
1700909409.305826 219 1
1700909409.305919 228 1
1700909409.306024 60 -1
1700909409.306960 60 -1
1700909409.310026 1203 -1
1700909409.310026 1176 -1
1700909409.310026 475 -1
1700909409.310026 434 -1
1700909409.310026 6965 -1
1700909409.310026 10557 -1
1700909409.310118 54 1
1700909409.310366 1170 -1
1700909409.310366 483 -1
1700909409.310389 54 1
1700909409.310632 4591 -1
1700909409.310664 54 1
1700909409.310896 1210 -1
1700909409.310920 54 1
1700909409.311068 437 -1
1700909409.311068 1174 -1
1700909409.311091 54 1
1700909409.311157 481 -1
1700909409.311157 7798 -1
1700909409.311200 54 1
1700909409.313162 2974 -1
1700909409.313162 3098 -1
1700909409.313162 1178 -1
1700909409.313162 473 -1
1700909409.313162 7354 -1
1700909409.313240 54 1
1700909409.315003 1514 -1
1700909409.315003 3030 -1
1700909409.315091 54 1
1700909409.320121 1173 -1
1700909409.320121 478 -1
1700909409.320121 5692 -1
1700909409.320233 54 1
1700909410.947116 227 1
1700909410.947301 227 1
1700909410.948893 60 -1
1700909410.950623 1104 -1
1700909410.950623 5894 -1
1700909410.950701 54 1
1700909410.951078 6820 -1
1700909410.951135 54 1
1700909410.953421 1195 -1
1700909410.953421 448 -1
1700909410.953421 1514 -1
1700909410.953498 54 1
1700909410.953542 7354 -1
1700909410.953590 54 1
1700909410.954962 228 1
1700909410.955234 229 1
1700909410.955375 227 1
1700909410.956300 227 1
1700909410.956383 222 1
1700909410.958444 227 1
1700909410.989493 2079 -1
1700909410.989493 619 -1
1700909410.989613 66 1
1700909411.021137 60 -1
1700909411.021137 1076 -1
1700909411.021137 5894 -1
1700909411.021137 5731 -1
1700909411.021137 1178 -1
1700909411.021137 471 -1
1700909411.021137 1178 -1
1700909411.021137 469 -1
1700909411.021137 9965 -1
1700909411.021137 1206 -1
1700909411.021137 1514 -1
1700909411.021137 8814 -1
1700909411.021137 2564 -1
1700909411.021137 1983 -1
1700909411.021137 7331 -1
1700909411.021137 4434 -1
1700909411.021137 5129 -1
1700909411.021137 1175 -1
1700909411.021137 479 -1
1700909411.021137 1514 -1
1700909411.021137 5894 -1
1700909411.021137 2513 -1
1700909411.021541 54 1
1700909411.021588 54 1
1700909412.661479 229 1
1700909412.667469 1212 -1
1700909412.667469 433 -1
1700909412.667469 7354 -1
1700909412.667602 54 1
1700909412.674459 220 1
1700909412.676516 5386 -1
1700909412.676623 54 1
1700909412.682601 1178 -1
1700909412.682657 89 1
1700909412.683562 219 1
1700909412.683661 221 1
1700909412.683822 224 1
1700909412.686225 469 -1
1700909412.686225 11045 -1
1700909412.686328 54 1
1700909412.687689 60 -1
1700909412.688736 219 1
1700909412.688847 220 1
1700909412.688935 227 1
1700909412.691232 1175 -1
1700909412.691232 475 -1
1700909412.691232 1205 -1
1700909412.691232 6862 -1
1700909412.691362 54 1
1700909412.704510 442 -1
1700909412.704510 1178 -1
1700909412.704510 9318 -1
1700909412.704510 470 -1
1700909412.704510 5894 -1
1700909412.704510 7354 -1
1700909412.704510 556 -1
1700909412.704510 1207 -1
1700909412.704510 433 -1
1700909412.704510 7354 -1
1700909412.704510 1682 -1
1700909412.704510 1180 -1
1700909412.704510 471 -1
1700909412.704510 7354 -1
1700909412.704510 5968 -1
1700909412.704510 1203 -1
1700909412.704510 442 -1
1700909412.704510 7354 -1
1700909412.704510 738 -1
1700909412.704808 54 1
1700909416.184399 54 1
1700909416.186098 78 -1
1700909416.186098 60 -1
1700909416.186173 54 1
1700909419.314099 66 1
1700909419.315231 66 -1
1700909419.315319 54 1
1700909419.318121 870 1
1700909419.319453 60 -1
1700909419.320338 318 -1
1700909419.321566 134 1
1700909419.322523 146 1
1700909419.322607 60 -1
1700909419.323374 60 -1
1700909419.324035 341 -1
1700909419.324350 574 1
1700909419.324754 222 1
1700909419.325023 228 1
1700909419.325115 229 1
1700909419.325280 219 1
1700909419.325393 228 1
1700909419.325475 60 -1
1700909419.325733 220 1
1700909419.325863 220 1
1700909419.332138 60 -1
1700909419.332138 60 -1
1700909419.332138 60 -1
1700909419.332138 60 -1
1700909419.332138 60 -1
1700909419.332138 60 -1
1700909419.332138 115 -1
1700909419.332138 85 -1
1700909419.332138 1077 -1
1700909419.332138 7354 -1
1700909419.332138 5054 -1
1700909419.332300 54 1
1700909419.333622 85 1
1700909419.336012 1072 -1
1700909419.336012 8814 -1
1700909419.336012 4245 -1
1700909419.336012 1046 -1
1700909419.336012 7354 -1
1700909419.336012 5881 -1
1700909419.336012 1173 -1
1700909419.336012 480 -1
1700909419.336012 1179 -1
1700909419.336012 474 -1
1700909419.336012 1514 -1
1700909419.336012 1514 -1
1700909419.336012 1514 -1
1700909419.336012 3745 -1
1700909419.336425 54 1
1700909419.343059 7354 -1
1700909419.343059 4434 -1
1700909419.343059 2974 -1
1700909419.343059 4003 -1
1700909419.343059 1177 -1
1700909419.343059 478 -1
1700909419.343059 1175 -1
1700909419.343059 478 -1
1700909419.343059 21954 -1
1700909419.343059 871 -1
1700909419.343301 54 1
1700909420.996932 228 1
1700909420.997065 219 1
1700909420.997143 223 1
1700909420.997241 221 1
1700909420.997350 221 1
1700909420.997467 222 1
1700909420.997570 218 1
1700909420.997694 220 1
1700909420.999264 60 -1
1700909420.999264 60 -1
1700909420.999264 60 -1
1700909420.999264 60 -1
1700909420.999264 60 -1
1700909420.999264 60 -1
1700909420.999264 60 -1
1700909420.999264 60 -1
1700909421.005843 1047 -1
1700909421.005843 7354 -1
1700909421.005843 8073 -1
1700909421.005843 1044 -1
1700909421.005843 5932 -1
1700909421.005843 1177 -1
1700909421.005843 478 -1
1700909421.005843 1232 -1
1700909421.005843 7715 -1
1700909421.005843 1176 -1
1700909421.005843 813 -1
1700909421.005843 1044 -1
1700909421.005843 9667 -1
1700909421.006171 54 1
1700909421.006305 7354 -1
1700909421.006334 54 1
1700909421.010470 4192 -1
1700909421.010470 1514 -1
1700909421.010470 7354 -1
1700909421.010470 3810 -1
1700909421.010470 1175 -1
1700909421.010470 477 -1
1700909421.010470 4434 -1
1700909421.010470 1514 -1
1700909421.010470 2226 -1
1700909421.010470 1174 -1
1700909421.010470 475 -1
1700909421.010470 8217 -1
1700909421.010666 54 1
1700909421.020753 917 -1
1700909421.020816 66 1
1700909422.695486 220 1
1700909422.696097 220 1
1700909422.698318 60 -1
1700909422.701345 1177 -1
1700909422.701345 475 -1
1700909422.701345 8111 -1
1700909422.701447 54 1
1700909422.702622 1174 -1
1700909422.702622 482 -1
1700909422.702662 54 1
1700909422.702768 7354 -1
1700909422.702828 54 1
1700909422.703132 4952 -1
1700909422.703161 54 1
1700909422.705983 220 1
1700909422.706942 226 1
1700909422.717227 60 -1
1700909422.717227 1171 -1
1700909422.717227 481 -1
1700909422.717227 1195 -1
1700909422.717227 448 -1
1700909422.717227 7297 -1
1700909422.717227 4434 -1
1700909422.717227 2974 -1
1700909422.717227 7354 -1
1700909422.717412 54 1
1700909422.717487 1860 -1
1700909422.717487 3986 -1
1700909422.717531 54 1
1700909422.739369 219 1
1700909422.741605 228 1
1700909422.741972 219 1
1700909422.743554 223 1
1700909422.743768 60 -1
1700909422.750232 1176 -1
1700909422.750232 473 -1
1700909422.750232 1198 -1
1700909422.750232 444 -1
1700909422.750482 54 1
1700909422.752138 2974 -1
1700909422.752138 2571 -1
1700909422.752337 54 1
1700909422.752369 9660 -1
1700909422.752423 54 1
1700909422.753254 1199 -1
1700909422.753254 447 -1
1700909422.753254 5894 -1
1700909422.753312 54 1
1700909422.753688 2974 -1
1700909422.753710 54 1
1700909422.753935 4269 -1
1700909422.753967 54 1
1700909422.754222 1175 -1
1700909422.754308 470 -1
1700909422.754325 54 1
1700909422.754352 7354 -1
1700909422.754424 54 1
1700909422.755088 3939 -1
1700909422.755115 54 1
1700909424.400051 219 1
1700909424.403268 1074 -1
1700909424.403268 7354 -1
1700909424.403398 54 1
1700909424.403486 2325 -1
1700909424.403512 54 1
1700909424.405549 89 1
1700909424.424010 228 1
1700909424.424137 227 1
1700909424.424240 227 1
1700909424.424327 220 1
1700909424.424406 229 1
1700909424.424491 228 1
1700909424.424588 219 1
1700909424.425302 60 -1
1700909424.425839 60 -1
1700909424.430438 1043 -1
1700909424.430438 7469 -1
1700909424.430538 54 1
1700909424.432441 1171 -1
1700909424.432441 483 -1
1700909424.432441 1178 -1
1700909424.432506 54 1
1700909424.432588 1597 -1
1700909424.432611 54 1
1700909424.432654 473 -1
1700909424.432654 1205 -1
1700909424.432680 54 1
1700909424.432750 4434 -1
1700909424.432775 54 1
1700909424.434598 7354 -1
1700909424.434598 3463 -1
1700909424.434598 7354 -1
1700909424.434841 54 1
1700909424.435006 3017 -1
1700909424.435006 437 -1
1700909424.435034 54 1
1700909424.435067 7354 -1
1700909424.435096 54 1
1700909424.435492 1221 -1
1700909424.435515 54 1
1700909424.435589 8161 -1
1700909424.435624 54 1
1700909424.436264 1175 -1
1700909424.436355 468 -1
1700909424.436376 54 1
1700909424.436412 1228 -1
1700909424.436646 406 -1
1700909424.436646 4434 -1
1700909424.436677 54 1
1700909424.437198 5739 -1
1700909424.437231 54 1
1700909424.437740 1514 -1
1700909424.437740 2974 -1
1700909424.437740 5518 -1
1700909424.437791 54 1
1700909426.186516 226 1
1700909426.187189 220 1
1700909426.187711 227 1
1700909426.189366 60 -1
1700909426.192678 1076 -1
1700909426.192678 7320 -1
1700909426.192678 1046 -1
1700909426.192678 6561 -1
1700909426.192678 1147 -1
1700909426.192678 515 -1
1700909426.192678 7354 -1
1700909426.192880 54 1
1700909426.192945 1514 -1
1700909426.192965 54 1
1700909426.193312 3216 -1
1700909426.193380 54 1
1700909426.197864 54 1
1700909426.199418 78 -1
1700909426.199418 60 -1
1700909426.199461 54 1
1700909426.209422 66 1
1700909426.210574 66 -1
1700909426.210688 54 1
1700909426.211705 902 1
1700909426.212633 60 -1
1700909426.214235 318 -1
1700909426.215095 134 1
1700909426.215546 146 1
1700909426.216071 60 -1
1700909426.216171 341 -1
1700909426.216425 574 1
1700909426.216562 223 1
1700909426.216573 60 -1
1700909426.216573 115 -1
1700909426.216573 85 -1
1700909426.216615 54 1
1700909426.216671 219 1
1700909426.216764 222 1
1700909426.216878 228 1
1700909426.217240 85 1
1700909426.220164 60 -1
1700909426.220164 60 -1
1700909426.220164 60 -1
1700909426.220164 60 -1
1700909426.220164 60 -1
1700909426.220164 60 -1
1700909426.221216 1177 -1
1700909426.221216 473 -1
1700909426.221216 9713 -1
1700909426.221287 54 1
1700909426.222536 1203 -1
1700909426.222536 440 -1
1700909426.222598 54 1
1700909426.222727 7354 -1
1700909426.222767 54 1
1700909426.223348 6992 -1
1700909426.223412 54 1
1700909426.223763 1168 -1
1700909426.223789 54 1
1700909426.224108 480 -1
1700909426.224108 7682 -1
1700909426.224159 54 1
1700909426.224535 1211 -1
1700909426.224565 54 1
1700909426.224621 429 -1
1700909426.224662 9787 -1
1700909426.224684 54 1
1700909426.225482 1177 -1
1700909426.225556 472 -1
1700909426.225579 54 1
1700909426.225625 7354 -1
1700909426.225666 54 1
1700909426.226213 2745 -1
1700909426.226241 54 1
1700909433.383532 219 1
1700909433.385604 219 1
1700909433.386797 228 1
1700909433.388032 60 -1
1700909433.388032 60 -1
1700909433.388032 60 -1
1700909433.389421 1045 -1
1700909433.389421 8263 -1
1700909433.389525 54 1
1700909433.389833 1045 -1
1700909433.389862 54 1
1700909433.390066 8982 -1
1700909433.390116 54 1
1700909433.395485 226 1
1700909433.395616 223 1
1700909433.395699 220 1
1700909433.395780 226 1
1700909433.398622 1174 -1
1700909433.398622 479 -1
1700909433.398743 54 1
1700909433.399302 89 1
1700909433.399462 221 1
1700909433.400366 2831 -1
1700909433.400366 1043 -1
1700909433.400415 54 1
1700909433.400483 10960 -1
1700909433.400543 54 1
1700909433.401350 60 -1
1700909433.404449 1174 -1
1700909433.404449 473 -1
1700909433.404449 1228 -1
1700909433.404449 399 -1
1700909433.404517 54 1
1700909433.405194 7354 -1
1700909433.405243 54 1
1700909433.405679 1057 -1
1700909433.406141 9649 -1
1700909433.406201 54 1
1700909433.406515 1206 -1
1700909433.406577 5894 -1
1700909433.406610 54 1
1700909433.410176 4368 -1
1700909433.410176 1175 -1
1700909433.410176 481 -1
1700909433.410176 7354 -1
1700909433.410176 7376 -1
1700909433.410349 54 1
1700909435.122926 221 1
1700909435.125450 1044 -1
1700909435.125557 7354 -1
1700909435.125603 54 1
1700909435.126149 2379 -1
1700909435.126181 54 1
1700909435.131329 228 1
1700909435.131442 226 1
1700909435.131510 227 1
1700909435.133180 231 1
1700909435.133246 228 1
1700909435.133305 227 1
1700909435.134295 60 -1
1700909435.134341 229 1
1700909435.135368 60 -1
1700909435.138099 1173 -1
1700909435.138099 482 -1
1700909435.138099 1179 -1
1700909435.138099 470 -1
1700909435.138099 7354 -1
1700909435.138224 54 1
1700909435.138568 1596 -1
1700909435.138597 54 1
1700909435.138667 1179 -1
1700909435.138685 54 1
1700909435.138798 473 -1
1700909435.139249 7354 -1
1700909435.139274 54 1
1700909435.139731 7354 -1
1700909435.139765 54 1
1700909435.140345 1860 -1
1700909435.140375 54 1
1700909435.140547 407 -1
1700909435.140547 1174 -1
1700909435.140575 54 1
1700909435.140625 11621 -1
1700909435.140666 54 1
1700909435.141652 480 -1
1700909435.141652 1227 -1
1700909435.141684 54 1
1700909435.141737 7354 -1
1700909435.141781 54 1
1700909435.142311 3186 -1
1700909435.142332 54 1
1700909435.142565 1960 -1
1700909435.142584 54 1
1700909435.142730 7354 -1
1700909435.142757 54 1
1700909435.143335 7354 -1
1700909435.143365 54 1
1700909435.144205 7354 -1
1700909435.144243 54 1
1700909435.144769 1240 -1
1700909435.144769 1228 -1
1700909435.144769 401 -1
1700909435.144812 54 1
1700909435.144843 8314 -1
1700909435.144862 54 1
1700909436.212889 54 1
1700909436.214200 78 -1
1700909436.214200 60 -1
1700909436.214253 54 1
1700909436.785736 66 1
1700909436.788407 66 -1
1700909436.788513 54 1
1700909436.797795 934 1
1700909436.802026 60 -1
1700909436.802026 318 -1
1700909436.802714 134 1
1700909436.803086 146 1
1700909436.803504 583 1
1700909436.803597 223 1
1700909436.808770 221 1
1700909436.808883 227 1
1700909436.808984 227 1
1700909436.809054 230 1
1700909436.809123 220 1
1700909436.809221 231 1
1700909436.818392 60 -1
1700909436.818392 60 -1
1700909436.818392 60 -1
1700909436.818392 60 -1
1700909436.818392 341 -1
1700909436.818392 115 -1
1700909436.818392 85 -1
1700909436.818392 1203 -1
1700909436.818392 440 -1
1700909436.818392 1172 -1
1700909436.818392 5894 -1
1700909436.818392 3903 -1
1700909436.818392 483 -1
1700909436.818392 4434 -1
1700909436.818392 3824 -1
1700909436.818682 54 1
1700909436.819337 60 -1
1700909436.819337 60 -1
1700909436.820548 85 1
1700909436.824437 1177 -1
1700909436.824437 477 -1
1700909436.824437 1202 -1
1700909436.824437 444 -1
1700909436.824437 5894 -1
1700909436.824437 3045 -1
1700909436.824437 5725 -1
1700909436.827482 54 1
1700909436.827575 7354 -1
1700909436.827575 2974 -1
1700909436.827632 54 1
1700909436.828207 1514 -1
1700909436.828207 2931 -1
1700909436.828207 7354 -1
1700909436.828207 4321 -1
1700909436.828207 12896 -1
1700909436.828207 1578 -1
1700909436.828207 4434 -1
1700909436.828350 54 1
1700909436.828889 7569 -1
1700909436.828979 54 1
1700909437.589796 54 1
