1700910076.327198 66 1
1700910076.329116 66 -1
1700910076.329239 54 1
1700910076.331476 631 1
1700910076.332876 60 -1
1700910076.341850 2974 -1
1700910076.341850 958 -1
1700910076.342260 54 1
1700910076.355666 134 1
1700910076.357042 60 -1
1700910076.357745 341 -1
1700910076.357745 341 -1
1700910076.357827 54 1
1700910076.386509 146 1
1700910076.388132 60 -1
1700910076.390047 115 -1
1700910076.390047 85 -1
1700910076.390140 54 1
1700910076.409640 558 1
1700910076.412043 60 -1
1700910076.416129 1124 -1
1700910076.416129 529 -1
1700910076.416276 54 1
1700910076.419073 4434 -1
1700910076.419073 7354 -1
1700910076.419073 4780 -1
1700910076.419222 54 1
1700910076.419907 85 -1
1700910076.419907 5894 -1
1700910076.419935 54 1
1700910076.421005 10620 -1
1700910076.421060 54 1
1700910076.423870 2974 -1
1700910076.423870 7354 -1
1700910076.423923 54 1
1700910076.424087 85 1
1700910076.424618 7354 -1
1700910076.424672 54 1
1700910076.426140 4434 -1
1700910076.426140 5894 -1
1700910076.426205 54 1
1700910076.427064 5894 -1
1700910076.427087 54 1
1700910076.428097 7354 -1
1700910076.428136 54 1
1700910076.430399 7354 -1
1700910076.430570 54 1
1700910076.430655 4144 -1
1700910076.430685 54 1
1700910076.470915 60 -1
1700910077.125475 195 1
1700910077.125634 194 1
1700910077.125738 204 1
1700910077.125840 202 1
1700910077.130636 60 -1
1700910077.130636 60 -1
1700910077.130636 60 -1
1700910077.130636 60 -1
1700910077.133036 970 -1
1700910077.133036 5894 -1
1700910077.133226 54 1
1700910077.133276 4434 -1
1700910077.133312 54 1
1700910077.134002 6240 -1
1700910077.134042 54 1
1700910077.135954 85 -1
1700910077.135954 7354 -1
1700910077.135954 5894 -1
1700910077.136064 54 1
1700910077.136477 3320 -1
1700910077.136524 54 1
1700910077.136784 7354 -1
1700910077.136874 54 1
1700910077.142307 6446 -1
1700910077.142307 1047 -1
1700910077.142307 633 -1
1700910077.142307 1100 -1
1700910077.142307 7354 -1
1700910077.142307 7354 -1
1700910077.142307 2366 -1
1700910077.142307 1514 -1
1700910077.142540 54 1
1700910077.144713 66 1
1700910077.145094 66 1
1700910077.145541 66 1
1700910077.146254 66 1
1700910077.146846 66 1
1700910077.147178 66 -1
1700910077.147802 66 -1
1700910077.148138 66 1
1700910077.148189 54 1
1700910077.148192 54 1
1700910077.148249 66 -1
1700910077.148830 54 1
1700910077.149421 66 -1
1700910077.149475 54 1
1700910077.150634 1514 -1
1700910077.150634 7354 -1
1700910077.150634 6302 -1
1700910077.150634 7354 -1
1700910077.150634 7354 -1
1700910077.150634 1891 -1
1700910077.150634 7354 -1
1700910077.150634 7354 -1
1700910077.150634 7354 -1
1700910077.150634 6481 -1
1700910077.150634 7354 -1
1700910077.150634 7354 -1
1700910077.150634 7354 -1
1700910077.150634 7354 -1
1700910077.151325 54 1
1700910077.151424 4434 -1
1700910077.151424 66 -1
1700910077.151424 66 -1
1700910077.151424 2974 -1
1700910077.151508 54 1
1700910077.151633 54 1
1700910077.151676 54 1
1700910077.151703 54 1
1700910077.151755 7354 -1
1700910077.151841 54 1
1700910077.152147 4434 -1
1700910077.152584 54 1
1700910077.152683 7354 -1
1700910077.152728 54 1
1700910077.153112 2974 -1
1700910077.153156 54 1
1700910077.153352 2974 -1
1700910077.153384 54 1
1700910077.153723 2974 -1
1700910077.153769 54 1
1700910077.153838 5894 -1
1700910077.153879 54 1
1700910077.155048 54 1
1700910077.155645 631 1
1700910077.156033 599 1
1700910077.156436 572 1
1700910077.156909 572 1
1700910077.158035 60 -1
1700910077.159175 2778 -1
1700910077.159230 54 1
1700910077.159827 60 -1
1700910077.159827 60 -1
1700910077.159827 2778 -1
1700910077.159915 54 1
1700910077.160217 2777 -1
1700910077.160257 54 1
1700910077.163697 663 1
1700910077.164230 572 1
1700910077.165430 7354 -1
1700910077.165430 7354 -1
1700910077.165430 2974 -1
1700910077.165430 5894 -1
1700910077.165430 2974 -1
1700910077.165430 7354 -1
1700910077.165430 7354 -1
1700910077.165430 7354 -1
1700910077.165430 7354 -1
1700910077.165430 8814 -1
1700910077.165430 7354 -1
1700910077.165430 7354 -1
1700910077.165430 2974 -1
1700910077.165430 7354 -1
1700910077.165430 7354 -1
1700910077.165430 7354 -1
1700910077.165430 7354 -1
1700910077.165430 1639 -1
1700910077.166398 54 1
1700910077.166585 60 -1
1700910077.166585 60 -1
1700910077.169203 2777 -1
1700910077.169203 2778 -1
1700910077.169315 54 1
1700910077.169364 54 1
1700910077.171728 54 1
1700910077.177328 54 1
1700910077.197980 60 -1
1700910077.197980 2778 -1
1700910077.198109 54 1
1700910077.205351 134 1
1700910077.206157 134 1
1700910077.207790 134 1
1700910077.208247 134 1
1700910077.208362 60 -1
1700910077.208362 341 -1
1700910077.208362 341 -1
1700910077.208414 54 1
1700910077.209013 134 1
1700910077.209358 60 -1
1700910077.209414 341 -1
1700910077.209414 341 -1
1700910077.209447 54 1
1700910077.210011 60 -1
1700910077.210123 341 -1
1700910077.210239 341 -1
1700910077.210269 54 1
1700910077.214266 60 -1
1700910077.214266 341 -1
1700910077.214266 341 -1
1700910077.214329 54 1
1700910077.214340 1318 -1
1700910077.214383 66 1
1700910077.218464 60 -1
1700910077.218464 341 -1
1700910077.218464 341 -1
1700910077.218556 54 1
1700910077.235047 134 1
1700910077.243396 60 -1
1700910077.243553 341 -1
1700910077.243773 341 -1
1700910077.243808 54 1
1700910077.286104 54 1
1700910077.287048 54 1
1700910077.287646 54 1
1700910077.288138 54 1
1700910077.292518 93 -1
1700910077.292518 78 -1
1700910077.292518 60 -1
1700910077.292518 93 -1
1700910077.292518 78 -1
1700910077.292518 60 -1
1700910077.292620 54 1
1700910077.292730 54 1
1700910077.296218 93 -1
1700910077.296218 78 -1
1700910077.296218 60 -1
1700910077.296218 93 -1
1700910077.296218 78 -1
1700910077.296218 60 -1
1700910077.296323 54 1
1700910077.296440 54 1
1700910077.330437 54 1
1700910077.330515 54 1
1700910077.331649 146 1
1700910077.333653 60 -1
1700910077.333653 115 -1
1700910077.333653 85 -1
1700910077.333751 54 1
1700910077.391509 584 1
1700910077.391673 232 1
1700910077.391769 235 1
1700910077.391855 230 1
1700910077.391937 232 1
1700910077.392021 231 1
1700910077.406449 85 1
1700910077.418884 60 -1
1700910077.418884 60 -1
1700910077.418884 60 -1
1700910077.418884 60 -1
1700910077.418884 60 -1
1700910077.418884 60 -1
1700910077.418884 858 -1
1700910077.418884 7354 -1
1700910077.418884 4654 -1
1700910077.418884 929 -1
1700910077.418884 7354 -1
1700910077.418884 4707 -1
1700910077.418884 894 -1
1700910077.418884 7354 -1
1700910077.418884 1926 -1
1700910077.418884 7354 -1
1700910077.418884 1514 -1
1700910077.418884 5269 -1
1700910077.418884 1514 -1
1700910077.418884 7354 -1
1700910077.418884 2974 -1
1700910077.418884 1514 -1
1700910077.419294 54 1
1700910077.420386 7354 -1
1700910077.420550 54 1
1700910077.420834 2170 -1
1700910077.420865 54 1
1700910077.428420 54 1
1700910077.435997 208 1
1700910077.436114 231 1
1700910077.436220 230 1
1700910077.436325 229 1
1700910077.436884 231 1
1700910077.437231 60 -1
1700910077.442191 1056 -1
1700910077.442191 725 -1
1700910077.442253 54 1
1700910077.442297 1048 -1
1700910077.461956 7354 -1
1700910077.461956 5894 -1
1700910077.461956 3320 -1
1700910077.461956 5423 -1
1700910077.461956 880 -1
1700910077.461956 2732 -1
1700910077.461956 5122 -1
1700910077.461956 7354 -1
1700910077.461956 3413 -1
1700910077.461956 1051 -1
1700910077.461956 726 -1
1700910077.461956 5894 -1
1700910077.461956 5894 -1
1700910077.461956 3593 -1
1700910077.462215 54 1
1700910083.848976 230 1
1700910083.849102 231 1
1700910083.849169 231 1
1700910083.849252 230 1
1700910083.849318 232 1
1700910083.850147 60 -1
1700910083.852530 60 -1
1700910083.854167 1052 -1
1700910083.854234 729 -1
1700910083.854259 54 1
1700910083.854361 1081 -1
1700910083.854409 692 -1
1700910083.854430 54 1
1700910083.854467 10569 -1
1700910083.854524 54 1
1700910083.855316 1057 -1
1700910083.855423 9156 -1
1700910083.855470 54 1
1700910083.866720 2974 -1
1700910083.866720 4434 -1
1700910083.866720 2974 -1
1700910083.866720 2492 -1
1700910083.866720 955 -1
1700910083.866720 4434 -1
1700910083.866720 3914 -1
1700910083.866720 1103 -1
1700910083.866720 659 -1
1700910083.866720 7354 -1
1700910083.866720 6248 -1
1700910083.866968 54 1
1700910083.877706 408 -1
1700910083.877778 66 1
1700910083.968918 89 1
1700910084.012629 60 -1
1700910084.123361 54 1
1700910084.126419 78 -1
1700910084.126419 60 -1
1700910084.126703 54 1
1700910084.127048 54 1
1700910084.131742 78 -1
1700910084.131742 60 -1
1700910084.131815 54 1
1700910089.331505 66 1
1700910089.342897 66 -1
1700910089.342993 54 1
1700910089.343647 966 1
1700910089.344844 60 -1
1700910089.346037 318 -1
1700910089.348747 134 1
1700910089.349953 60 -1
1700910089.349953 341 -1
1700910089.350797 146 1
1700910089.351476 589 1
1700910089.351545 229 1
1700910089.351637 229 1
1700910089.351695 231 1
1700910089.351765 231 1
1700910089.353935 60 -1
1700910089.353935 115 -1
1700910089.353935 85 -1
1700910089.353935 60 -1
1700910089.354025 54 1
1700910089.354271 85 1
1700910089.355251 60 -1
1700910089.355251 60 -1
1700910089.355251 60 -1
1700910089.355251 60 -1
1700910089.355894 60 -1
1700910089.361521 1028 -1
1700910089.361521 762 -1
1700910089.361521 1107 -1
1700910089.361521 650 -1
1700910089.361521 979 -1
1700910089.361521 810 -1
1700910089.361521 1054 -1
1700910089.361521 13303 -1
1700910089.361841 54 1
1700910089.361918 9385 -1
1700910089.362226 54 1
1700910089.362444 7954 -1
1700910089.362480 54 1
1700910089.363117 11521 -1
1700910089.363179 54 1
1700910089.364181 7354 -1
1700910089.364239 54 1
1700910089.365230 5646 -1
1700910089.365271 54 1
1700910090.896307 222 1
1700910090.898095 231 1
1700910090.898202 232 1
1700910090.898563 232 1
1700910090.898690 229 1
1700910090.898785 222 1
1700910090.899235 60 -1
1700910090.904272 60 -1
1700910090.906995 1004 -1
1700910090.907065 815 -1
1700910090.907093 54 1
1700910090.910435 2974 -1
1700910090.910435 4434 -1
1700910090.910435 4374 -1
1700910090.910632 54 1
1700910090.910771 1085 -1
1700910090.910771 1619 -1
1700910090.910802 54 1
1700910090.911179 807 -1
1700910090.911179 1086 -1
1700910090.911179 687 -1
1700910090.911179 729 -1
1700910090.911179 5894 -1
1700910090.911233 66 1
1700910090.911280 66 1
1700910090.911432 5894 -1
1700910090.911730 66 1
1700910090.911855 4780 -1
1700910090.911885 66 1
1700910090.912523 1514 -1
1700910090.912523 11247 -1
1700910090.912566 66 1
1700910090.912644 66 1
1700910090.913305 13194 -1
1700910090.913376 66 1
1700910090.916011 7354 -1
1700910090.916011 5871 -1
1700910090.916011 7354 -1
1700910090.916121 66 1
1700910090.916180 66 1
1700910090.916221 66 1
1700910090.916267 4206 -1
1700910090.916298 66 1
1700910090.916528 4434 -1
1700910090.916566 66 1
1700910090.917245 1967 -1
1700910090.917245 1051 -1
1700910090.917302 66 1
1700910090.917446 54 1
1700910094.133189 54 1
1700910094.141160 78 -1
1700910094.141160 60 -1
1700910094.141258 54 1
1700910094.451066 66 1
1700910094.452070 66 -1
1700910094.452124 54 1
1700910094.453067 870 1
1700910094.454142 60 -1
1700910094.454561 318 -1
1700910094.455332 134 1
1700910094.456153 146 1
1700910094.456408 60 -1
1700910094.456504 341 -1
1700910094.456672 585 1
1700910094.456804 230 1
1700910094.456888 229 1
1700910094.456981 230 1
1700910094.461539 60 -1
1700910094.461539 115 -1
1700910094.461539 85 -1
1700910094.461539 60 -1
1700910094.461632 54 1
1700910094.461839 85 1
1700910094.462202 1082 -1
1700910094.462202 690 -1
1700910094.462202 7354 -1
1700910094.462268 54 1
1700910094.462588 1768 -1
1700910094.462588 60 -1
1700910094.462649 54 1
1700910094.466064 60 -1
1700910094.466636 1053 -1
1700910094.466636 725 -1
1700910094.466703 54 1
1700910094.466839 1082 -1
1700910094.466863 54 1
1700910094.467074 7354 -1
1700910094.467121 54 1
1700910094.467327 8222 -1
1700910094.467356 54 1
1700910094.468285 690 -1
1700910094.468285 1514 -1
1700910094.468285 6067 -1
1700910094.468339 54 1
1700910094.468900 1081 -1
1700910094.469171 689 -1
1700910094.469194 54 1
1700910094.471777 5894 -1
1700910094.471777 2029 -1
1700910094.471885 54 1
1700910096.032271 230 1
1700910096.032397 231 1
1700910096.032985 230 1
1700910096.035594 232 1
1700910096.036369 223 1
1700910096.038187 60 -1
1700910096.038187 1058 -1
1700910096.038187 727 -1
1700910096.038187 1053 -1
1700910096.038187 1514 -1
1700910096.038187 7354 -1
1700910096.038187 817 -1
1700910096.038187 729 -1
1700910096.038187 7354 -1
1700910096.038333 54 1
1700910096.038620 7354 -1
1700910096.038665 54 1
1700910096.039227 1860 -1
1700910096.039248 54 1
1700910096.039375 2026 -1
1700910096.039398 54 1
1700910096.039597 60 -1
1700910096.041794 230 1
1700910096.041907 260 1
1700910096.042657 1079 -1
1700910096.042657 691 -1
1700910096.042776 54 1
1700910096.042914 230 1
1700910096.043418 1135 -1
1700910096.043418 616 -1
1700910096.043418 6664 -1
1700910096.043474 54 1
1700910096.044235 1031 -1
1700910096.044235 7817 -1
1700910096.044289 54 1
1700910096.044426 738 -1
1700910096.045139 7354 -1
1700910096.045176 54 1
1700910096.046004 2057 -1
1700910096.046035 54 1
1700910096.048331 1079 -1
1700910096.048331 732 -1
1700910096.048395 54 1
1700910096.049430 2974 -1
1700910096.049430 2308 -1
1700910096.049484 54 1
1700910096.052342 1057 -1
1700910096.052342 718 -1
1700910096.052405 54 1
1700910096.061219 7354 -1
1700910096.061219 7354 -1
1700910096.061219 1860 -1
1700910096.061219 85 -1
1700910096.061219 4434 -1
1700910096.061219 7354 -1
1700910096.061219 4780 -1
1700910096.061219 2974 -1
1700910096.061219 7354 -1
1700910096.061219 6302 -1
1700910096.061219 5894 -1
1700910096.061219 7354 -1
1700910096.061219 1514 -1
1700910096.061219 7354 -1
1700910096.061219 1514 -1
1700910096.061219 7354 -1
1700910096.061219 2237 -1
1700910096.061219 7354 -1
1700910096.061754 54 1
1700910096.061845 7354 -1
1700910096.061884 54 1
1700910096.062080 54 1
1700910096.063363 7354 -1
1700910096.063363 1514 -1
1700910096.063363 7354 -1
1700910096.063448 54 1
1700910096.063500 7354 -1
1700910096.063522 54 1
1700910096.064068 7354 -1
1700910096.064098 54 1
1700910096.064939 7354 -1
1700910096.064973 54 1
1700910096.066374 7354 -1
1700910096.066374 4434 -1
1700910096.066374 7354 -1
1700910096.066449 54 1
1700910096.072082 8338 -1
1700910096.072196 54 1
1700910097.636580 234 1
1700910097.637831 232 1
1700910097.638463 230 1
1700910097.638964 223 1
1700910097.639431 232 1
1700910097.640751 229 1
1700910097.644246 60 -1
1700910097.644246 1028 -1
1700910097.644246 765 -1
1700910097.644246 1102 -1
1700910097.644246 696 -1
1700910097.644246 7354 -1
1700910097.644246 2172 -1
1700910097.644410 54 1
1700910097.644571 7354 -1
1700910097.644613 54 1
1700910097.644942 703 -1
1700910097.644996 1083 -1
1700910097.645019 54 1
1700910097.645103 688 -1
1700910097.645187 2974 -1
1700910097.645213 54 1
1700910097.645370 2974 -1
1700910097.645414 54 1
1700910097.645620 6740 -1
1700910097.645678 54 1
1700910097.646320 60 -1
1700910097.648279 980 -1
1700910097.648279 811 -1
1700910097.648340 54 1
1700910097.655016 1514 -1
1700910097.655016 5894 -1
1700910097.655016 4820 -1
1700910097.655016 1082 -1
1700910097.655016 689 -1
1700910097.655016 7858 -1
1700910097.655016 1053 -1
1700910097.655016 728 -1
1700910097.655016 4434 -1
1700910097.655016 7354 -1
1700910097.655016 1462 -1
1700910097.655218 54 1
1700910099.229103 231 1
1700910099.231068 222 1
1700910099.232358 60 -1
1700910099.234456 229 1
1700910099.235425 1004 -1
1700910099.235425 778 -1
1700910099.235425 4746 -1
1700910099.235527 54 1
1700910099.237548 1003 -1
1700910099.237548 813 -1
1700910099.237603 54 1
1700910099.237985 7354 -1
1700910099.238026 54 1
1700910099.238104 3379 -1
1700910099.238127 54 1
1700910099.238883 232 1
1700910099.239349 983 -1
1700910099.239349 810 -1
1700910099.239397 54 1
1700910099.239456 7354 -1
1700910099.239493 54 1
1700910099.240179 230 1
1700910099.246344 428 -1
1700910099.246344 983 -1
1700910099.246344 804 -1
1700910099.246344 5894 -1
1700910099.246344 5013 -1
1700910099.246456 54 1
1700910099.252777 1083 -1
1700910099.252777 691 -1
1700910099.252777 6117 -1
1700910099.252901 54 1
1700910103.329942 229 1
1700910103.332214 230 1
1700910103.338122 231 1
1700910103.338242 235 1
1700910103.338742 232 1
1700910103.338826 232 1
1700910103.345135 60 -1
1700910103.345135 1054 -1
1700910103.345135 729 -1
1700910103.345135 7354 -1
1700910103.345135 829 -1
1700910103.345135 1036 -1
1700910103.345135 751 -1
1700910103.345135 7354 -1
1700910103.345135 3552 -1
1700910103.345345 54 1
1700910103.346359 60 -1
1700910103.351935 1054 -1
1700910103.351935 727 -1
1700910103.351935 1082 -1
1700910103.351935 5894 -1
1700910103.351935 5088 -1
1700910103.351935 689 -1
1700910103.351935 1514 -1
1700910103.351935 4833 -1
1700910103.352114 54 1
1700910103.353888 1056 -1
1700910103.353888 730 -1
1700910103.353934 54 1
1700910103.354258 89 1
1700910103.354307 1514 -1
1700910103.354307 3746 -1
1700910103.354349 54 1
1700910103.354488 1085 -1
1700910103.354554 688 -1
1700910103.354578 54 1
1700910103.354634 2974 -1
1700910103.354660 54 1
1700910103.355173 7354 -1
1700910103.355231 54 1
1700910103.355484 126 -1
1700910103.355509 54 1
1700910103.399452 60 -1
1700910104.153560 54 1
1700910104.156441 78 -1
1700910104.156441 60 -1
1700910104.156494 54 1
1700910105.023550 66 1
1700910105.033886 66 -1
1700910105.034013 54 1
1700910105.041262 934 1
1700910105.042221 60 -1
1700910105.043479 318 -1
1700910105.044785 134 1
1700910105.045988 146 1
1700910105.046231 60 -1
1700910105.046874 341 -1
1700910105.047497 60 -1
1700910105.047497 115 -1
1700910105.047497 85 -1
1700910105.047534 54 1
1700910105.050125 587 1
1700910105.050278 231 1
1700910105.050403 232 1
1700910105.050823 231 1
1700910105.050938 222 1
1700910105.051496 85 1
1700910105.052446 60 -1
1700910105.052446 60 -1
1700910105.052446 60 -1
1700910105.052446 60 -1
1700910105.052446 60 -1
1700910105.052791 60 -1
1700910105.056094 1084 -1
1700910105.056094 689 -1
1700910105.056094 7354 -1
1700910105.056650 54 1
1700910105.056924 3263 -1
1700910105.056924 1085 -1
1700910105.056924 687 -1
1700910105.056963 54 1
1700910105.057053 7354 -1
1700910105.057084 54 1
1700910105.067867 4271 -1
1700910105.067867 1082 -1
1700910105.067867 1777 -1
1700910105.067867 7354 -1
1700910105.067867 2270 -1
1700910105.067867 4434 -1
1700910105.067867 5787 -1
1700910105.067867 6162 -1
1700910105.068040 54 1
1700910106.642001 232 1
1700910106.643283 231 1
1700910106.645102 60 -1
1700910106.648330 1055 -1
1700910106.648330 730 -1
1700910106.648411 54 1
1700910106.650027 5315 -1
1700910106.650101 54 1
1700910106.651188 1055 -1
1700910106.651188 728 -1
1700910106.651238 54 1
1700910106.651294 7354 -1
1700910106.651344 54 1
1700910106.651887 7354 -1
1700910106.651922 54 1
1700910106.652329 1860 -1
1700910106.652356 54 1
1700910106.652486 827 -1
1700910106.652988 230 1
1700910106.653920 223 1
1700910106.653986 230 1
1700910106.654555 232 1
1700910106.655961 60 -1
1700910106.658897 1054 -1
1700910106.658897 730 -1
1700910106.658897 1084 -1
1700910106.658897 687 -1
1700910106.658980 54 1
1700910106.659227 7354 -1
1700910106.659577 54 1
1700910106.659646 2678 -1
1700910106.659680 54 1
1700910106.660266 7354 -1
1700910106.660416 54 1
1700910106.660482 5561 -1
1700910106.660518 54 1
1700910106.661027 1740 -1
1700910106.661055 54 1
1700910106.661198 6046 -1
1700910106.661234 54 1
1700910106.662404 1065 -1
1700910106.662404 721 -1
1700910106.662404 7354 -1
1700910106.662404 4838 -1
1700910106.662477 54 1
1700910108.236078 224 1
1700910108.239953 222 1
1700910108.241042 1055 -1
1700910108.241042 729 -1
1700910108.241095 54 1
1700910108.242512 234 1
1700910108.242973 231 1
1700910108.243403 7354 -1
1700910108.243470 54 1
1700910108.243682 4092 -1
1700910108.243913 54 1
1700910108.245507 60 -1
1700910108.245826 232 1
1700910108.247677 229 1
1700910108.250901 1081 -1
1700910108.250901 687 -1
1700910108.251095 54 1
1700910108.255629 6985 -1
1700910108.255925 54 1
1700910108.256043 976 -1
1700910108.256072 54 1
1700910108.256121 1742 -1
1700910108.256137 54 1
1700910108.260636 811 -1
1700910108.260636 1080 -1
1700910108.260636 691 -1
1700910108.260796 54 1
1700910108.263920 3960 -1
1700910108.263920 4481 -1
1700910108.263920 4434 -1
1700910108.263920 1514 -1
1700910108.263920 2974 -1
1700910108.263920 4708 -1
1700910108.263920 1727 -1
1700910108.264068 54 1
1700910108.269563 7354 -1
1700910108.269666 54 1
1700910108.269993 4593 -1
1700910108.270028 54 1
1700910109.860075 232 1
1700910109.874193 1086 -1
1700910109.874193 686 -1
1700910109.874193 7354 -1
1700910109.874193 4547 -1
1700910109.874326 54 1
1700910109.875696 230 1
1700910109.882611 229 1
1700910109.887102 980 -1
1700910109.887102 813 -1
1700910109.887102 7750 -1
1700910109.887213 54 1
1700910109.889690 1081 -1
1700910109.889690 689 -1
1700910109.889772 54 1
1700910109.890058 7815 -1
1700910109.890119 54 1
1700910109.892155 230 1
1700910109.897691 1056 -1
1700910109.897691 727 -1
1700910109.897770 54 1
1700910109.899780 2974 -1
1700910109.899780 1514 -1
1700910109.899780 6447 -1
1700910109.899882 54 1
1700910114.186324 54 1
1700910114.188989 78 -1
1700910114.188989 60 -1
1700910114.189027 54 1
1700910114.441752 66 1
1700910114.442936 66 -1
1700910114.443018 54 1
1700910114.443573 870 1
1700910114.444528 60 -1
1700910114.445193 318 -1
1700910114.445666 134 1
1700910114.446471 146 1
1700910114.446607 60 -1
1700910114.446958 341 -1
1700910114.447226 579 1
1700910114.447323 230 1
1700910114.447409 60 -1
1700910114.447443 230 1
1700910114.447532 229 1
1700910114.447855 115 -1
1700910114.447855 85 -1
1700910114.447950 54 1
1700910114.448095 85 1
1700910114.448126 60 -1
1700910114.448210 60 -1
1700910114.448269 60 -1
1700910114.448436 60 -1
1700910114.449047 60 -1
1700910114.449291 231 1
1700910114.450047 229 1
1700910114.450136 232 1
1700910114.450416 60 -1
1700910114.450989 60 -1
1700910114.451064 60 -1
1700910114.454960 1086 -1
1700910114.454960 686 -1
1700910114.454960 1052 -1
1700910114.454960 730 -1
1700910114.454960 2974 -1
1700910114.455053 54 1
1700910114.455115 7354 -1
1700910114.455147 54 1
1700910114.455752 4084 -1
1700910114.455797 54 1
1700910114.455999 1055 -1
1700910114.456063 1514 -1
1700910114.456079 54 1
1700910114.456190 6072 -1
1700910114.456214 54 1
1700910114.456707 7354 -1
1700910114.456735 54 1
1700910114.457341 3702 -1
1700910114.457369 54 1
1700910114.458091 980 -1
1700910114.458091 808 -1
1700910114.458091 1081 -1
1700910114.458091 690 -1
1700910114.458091 7354 -1
1700910114.458179 54 1
1700910114.459093 2671 -1
1700910114.459093 983 -1
1700910114.459093 5894 -1
1700910114.459153 54 1
1700910114.459426 7354 -1
1700910114.459461 54 1
1700910114.460075 3320 -1
1700910114.460103 54 1
1700910114.460267 1584 -1
1700910114.460292 54 1
1700910114.460528 7354 -1
1700910114.460563 54 1
1700910114.461134 2974 -1
1700910114.461160 54 1
1700910114.461237 4894 -1
1700910114.461281 54 1
1700910114.461693 1055 -1
1700910114.495113 727 -1
1700910114.495113 11839 -1
1700910114.495113 159 -1
1700910114.495299 66 1
1700910116.099264 230 1
1700910116.099403 232 1
1700910116.099503 232 1
1700910116.100186 230 1
1700910116.100302 235 1
1700910116.100438 230 1
1700910116.112505 60 -1
1700910116.112505 60 -1
1700910116.112505 60 -1
1700910116.112505 60 -1
1700910116.112505 60 -1
1700910116.112505 60 -1
1700910116.116019 1084 -1
1700910116.116019 687 -1
1700910116.116019 1140 -1
1700910116.116019 607 -1
1700910116.116019 8017 -1
1700910116.116019 1085 -1
1700910116.116019 686 -1
1700910116.116019 12029 -1
1700910116.116173 54 1
1700910116.122710 16460 -1
1700910116.122710 145 -1
1700910116.122710 1052 -1
1700910116.122710 726 -1
1700910116.122710 11333 -1
1700910116.122710 1049 -1
1700910116.122710 731 -1
1700910116.122710 6408 -1
1700910116.122710 1082 -1
1700910116.122710 689 -1
1700910116.122710 4456 -1
1700910116.122710 76 -1
1700910116.122910 66 1
1700910117.752511 222 1
1700910117.752613 229 1
1700910117.753341 234 1
1700910117.753645 60 -1
1700910117.762767 235 1
1700910117.762900 222 1
1700910117.762994 235 1
1700910117.770014 1052 -1
1700910117.770014 730 -1
1700910117.770014 1083 -1
1700910117.770014 687 -1
1700910117.770014 7838 -1
1700910117.770014 7354 -1
1700910117.770014 6961 -1
1700910117.770014 1055 -1
1700910117.770014 726 -1
1700910117.770014 7354 -1
1700910117.770014 2997 -1
1700910117.770216 54 1
1700910117.776715 60 -1
1700910117.779348 1085 -1
1700910117.779348 686 -1
1700910117.779348 985 -1
1700910117.779348 16460 -1
1700910117.779348 2377 -1
1700910117.779348 5925 -1
1700910117.779348 1081 -1
1700910117.779348 691 -1
1700910117.779348 7884 -1
1700910117.779596 54 1
1700910119.476555 230 1
1700910119.477858 223 1
1700910119.478574 230 1
1700910119.483154 60 -1
1700910119.488685 1080 -1
1700910119.488685 690 -1
1700910119.488685 1053 -1
1700910119.488685 729 -1
1700910119.488685 1090 -1
1700910119.488685 6035 -1
1700910119.488685 7608 -1
1700910119.488685 681 -1
1700910119.488685 7354 -1
1700910119.488863 54 1
1700910119.488949 3060 -1
1700910119.488973 54 1
1700910119.504750 234 1
1700910119.509328 89 1
1700910119.510301 977 -1
1700910119.510301 815 -1
1700910119.510301 4575 -1
1700910119.510383 54 1
1700910119.552097 60 -1
1700910121.756071 229 1
1700910121.757356 60 -1
1700910121.757379 232 1
1700910121.757974 221 1
1700910121.758601 229 1
1700910121.758803 60 -1
1700910121.760709 230 1
1700910121.762514 60 -1
1700910121.762514 60 -1
1700910121.763295 60 -1
1700910121.765788 1080 -1
1700910121.765788 690 -1
1700910121.765875 54 1
1700910121.768446 6227 -1
1700910121.768528 54 1
1700910121.769069 1725 -1
1700910121.769102 54 1
1700910121.769461 5894 -1
1700910121.769511 54 1
1700910121.769785 1396 -1
1700910121.769827 54 1
1700910121.770223 1019 -1
1700910121.770223 773 -1
1700910121.770272 54 1
1700910121.782791 1087 -1
1700910121.782791 686 -1
1700910121.782791 7281 -1
1700910121.782791 1081 -1
1700910121.782791 692 -1
1700910121.782791 6649 -1
1700910121.782791 7354 -1
1700910121.782791 4633 -1
1700910121.783043 54 1
1700910121.797588 253 -1
1700910121.797651 66 1
1700910124.188914 54 1
1700910124.190316 78 -1
1700910124.190316 60 -1
1700910124.190354 54 1
1700910126.221459 66 1
1700910126.222537 66 -1
1700910126.222640 54 1
1700910126.223294 934 1
1700910126.233531 60 -1
1700910126.233531 318 -1
1700910126.237150 66 1
1700910126.238449 134 1
1700910126.238653 66 -1
1700910126.238773 54 1
1700910126.239983 60 -1
1700910126.239983 341 -1
1700910126.241690 966 1
1700910126.242726 60 -1
1700910126.242853 146 1
1700910126.243361 318 -1
1700910126.243468 586 1
1700910126.243570 232 1
1700910126.244091 134 1
1700910126.244364 60 -1
1700910126.244380 146 1
1700910126.244869 581 1
1700910126.244957 227 1
1700910126.245033 60 -1
1700910126.245033 60 -1
1700910126.245048 228 1
1700910126.245177 227 1
1700910126.245283 231 1
1700910126.245370 227 1
1700910126.247144 115 -1
1700910126.247144 85 -1
1700910126.247190 54 1
1700910126.247492 85 1
1700910126.247601 60 -1
1700910126.247601 60 -1
1700910126.247601 60 -1
1700910126.247601 60 -1
1700910126.247601 60 -1
1700910126.247601 341 -1
1700910126.248687 1083 -1
1700910126.248719 54 1
1700910126.248747 686 -1
1700910126.248770 54 1
1700910126.248817 60 -1
1700910126.248817 7354 -1
1700910126.248991 54 1
1700910126.249444 115 -1
1700910126.249444 85 -1
1700910126.249444 1048 -1
1700910126.249500 54 1
1700910126.249536 7354 -1
1700910126.249561 54 1
1700910126.250174 6733 -1
1700910126.250227 54 1
1700910126.250271 85 1
1700910126.251324 4434 -1
1700910126.251353 54 1
1700910126.251628 1042 -1
1700910126.251698 7301 -1
1700910126.251726 54 1
1700910126.252284 1924 -1
1700910126.252311 54 1
1700910126.252653 1086 -1
1700910126.253341 7354 -1
1700910126.253397 54 1
1700910126.253763 60 -1
1700910126.253763 1175 -1
1700910126.254213 477 -1
1700910126.254238 54 1
1700910126.254281 7354 -1
1700910126.254321 54 1
1700910126.254834 3242 -1
1700910126.255081 54 1
1700910126.256220 1129 -1
1700910126.256262 54 1
1700910126.256360 1175 -1
1700910126.256360 479 -1
1700910126.256381 54 1
1700910126.256451 4434 -1
1700910126.256483 54 1
1700910126.256766 7354 -1
1700910126.256806 54 1
1700910126.258504 4145 -1
1700910126.258570 54 1
1700910126.258811 1171 -1
1700910126.258834 54 1
1700910126.259245 11941 -1
1700910126.259297 54 1
1700910126.266577 1198 -1
1700910126.266577 446 -1
1700910126.266577 7354 -1
1700910126.266577 2696 -1
1700910126.266690 54 1
1700910127.901047 227 1
1700910127.902670 226 1
1700910127.902763 227 1
1700910127.906378 60 -1
1700910127.906378 60 -1
1700910127.906378 60 -1
1700910127.907624 229 1
1700910127.907708 231 1
1700910127.908584 234 1
1700910127.910350 228 1
1700910127.910890 221 1
1700910127.911475 1097 -1
1700910127.911475 1066 -1
1700910127.911475 1514 -1
1700910127.911475 7354 -1
1700910127.911475 7643 -1
1700910127.911475 7354 -1
1700910127.911475 5947 -1
1700910127.911475 1201 -1
1700910127.911475 439 -1
1700910127.911475 7354 -1
1700910127.911475 2532 -1
1700910127.911693 54 1
1700910127.914945 60 -1
1700910127.914945 1071 -1
1700910127.914945 7354 -1
1700910127.914945 1817 -1
1700910127.915028 54 1
1700910127.915591 1044 -1
1700910127.915591 7354 -1
1700910127.915643 54 1
1700910127.915715 2364 -1
1700910127.915742 54 1
1700910127.916499 1180 -1
1700910127.916499 476 -1
1700910127.916499 1175 -1
1700910127.916499 478 -1
1700910127.916499 9202 -1
1700910127.916557 54 1
1700910127.917762 1579 -1
1700910127.917762 10491 -1
1700910127.917820 54 1
1700910127.918916 9770 -1
1700910127.918962 54 1
1700910129.625452 227 1
1700910129.626087 236 1
1700910129.627268 227 1
1700910129.627368 227 1
1700910129.628458 228 1
1700910129.628552 228 1
1700910129.628668 227 1
1700910129.628902 227 1
1700910129.630331 1204 -1
1700910129.630331 438 -1
1700910129.630415 54 1
1700910129.630496 10106 -1
1700910129.630550 54 1
1700910129.631407 60 -1
1700910129.635166 1046 -1
1700910129.635166 10416 -1
1700910129.635286 54 1
1700910129.642361 1078 -1
1700910129.642361 9757 -1
1700910129.642361 1200 -1
1700910129.642361 440 -1
1700910129.642361 1177 -1
1700910129.642361 481 -1
1700910129.642361 4434 -1
1700910129.642361 5998 -1
1700910129.642361 1203 -1
1700910129.642361 440 -1
1700910129.642361 8814 -1
1700910129.642361 3830 -1
1700910129.642361 1177 -1
1700910129.642361 471 -1
1700910129.642361 5894 -1
1700910129.642361 4118 -1
1700910129.642361 7354 -1
1700910129.642361 4727 -1
1700910129.642734 54 1
1700910129.642846 1174 -1
1700910129.642846 476 -1
1700910129.642882 54 1
1700910129.649298 7354 -1
1700910129.649298 1795 -1
1700910129.649402 54 1
1700910134.199953 54 1
1700910134.200256 54 1
1700910134.203042 78 -1
1700910134.203042 60 -1
1700910134.203144 78 -1
1700910134.203144 60 -1
1700910134.203189 54 1
1700910134.203209 54 1
1700910136.546657 66 1
1700910136.547689 66 -1
1700910136.547783 54 1
1700910136.548246 902 1
1700910136.549217 60 -1
1700910136.549817 318 -1
1700910136.550506 134 1
1700910136.550829 146 1
1700910136.551599 60 -1
1700910136.551634 341 -1
1700910136.551677 574 1
1700910136.551774 227 1
1700910136.551862 226 1
1700910136.551875 60 -1
1700910136.551875 115 -1
1700910136.551875 85 -1
1700910136.551964 228 1
1700910136.552047 227 1
1700910136.552057 54 1
1700910136.552138 227 1
1700910136.552246 227 1
1700910136.552353 227 1
1700910136.552647 85 1
1700910136.552769 60 -1
1700910136.553251 60 -1
1700910136.553251 60 -1
1700910136.553251 60 -1
1700910136.553251 60 -1
1700910136.553251 60 -1
1700910136.553251 60 -1
1700910136.553340 60 -1
1700910136.553513 60 -1
1700910136.554476 60 -1
1700910136.556941 1178 -1
1700910136.556941 470 -1
1700910136.557016 54 1
1700910136.569936 7354 -1
1700910136.569936 7354 -1
1700910136.569936 1860 -1
1700910136.569936 3193 -1
1700910136.569936 1233 -1
1700910136.569936 400 -1
1700910136.569936 11806 -1
1700910136.569936 1172 -1
1700910136.569936 479 -1
1700910136.569936 2974 -1
1700910136.569936 4649 -1
1700910136.569936 1172 -1
1700910136.569936 482 -1
1700910136.569936 2974 -1
1700910136.569936 8814 -1
1700910136.569936 1514 -1
1700910136.570254 54 1
1700910136.573693 4434 -1
1700910136.573735 54 1
1700910136.585116 2974 -1
1700910136.585116 7354 -1
1700910136.585116 7354 -1
1700910136.585116 7354 -1
1700910136.585116 7354 -1
1700910136.585116 3259 -1
1700910136.585284 54 1
1700910138.214101 228 1
1700910138.215267 60 -1
1700910138.216133 227 1
1700910138.219339 60 -1
1700910138.224244 227 1
1700910138.224380 232 1
1700910138.224461 226 1
1700910138.224545 230 1
1700910138.224824 222 1
1700910138.225546 1172 -1
1700910138.225546 479 -1
1700910138.225546 1514 -1
1700910138.225546 7035 -1
1700910138.225546 1173 -1
1700910138.225546 480 -1
1700910138.225546 5690 -1
1700910138.225777 229 1
1700910138.227191 60 -1
1700910138.230366 1175 -1
1700910138.230366 475 -1
1700910138.230454 54 1
1700910138.232487 6965 -1
1700910138.232555 54 1
1700910138.232840 1169 -1
1700910138.232867 54 1
1700910138.233050 483 -1
1700910138.233050 1177 -1
1700910138.233082 54 1
1700910138.233154 473 -1
1700910138.243732 4591 -1
1700910138.243732 6026 -1
1700910138.243732 1178 -1
1700910138.243732 473 -1
1700910138.243732 1203 -1
1700910138.243732 12170 -1
1700910138.243732 5894 -1
1700910138.243732 4717 -1
1700910138.243732 1209 -1
1700910138.243732 437 -1
1700910138.243732 5894 -1
1700910138.243732 1958 -1
1700910138.243937 54 1
1700910139.879608 230 1
1700910139.879768 229 1
1700910139.880012 229 1
1700910139.880116 227 1
1700910139.881096 226 1
1700910139.881204 228 1
1700910139.881341 223 1
1700910139.881514 229 1
1700910139.887308 60 -1
1700910139.887308 60 -1
1700910139.890435 1199 -1
1700910139.890435 440 -1
1700910139.890435 1231 -1
1700910139.890565 54 1
1700910139.890779 406 -1
1700910139.890779 1179 -1
1700910139.890779 471 -1
1700910139.890779 1175 -1
1700910139.890779 7354 -1
1700910139.890894 54 1
1700910139.891292 3547 -1
1700910139.891319 54 1
1700910139.891572 7354 -1
1700910139.891608 54 1
1700910139.892346 2665 -1
1700910139.892398 54 1
1700910139.894301 4434 -1
1700910139.894301 7354 -1
1700910139.894301 4214 -1
1700910139.894301 2974 -1
1700910139.894301 5894 -1
1700910139.894461 54 1
1700910139.894585 7354 -1
1700910139.894634 54 1
1700910139.897100 2974 -1
1700910139.897100 1514 -1
1700910139.897100 1667 -1
1700910139.897100 431 -1
1700910139.897100 11225 -1
1700910139.897236 54 1
1700910139.901315 482 -1
1700910139.901315 1176 -1
1700910139.901406 66 1
1700910139.901497 54 1
1700910139.903520 1205 -1
1700910139.903520 441 -1
1700910139.903520 4434 -1
1700910139.903589 54 1
1700910139.910714 5129 -1
1700910139.910714 7323 -1
1700910139.910826 54 1
1700910141.546302 229 1
1700910141.550385 222 1
1700910141.550524 225 1
1700910141.550631 221 1
1700910141.550739 219 1
1700910141.551429 221 1
1700910141.551501 60 -1
1700910141.551502 219 1
1700910141.551616 227 1
1700910141.552734 60 -1
1700910141.555450 1178 -1
1700910141.555450 469 -1
1700910141.555450 4434 -1
1700910141.555563 54 1
1700910141.555654 6665 -1
1700910141.555696 54 1
1700910141.556566 1207 -1
1700910141.556566 433 -1
1700910141.556566 1181 -1
1700910141.556566 471 -1
1700910141.556566 7354 -1
1700910141.556627 54 1
1700910141.557693 1682 -1
1700910141.557693 4434 -1
1700910141.557693 4434 -1
1700910141.557747 54 1
1700910141.557893 4508 -1
1700910141.557927 54 1
1700910141.558270 1171 -1
1700910141.558316 54 1
1700910141.558447 483 -1
1700910141.558447 1207 -1
1700910141.558473 54 1
1700910141.558530 5894 -1
1700910141.558558 54 1
1700910141.560052 89 1
1700910141.560288 1014 -1
1700910141.560288 434 -1
1700910141.560288 7354 -1
1700910141.560288 746 -1
1700910141.560288 1209 -1
1700910141.560288 441 -1
1700910141.560288 2974 -1
1700910141.560390 54 1
1700910141.560463 7354 -1
1700910141.560529 54 1
1700910141.560742 2458 -1
1700910141.560772 54 1
1700910141.561194 1205 -1
1700910141.561194 442 -1
1700910141.561194 5894 -1
1700910141.561228 54 1
1700910141.561902 3478 -1
1700910141.561944 54 1
1700910141.562288 1174 -1
1700910141.562288 478 -1
1700910141.562288 7354 -1
1700910141.562342 54 1
1700910141.562699 2974 -1
1700910141.562725 54 1
1700910141.562939 3468 -1
1700910141.562996 54 1
1700910141.604062 60 -1
1700910144.219275 54 1
1700910144.221287 78 -1
1700910144.221287 60 -1
1700910144.221314 54 1
1700910147.961265 66 1
1700910147.962521 66 -1
1700910147.962645 54 1
1700910147.963707 870 1
1700910147.964765 60 -1
1700910147.965415 318 -1
1700910147.966739 134 1
1700910147.970746 146 1
1700910147.971978 576 1
1700910147.972109 220 1
1700910147.972202 226 1
1700910147.972343 219 1
1700910147.972468 219 1
1700910147.975254 219 1
1700910147.975402 227 1
1700910147.975526 228 1
1700910147.977373 60 -1
1700910147.977373 60 -1
1700910147.977373 60 -1
1700910147.977373 60 -1
1700910147.977373 60 -1
1700910147.977373 60 -1
1700910147.977373 60 -1
1700910147.977373 60 -1
1700910147.977373 60 -1
1700910147.977373 60 -1
1700910147.977373 341 -1
1700910147.980596 85 -1
1700910147.980596 115 -1
1700910147.980669 66 1
1700910147.980732 54 1
1700910147.981186 85 1
1700910147.982678 1170 -1
1700910147.982678 485 -1
1700910147.982678 1175 -1
1700910147.982678 482 -1
1700910147.982678 7354 -1
1700910147.982678 5494 -1
1700910147.982678 5424 -1
1700910147.982838 54 1
1700910147.984927 7354 -1
1700910147.984927 1514 -1
1700910147.984927 7354 -1
1700910147.984927 1217 -1
1700910147.984927 5894 -1
1700910147.984927 4434 -1
1700910147.985775 54 1
1700910147.988773 10274 -1
1700910147.988773 60 -1
1700910147.988773 1514 -1
1700910147.988773 5894 -1
1700910147.988773 5894 -1
1700910147.988773 8814 -1
1700910147.988773 7354 -1
1700910147.988773 9405 -1
1700910147.989072 54 1
1700910149.649833 228 1
1700910149.650429 219 1
1700910149.651931 60 -1
1700910149.651931 60 -1
1700910149.653731 220 1
1700910149.659514 220 1
1700910149.659659 60 -1
1700910149.659659 1176 -1
1700910149.659659 477 -1
1700910149.659738 54 1
1700910149.659800 7354 -1
1700910149.659839 54 1
1700910149.659948 223 1
1700910149.660032 222 1
1700910149.660774 220 1
1700910149.661891 7354 -1
1700910149.661891 381 -1
1700910149.661891 1174 -1
1700910149.661891 475 -1
1700910149.661891 7354 -1
1700910149.661891 917 -1
1700910149.661891 60 -1
1700910149.662041 54 1
1700910149.662203 222 1
1700910149.674321 60 -1
1700910149.674321 1175 -1
1700910149.674321 481 -1
1700910149.674321 2974 -1
1700910149.674321 6351 -1
1700910149.674321 1177 -1
1700910149.674321 1599 -1
1700910149.674321 477 -1
1700910149.674321 7715 -1
1700910149.674321 1172 -1
1700910149.674321 480 -1
1700910149.674321 5540 -1
1700910149.674321 7354 -1
1700910149.674321 4184 -1
1700910149.674321 1176 -1
1700910149.674321 477 -1
1700910149.680254 54 1
1700910149.680419 2974 -1
1700910149.680419 5146 -1
1700910149.680481 54 1
1700910149.693764 1232 -1
1700910149.693764 395 -1
1700910149.693764 7354 -1
1700910149.693764 5270 -1
1700910149.693948 54 1
1700910151.296294 220 1
1700910151.296423 221 1
1700910151.296508 219 1
1700910151.296599 228 1
1700910151.296683 220 1
1700910151.298211 60 -1
1700910151.302564 1177 -1
1700910151.302564 475 -1
1700910151.302564 1174 -1
1700910151.302665 54 1
1700910151.302748 8111 -1
1700910151.302792 54 1
1700910151.303262 482 -1
1700910151.303262 1175 -1
1700910151.303262 5894 -1
1700910151.303322 54 1
1700910151.303710 6412 -1
1700910151.303751 54 1
1700910151.304364 474 -1
1700910151.304364 1195 -1
1700910151.304398 54 1
1700910151.304469 1514 -1
1700910151.305501 6238 -1
1700910151.305557 54 1
1700910151.305621 7354 -1
1700910151.305621 7354 -1
1700910151.305673 54 1
1700910151.306508 1860 -1
1700910151.306508 3986 -1
1700910151.306543 54 1
1700910151.306572 228 1
1700910151.306891 1176 -1
1700910151.306891 473 -1
1700910151.306925 54 1
1700910151.306996 5491 -1
1700910151.307195 54 1
1700910151.307968 220 1
1700910151.309927 221 1
1700910151.314542 60 -1
1700910151.315471 1195 -1
1700910151.315471 451 -1
1700910151.315537 54 1
1700910151.316063 7354 -1
1700910151.316128 54 1
1700910151.316670 2353 -1
1700910151.316712 54 1
1700910151.317030 1199 -1
1700910151.317030 447 -1
1700910151.317062 54 1
1700910151.320637 4434 -1
1700910151.320691 54 1
1700910151.320859 7354 -1
1700910151.320916 54 1
1700910151.321760 1349 -1
1700910151.321815 54 1
1700910151.326273 1173 -1
1700910151.326273 478 -1
1700910151.326568 54 1
1700910151.326639 7354 -1
1700910151.326692 54 1
1700910151.327007 3931 -1
1700910151.327174 54 1
1700910152.950212 220 1
1700910152.951579 228 1
1700910152.951677 228 1
1700910152.951787 226 1
1700910152.952609 220 1
1700910152.952760 231 1
1700910152.953318 60 -1
1700910152.954839 60 -1
1700910152.954901 228 1
1700910152.955225 220 1
1700910152.956854 1173 -1
1700910152.956854 482 -1
1700910152.956854 1178 -1
1700910152.956854 8522 -1
1700910152.956963 54 1
1700910152.957832 473 -1
1700910152.957861 54 1
1700910152.958969 1514 -1
1700910152.959728 6383 -1
1700910152.959728 7354 -1
1700910152.959830 66 1
1700910152.959900 54 1
1700910152.959988 1178 -1
1700910152.960014 54 1
1700910152.960453 1589 -1
1700910152.960453 484 -1
1700910152.960453 10317 -1
1700910152.960510 54 1
1700910152.963643 7070 -1
1700910152.963643 1207 -1
1700910152.963643 433 -1
1700910152.963643 7354 -1
1700910152.963643 1977 -1
1700910152.963643 1232 -1
1700910152.963643 398 -1
1700910152.963643 7354 -1
1700910152.963643 2606 -1
1700910152.964018 54 1
1700910152.964340 1175 -1
1700910152.964340 468 -1
1700910152.964340 7354 -1
1700910152.964384 54 1
1700910152.964971 2819 -1
1700910152.964971 1205 -1
1700910152.964971 437 -1
1700910152.965006 54 1
1700910152.965208 7354 -1
1700910152.965238 54 1
1700910152.965521 861 -1
1700910152.988180 89 1
1700910153.030025 60 -1
1700910154.237639 54 1
1700910154.239002 78 -1
1700910154.239002 60 -1
1700910154.239181 54 1
1700910154.647901 66 1
1700910154.648897 66 -1
1700910154.648996 54 1
1700910154.650665 902 1
1700910154.651657 60 -1
1700910154.652184 318 -1
1700910154.652949 134 1
1700910154.653560 146 1
1700910154.653844 60 -1
1700910154.654010 341 -1
1700910154.654416 60 -1
1700910154.655738 584 1
1700910154.655864 229 1
1700910154.655971 220 1
1700910154.656226 220 1
1700910154.656413 219 1
1700910154.656492 228 1
1700910154.656603 115 -1
1700910154.656603 85 -1
1700910154.656679 60 -1
1700910154.656784 223 1
1700910154.656810 54 1
1700910154.656811 60 -1
1700910154.656871 60 -1
1700910154.656885 219 1
1700910154.657261 85 1
1700910154.657463 60 -1
1700910154.657463 60 -1
1700910154.657463 60 -1
1700910154.657748 60 -1
1700910154.657992 60 -1
1700910154.658445 60 -1
1700910154.662301 1147 -1
1700910154.662411 515 -1
1700910154.662411 11976 -1
1700910154.662506 54 1
1700910154.663498 1177 -1
1700910154.663498 1595 -1
1700910154.663546 54 1
1700910154.663606 4434 -1
1700910154.663639 54 1
1700910154.664671 5665 -1
1700910154.664671 473 -1
1700910154.664671 1177 -1
1700910154.664671 1624 -1
1700910154.664671 9714 -1
1700910154.664774 54 1
1700910154.665486 437 -1
1700910154.665486 1207 -1
1700910154.665517 54 1
1700910154.665618 6556 -1
1700910154.665656 54 1
1700910154.666376 10274 -1
1700910154.666429 54 1
1700910154.666903 7354 -1
1700910154.666943 54 1
1700910154.667510 7354 -1
1700910154.667557 54 1
1700910154.668765 1041 -1
1700910154.668765 1203 -1
1700910154.668765 439 -1
1700910154.668765 7354 -1
1700910154.668834 54 1
1700910154.669422 6993 -1
1700910154.669473 54 1
1700910161.602515 222 1
1700910161.603104 220 1
1700910161.603673 60 -1
1700910161.603737 228 1
1700910161.604084 60 -1
1700910161.604319 227 1
1700910161.604834 223 1
1700910161.605420 219 1
1700910161.605965 226 1
1700910161.606758 60 -1
1700910161.607304 222 1
1700910161.607843 60 -1
1700910161.607843 60 -1
1700910161.607843 60 -1
1700910161.607843 60 -1
1700910161.608462 60 -1
1700910161.612509 1177 -1
1700910161.612509 471 -1
1700910161.612509 1176 -1
1700910161.612509 475 -1
1700910161.612509 1174 -1
1700910161.612509 473 -1
1700910161.612627 54 1
1700910161.612705 7873 -1
1700910161.612756 54 1
1700910161.613167 1224 -1
1700910161.613238 5894 -1
1700910161.613275 54 1
1700910161.613718 2517 -1
1700910161.613749 54 1
1700910161.613939 407 -1
1700910161.613967 54 1
1700910161.614024 1211 -1
1700910161.614104 1514 -1
1700910161.614129 54 1
1700910161.614539 7354 -1
1700910161.614593 54 1
1700910161.614973 881 -1
1700910161.614973 431 -1
1700910161.615021 54 1
1700910161.615463 2839 -1
1700910161.615488 54 1
1700910161.615541 1172 -1
1700910161.615557 54 1
1700910161.615617 482 -1
1700910161.615617 7354 -1
1700910161.615655 54 1
1700910161.616329 7426 -1
1700910161.616379 54 1
1700910161.616854 1175 -1
1700910161.617499 475 -1
1700910161.617499 7354 -1
1700910161.617555 54 1
1700910161.617746 1285 -1
1700910161.617746 5894 -1
1700910161.617810 54 1
1700910161.618372 4730 -1
1700910161.618402 54 1
1700910161.618657 1205 -1
1700910161.618717 437 -1
1700910161.618717 7354 -1
1700910161.618749 54 1
1700910161.619528 2525 -1
1700910161.619574 54 1
1700910161.621842 89 1
1700910161.663061 60 -1
1700910163.264284 221 1
1700910163.264470 230 1
1700910163.264549 228 1
1700910163.264630 229 1
1700910163.265665 228 1
1700910163.265814 229 1
1700910163.265920 229 1
1700910163.272050 228 1
1700910163.275890 60 -1
1700910163.275890 60 -1
1700910163.275890 60 -1
1700910163.275890 60 -1
1700910163.275890 60 -1
1700910163.275890 60 -1
1700910163.275890 60 -1
1700910163.275890 60 -1
1700910163.275890 1172 -1
1700910163.275890 482 -1
1700910163.275890 1175 -1
1700910163.275890 477 -1
1700910163.275890 8896 -1
1700910163.275890 1171 -1
1700910163.275890 7354 -1
1700910163.275890 5894 -1
1700910163.276176 54 1
1700910163.276502 3750 -1
1700910163.276502 400 -1
1700910163.276502 7354 -1
1700910163.276557 54 1
1700910163.278170 1980 -1
1700910163.278170 1225 -1
1700910163.278170 409 -1
1700910163.278170 2974 -1
1700910163.278170 1514 -1
1700910163.278170 3926 -1
1700910163.278170 1175 -1
1700910163.278170 480 -1
1700910163.278170 1227 -1
1700910163.278170 410 -1
1700910163.278283 54 1
1700910163.279330 7354 -1
1700910163.279330 4314 -1
1700910163.279415 54 1
1700910163.279470 1174 -1
1700910163.279521 8814 -1
1700910163.279563 54 1
1700910163.286245 4345 -1
1700910163.286245 10487 -1
1700910163.286245 1179 -1
1700910163.286245 477 -1
1700910163.286245 7354 -1
1700910163.286245 3216 -1
1700910163.290332 54 1
1700910163.290470 296 -1
1700910163.290515 66 1
1700910164.244413 54 1
1700910164.245639 78 -1
1700910164.245639 60 -1
1700910164.245690 54 1
1700910164.933105 66 1
1700910164.934443 66 -1
1700910164.934572 54 1
1700910164.935480 870 1
1700910164.936404 60 -1
1700910164.937004 318 -1
1700910164.939512 134 1
1700910164.940419 60 -1
1700910164.940629 341 -1
1700910164.940800 146 1
1700910164.941547 583 1
1700910164.941644 228 1
1700910164.941771 60 -1
1700910164.941771 115 -1
1700910164.941771 85 -1
1700910164.941828 54 1
1700910164.941905 220 1
1700910164.942000 227 1
1700910164.942087 223 1
1700910164.942160 228 1
1700910164.942213 227 1
1700910164.942280 220 1
1700910164.942446 85 1
1700910164.942597 60 -1
1700910164.942597 60 -1
1700910164.942861 60 -1
1700910164.942861 60 -1
1700910164.942917 60 -1
1700910164.943700 60 -1
1700910164.943700 60 -1
1700910164.943700 60 -1
1700910164.943700 60 -1
1700910164.946422 1231 -1
1700910164.946422 404 -1
1700910164.946422 2974 -1
1700910164.946500 54 1
1700910164.946604 7354 -1
1700910164.946657 54 1
1700910164.947202 1722 -1
1700910164.947234 54 1
1700910164.947515 1204 -1
1700910164.947515 440 -1
1700910164.947515 7354 -1
1700910164.947567 54 1
1700910164.948096 2443 -1
1700910164.948287 54 1
1700910164.948523 1203 -1
1700910164.948523 436 -1
1700910164.948523 1173 -1
1700910164.948523 4434 -1
1700910164.948589 54 1
1700910164.949031 6984 -1
1700910164.949072 54 1
1700910164.949871 480 -1
1700910164.949871 1202 -1
1700910164.949871 7354 -1
1700910164.949934 54 1
1700910164.951576 4233 -1
1700910164.951576 444 -1
1700910164.951576 5725 -1
1700910164.951576 1172 -1
1700910164.951576 1173 -1
1700910164.951576 484 -1
1700910164.951576 1208 -1
1700910164.951576 864 -1
1700910164.951576 7354 -1
1700910164.951700 54 1
1700910164.952070 2974 -1
1700910164.952096 54 1
1700910164.952378 4434 -1
1700910164.952410 54 1
1700910164.952686 5165 -1
1700910164.952710 54 1
1700910164.953357 2974 -1
1700910164.953357 2974 -1
1700910164.953407 54 1
1700910164.953584 3038 -1
1700910164.953627 54 1
1700910165.510718 54 1
